% Model:              20230225_JW_4_25.mph
% Version:            COMSOL 5.6.0.401
% Date:               Feb 25 2023, 20:50
% Dimension:          1
% Nodes:              1501
% Expressions:        1
% Description:        点图
% X                       Height
0                         6.270246273176691
1.0E-7                    6.280625726478963
2.0E-7                    6.330734258684134
3.0E-7                    6.407125921889475
4.0E-7                    6.464227044776434
5.0E-7                    6.483538634007761
6.0E-7                    6.4783274116951315
7.0E-7                    6.455092556460301
8.0E-7                    6.416211346010097
9.0E-7                    6.362858057078482
1.0E-6                    6.29981121533695
1.1E-6                    6.2297479566285245
1.2E-6                    6.154541104120988
1.2999999999999998E-6     6.077105761421069
1.4E-6                    5.9976821586638165
1.5E-6                    5.91668234131319
1.6E-6                    5.83528538848245
1.6999999999999998E-6     5.753286465619472
1.8E-6                    5.671467350533031
1.9E-6                    5.590132152775198
2.0E-6                    5.5093920696517715
2.1E-6                    5.4294929012062125
2.2E-6                    5.350430252565628
2.3E-6                    5.272671047157146
2.4E-6                    5.1958642526553716
2.4999999999999998E-6     5.120345188761984
2.5999999999999997E-6     5.045330048039752
2.7E-6                    4.971960444633125
2.8E-6                    4.89939788050106
2.8999999999999998E-6     4.82774401985534
3.0E-6                    4.757374967327343
3.1E-6                    4.687623776370153
3.2E-6                    4.618944492850455
3.2999999999999997E-6     4.551362857004344
3.3999999999999996E-6     4.484426834740382
3.5E-6                    4.418884882543617
3.6E-6                    4.354008171937397
3.6999999999999997E-6     4.289738739184991
3.8E-6                    4.227223307367632
3.9E-6                    4.1650261973744875
4.0E-6                    4.1031923881995205
4.1E-6                    4.0434850158094084
4.2E-6                    3.984242594490502
4.2999999999999995E-6     3.923835990794799
4.4E-6                    3.8606382458144286
4.5E-6                    3.802705383029917
4.6E-6                    3.752973628850426
4.7E-6                    3.6970358669398493
4.8E-6                    3.645562521957265
4.9E-6                    3.5898071506819114
4.9999999999999996E-6     3.538409542662999
5.0999999999999995E-6     3.4864633145426027
5.199999999999999E-6      3.434882594600767
5.3E-6                    3.383948743841771
5.4E-6                    3.3339903098536205
5.5E-6                    3.2845001400379834
5.6E-6                    3.2360911837973467
5.7E-6                    3.187777223936751
5.7999999999999995E-6     3.1406577023291375
5.899999999999999E-6      3.093970823110306
6.0E-6                    3.048095139382677
6.1E-6                    3.002813876611715
6.2E-6                    2.958147608577222
6.3E-6                    2.9142797269805483
6.4E-6                    2.870979373376302
6.5E-6                    2.828361148813721
6.5999999999999995E-6     2.786387948609768
6.699999999999999E-6      2.7450219043288757
6.799999999999999E-6      2.704293608757606
6.9E-6                    2.6641275274030742
7.0E-6                    2.624574467487253
7.1E-6                    2.585621608280748
7.2E-6                    2.5471995434357484
7.2999999999999996E-6     2.5093833981577673
7.3999999999999995E-6     2.4720874391486616
7.499999999999999E-6      2.4353781112105723
7.6E-6                    2.399218230754926
7.699999999999999E-6      2.363559325427857
7.8E-6                    2.328488532413802
7.899999999999999E-6      2.2938297305839224
8.0E-6                    2.259791476297498
8.1E-6                    2.2261056208664525
8.2E-6                    2.1917015380314924
8.3E-6                    2.1589998248139053
8.4E-6                    2.1272399577278276
8.5E-6                    2.0967366817155146
8.599999999999999E-6      2.0652647881487494
8.7E-6                    2.0347534734790593
8.8E-6                    2.004758916049635
8.9E-6                    1.9748914448639625
9.0E-6                    1.9454576437639606
9.1E-6                    1.9165850807704765
9.2E-6                    1.888043317476794
9.299999999999999E-6      1.8599253525129729
9.4E-6                    1.8322826766254479
9.499999999999999E-6      1.8050069085102112
9.6E-6                    1.7781516458316902
9.7E-6                    1.751653267993382
9.8E-6                    1.7256131643035981
9.9E-6                    1.6998985995993026
9.999999999999999E-6      1.6745832882704001
1.01E-5                   1.6496290037352845
1.0199999999999999E-5     1.6250856426065932
1.03E-5                   1.600869283461012
1.0399999999999999E-5     1.5770079174476384
1.05E-5                   1.5535577771296267
1.06E-5                   1.5304442227210608
1.07E-5                   1.5076678542338569
1.08E-5                   1.4851233224522673
1.0899999999999999E-5     1.4630757544965578
1.1E-5                    1.4412673838607333
1.1099999999999999E-5     1.4197279763600787
1.12E-5                   1.3986436897078502
1.13E-5                   1.377768267798039
1.14E-5                   1.357219991548183
1.15E-5                   1.337036721312266
1.1599999999999999E-5     1.3170563522151197
1.17E-5                   1.297454656255479
1.1799999999999999E-5     1.2781313316597496
1.19E-5                   1.2590043687639836
1.2E-5                    1.2403113090552516
1.21E-5                   1.2218138179389155
1.22E-5                   1.2035489380147768
1.2299999999999999E-5     1.1856718287684227
1.24E-5                   1.1679691997935902
1.2499999999999999E-5     1.1505409527749442
1.26E-5                   1.1334273248075342
1.2699999999999999E-5     1.1164873010249892
1.28E-5                   1.0998602803479314
1.29E-5                   1.083474189889084
1.3E-5                    1.067261936515774
1.31E-5                   1.0514208786073123
1.3199999999999999E-5     1.0358069627927642
1.33E-5                   1.0203862975825184
1.3399999999999999E-5     1.0050754757438454
1.35E-5                   0.9899764242998584
1.3599999999999999E-5     0.975192604211591
1.37E-5                   0.9605393231723608
1.38E-5                   0.9462743769594621
1.3899999999999999E-5     0.9320944068031869
1.4E-5                    0.9182015407350715
1.4099999999999999E-5     0.9044880521093529
1.42E-5                   0.8909894043721284
1.4299999999999999E-5     0.8776908849317328
1.44E-5                   0.8645834826895508
1.45E-5                   0.8516834379758943
1.4599999999999999E-5     0.8389709390165901
1.47E-5                   0.826445179108205
1.4799999999999999E-5     0.814124546757443
1.49E-5                   0.8019564134360405
1.4999999999999999E-5     0.7900207138413995
1.51E-5                   0.778240010909635
1.52E-5                   0.7666184281743906
1.53E-5                   0.7551640209869882
1.5399999999999998E-5     0.7439135553624876
1.55E-5                   0.7328264497476856
1.56E-5                   0.7218927306566333
1.57E-5                   0.7111100749514238
1.5799999999999998E-5     0.7004919791855286
1.59E-5                   0.6900603243989917
1.6E-5                    0.6798296723589279
1.61E-5                   0.6697134266704402
1.62E-5                   0.6596113610551968
1.63E-5                   0.6498795379995079
1.64E-5                   0.6401477318159629
1.6499999999999998E-5     0.6305864547699178
1.66E-5                   0.6212235154547078
1.67E-5                   0.611860590921863
1.68E-5                   0.6028120106361171
1.69E-5                   0.5938031848880215
1.7E-5                    0.5849019659141973
1.71E-5                   0.5762366772915188
1.7199999999999998E-5     0.5675714002976181
1.73E-5                   0.5591486537657047
1.74E-5                   0.5508117151851168
1.75E-5                   0.5425267032193759
1.76E-5                   0.5345060904053216
1.77E-5                   0.5264854869395084
1.78E-5                   0.5187288045380237
1.7899999999999998E-5     0.5111558370485298
1.8E-5                    0.5035828774236467
1.81E-5                   0.4960099251184007
1.82E-5                   0.48843697958772847
1.8299999999999998E-5     0.4811126269457396
1.84E-5                   0.4741040133583249
1.85E-5                   0.4670954067166011
1.8599999999999998E-5     0.46008680658905166
1.87E-5                   0.4530782125440957
1.88E-5                   0.44622265052395027
1.89E-5                   0.43973916764808024
1.8999999999999998E-5     0.43325569033018413
1.91E-5                   0.42677221822805433
1.92E-5                   0.42028875099944013
1.9299999999999998E-5     0.4138732135977244
1.94E-5                   0.407866962243041
1.95E-5                   0.4018607150699004
1.96E-5                   0.3958544718068624
1.9699999999999998E-5     0.3898482321824575
1.98E-5                   0.3838419959251881
1.99E-5                   0.3782854407819325
1.9999999999999998E-5     0.3727319428133554
2.01E-5                   0.36717844820479184
2.02E-5                   0.3616249567415755
2.03E-5                   0.35607146820901986
2.0399999999999998E-5     0.3508668012483668
2.05E-5                   0.3457265269008804
2.06E-5                   0.34058625512749496
2.07E-5                   0.33544598575741313
2.0799999999999997E-5     0.33030571861982394
2.09E-5                   0.3254284918178449
2.1E-5                    0.32066665387010984
2.1099999999999998E-5     0.31590481795418224
2.12E-5                   0.31114298393506923
2.13E-5                   0.306381151677769
2.14E-5                   0.30181790676998577
2.1499999999999997E-5     0.2974197861513311
2.16E-5                   0.29302166728357987
2.17E-5                   0.28862355005984675
2.1799999999999998E-5     0.284225434373239
2.19E-5                   0.2799523923866228
2.2E-5                    0.2758693874503244
2.21E-5                   0.2717863837127057
2.2199999999999998E-5     0.2677033810881016
2.23E-5                   0.2636203794908437
2.24E-5                   0.2596161574517173
2.2499999999999998E-5     0.25585102561212075
2.26E-5                   0.252085894959699
2.27E-5                   0.24832076542842568
2.28E-5                   0.2445556369522711
2.2899999999999998E-5     0.24081718092903653
2.3E-5                    0.23732214373317984
2.31E-5                   0.2338271072729832
2.3199999999999998E-5     0.2303320714932546
2.33E-5                   0.2268370363387999
2.34E-5                   0.22334200175442376
2.35E-5                   0.22005918956847367
2.3599999999999998E-5     0.21678762587242584
2.37E-5                   0.21351606257230307
2.38E-5                   0.21024449962667574
2.3899999999999998E-5     0.20705879151347784
2.4E-5                    0.20405935947874906
2.41E-5                   0.20105992797302247
2.42E-5                   0.1980604969616934
2.4299999999999998E-5     0.1951012880434832
2.44E-5                   0.1922370488124781
2.45E-5                   0.18937281013016058
2.4599999999999998E-5     0.18650908253623993
2.4699999999999997E-5     0.18372759759565788
2.48E-5                   0.18094611300865074
2.49E-5                   0.17820112104540684
2.4999999999999998E-5     0.17555501597781045
2.51E-5                   0.172908911099484
2.52E-5                   0.170330394529619
2.53E-5                   0.1677608436307665
2.5399999999999997E-5     0.16525604894654156
2.55E-5                   0.162774614890058
2.56E-5                   0.16035659178647996
2.5699999999999998E-5     0.15795425460654516
2.58E-5                   0.15560685311970407
2.59E-5                   0.15326777036637923
2.6E-5                    0.15099353072647664
2.6099999999999997E-5     0.14872390321392415
2.62E-5                   0.14651427870426073
2.63E-5                   0.14430953730270935
2.6399999999999998E-5     0.1421707915839677
2.65E-5                   0.14003961073088556
2.66E-5                   0.13795661577210316
2.67E-5                   0.1358857541416026
2.6799999999999998E-5     0.13386267882275624
2.69E-5                   0.1318564416855876
2.7E-5                    0.12989589430410423
2.7099999999999998E-5     0.12795228487138602
2.7199999999999997E-5     0.1260421342913778
2.73E-5                   0.12415568675485888
2.74E-5                   0.12230436857977946
2.7499999999999998E-5     0.12048967227616876
2.76E-5                   0.1187163243496176
2.77E-5                   0.11694297654456097
2.7799999999999998E-5     0.11516962885400825
2.7899999999999997E-5     0.11345702730302688
2.8E-5                    0.11178437097481303
2.81E-5                   0.11011171471392482
2.8199999999999998E-5     0.10843905851450157
2.83E-5                   0.10683637247539887
2.84E-5                   0.10525866960076358
2.8499999999999998E-5     0.10368096681654407
2.8599999999999997E-5     0.10210326411781015
2.87E-5                   0.10060243592295544
2.88E-5                   0.09911304495643244
2.8899999999999998E-5     0.09762365403535272
2.9E-5                    0.09613461092742814
2.91E-5                   0.09473023471019293
2.9199999999999998E-5     0.09332585855684139
2.9299999999999997E-5     0.09192148246389625
2.94E-5                   0.09053295369899873
2.95E-5                   0.08924367088275267
2.9599999999999998E-5     0.08795438810498177
2.97E-5                   0.08666510536300112
2.98E-5                   0.08537582265412597
2.99E-5                   0.08408653997567145
2.9999999999999997E-5     0.08279725732495269
3.01E-5                   0.08150797469928481
3.02E-5                   0.08027617262565653
3.0299999999999998E-5     0.07912885551868186
3.04E-5                   0.07798153844908438
3.05E-5                   0.07683422141497032
3.06E-5                   0.07568690441444577
3.07E-5                   0.07453958744561683
3.0799999999999996E-5     0.07339227050658977
3.09E-5                   0.07224495359547055
3.1E-5                    0.07118228033761013
3.11E-5                   0.07016090418510505
3.12E-5                   0.06913952805444706
3.13E-5                   0.06811815194430068
3.14E-5                   0.06709677585333057
3.15E-5                   0.06607539978020106
3.1599999999999996E-5     0.06505402372357684
3.17E-5                   0.06403264768212225
3.18E-5                   0.06311670775526647
3.1899999999999996E-5     0.062207582448047624
3.2E-5                    0.061298457156284764
3.21E-5                   0.060389331879036126
3.22E-5                   0.059480206615359965
3.23E-5                   0.058571081364314284
3.24E-5                   0.05766195612495731
3.25E-5                   0.05677347020099028
3.26E-5                   0.05596429737302346
3.2699999999999995E-5     0.05515512455741825
3.28E-5                   0.05434595175351031
3.29E-5                   0.05353677896063547
3.2999999999999996E-5     0.05272760617812951
3.31E-5                   0.05191843340532815
3.32E-5                   0.051109260641567164
3.3299999999999996E-5     0.05034219886514474
3.34E-5                   0.04962192570515405
3.35E-5                   0.04890165255236455
3.36E-5                   0.048181379406307935
3.37E-5                   0.047461106266515715
3.38E-5                   0.04674083313251958
3.39E-5                   0.046020560003851185
3.4E-5                    0.04530028688004209
3.4099999999999995E-5     0.04463861999782748
3.42E-5                   0.043997449190567285
3.43E-5                   0.04335627838934426
3.4399999999999996E-5     0.042715107593827996
3.45E-5                   0.04207393680368797
3.46E-5                   0.04143276601859376
3.4699999999999996E-5     0.040791595238214996
3.48E-5                   0.04015099547183109
3.49E-5                   0.03958039133717022
3.5E-5                    0.039009787206150184
3.51E-5                   0.03843918307853808
3.52E-5                   0.03786857895410111
3.53E-5                   0.037297974832606495
3.54E-5                   0.0367273707138213
3.5499999999999996E-5     0.03615676659751277
3.56E-5                   0.03561065345480267
3.57E-5                   0.03512901298344363
3.5799999999999996E-5     0.034647372513719986
3.59E-5                   0.03416573204549162
3.6E-5                    0.0336840915786185
3.6099999999999997E-5     0.03320245111296062
3.62E-5                   0.03272081064837784
3.63E-5                   0.032239170184730145
3.64E-5                   0.031757529721877516
3.65E-5                   0.03127588925967983
3.6599999999999995E-5     0.03079424879799708
3.67E-5                   0.030312608336689167
3.68E-5                   0.02983096787561606
3.6899999999999996E-5     0.029349327414637735
3.7E-5                    0.02886768695361406
3.71E-5                   0.028386046492405025
3.7199999999999996E-5     0.027985734355733167
3.73E-5                   0.027604537404536455
3.74E-5                   0.027223340455764748
3.75E-5                   0.026842143509348666
3.76E-5                   0.02646094656521873
3.77E-5                   0.026079749623305535
3.78E-5                   0.0256985526835397
3.79E-5                   0.025317355745851748
3.7999999999999995E-5     0.024936158810172308
3.81E-5                   0.0245549618764319
3.82E-5                   0.02417376494456114
3.8299999999999996E-5     0.023792568014490627
3.84E-5                   0.023411371086150885
3.85E-5                   0.02303017415947253
3.8599999999999996E-5     0.022648977234386147
3.87E-5                   0.022295106564187546
3.88E-5                   0.02199332507523618
3.89E-5                   0.021691543586760596
3.9E-5                    0.021389762098726256
3.9099999999999995E-5     0.021087980611098726
3.92E-5                   0.020786199123843475
3.93E-5                   0.020484417636926055
3.9399999999999995E-5     0.020182636150311992
3.95E-5                   0.019880854663966763
3.96E-5                   0.019579073177855916
3.9699999999999996E-5     0.019277291691944982
3.98E-5                   0.018975510206199437
3.99E-5                   0.01867372872058482
3.9999999999999996E-5     0.018371947235066678
4.01E-5                   0.018070165749610474
4.02E-5                   0.017768384264181755
4.03E-5                   0.017521775355665507
4.04E-5                   0.01728279754940673
4.0499999999999995E-5     0.017043819743562394
4.06E-5                   0.016804841938115392
4.07E-5                   0.016565864133048662
4.0799999999999996E-5     0.016326886328345138
4.09E-5                   0.01608790852398771
4.1E-5                    0.01584893071995932
4.1099999999999996E-5     0.015609952916242908
4.12E-5                   0.015370975112821365
4.13E-5                   0.015131997309677623
4.14E-5                   0.014893019506794633
4.15E-5                   0.014654041704155275
4.1599999999999995E-5     0.014415063901742511
4.17E-5                   0.014176086099539232
4.18E-5                   0.013957734446435433
4.1899999999999995E-5     0.013768711831756944
4.2E-5                    0.013579689217286493
4.21E-5                   0.01339066660301561
4.2199999999999996E-5     0.013201643988935814
4.23E-5                   0.013012621375038592
4.24E-5                   0.012823598761315468
4.2499999999999996E-5     0.01263457614775797
4.26E-5                   0.012445553534357577
4.27E-5                   0.012256530921105815
4.28E-5                   0.012067508307994211
4.29E-5                   0.011878485695014247
4.2999999999999995E-5     0.011689463082157462
4.31E-5                   0.011500440469415346
4.32E-5                   0.011311417856779414
4.3299999999999995E-5     0.011122395244241197
4.34E-5                   0.010970503337707401
4.35E-5                   0.010820677355587735
4.3599999999999996E-5     0.010670851373474052
4.37E-5                   0.010521025391362133
4.38E-5                   0.010371199409247784
4.3899999999999996E-5     0.010221373427126814
4.4E-5                    0.010071547444994998
4.41E-5                   0.009921721462848143
4.42E-5                   0.009771895480682056
4.43E-5                   0.00962206949849252
4.4399999999999995E-5     0.009472243516275349
4.45E-5                   0.009322417534026323
4.46E-5                   0.009172591551741242
4.4699999999999996E-5     0.00902276556941592
4.48E-5                   0.008872939587046134
4.49E-5                   0.008738238704110415
4.4999999999999996E-5     0.008619812556868287
4.51E-5                   0.008501386409719678
4.52E-5                   0.008382960262662508
4.5299999999999997E-5     0.008264534115694699
4.54E-5                   0.008146107968814138
4.5499999999999995E-5     0.00802768182201876
4.56E-5                   0.007909255675306459
4.57E-5                   0.007790829528675152
4.5799999999999995E-5     0.007672403382122761
4.59E-5                   0.007553977235647181
4.6E-5                    0.007435551089246331
4.6099999999999996E-5     0.007317124942918133
4.62E-5                   0.007198698796660476
4.63E-5                   0.007080272650471286
4.6399999999999996E-5     0.0069622414369292784
4.65E-5                   0.006868354600022359
4.66E-5                   0.006774467763081955
4.67E-5                   0.006680580926107037
4.68E-5                   0.006586694089096561
4.6899999999999995E-5     0.0064928072520495025
4.7E-5                    0.006398920414964816
4.71E-5                   0.006305033577841471
4.7199999999999995E-5     0.006211146740678441
4.73E-5                   0.006117259903474677
4.74E-5                   0.006023373066229153
4.7499999999999996E-5     0.005929486228940839
4.76E-5                   0.005835599391608688
4.77E-5                   0.005741712554231671
4.7799999999999996E-5     0.005647825716808763
4.79E-5                   0.005553938879338913
4.8E-5                    0.005470869018449605
4.81E-5                   0.005396631756760379
4.82E-5                   0.005322394495106244
4.8299999999999995E-5     0.005248157233486697
4.84E-5                   0.005173919971901212
4.85E-5                   0.005099682710349284
4.8599999999999995E-5     0.005025445448830402
4.87E-5                   0.004951208187344044
4.88E-5                   0.0048769709258897
4.8899999999999996E-5     0.00480273366446686
4.9E-5                    0.004728496403075003
4.91E-5                   0.004654259141713618
4.9199999999999997E-5     0.004580021880382197
4.93E-5                   0.0045057846190802164
4.9399999999999995E-5     0.004431547357807172
4.95E-5                   0.004358620484789486
4.96E-5                   0.004299818725737081
4.9699999999999995E-5     0.004241016966667138
4.98E-5                   0.004182215207579392
4.99E-5                   0.004123413448473592
4.9999999999999996E-5     0.004064611689349488
5.01E-5                   0.004005809930206816
5.02E-5                   0.003947008171045328
5.0299999999999996E-5     0.0038882064118647714
5.04E-5                   0.0038294046526648837
5.05E-5                   0.0037706028934454128
5.06E-5                   0.0037118011342061105
5.07E-5                   0.003652999374946714
5.0799999999999995E-5     0.0035941976156669765
5.09E-5                   0.0035353958563666328
5.1E-5                    0.0034765940970454346
5.1099999999999995E-5     0.003428083246547022
5.12E-5                   0.003385898630235273
5.13E-5                   0.0033437140139177843
5.1399999999999996E-5     0.003301529397594466
5.15E-5                   0.0032593447812652183
5.16E-5                   0.00321716016492995
5.1699999999999996E-5     0.003174975548588569
5.18E-5                   0.0031327909322409774
5.1899999999999994E-5     0.0030906063158870852
5.2E-5                    0.0030484216995267923
5.21E-5                   0.003006237083160009
5.2199999999999995E-5     0.0029640524667866436
5.23E-5                   0.0029218678504065957
5.24E-5                   0.0028796832340197754
5.2499999999999995E-5     0.0028374986176260895
5.26E-5                   0.00279531400122544
5.27E-5                   0.0027531293848177354
5.2799999999999996E-5     0.0027109447684028837
5.29E-5                   0.002668760151980786
5.3E-5                    0.00262657553555135
5.3099999999999996E-5     0.0025843909191144866
5.32E-5                   0.0025422063026700943
5.3299999999999995E-5     0.0025000216862180844
5.34E-5                   0.002457837069758359
5.35E-5                   0.0024156524532908254
5.3599999999999995E-5     0.002373467836815393
5.37E-5                   0.002331283220331961
5.38E-5                   0.0022890986038404393
5.3899999999999996E-5     0.0022469139873407366
5.4E-5                    0.0022047293708327533
5.41E-5                   0.002162544754316398
5.4199999999999996E-5     0.002131334549217407
5.43E-5                   0.002105098903509761
5.4399999999999994E-5     0.0020788632578073616
5.4499999999999997E-5     0.002052627612110182
5.46E-5                   0.0020263919664182013
5.4699999999999995E-5     0.002000156320731399
5.48E-5                   0.0019739206750497484
5.49E-5                   0.0019476850293732287
5.4999999999999995E-5     0.0019214493837018188
5.51E-5                   0.0018952137380354934
5.52E-5                   0.0018689780923742307
5.5299999999999996E-5     0.0018427424467180099
5.54E-5                   0.0018165068010668052
5.55E-5                   0.0017902711554205952
5.5599999999999996E-5     0.0017640355097793593
5.57E-5                   0.0017377998641430713
5.5799999999999994E-5     0.001711564218511712
5.59E-5                   0.0016853285728852558
5.6E-5                    0.0016590929272636808
5.6099999999999995E-5     0.001632857281646966
5.62E-5                   0.0016066216360350863
5.63E-5                   0.00158038599042802
5.6399999999999995E-5     0.001554150344825747
5.65E-5                   0.0015279146992282398
5.66E-5                   0.0015016790536354786
5.6699999999999996E-5     0.0014754434080474419
5.68E-5                   0.0014492077624641037
5.69E-5                   0.0014229721168854434
5.6999999999999996E-5     0.0013967364713114393
5.71E-5                   0.001370500825742066
5.7199999999999994E-5     0.0013442651801773042
5.73E-5                   0.001325514335285026
5.74E-5                   0.0013091675018309676
5.7499999999999995E-5     0.0012928206683750759
5.76E-5                   0.0012764738349173427
5.77E-5                   0.0012601270014577638
5.7799999999999995E-5     0.0012437801679963357
5.79E-5                   0.0012274333345330493
5.8E-5                    0.0012110865010679013
5.8099999999999996E-5     0.0011947396676008867
5.82E-5                   0.001178392834131998
5.8299999999999994E-5     0.0011620460006612325
5.8399999999999997E-5     0.0011456991671885822
5.85E-5                   0.001129352333714042
5.8599999999999995E-5     0.0011130055002376085
5.87E-5                   0.0010966586667592738
5.88E-5                   0.0010803118332790328
5.8899999999999995E-5     0.0010639649997968824
5.9E-5                    0.001047618166312814
5.91E-5                   0.0010312713328268234
5.9199999999999996E-5     0.0010149244993389065
5.93E-5                   9.985776658490556E-4
5.94E-5                   9.822308323572662E-4
5.9499999999999996E-5     9.65883998863534E-4
5.96E-5                   9.49537165367851E-4
5.9699999999999994E-5     9.331903318702147E-4
5.98E-5                   9.168434983706165E-4
5.99E-5                   9.004966648690524E-4
5.9999999999999995E-5     8.841498313655186E-4
6.01E-5                   8.678029978600068E-4
6.02E-5                   8.514561643525125E-4
6.0299999999999995E-5     8.35109330843032E-4
6.04E-5                   8.238738145758773E-4
6.05E-5                   8.137172918125499E-4
6.0599999999999996E-5     8.035607690500673E-4
6.07E-5                   7.934042462884268E-4
6.08E-5                   7.832477235276279E-4
6.0899999999999996E-5     7.7309120076767E-4
6.1E-5                    7.629346780085502E-4
6.11E-5                   7.527781552502688E-4
6.12E-5                   7.426216324928228E-4
6.13E-5                   7.324651097362119E-4
6.14E-5                   7.223085869804347E-4
6.149999999999999E-5      7.121520642254909E-4
6.159999999999999E-5      7.019955414713772E-4
6.17E-5                   6.91839018718093E-4
6.18E-5                   6.816824959656372E-4
6.19E-5                   6.715259732140084E-4
6.2E-5                    6.613694504632053E-4
6.209999999999999E-5      6.512129277132283E-4
6.22E-5                   6.41056404964073E-4
6.23E-5                   6.308998822157391E-4
6.24E-5                   6.207433594682262E-4
6.25E-5                   6.105868367215322E-4
6.26E-5                   6.004303139756561E-4
6.269999999999999E-5      5.902737912305982E-4
6.28E-5                   5.801172684863539E-4
6.29E-5                   5.699607457429236E-4
6.3E-5                    5.598042230003057E-4
6.31E-5                   5.496477002584994E-4
6.319999999999999E-5      5.394911775175043E-4
6.33E-5                   5.293346547773163E-4
6.34E-5                   5.191781320379357E-4
6.35E-5                   5.13335407023854E-4
6.36E-5                   5.080014806320146E-4
6.37E-5                   5.026675542399838E-4
6.379999999999999E-5      4.973336278477628E-4
6.39E-5                   4.919997014553494E-4
6.4E-5                    4.8666577506274457E-4
6.41E-5                   4.8133184866994805E-4
6.42E-5                   4.7599792227695953E-4
6.429999999999999E-5      4.7066399588377965E-4
6.44E-5                   4.653300694904065E-4
6.45E-5                   4.599961430968411E-4
6.46E-5                   4.5466221670308277E-4
6.47E-5                   4.493282903091316E-4
6.48E-5                   4.439943639149873E-4
6.489999999999999E-5      4.386604375206504E-4
6.5E-5                    4.333265111261193E-4
6.51E-5                   4.2799258473139463E-4
6.52E-5                   4.2265865833647596E-4
6.53E-5                   4.173247319413633E-4
6.539999999999999E-5      4.119908055460571E-4
6.549999999999999E-5      4.0665687915055577E-4
6.56E-5                   4.0132295275485983E-4
6.57E-5                   3.95989026358969E-4
6.58E-5                   3.9065509996288325E-4
6.59E-5                   3.8532117356660216E-4
6.599999999999999E-5      3.799872471701266E-4
6.61E-5                   3.746533207734546E-4
6.62E-5                   3.693193943765869E-4
6.63E-5                   3.639854679795232E-4
6.64E-5                   3.586515415822634E-4
6.65E-5                   3.5331761518480714E-4
6.659999999999999E-5      3.4798368878715525E-4
6.67E-5                   3.4264976238930576E-4
6.68E-5                   3.3731583599125943E-4
6.69E-5                   3.31981909593016E-4
6.7E-5                    3.266479831945753E-4
6.709999999999999E-5      3.2131405679593775E-4
6.72E-5                   3.1598013039710186E-4
6.73E-5                   3.106462039980682E-4
6.74E-5                   3.053122775988363E-4
6.75E-5                   2.9997835119940626E-4
6.76E-5                   2.9464442479977787E-4
6.769999999999999E-5      2.8931049839995144E-4
6.78E-5                   2.839765719999255E-4
6.79E-5                   2.786426455997006E-4
6.8E-5                    2.7330871919927657E-4
6.81E-5                   2.6797479279865304E-4
6.819999999999999E-5      2.6264086639783067E-4
6.829999999999999E-5      2.573069399968079E-4
6.84E-5                   2.519730135955851E-4
6.85E-5                   2.4663908719416215E-4
6.86E-5                   2.4130516079253893E-4
6.87E-5                   2.3597123439071514E-4
6.879999999999999E-5      2.3063730798869125E-4
6.89E-5                   2.2530338158646587E-4
6.9E-5                    2.1996945518403937E-4
6.91E-5                   2.1463552878141158E-4
6.92E-5                   2.093016023785823E-4
6.929999999999999E-5      2.0396767597555206E-4
6.939999999999999E-5      1.9863374957231923E-4
6.95E-5                   1.932998231688844E-4
6.96E-5                   1.8807480760072234E-4
6.97E-5                   1.8613394628956724E-4
6.98E-5                   1.8419308497846768E-4
6.989999999999999E-5      1.8225222366742393E-4
7.0E-5                    1.803113623564355E-4
7.01E-5                   1.7837050104550263E-4
7.02E-5                   1.7642963973462525E-4
7.03E-5                   1.744887784238034E-4
7.04E-5                   1.7254791711303704E-4
7.049999999999999E-5      1.7060705580232644E-4
7.06E-5                   1.6866619449167113E-4
7.07E-5                   1.6672533318107127E-4
7.08E-5                   1.647844718705269E-4
7.09E-5                   1.6284361056003797E-4
7.099999999999999E-5      1.6090274924960478E-4
7.11E-5                   1.5896188793922678E-4
7.12E-5                   1.5702102662890413E-4
7.13E-5                   1.55080165318637E-4
7.14E-5                   1.5313930400842526E-4
7.15E-5                   1.5119844269826895E-4
7.159999999999999E-5      1.492575813881683E-4
7.17E-5                   1.4731672007812276E-4
7.18E-5                   1.4537585876813264E-4
7.19E-5                   1.4343499745819783E-4
7.2E-5                    1.4149413614831846E-4
7.209999999999999E-5      1.3955327483849468E-4
7.219999999999999E-5      1.3761241352872595E-4
7.23E-5                   1.3567155221901267E-4
7.24E-5                   1.337306909093546E-4
7.25E-5                   1.3178982959975193E-4
7.26E-5                   1.298489682902045E-4
7.269999999999999E-5      1.2790810698071263E-4
7.28E-5                   1.2596724567127585E-4
7.29E-5                   1.2402638436189432E-4
7.3E-5                    1.220855230525681E-4
7.31E-5                   1.2014466174329712E-4
7.319999999999999E-5      1.1820380043408163E-4
7.329999999999999E-5      1.1626293912492115E-4
7.34E-5                   1.1432207781581593E-4
7.35E-5                   1.1238121650676589E-4
7.36E-5                   1.1044035519777112E-4
7.37E-5                   1.0849949388883153E-4
7.379999999999999E-5      1.065586325799474E-4
7.39E-5                   1.0461777127111821E-4
7.4E-5                    1.0267690996234422E-4
7.41E-5                   1.0073604865362539E-4
7.42E-5                   9.879518734496175E-5
7.429999999999999E-5      9.685432603635349E-5
7.439999999999999E-5      9.491346472780011E-5
7.45E-5                   9.29726034193019E-5
7.46E-5                   9.103174211085881E-5
7.47E-5                   8.909088080247084E-5
7.48E-5                   8.715001949413797E-5
7.489999999999999E-5      8.520915818586046E-5
7.5E-5                    8.32682968776378E-5
7.51E-5                   8.132743556947021E-5
7.52E-5                   7.93865742613577E-5
7.53E-5                   7.744571295330027E-5
7.54E-5                   7.550485164529788E-5
7.549999999999999E-5      7.356399033735081E-5
7.56E-5                   7.162312902945849E-5
7.57E-5                   6.968226772162121E-5
7.58E-5                   6.795244401448789E-5
7.59E-5                   6.725518089292834E-5
7.599999999999999E-5      6.655791777135416E-5
7.609999999999999E-5      6.586065464976513E-5
7.62E-5                   6.516339152816139E-5
7.63E-5                   6.446612840654286E-5
7.64E-5                   6.376886528490962E-5
7.65E-5                   6.307160216326162E-5
7.659999999999999E-5      6.2374339041599E-5
7.67E-5                   6.167707591992153E-5
7.68E-5                   6.0979812798229316E-5
7.69E-5                   6.0282549676522374E-5
7.7E-5                    5.958528655480064E-5
7.709999999999999E-5      5.8888023433064316E-5
7.719999999999999E-5      5.819076031131311E-5
7.73E-5                   5.749349718954718E-5
7.74E-5                   5.6796234067766495E-5
7.75E-5                   5.6098970945971075E-5
7.76E-5                   5.5401707824160883E-5
7.769999999999999E-5      5.470444470233607E-5
7.78E-5                   5.40071815804964E-5
7.79E-5                   5.330991845864198E-5
7.8E-5                    5.26126553367728E-5
7.81E-5                   5.19153922148889E-5
7.819999999999999E-5      5.121812909299033E-5
7.829999999999999E-5      5.052086597107693E-5
7.84E-5                   4.9823602849148775E-5
7.85E-5                   4.912633972720585E-5
7.86E-5                   4.842907660524819E-5
7.87E-5                   4.773181348327577E-5
7.879999999999999E-5      4.703455036128871E-5
7.89E-5                   4.633728723928679E-5
7.9E-5                    4.5640024117270115E-5
7.91E-5                   4.494276099523869E-5
7.92E-5                   4.424549787319251E-5
7.93E-5                   4.354823475113158E-5
7.939999999999999E-5      4.285097162905599E-5
7.95E-5                   4.215370850696555E-5
7.96E-5                   4.1456445384860365E-5
7.97E-5                   4.07591822627404E-5
7.98E-5                   4.006191914060571E-5
7.989999999999999E-5      3.936465601845634E-5
7.999999999999999E-5      3.86673928962921E-5
8.01E-5                   3.7970129774113124E-5
8.02E-5                   3.7272866651919396E-5
8.03E-5                   3.657560352971091E-5
8.04E-5                   3.587834040748766E-5
8.049999999999999E-5      3.518107728524974E-5
8.06E-5                   3.4483814162996964E-5
8.07E-5                   3.3786551040729436E-5
8.08E-5                   3.308928791844715E-5
8.09E-5                   3.239202479615009E-5
8.099999999999999E-5      3.1694761673838366E-5
8.109999999999999E-5      3.0997498551511796E-5
8.12E-5                   3.030023542917046E-5
8.13E-5                   2.960297230681436E-5
8.14E-5                   2.8905709184443496E-5
8.15E-5                   2.820844606205787E-5
8.159999999999999E-5      2.7511182939657575E-5
8.17E-5                   2.681391981724242E-5
8.18E-5                   2.61166566948125E-5
8.19E-5                   2.5419393572367813E-5
8.2E-5                    2.4856356559759034E-5
8.209999999999999E-5      2.4595884770614518E-5
8.219999999999999E-5      2.4335412981473743E-5
8.23E-5                   2.4074941192336765E-5
8.24E-5                   2.3814469403203565E-5
8.25E-5                   2.355399761407415E-5
8.26E-5                   2.3293525824948523E-5
8.269999999999999E-5      2.3033054035826718E-5
8.28E-5                   2.2772582246708656E-5
8.29E-5                   2.2512110457594386E-5
8.3E-5                    2.2251638668483897E-5
8.31E-5                   2.19911668793772E-5
8.319999999999999E-5      2.173069509027431E-5
8.329999999999999E-5      2.1470223301175188E-5
8.34E-5                   2.1209751512079837E-5
8.35E-5                   2.0949279722988278E-5
8.36E-5                   2.0688807933900503E-5
8.37E-5                   2.0428336144816516E-5
8.379999999999999E-5      2.0167864355736344E-5
8.389999999999999E-5      1.990739256665992E-5
8.4E-5                    1.9646920777587282E-5
8.41E-5                   1.9386448988518433E-5
8.42E-5                   1.9125977199453365E-5
8.43E-5                   1.886550541039209E-5
8.439999999999999E-5      1.860503362133463E-5
8.45E-5                   1.8344561832280917E-5
8.46E-5                   1.8084090043230987E-5
8.47E-5                   1.782361825418485E-5
8.48E-5                   1.7563146465142492E-5
8.489999999999999E-5      1.7302674676103953E-5
8.499999999999999E-5      1.7042202887069172E-5
8.51E-5                   1.6781731098038165E-5
8.52E-5                   1.6521259309010953E-5
8.53E-5                   1.626078751998752E-5
8.54E-5                   1.6000315730967872E-5
8.549999999999999E-5      1.5739843941952048E-5
8.56E-5                   1.5479372152939967E-5
8.57E-5                   1.5218900363931676E-5
8.58E-5                   1.4958428574927168E-5
8.59E-5                   1.469795678592644E-5
8.599999999999999E-5      1.4437484996929539E-5
8.609999999999999E-5      1.417701320793638E-5
8.62E-5                   1.3916541418947014E-5
8.63E-5                   1.3656069629961427E-5
8.64E-5                   1.3395597840979627E-5
8.65E-5                   1.3135126052001611E-5
8.659999999999999E-5      1.2874654263027416E-5
8.669999999999999E-5      1.2614182474056966E-5
8.68E-5                   1.2353710685090304E-5
8.69E-5                   1.2093238896127424E-5
8.7E-5                    1.183276710716833E-5
8.709999999999999E-5      1.1572295318213055E-5
8.719999999999999E-5      1.1311823529261532E-5
8.73E-5                   1.1051351740313789E-5
8.74E-5                   1.0790879951369833E-5
8.75E-5                   1.0530408162429662E-5
8.76E-5                   1.0269936373493274E-5
8.769999999999999E-5      1.0009464584560706E-5
8.779999999999999E-5      9.748992795631884E-6
8.79E-5                   9.488521006706852E-6
8.8E-5                    9.228049217785597E-6
8.81E-5                   8.967577428868132E-6
8.82E-5                   8.792698879237356E-6
8.829999999999999E-5      8.724614066106479E-6
8.84E-5                   8.656529252975206E-6
8.85E-5                   8.588444439843546E-6
8.86E-5                   8.5203596267115E-6
8.87E-5                   8.45227481357907E-6
8.879999999999999E-5      8.384190000446262E-6
8.889999999999999E-5      8.316105187313058E-6
8.9E-5                    8.248020374179467E-6
8.91E-5                   8.179935561045492E-6
8.92E-5                   8.111850747911132E-6
8.93E-5                   8.043765934776384E-6
8.939999999999999E-5      7.975681121641258E-6
8.95E-5                   7.907596308505738E-6
8.96E-5                   7.839511495369833E-6
8.97E-5                   7.77142668223354E-6
8.98E-5                   7.703341869096863E-6
8.989999999999999E-5      7.635257055959806E-6
8.999999999999999E-5      7.567172242822357E-6
9.01E-5                   7.499087429684521E-6
9.02E-5                   7.431002616546298E-6
9.03E-5                   7.36291780340769E-6
9.04E-5                   7.294832990268698E-6
9.049999999999999E-5      7.226748177129326E-6
9.059999999999999E-5      7.158663363989558E-6
9.07E-5                   7.0905785508494045E-6
9.08E-5                   7.0224937377088655E-6
9.09E-5                   6.95440892456794E-6
9.099999999999999E-5      6.886324111426639E-6
9.109999999999999E-5      6.818239298284942E-6
9.12E-5                   6.750154485142857E-6
9.13E-5                   6.6820696720003905E-6
9.14E-5                   6.613984858857534E-6
9.15E-5                   6.545900045714293E-6
9.159999999999999E-5      6.477815232570675E-6
9.169999999999999E-5      6.409730419426662E-6
9.18E-5                   6.341645606282262E-6
9.19E-5                   6.273560793137476E-6
9.2E-5                    6.205475979992304E-6
9.21E-5                   6.137391166846746E-6
9.219999999999999E-5      6.06930635370081E-6
9.23E-5                   6.001221540554481E-6
9.24E-5                   5.933136727407766E-6
9.25E-5                   5.865051914260662E-6
9.26E-5                   5.7969671011131735E-6
9.269999999999999E-5      5.728882287965309E-6
9.279999999999999E-5      5.660797474817048E-6
9.29E-5                   5.592712661668401E-6
9.3E-5                    5.524627848519369E-6
9.31E-5                   5.456543035369951E-6
9.32E-5                   5.388458222220145E-6
9.329999999999999E-5      5.320373409069964E-6
9.34E-5                   5.252288595919386E-6
9.35E-5                   5.184203782768422E-6
9.36E-5                   5.116118969617074E-6
9.37E-5                   5.04803415646534E-6
9.379999999999999E-5      4.979949343313226E-6
9.389999999999999E-5      4.911864530160719E-6
9.4E-5                    4.843779717007827E-6
9.41E-5                   4.775694903854545E-6
9.42E-5                   4.7076100907008795E-6
9.43E-5                   4.639525277546828E-6
9.439999999999999E-5      4.571440464392398E-6
9.449999999999999E-5      4.503355651237575E-6
9.46E-5                   4.4352708380823655E-6
9.47E-5                   4.367186024926769E-6
9.48E-5                   4.299101211770787E-6
9.489999999999999E-5      4.231016398614427E-6
9.499999999999999E-5      4.162931585457673E-6
9.51E-5                   4.094846772300532E-6
9.52E-5                   4.026761959143005E-6
9.53E-5                   3.958677145985092E-6
9.54E-5                   3.890592332826794E-6
9.549999999999999E-5      3.822507519668118E-6
9.559999999999999E-5      3.754422706509046E-6
9.57E-5                   3.686337893349589E-6
9.58E-5                   3.6182530801897457E-6
9.59E-5                   3.5501682670295167E-6
9.6E-5                    3.4820834538689005E-6
9.609999999999999E-5      3.413998640707908E-6
9.62E-5                   3.3459138275465204E-6
9.63E-5                   3.2778290143847467E-6
9.64E-5                   3.2097442012225872E-6
9.65E-5                   3.1416593880600406E-6
9.659999999999999E-5      3.0735745748971176E-6
9.669999999999999E-5      3.0054897617337993E-6
9.68E-5                   2.9374049485700944E-6
9.69E-5                   2.8693201354060046E-6
9.7E-5                    2.8012353222415276E-6
9.71E-5                   2.7331505090766652E-6
9.719999999999999E-5      2.6650656959114255E-6
9.73E-5                   2.5969808827457907E-6
9.74E-5                   2.5288960695797696E-6
9.75E-5                   2.4608112564133626E-6
9.76E-5                   2.392726443246569E-6
9.769999999999999E-5      2.324641630079399E-6
9.779999999999999E-5      2.256556816911834E-6
9.79E-5                   2.188472003743882E-6
9.8E-5                    2.1203871905755445E-6
9.81E-5                   2.052302377406821E-6
9.82E-5                   1.984217564237711E-6
9.829999999999999E-5      1.9161327510682235E-6
9.839999999999999E-5      1.848047937898342E-6
9.85E-5                   1.7799631247280735E-6
9.86E-5                   1.7118783115574193E-6
9.87E-5                   1.6437934983863791E-6
9.879999999999999E-5      1.5757086852149611E-6
9.889999999999999E-5      1.5076238720431487E-6
9.9E-5                    1.43953905887095E-6
9.91E-5                   1.3714542456983648E-6
9.92E-5                   1.3033694325253937E-6
9.93E-5                   1.2352846193520367E-6
9.939999999999999E-5      1.1671998061783025E-6
9.949999999999999E-5      1.0991149930041732E-6
9.96E-5                   1.0310301798296576E-6
9.97E-5                   9.62945366654756E-7
9.98E-5                   8.948605534794681E-7
9.989999999999999E-5      8.267757403038036E-7
9.999999999999999E-5      7.586909271277437E-7
1.001E-4                  6.906061139512975E-7
1.002E-4                  6.225213007744652E-7
1.003E-4                  5.544364875972468E-7
1.004E-4                  4.863516744196424E-7
1.0049999999999999E-4     4.1826686124166093E-7
1.0059999999999999E-4     3.959866134773003E-7
1.007E-4                  3.9151009449622463E-7
1.008E-4                  3.8703357551515807E-7
1.009E-4                  3.8255705653410067E-7
1.01E-4                   3.780805375530526E-7
1.0109999999999999E-4     3.7360401857201413E-7
1.012E-4                  3.6912749959098416E-7
1.013E-4                  3.646509806099635E-7
1.014E-4                  3.6017446162895194E-7
1.015E-4                  3.5569794264794954E-7
1.0159999999999999E-4     3.512214236669569E-7
1.0169999999999999E-4     3.4674490468597275E-7
1.018E-4                  3.4226838570499793E-7
1.019E-4                  3.377918667240321E-7
1.02E-4                   3.333153477430755E-7
1.021E-4                  3.2883882876212807E-7
1.0219999999999999E-4     3.243623097811902E-7
1.0229999999999999E-4     3.1988579080026113E-7
1.024E-4                  3.1540927181934116E-7
1.025E-4                  3.1093275283843024E-7
1.026E-4                  3.0645623385752853E-7
1.0269999999999999E-4     3.0197971487663667E-7
1.0279999999999999E-4     2.975031958957533E-7
1.029E-4                  2.930266769148791E-7
1.03E-4                   2.8855015793401403E-7
1.031E-4                  2.8407363895315817E-7
1.032E-4                  2.795971199723114E-7
1.0329999999999999E-4     2.751206009914744E-7
1.0339999999999999E-4     2.7064408201064596E-7
1.035E-4                  2.6616756302982674E-7
1.036E-4                  2.6169104404901656E-7
1.037E-4                  2.5721452506821565E-7
1.0379999999999999E-4     2.5273800608742443E-7
1.0389999999999999E-4     2.482614871066418E-7
1.04E-4                   2.437849681258683E-7
1.041E-4                  2.393084491451039E-7
1.042E-4                  2.348319301643488E-7
1.043E-4                  2.3035541118360276E-7
1.0439999999999999E-4     2.2587889220286647E-7
1.0449999999999999E-4     2.2140237322213875E-7
1.046E-4                  2.169258542414202E-7
1.047E-4                  2.1244933526071086E-7
1.048E-4                  2.079728162800106E-7
1.049E-4                  2.0349629729931956E-7
1.0499999999999999E-4     1.9901977831863824E-7
1.051E-4                  1.9454325933796541E-7
1.052E-4                  1.900667403573018E-7
1.053E-4                  1.8559022137664738E-7
1.054E-4                  1.8111370239600203E-7
1.0549999999999999E-4     1.7663718341536653E-7
1.0559999999999999E-4     1.7216066443473953E-7
1.057E-4                  1.6768414545412166E-7
1.058E-4                  1.63207626473513E-7
1.059E-4                  1.5873110749291352E-7
1.06E-4                   1.5425458851232318E-7
1.0609999999999999E-4     1.4977806953174255E-7
1.0619999999999999E-4     1.453015505511705E-7
1.063E-4                  1.4082503157060763E-7
1.064E-4                  1.3634851259005385E-7
1.065E-4                  1.3187199360950932E-7
1.0659999999999999E-4     1.2739547462897451E-7
1.0669999999999999E-4     1.2291895564844823E-7
1.068E-4                  1.1844243666793114E-7
1.069E-4                  1.1396591768742317E-7
1.07E-4                   1.0948939870692438E-7
1.071E-4                  1.0501287972643473E-7
1.0719999999999999E-4     1.0053636074595485E-7
1.0729999999999999E-4     9.605984176548357E-8
1.074E-4                  9.158332278502138E-8
1.075E-4                  8.71068038045684E-8
1.076E-4                  8.263028482412452E-8
1.0769999999999999E-4     7.815376584369042E-8
1.0779999999999999E-4     7.367724686326489E-8
1.079E-4                  6.92007278828485E-8
1.08E-4                   6.47242089024413E-8
1.081E-4                  6.024768992204322E-8
1.082E-4                  5.577117094165429E-8
1.0829999999999999E-4     5.1294651961275154E-8
1.0839999999999999E-4     4.6818132980904544E-8
1.085E-4                  4.2341614000543106E-8
1.086E-4                  3.786509502019082E-8
1.087E-4                  3.338857603984768E-8
1.0879999999999999E-4     2.8912057059514344E-8
1.0889999999999999E-4     2.44355380791895E-8
1.0899999999999999E-4     1.9959019098873848E-8
1.091E-4                  1.548250011856735E-8
1.092E-4                  1.1005981138269984E-8
1.093E-4                  6.529462157981837E-9
1.0939999999999999E-4     2.0529431777033986E-9
1.0949999999999999E-4     -2.4235758025665015E-9
1.096E-4                  -6.900094782827177E-9
1.097E-4                  -1.1376613763078773E-8
1.098E-4                  -1.585313274332117E-8
1.099E-4                  -2.0329651723554415E-8
1.0999999999999999E-4     -2.480617070377793E-8
1.1009999999999999E-4     -2.9282689683992838E-8
1.102E-4                  -3.3759208664198614E-8
1.103E-4                  -3.8235727644395245E-8
1.104E-4                  -4.2712246624582704E-8
1.1049999999999999E-4     -4.7188765604760416E-8
1.1059999999999999E-4     -5.166528458492957E-8
1.107E-4                  -5.6141803565089574E-8
1.108E-4                  -6.061832254524041E-8
1.109E-4                  -6.509484152538209E-8
1.11E-4                   -6.957136050551463E-8
1.1109999999999999E-4     -7.404787948563735E-8
1.1119999999999999E-4     -7.85243984657516E-8
1.113E-4                  -8.300091744585664E-8
1.114E-4                  -8.747743642595254E-8
1.115E-4                  -9.195395540603931E-8
1.1159999999999999E-4     -9.643047438611629E-8
1.1169999999999999E-4     -1.0090699336618467E-7
1.118E-4                  -1.0538351234624398E-7
1.119E-4                  -1.0986003132629411E-7
1.12E-4                   -1.1433655030633506E-7
1.121E-4                  -1.1881306928636685E-7
1.1219999999999999E-4     -1.232895882663889E-7
1.1229999999999999E-4     -1.277661072464024E-7
1.124E-4                  -1.3224262622640671E-7
1.125E-4                  -1.367191452064019E-7
1.126E-4                  -1.411956641863879E-7
1.1269999999999999E-4     -1.4567218316636416E-7
1.1279999999999999E-4     -1.5014870214633186E-7
1.1289999999999999E-4     -1.5462522112629045E-7
1.13E-4                   -1.527048208229102E-7
1.131E-4                  -1.5075425109458855E-7
1.132E-4                  -1.4880368136626615E-7
1.1329999999999999E-4     -1.4685311163794327E-7
1.1339999999999999E-4     -1.4490254190961932E-7
1.135E-4                  -1.4295197218129462E-7
1.136E-4                  -1.4100140245296917E-7
1.137E-4                  -1.3905083272464298E-7
1.138E-4                  -1.3710026299631602E-7
1.1389999999999999E-4     -1.3514969326798856E-7
1.1399999999999999E-4     -1.3319912353966004E-7
1.141E-4                  -1.3124855381133078E-7
1.142E-4                  -1.2929798408300078E-7
1.143E-4                  -1.2734741435466998E-7
1.1439999999999999E-4     -1.2539684462633868E-7
1.1449999999999999E-4     -1.2344627489800638E-7
1.146E-4                  -1.2149570516967336E-7
1.147E-4                  -1.195451354413395E-7
1.148E-4                  -1.1759456571300491E-7
1.149E-4                  -1.1564399598466955E-7
1.1499999999999999E-4     -1.136934262563337E-7
1.1509999999999999E-4     -1.1174285652799685E-7
1.152E-4                  -1.0979228679965921E-7
1.153E-4                  -1.0784171707132076E-7
1.154E-4                  -1.0589114734298161E-7
1.1549999999999999E-4     -1.0394057761464193E-7
1.1559999999999999E-4     -1.0199000788630124E-7
1.157E-4                  -1.000394381579598E-7
1.158E-4                  -9.80888684296176E-8
1.159E-4                  -9.613829870127462E-8
1.16E-4                   -9.418772897293087E-8
1.1609999999999999E-4     -9.223715924458667E-8
1.1619999999999999E-4     -9.028658951624135E-8
1.163E-4                  -8.833601978789536E-8
1.164E-4                  -8.638545005954857E-8
1.165E-4                  -8.443488033120102E-8
1.1659999999999999E-4     -8.248431060285297E-8
1.1669999999999999E-4     -8.053374087450389E-8
1.1679999999999999E-4     -7.858317114615407E-8
1.169E-4                  -7.663260141780349E-8
1.17E-4                   -7.468203168945213E-8
1.171E-4                  -7.27314619611E-8
1.1719999999999999E-4     -7.078089223274735E-8
1.1729999999999999E-4     -6.883032250439373E-8
1.174E-4                  -6.68797527760393E-8
1.175E-4                  -6.492918304768416E-8
1.176E-4                  -6.297861331932824E-8
1.177E-4                  -6.102804359097154E-8
1.1779999999999999E-4     -5.907747386261436E-8
1.1789999999999999E-4     -5.7126904134256147E-8
1.18E-4                   -5.5176334405897154E-8
1.181E-4                  -5.3225764677537393E-8
1.182E-4                  -5.127519494917689E-8
1.1829999999999999E-4     -4.9324625220815894E-8
1.1839999999999999E-4     -4.7374055492453864E-8
1.185E-4                  -4.5423485764091066E-8
1.186E-4                  -4.3472916035727533E-8
1.187E-4                  -4.1522346307363227E-8
1.188E-4                  -3.957177657899815E-8
1.1889999999999999E-4     -3.7621206850632575E-8
1.1899999999999999E-4     -3.567063712226595E-8
1.191E-4                  -3.3720067393898595E-8
1.192E-4                  -3.176949766553048E-8
1.193E-4                  -2.981892793716159E-8
1.1939999999999999E-4     -2.786835820879221E-8
1.1949999999999999E-4     -2.5917788480421807E-8
1.196E-4                  -2.3967218752050635E-8
1.197E-4                  -2.2016649023678705E-8
1.198E-4                  -2.006607929530601E-8
1.199E-4                  -1.811550956693253E-8
1.1999999999999999E-4     -1.6164939838558568E-8
1.2009999999999999E-4     -1.4214370110183587E-8
1.202E-4                  -1.226380038180785E-8
1.203E-4                  -1.0313230653431356E-8
1.204E-4                  -8.362660925054084E-9
1.2049999999999999E-4     -6.4120911966763195E-9
1.2059999999999999E-4     -4.461521468297524E-9
1.2069999999999999E-4     -2.510951739917972E-9
1.208E-4                  -5.603820115376581E-10
1.209E-4                  1.390187716843424E-9
1.21E-4                   3.3407574452252827E-9
1.2109999999999999E-4     5.291327173607605E-9
1.2119999999999999E-4     7.241896901990989E-9
1.213E-4                  9.1924666303751E-9
1.214E-4                  1.1143036358759997E-8
1.215E-4                  1.3093606087145666E-8
1.216E-4                  1.504417581553207E-8
1.2169999999999999E-4     1.699474554391899E-8
1.2179999999999999E-4     1.8945315272306914E-8
1.219E-4                  2.089588500069561E-8
1.22E-4                   2.2846454729085082E-8
1.2209999999999999E-4     2.4797024457475048E-8
1.222E-4                  2.6747594185866017E-8
1.223E-4                  2.8698163914257766E-8
1.224E-4                  3.064873364265027E-8
1.225E-4                  3.2599303371043544E-8
1.226E-4                  3.454987309943758E-8
1.227E-4                  3.6500442827832376E-8
1.228E-4                  3.845101255622793E-8
1.229E-4                  4.0401582284624265E-8
1.2299999999999998E-4     4.235215201302079E-8
1.2309999999999998E-4     4.430272174141866E-8
1.2319999999999999E-4     4.625329146981726E-8
1.233E-4                  4.820386119821663E-8
1.234E-4                  5.0154430926616767E-8
1.235E-4                  5.2105000655017674E-8
1.236E-4                  5.4055570383419317E-8
1.237E-4                  5.600614011182174E-8
1.238E-4                  5.795670984022492E-8
1.239E-4                  5.990727956862888E-8
1.24E-4                   6.185784929703355E-8
1.241E-4                  6.380841902543902E-8
1.2419999999999998E-4     6.575898875384472E-8
1.2429999999999999E-4     6.770955848225172E-8
1.244E-4                  6.966012821065945E-8
1.245E-4                  7.161069793906797E-8
1.246E-4                  7.356126766747726E-8
1.247E-4                  7.551183739588732E-8
1.248E-4                  7.746240712429809E-8
1.249E-4                  7.941297685270965E-8
1.25E-4                   8.136354658112198E-8
1.251E-4                  8.331411630953506E-8
1.252E-4                  8.526468603794889E-8
1.2529999999999998E-4     8.721525576636299E-8
1.2539999999999999E-4     8.916582549477835E-8
1.255E-4                  9.111639522319452E-8
1.256E-4                  9.306696495161142E-8
1.257E-4                  9.501753468002907E-8
1.258E-4                  9.696810440844747E-8
1.259E-4                  9.891867413686665E-8
1.26E-4                   1.008692438652866E-7
1.261E-4                  1.0281981359370732E-7
1.262E-4                  1.047703833221288E-7
1.263E-4                  1.0672095305055099E-7
1.2639999999999998E-4     1.0867152277897347E-7
1.2649999999999998E-4     1.1062209250739725E-7
1.266E-4                  1.1257266223582176E-7
1.267E-4                  1.1452323196424705E-7
1.268E-4                  1.1647380169267308E-7
1.269E-4                  1.1842437142109987E-7
1.27E-4                   1.2037494114952746E-7
1.271E-4                  1.2232551087795577E-7
1.272E-4                  1.2427608060638487E-7
1.273E-4                  1.2622665033481472E-7
1.274E-4                  1.2817722006324533E-7
1.2749999999999998E-4     1.3012778979167618E-7
1.2759999999999998E-4     1.320783595201083E-7
1.277E-4                  1.3402892924854125E-7
1.278E-4                  1.359794989769749E-7
1.279E-4                  1.379300687054093E-7
1.28E-4                   1.362758685997427E-7
1.281E-4                  1.3460466752406E-7
1.282E-4                  1.329334664483778E-7
1.283E-4                  1.3126226537269615E-7
1.284E-4                  1.2959106429701502E-7
1.285E-4                  1.2791986322133448E-7
1.2859999999999998E-4     1.2624866214565494E-7
1.2869999999999998E-4     1.2457746106997545E-7
1.288E-4                  1.2290625999429652E-7
1.289E-4                  1.2123505891861812E-7
1.29E-4                   1.1956385784294028E-7
1.291E-4                  1.1789265676726298E-7
1.292E-4                  1.1622145569158615E-7
1.293E-4                  1.1455025461590995E-7
1.294E-4                  1.1287905354023427E-7
1.295E-4                  1.1120785246455912E-7
1.296E-4                  1.095366513888845E-7
1.2969999999999998E-4     1.0786545031321089E-7
1.2979999999999998E-4     1.0619424923753739E-7
1.2989999999999999E-4     1.0452304816186441E-7
1.3E-4                    1.0285184708619196E-7
1.301E-4                  1.0118064601052007E-7
1.302E-4                  9.950944493484868E-8
1.303E-4                  9.783824385917788E-8
1.304E-4                  9.616704278350762E-8
1.305E-4                  9.44958417078379E-8
1.306E-4                  9.282464063216871E-8
1.307E-4                  9.115343955650005E-8
1.3079999999999998E-4     8.94822384808324E-8
1.3089999999999998E-4     8.781103740516484E-8
1.3099999999999999E-4     8.61398363294978E-8
1.311E-4                  8.44686352538313E-8
1.312E-4                  8.279743417816538E-8
1.313E-4                  8.112623310249997E-8
1.314E-4                  7.94550320268351E-8
1.315E-4                  7.77838309511708E-8
1.316E-4                  7.611262987550701E-8
1.317E-4                  7.444142879984379E-8
1.318E-4                  7.27702277241811E-8
1.3189999999999998E-4     7.109902664851939E-8
1.3199999999999998E-4     6.942782557285778E-8
1.3209999999999999E-4     6.77566244971967E-8
1.322E-4                  6.608542342153616E-8
1.323E-4                  6.441422234587617E-8
1.324E-4                  6.274302127021674E-8
1.325E-4                  6.107182019455782E-8
1.326E-4                  5.9400619118899475E-8
1.327E-4                  5.7729418043241655E-8
1.328E-4                  5.605821696758438E-8
1.329E-4                  5.4387015891927617E-8
1.33E-4                   5.2715814816271424E-8
1.3309999999999998E-4     5.10446137406162E-8
1.3319999999999999E-4     4.93734126649611E-8
1.333E-4                  4.770221158930653E-8
1.334E-4                  4.603101051365249E-8
1.335E-4                  4.435980943799901E-8
1.336E-4                  4.2688608362346064E-8
1.337E-4                  4.101740728669365E-8
1.338E-4                  3.934620621104176E-8
1.339E-4                  3.767500513539045E-8
1.34E-4                   3.6003804059739665E-8
1.341E-4                  3.433260298408942E-8
1.3419999999999998E-4     3.2661401908440165E-8
1.3429999999999998E-4     3.0990200832791014E-8
1.344E-4                  2.93189997571424E-8
1.345E-4                  2.7647798681494323E-8
1.346E-4                  2.5976597605846793E-8
1.347E-4                  2.4305396530199802E-8
1.348E-4                  2.2634195454553328E-8
1.349E-4                  2.096299437890742E-8
1.35E-4                   1.929179330326205E-8
1.351E-4                  1.7620592227617226E-8
1.352E-4                  1.5949391151972942E-8
1.3529999999999998E-4     1.427819007632965E-8
1.3539999999999998E-4     1.2606989000686444E-8
1.355E-4                  1.0935787925043783E-8
1.356E-4                  9.26458684940166E-9
1.357E-4                  7.59338577376008E-9
1.358E-4                  5.922184698119049E-9
1.359E-4                  4.250983622478532E-9
1.36E-4                   2.579782546838582E-9
1.361E-4                  9.085814711991682E-10
1.362E-4                  -7.626196044397047E-10
1.363E-4                  -2.4338206800780572E-9
1.3639999999999998E-4     -4.10502175571538E-9
1.3649999999999998E-4     -5.776222831352642E-9
1.3659999999999999E-4     -7.447423906989349E-9
1.367E-4                  -9.118624982625518E-9
1.368E-4                  -1.0789826058261133E-8
1.369E-4                  -1.2461027133896226E-8
1.37E-4                   -1.4132228209530759E-8
1.371E-4                  -1.5803429285164763E-8
1.372E-4                  -1.7474630360798214E-8
1.373E-4                  -1.9145831436431143E-8
1.374E-4                  -2.081703251206351E-8
1.3749999999999998E-4     -2.24882335876949E-8
1.3759999999999998E-4     -2.415943466332619E-8
1.3769999999999999E-4     -2.5830635738956934E-8
1.378E-4                  -2.7501836814587146E-8
1.379E-4                  -2.917303789021683E-8
1.38E-4                   -3.084423896584596E-8
1.381E-4                  -3.2515440041474536E-8
1.382E-4                  -3.4186641117102604E-8
1.383E-4                  -3.58578421927301E-8
1.384E-4                  -3.7529043268357066E-8
1.385E-4                  -3.920024434398348E-8
1.3859999999999998E-4     -4.087144541960892E-8
1.3869999999999998E-4     -4.2542646495234256E-8
1.3879999999999999E-4     -4.421384757085906E-8
1.389E-4                  -4.588504864648331E-8
1.39E-4                   -4.7556249722107025E-8
1.391E-4                  -4.922745079773019E-8
1.392E-4                  -5.089865187335284E-8
1.393E-4                  -5.256985294897492E-8
1.394E-4                  -5.424105402459647E-8
1.395E-4                  -5.591225510021749E-8
1.396E-4                  -5.758345617583796E-8
1.3969999999999998E-4     -5.925465725145742E-8
1.3979999999999998E-4     -6.09258583270768E-8
1.3989999999999999E-4     -6.259705940269563E-8
1.4E-4                    -6.426826047831394E-8
1.401E-4                  -6.593946155393171E-8
1.402E-4                  -6.761066262954891E-8
1.403E-4                  -6.928186370516563E-8
1.404E-4                  -7.095306478078174E-8
1.405E-4                  -7.262426585639733E-8
1.406E-4                  -7.429546693201238E-8
1.407E-4                  -7.596666800762689E-8
1.408E-4                  -7.763786908324086E-8
1.4089999999999998E-4     -7.930907015885384E-8
1.4099999999999998E-4     -8.098027123446673E-8
1.411E-4                  -8.265147231007906E-8
1.412E-4                  -8.43226733856909E-8
1.413E-4                  -8.599387446130215E-8
1.414E-4                  -8.766507553691286E-8
1.415E-4                  -8.933627661252306E-8
1.416E-4                  -9.100747768813269E-8
1.417E-4                  -9.267867876374176E-8
1.418E-4                  -9.434987983935035E-8
1.419E-4                  -9.602108091495837E-8
1.4199999999999998E-4     -9.769228199056538E-8
1.4209999999999998E-4     -9.936348306617231E-8
1.422E-4                  -1.0103468414177867E-7
1.423E-4                  -1.0270588521738455E-7
1.424E-4                  -1.0437708629298985E-7
1.425E-4                  -1.0604828736859463E-7
1.426E-4                  -1.0771948844419887E-7
1.427E-4                  -1.0939068951980256E-7
1.428E-4                  -1.1106189059540567E-7
1.429E-4                  -1.1273309167100828E-7
1.43E-4                   -1.1139785453454168E-7
1.4309999999999998E-4     -1.100484383053037E-7
1.4319999999999998E-4     -1.08699022076065E-7
1.433E-4                  -1.0734960584682601E-7
1.434E-4                  -1.0600018961758668E-7
1.435E-4                  -1.0465077338834707E-7
1.436E-4                  -1.0330135715910712E-7
1.437E-4                  -1.0195194092986686E-7
1.438E-4                  -1.006025247006263E-7
1.439E-4                  -9.925310847138538E-8
1.44E-4                   -9.790369224214418E-8
1.441E-4                  -9.655427601290264E-8
1.4419999999999998E-4     -9.520485978366115E-8
1.4429999999999998E-4     -9.385544355441898E-8
1.4439999999999999E-4     -9.250602732517649E-8
1.445E-4                  -9.115661109593369E-8
1.446E-4                  -8.980719486669059E-8
1.447E-4                  -8.845777863744716E-8
1.448E-4                  -8.71083624082034E-8
1.449E-4                  -8.575894617895933E-8
1.45E-4                   -8.440952994971491E-8
1.451E-4                  -8.306011372047021E-8
1.452E-4                  -8.171069749122521E-8
1.4529999999999998E-4     -8.036128126198022E-8
1.4539999999999998E-4     -7.901186503273457E-8
1.4549999999999999E-4     -7.76624488034886E-8
1.456E-4                  -7.631303257424231E-8
1.457E-4                  -7.496361634499572E-8
1.458E-4                  -7.361420011574878E-8
1.459E-4                  -7.226478388650153E-8
1.46E-4                   -7.091536765725396E-8
1.461E-4                  -6.95659514280061E-8
1.462E-4                  -6.821653519875791E-8
1.463E-4                  -6.686711896950939E-8
1.4639999999999998E-4     -6.55177027402609E-8
1.4649999999999998E-4     -6.416828651101179E-8
1.4659999999999999E-4     -6.281887028176233E-8
1.467E-4                  -6.146945405251253E-8
1.468E-4                  -6.012003782326245E-8
1.469E-4                  -5.8770621594012E-8
1.47E-4                   -5.742120536476127E-8
1.471E-4                  -5.607178913551023E-8
1.472E-4                  -5.472237290625885E-8
1.473E-4                  -5.337295667700718E-8
1.474E-4                  -5.202354044775518E-8
1.4749999999999998E-4     -5.067412421850321E-8
1.4759999999999998E-4     -4.932470798925058E-8
1.4769999999999999E-4     -4.797529175999763E-8
1.478E-4                  -4.662587553074436E-8
1.479E-4                  -4.5276459301490755E-8
1.48E-4                   -4.3927043072236846E-8
1.481E-4                  -4.257762684298264E-8
1.482E-4                  -4.122821061372809E-8
1.483E-4                  -3.9878794384473234E-8
1.484E-4                  -3.852937815521806E-8
1.485E-4                  -3.717996192596257E-8
1.4859999999999998E-4     -3.583054569670713E-8
1.4869999999999998E-4     -3.4481129467451E-8
1.4879999999999998E-4     -3.3131713238194525E-8
1.489E-4                  -3.178229700893777E-8
1.49E-4                   -3.043288077968069E-8
1.491E-4                  -2.90834645504233E-8
1.492E-4                  -2.7734048321165586E-8
1.493E-4                  -2.6384632091907558E-8
1.494E-4                  -2.503521586264921E-8
1.495E-4                  -2.3685799633390545E-8
1.496E-4                  -2.2336383404131544E-8
1.497E-4                  -2.0986967174872246E-8
1.4979999999999998E-4     -1.9637550945612993E-8
1.4989999999999998E-4     -1.8288134716353056E-8
1.5E-4                    -1.6938718487092804E-8
