% Model:              20230225_JW_4_25.mph
% Version:            COMSOL 5.6.0.401
% Date:               Feb 25 2023, 20:50
% Dimension:          1
% Nodes:              1501
% Expressions:        1
% Description:        点图
% X                       Height
0                         9.312619136250193
1.0E-7                    9.327581058909272
2.0E-7                    9.371205142527204
3.0E-7                    9.410093643041673
4.0E-7                    9.422731569073532
5.0E-7                    9.409427607588073
6.0E-7                    9.369047982637776
7.0E-7                    9.31214751623682
8.0E-7                    9.23689002851183
9.0E-7                    9.148988140552229
1.0E-6                    9.050808256645787
1.1E-6                    8.945863216620317
1.2E-6                    8.836942395968062
1.2999999999999998E-6     8.725084861632327
1.4E-6                    8.611806283730813
1.5E-6                    8.496836260020196
1.6E-6                    8.381600331120955
1.6999999999999998E-6     8.266308466205473
1.8E-6                    8.151538582722463
1.9E-6                    8.037400613581589
2.0E-6                    7.92423125324873
2.1E-6                    7.812196884254667
2.2E-6                    7.70145599890313
2.3E-6                    7.592164180728325
2.4E-6                    7.4842064993483275
2.4999999999999998E-6     7.377894975925411
2.5999999999999997E-6     7.272291550281791
2.7E-6                    7.1687571820010545
2.8E-6                    7.066237910687619
2.8999999999999998E-6     6.964861753709553
3.0E-6                    6.865249409258046
3.1E-6                    6.7664707139411435
3.2E-6                    6.669128575237171
3.2999999999999997E-6     6.573283296662693
3.3999999999999996E-6     6.478289472869489
3.5E-6                    6.38496661493427
3.6E-6                    6.292742793756533
3.6999999999999997E-6     6.20152280953968
3.8E-6                    6.112134862165622
3.9E-6                    6.02340345968276
4.0E-6                    5.935668531319343
4.1E-6                    5.850107085193075
4.2E-6                    5.764560398589529
4.2999999999999995E-6     5.675479434763482
4.4E-6                    5.589777037685988
4.5E-6                    5.513037825519853
4.6E-6                    5.437038835862024
4.7E-6                    5.353450264308342
4.8E-6                    5.280404816153333
4.9E-6                    5.2023518150157075
4.9999999999999996E-6     5.126710604938487
5.0999999999999995E-6     5.052885748086785
5.199999999999999E-6      4.977330355150244
5.3E-6                    4.906043468652857
5.4E-6                    4.833093591824516
5.5E-6                    4.762677629262676
5.6E-6                    4.692524442906689
5.7E-6                    4.6233743817591675
5.7999999999999995E-6     4.555510776801619
5.899999999999999E-6      4.488205878967183
6.0E-6                    4.422318548039768
6.1E-6                    4.356822797822911
6.2E-6                    4.292418735558853
6.3E-6                    4.229160560025292
6.4E-6                    4.166831899362195
6.5E-6                    4.105360956492685
6.5999999999999995E-6     4.044793151346032
6.699999999999999E-6      3.985120723332629
6.799999999999999E-6      3.926291225613834
6.9E-6                    3.8683555935313176
7.0E-6                    3.811199153989282
7.1E-6                    3.754920888251214
7.2E-6                    3.6994307375515967
7.2999999999999996E-6     3.6447289560955904
7.3999999999999995E-6     3.5908610077855085
7.499999999999999E-6      3.537752568169958
7.6E-6                    3.485444138278273
7.699999999999999E-6      3.4339080559411244
7.8E-6                    3.383089396004444
7.899999999999999E-6      3.3330098360597016
8.0E-6                    3.283672312575373
8.1E-6                    3.234403471248513
8.2E-6                    3.184494643670129
8.3E-6                    3.139699305467467
8.4E-6                    3.092718113843189
8.5E-6                    3.0472131522403
8.599999999999999E-6      3.002438565621075
8.7E-6                    2.9581065101747446
8.8E-6                    2.9142543978852165
8.9E-6                    2.871036637594866
9.0E-6                    2.828409850706257
9.1E-6                    2.7863754287125855
9.2E-6                    2.745118454116601
9.299999999999999E-6      2.7043830517371665
9.4E-6                    2.6642171816596933
9.499999999999999E-6      2.6246916757016967
9.6E-6                    2.5857107232693495
9.7E-6                    2.54727873854908
9.8E-6                    2.5094608450208344
9.9E-6                    2.4721826864811565
9.999999999999999E-6      2.4354103280475554
1.01E-5                   2.399227939009966
1.0199999999999999E-5     2.3635804057564522
1.03E-5                   2.3284365637662763
1.0399999999999999E-5     2.293794919744394
1.05E-5                   2.2597408507473133
1.06E-5                   2.226192093509471
1.07E-5                   2.1931154671261464
1.08E-5                   2.1603650951882103
1.0899999999999999E-5     2.1283461712801177
1.1E-5                    2.096672173053704
1.1099999999999999E-5     2.065386023084349
1.12E-5                   2.0347584783529586
1.13E-5                   2.004433560255277
1.14E-5                   1.9745828564303802
1.15E-5                   1.945254356133892
1.1599999999999999E-5     1.9162195703894462
1.17E-5                   1.887742500476003
1.1799999999999999E-5     1.859662671867735
1.19E-5                   1.8318634064601822
1.2E-5                    1.8046944542792729
1.21E-5                   1.7778113398664774
1.22E-5                   1.7512682234864223
1.2299999999999999E-5     1.725276612126238
1.24E-5                   1.6995410701949252
1.2499999999999999E-5     1.6742134333240668
1.26E-5                   1.6493303564124837
1.2699999999999999E-5     1.6246969453699927
1.28E-5                   1.6005282894061157
1.29E-5                   1.5767040182904932
1.3E-5                    1.5531289666695736
1.31E-5                   1.5301307528526107
1.3199999999999999E-5     1.5073944911675254
1.33E-5                   1.4848745740186216
1.3399999999999999E-5     1.462571522342928
1.35E-5                   1.4408123906025019
1.3599999999999999E-5     1.4192176272932988
1.37E-5                   1.3979906908244055
1.38E-5                   1.3771372880965156
1.3899999999999999E-5     1.3565841577633753
1.4E-5                    1.3363380374967948
1.4099999999999999E-5     1.3164218345134993
1.42E-5                   1.2967474806115578
1.4299999999999999E-5     1.2774344488392793
1.44E-5                   1.258363861550366
1.45E-5                   1.2395972147337788
1.4599999999999999E-5     1.2211027319004562
1.47E-5                   1.202883644140775
1.4799999999999999E-5     1.184954256158411
1.49E-5                   1.1672658605521922
1.4999999999999999E-5     1.1498889237885888
1.51E-5                   1.1327511571522066
1.52E-5                   1.1158490477483076
1.53E-5                   1.09917889618814
1.5399999999999998E-5     1.0828084307885817
1.55E-5                   1.066680733259945
1.56E-5                   1.0507720393110953
1.57E-5                   1.0350787573496052
1.5799999999999998E-5     1.019633867423318
1.59E-5                   1.0044530894786918
1.6E-5                    0.9895656868782887
1.61E-5                   0.9748458405223995
1.62E-5                   0.9601465782888904
1.63E-5                   0.9459848199803186
1.64E-5                   0.9318230844587412
1.6499999999999998E-5     0.9179089303322737
1.66E-5                   0.9042827315145175
1.67E-5                   0.8906565524635263
1.68E-5                   0.8774898500273928
1.69E-5                   0.8643812553197556
1.7E-5                    0.8514282494820264
1.71E-5                   0.8388163777426881
1.7199999999999998E-5     0.8262045217459132
1.73E-5                   0.8139464362933856
1.74E-5                   0.8018135148772809
1.75E-5                   0.7897560831838291
1.76E-5                   0.778083034647063
1.77E-5                   0.7664099988437766
1.78E-5                   0.7551208532856281
1.7899999999999998E-5     0.7440989325448061
1.8E-5                    0.7330770222475778
1.81E-5                   0.7220551216257813
1.82E-5                   0.7110332299110808
1.8299999999999998E-5     0.700373034703705
1.84E-5                   0.6901722324880621
1.85E-5                   0.6799714397738437
1.8599999999999998E-5     0.6697706559526356
1.87E-5                   0.659569880415898
1.88E-5                   0.6495913461074003
1.89E-5                   0.6401531655437462
1.8999999999999998E-5     0.6307149923780447
1.91E-5                   0.6212768261273681
1.92E-5                   0.6118386663087046
1.9299999999999998E-5     0.6024996052157119
1.94E-5                   0.5937576303168853
1.95E-5                   0.5850156611251375
1.96E-5                   0.5762736972580296
1.9699999999999998E-5     0.5675317383330658
1.98E-5                   0.5587897839676962
1.99E-5                   0.5507020188524828
1.9999999999999998E-5     0.5426187008659046
2.01E-5                   0.5345353873717698
2.02E-5                   0.5264520780672631
2.03E-5                   0.5183687726495302
2.0399999999999998E-5     0.5107906754742778
2.05E-5                   0.503305839755873
2.06E-5                   0.4958210075100541
2.07E-5                   0.4883361784955125
2.0799999999999997E-5     0.48085135247091354
2.09E-5                   0.47375243556664065
2.1E-5                    0.4668228066809487
2.1099999999999998E-5     0.45989318053705586
2.12E-5                   0.45296355694520485
2.13E-5                   0.44603393571562155
2.14E-5                   0.4393913711639169
2.1499999999999997E-5     0.4329874926434713
2.16E-5                   0.4265836164923483
2.17E-5                   0.42017974255884527
2.1799999999999998E-5     0.4137758706912462
2.19E-5                   0.4075537982768928
2.2E-5                    0.4016079521297334
2.21E-5                   0.3956621075484941
2.2199999999999998E-5     0.38971626441329793
2.23E-5                   0.3837704226042591
2.24E-5                   0.37794149264567856
2.2499999999999998E-5     0.37246738208561636
2.26E-5                   0.3669932732415346
2.27E-5                   0.361519166019436
2.28E-5                   0.35604506032531624
2.2899999999999998E-5     0.35060759996624913
2.3E-5                    0.3455045724377103
2.31E-5                   0.3404015457027685
2.3199999999999998E-5     0.3352985196839931
2.33E-5                   0.3301954943039505
2.34E-5                   0.32509246948520454
2.35E-5                   0.3203377021549771
2.3599999999999998E-5     0.3156013936687725
2.37E-5                   0.31086508587754297
2.38E-5                   0.30612877872418265
2.3899999999999998E-5     0.30150637388156337
2.4E-5                    0.2971310983294853
2.41E-5                   0.29275582336985795
2.42E-5                   0.28838054895173654
2.4299999999999998E-5     0.2840575330151923
2.44E-5                   0.27985790659778165
2.45E-5                   0.2756582810634845
2.4599999999999998E-5     0.2714598277060757
2.4699999999999997E-5     0.267450052537844
2.48E-5                   0.26344027766036393
2.49E-5                   0.2594686984387987
2.4999999999999998E-5     0.2556006213290528
2.51E-5                   0.2517325446820359
2.52E-5                   0.24796617633016096
2.53E-5                   0.244213299470065
2.5399999999999997E-5     0.24057966286270854
2.55E-5                   0.23698904190207337
2.56E-5                   0.23346417932464317
2.5699999999999998E-5     0.22995558356669718
2.58E-5                   0.2265352278714996
2.59E-5                   0.22312823382905356
2.6E-5                    0.21982139625291694
2.6099999999999997E-5     0.21652166167251732
2.62E-5                   0.21330455819310107
2.63E-5                   0.21009437626956493
2.6399999999999998E-5     0.20697774188302326
2.65E-5                   0.2038728062054403
2.66E-5                   0.20084238751803488
2.67E-5                   0.19782941017234962
2.6799999999999998E-5     0.19488512436194413
2.69E-5                   0.1919643436629949
2.7E-5                    0.18910734339038798
2.7099999999999998E-5     0.1862767340759069
2.7199999999999997E-5     0.1834982567376231
2.73E-5                   0.18075294996415384
2.74E-5                   0.17805680413672945
2.7499999999999998E-5     0.17541439769202066
2.76E-5                   0.17283266629160082
2.77E-5                   0.17025093503263383
2.7799999999999998E-5     0.16766920390526485
2.7899999999999997E-5     0.16517606503698015
2.8E-5                    0.16274118236190968
2.81E-5                   0.16030629979224226
2.8199999999999998E-5     0.1578714173197111
2.83E-5                   0.15553800735511214
2.84E-5                   0.15324082859291277
2.8499999999999998E-5     0.1509436499425046
2.8599999999999997E-5     0.14864647139692505
2.87E-5                   0.14646171256893592
2.88E-5                   0.14429367931428466
2.8899999999999998E-5     0.14212564612691506
2.9E-5                    0.13995811721319845
2.91E-5                   0.13791334141414455
2.9199999999999998E-5     0.1358685656973367
2.9299999999999997E-5     0.1338237900578603
2.94E-5                   0.13180212741438865
2.95E-5                   0.12992521296802031
2.9599999999999998E-5     0.1280482985742719
2.97E-5                   0.12617138422935884
2.98E-5                   0.12429446992949673
2.99E-5                   0.12241755567090103
2.9999999999999997E-5     0.12054064144978721
3.01E-5                   0.11866372726237068
3.02E-5                   0.11687044748170711
3.0299999999999998E-5     0.11520009362727872
3.04E-5                   0.11352973982373436
3.05E-5                   0.11185938606840021
3.06E-5                   0.11018903235860221
3.07E-5                   0.1085186786916664
3.0799999999999996E-5     0.10684832506491893
3.09E-5                   0.1051779714756856
3.1E-5                    0.10363086664217831
3.11E-5                   0.10214389409908048
3.12E-5                   0.10065692158509487
3.13E-5                   0.0991699490983387
3.14E-5                   0.09768297663692913
3.15E-5                   0.09619600419898298
3.1599999999999996E-5     0.09470903178261751
3.17E-5                   0.09322205938594959
3.18E-5                   0.09188861024068498
3.1899999999999996E-5     0.09056508371509125
3.2E-5                    0.08924155721099215
3.21E-5                   0.08791803072705803
3.22E-5                   0.08659450426195929
3.23E-5                   0.08527097781436593
3.24E-5                   0.08394745138294837
3.25E-5                   0.08265396208470406
3.26E-5                   0.08147589997070308
3.2699999999999995E-5     0.0802978378728301
3.28E-5                   0.07911977579014873
3.29E-5                   0.07794171372172275
3.2999999999999996E-5     0.07676365166661595
3.31E-5                   0.0755855896238919
3.32E-5                   0.07440752759261433
3.3299999999999996E-5     0.07329079084420467
3.34E-5                   0.07224219130594935
3.35E-5                   0.07119359177806825
3.36E-5                   0.07014499225989979
3.37E-5                   0.06909639275078215
3.38E-5                   0.06804779325005375
3.39E-5                   0.06699919375705296
3.4E-5                    0.06595059427111799
3.4099999999999995E-5     0.06498730071278785
3.42E-5                   0.06405384077923726
3.43E-5                   0.06312038085322068
3.4399999999999996E-5     0.06218692093427276
3.45E-5                   0.06125346102192793
3.46E-5                   0.060320001115720875
3.4699999999999996E-5     0.05938654121518618
3.48E-5                   0.05845391279843443
3.49E-5                   0.05762320887984192
3.5E-5                    0.056792504966809175
3.51E-5                   0.055961801059006916
3.52E-5                   0.05513109715610601
3.53E-5                   0.05430039325777733
3.54E-5                   0.05346968936369156
3.5499999999999996E-5     0.05263898547351959
3.56E-5                   0.05184393441359312
3.57E-5                   0.05114273969515305
3.5799999999999996E-5     0.050441544978578445
3.59E-5                   0.049740350263671816
3.6E-5                    0.04903915555023587
3.6099999999999997E-5     0.04833796083807328
3.62E-5                   0.04763676612698659
3.63E-5                   0.04693557141677848
3.64E-5                   0.046234376707251626
3.65E-5                   0.04553318199820858
3.6599999999999995E-5     0.044831987289452035
3.67E-5                   0.044130792580784575
3.68E-5                   0.04342959787200885
3.6899999999999996E-5     0.04272840316292756
3.7E-5                    0.042027208453343234
3.71E-5                   0.04132601374305855
3.7199999999999996E-5     0.040743223610209385
3.73E-5                   0.040188262963347175
3.74E-5                   0.03963330232007842
3.75E-5                   0.039078341680305106
3.76E-5                   0.03852338104392912
3.77E-5                   0.03796842041085245
3.78E-5                   0.037413459780977085
3.79E-5                   0.03685849915420492
3.7999999999999995E-5     0.03630353853043797
3.81E-5                   0.03574857790957812
3.82E-5                   0.03519361729152736
3.8299999999999996E-5     0.03463865667618769
3.84E-5                   0.03408369606346099
3.85E-5                   0.03352873545324924
3.8599999999999996E-5     0.032973774845454454
3.87E-5                   0.0324585828533033
3.88E-5                   0.032019197612855974
3.89E-5                   0.031579812372856696
3.9E-5                    0.03114042713325681
3.9099999999999995E-5     0.030701041894007734
3.92E-5                   0.0302616566550608
3.93E-5                   0.02982227141636742
3.9399999999999995E-5     0.02938288617787901
3.95E-5                   0.02894350093954689
3.96E-5                   0.028504115701322465
3.9699999999999996E-5     0.028064730463157155
3.98E-5                   0.027625345225002287
3.99E-5                   0.027185959986809276
3.9999999999999996E-5     0.02674657474852952
4.01E-5                   0.02630718951011434
4.02E-5                   0.025867804271515162
4.03E-5                   0.025508824284349984
4.04E-5                   0.025160965414539913
4.0499999999999995E-5     0.02481310654544925
4.06E-5                   0.024465247677053843
4.07E-5                   0.024117388809329614
4.0799999999999996E-5     0.023769529942252496
4.09E-5                   0.023421671075798334
4.1E-5                    0.02307381220994306
4.1099999999999996E-5     0.0227259533446626
4.12E-5                   0.022378094479932806
4.13E-5                   0.0220302356157296
4.14E-5                   0.021682376752028918
4.15E-5                   0.021334517888806595
4.1599999999999995E-5     0.0209866590260386
4.17E-5                   0.020638800163700777
4.18E-5                   0.02032091765327527
4.1899999999999995E-5     0.020045659559455826
4.2E-5                    0.01977040146580505
4.21E-5                   0.01949514337231099
4.2199999999999996E-5     0.019219885278961686
4.23E-5                   0.018944627185745126
4.24E-5                   0.018669369092649338
4.2499999999999996E-5     0.018394110999662372
4.26E-5                   0.01811885290677221
4.27E-5                   0.01784359481396688
4.28E-5                   0.017568336721234437
4.29E-5                   0.017293078628562848
4.2999999999999995E-5     0.017017820535940174
4.31E-5                   0.01674256244335441
4.32E-5                   0.01646730435079358
4.3299999999999995E-5     0.01619204625824574
4.34E-5                   0.01597096996024451
4.35E-5                   0.015752908296416648
4.3599999999999996E-5     0.015534846632678118
4.37E-5                   0.015316784969022964
4.38E-5                   0.015098723305445275
4.3899999999999996E-5     0.014880661641939137
4.4E-5                    0.014662599978498595
4.41E-5                   0.014444538315117744
4.42E-5                   0.014226476651790665
4.43E-5                   0.014008414988511415
4.4399999999999995E-5     0.013790353325274087
4.45E-5                   0.013572291662072732
4.46E-5                   0.013354229998901434
4.4699999999999996E-5     0.013136168335754286
4.48E-5                   0.012918106672625333
4.49E-5                   0.012722011123741047
4.4999999999999996E-5     0.012549551300581743
4.51E-5                   0.01237709147749264
4.52E-5                   0.012204631654470803
4.5299999999999997E-5     0.012032171831513297
4.54E-5                   0.011859712008617143
4.5499999999999995E-5     0.011687252185779422
4.56E-5                   0.011514792362997158
4.57E-5                   0.011342332540267416
4.5799999999999995E-5     0.011169872717587258
4.59E-5                   0.010997412894953708
4.6E-5                    0.010824953072363837
4.6099999999999996E-5     0.0106524932498147
4.62E-5                   0.010480033427303328
4.63E-5                   0.010307573604826785
4.6399999999999996E-5     0.010135690015207824
4.65E-5                   0.009999034672243624
4.66E-5                   0.009862379329270308
4.67E-5                   0.009725723986286428
4.68E-5                   0.009589068643290507
4.6899999999999995E-5     0.009452413300281105
4.7E-5                    0.009315757957256747
4.71E-5                   0.009179102614215976
4.7199999999999995E-5     0.009042447271157352
4.73E-5                   0.008905791928079393
4.74E-5                   0.008769136584980651
4.7499999999999996E-5     0.00863248124185967
4.76E-5                   0.008495825898714985
4.77E-5                   0.008359170555545135
4.7799999999999996E-5     0.00822251521234868
4.79E-5                   0.008085859869124136
4.8E-5                    0.007964928585497197
4.81E-5                   0.007856836778290343
4.82E-5                   0.007748744971107787
4.8299999999999995E-5     0.007640653163948822
4.84E-5                   0.0075325613568127114
4.85E-5                   0.007424469549698731
4.8599999999999995E-5     0.007316377742606168
4.87E-5                   0.007208285935534281
4.88E-5                   0.00710019412848235
4.8899999999999996E-5     0.006992102321449662
4.9E-5                    0.006884010514435474
4.91E-5                   0.006775918707439067
4.9199999999999997E-5     0.006667826900459725
4.93E-5                   0.006559735093496708
4.9399999999999995E-5     0.006451643286549305
4.95E-5                   0.006345460398445752
4.96E-5                   0.006259854386301634
4.9699999999999995E-5     0.006174248374146961
4.98E-5                   0.00608864236198136
4.99E-5                   0.00600303634980448
4.9999999999999996E-5     0.005917430337615966
5.01E-5                   0.0058318243254154465
5.02E-5                   0.00574621831320257
5.0299999999999996E-5     0.005660612300976982
5.04E-5                   0.005575006288738311
5.05E-5                   0.005489400276486205
5.06E-5                   0.005403794264220309
5.07E-5                   0.005318188251940252
5.0799999999999995E-5     0.005232582239645687
5.09E-5                   0.005146976227336245
5.1E-5                    0.005061370215011569
5.1099999999999995E-5     0.004990749035102296
5.12E-5                   0.004929339632368584
5.13E-5                   0.004867930229622666
5.1399999999999996E-5     0.004806520826864414
5.15E-5                   0.004745111424093689
5.16E-5                   0.004683702021310359
5.1699999999999996E-5     0.0046222926185143015
5.18E-5                   0.00456088321570537
5.1899999999999994E-5     0.0044994738128834415
5.2E-5                    0.004438064410048376
5.21E-5                   0.0043766550072000445
5.2199999999999995E-5     0.0043152456043383195
5.23E-5                   0.004253836201463059
5.24E-5                   0.004192426798574136
5.2499999999999995E-5     0.004131017395671418
5.26E-5                   0.004069607992754768
5.27E-5                   0.004008198589824057
5.2799999999999996E-5     0.003946789186879155
5.29E-5                   0.0038853797839199225
5.3E-5                    0.00382397038094623
5.3099999999999996E-5     0.0037625609779579497
5.32E-5                   0.00370115157495494
5.3299999999999995E-5     0.0036397421719370766
5.34E-5                   0.00357833276890422
5.35E-5                   0.0035169233658562398
5.3599999999999995E-5     0.003455513962793009
5.37E-5                   0.003394104559714385
5.38E-5                   0.0033326951566202416
5.3899999999999996E-5     0.003271285753510448
5.4E-5                    0.0032098763503848643
5.41E-5                   0.003148466947243362
5.4199999999999996E-5     0.003103026155850573
5.43E-5                   0.0030648237305575324
5.4399999999999994E-5     0.0030266213052737093
5.4499999999999997E-5     0.0029884188799990663
5.46E-5                   0.0029502164547335736
5.4699999999999995E-5     0.0029120140294772016
5.48E-5                   0.002873811604229915
5.49E-5                   0.0028356091789916806
5.4999999999999995E-5     0.002797406753762473
5.51E-5                   0.0027592043285422523
5.52E-5                   0.002721001903330991
5.5299999999999996E-5     0.0026827994781286582
5.54E-5                   0.0026445970529352172
5.55E-5                   0.0026063946277506385
5.5599999999999996E-5     0.0025681922025748934
5.57E-5                   0.002529989777407944
5.5799999999999994E-5     0.0024917873522497624
5.59E-5                   0.0024535849271003136
5.6E-5                    0.0024153825019595674
5.6099999999999995E-5     0.002377180076827493
5.62E-5                   0.002338977651704055
5.63E-5                   0.002300775226589223
5.6399999999999995E-5     0.0022625728014829686
5.65E-5                   0.002224370376385253
5.66E-5                   0.0021861679512960486
5.6699999999999996E-5     0.0021479655262153247
5.68E-5                   0.0021097631011430438
5.69E-5                   0.002071560676079177
5.6999999999999996E-5     0.002033358251023695
5.71E-5                   0.001995155825976561
5.7199999999999994E-5     0.001956953400937748
5.73E-5                   0.0019296573219665725
5.74E-5                   0.001905864206111673
5.7499999999999995E-5     0.0018820710902533418
5.76E-5                   0.0018582779743915683
5.77E-5                   0.001834484858526345
5.7799999999999995E-5     0.0018106917426576677
5.79E-5                   0.001786898626785524
5.8E-5                    0.0017631055109099086
5.8099999999999996E-5     0.0017393123950308152
5.82E-5                   0.0017155192791482332
5.8299999999999994E-5     0.0016917261632621572
5.8399999999999997E-5     0.0016679330473725767
5.85E-5                   0.0016441399314794862
5.8599999999999995E-5     0.0016203468155828794
5.87E-5                   0.001596553699682745
5.88E-5                   0.0015727605837790766
5.8899999999999995E-5     0.001548967467871869
5.9E-5                    0.0015251743519611107
5.91E-5                   0.0015013812360467958
5.9199999999999996E-5     0.001477588120128918
5.93E-5                   0.001453795004207467
5.94E-5                   0.0014300018882824359
5.9499999999999996E-5     0.001406208772353819
5.96E-5                   0.0013824156564216053
5.9699999999999994E-5     0.0013586225404857908
5.98E-5                   0.0013348294245463634
5.99E-5                   0.0013110363086033183
5.9999999999999995E-5     0.0012872431926566486
6.01E-5                   0.0012634500767063437
6.02E-5                   0.0012396569607523973
6.0299999999999995E-5     0.001215863844794804
6.04E-5                   0.0011995049867991306
6.05E-5                   0.0011847154925640078
6.0599999999999996E-5     0.0011699259983304596
6.07E-5                   0.001155136504098482
6.08E-5                   0.0011403470098680743
6.0899999999999996E-5     0.0011255575156392356
6.1E-5                    0.001110768021411962
6.11E-5                   0.001095978527186254
6.12E-5                   0.0010811890329621074
6.13E-5                   0.001066399538739521
6.14E-5                   0.001051610044518494
6.149999999999999E-5      0.0010368205502990255
6.159999999999999E-5      0.0010220310560811103
6.17E-5                   0.0010072415618647477
6.18E-5                   9.924520676499369E-4
6.19E-5                   9.776625734366755E-4
6.2E-5                    9.628730792249614E-4
6.209999999999999E-5      9.480835850147955E-4
6.22E-5                   9.33294090806171E-4
6.23E-5                   9.18504596599089E-4
6.24E-5                   9.037151023935468E-4
6.25E-5                   8.889256081895433E-4
6.26E-5                   8.741361139870759E-4
6.269999999999999E-5      8.593466197861451E-4
6.28E-5                   8.445571255867449E-4
6.29E-5                   8.297676313888759E-4
6.3E-5                    8.149781371925358E-4
6.31E-5                   8.00188642997723E-4
6.319999999999999E-5      7.853991488044373E-4
6.33E-5                   7.706096546126731E-4
6.34E-5                   7.558201604224304E-4
6.35E-5                   7.473135600499984E-4
6.36E-5                   7.395480068757394E-4
6.37E-5                   7.31782453701133E-4
6.379999999999999E-5      7.240169005261802E-4
6.39E-5                   7.162513473508787E-4
6.4E-5                    7.084857941752292E-4
6.41E-5                   7.007202409992313E-4
6.42E-5                   6.929546878228851E-4
6.429999999999999E-5      6.851891346461909E-4
6.44E-5                   6.774235814691469E-4
6.45E-5                   6.696580282917533E-4
6.46E-5                   6.618924751140103E-4
6.47E-5                   6.541269219359172E-4
6.48E-5                   6.463613687574741E-4
6.489999999999999E-5      6.385958155786817E-4
6.5E-5                    6.308302623995374E-4
6.51E-5                   6.230647092200424E-4
6.52E-5                   6.15299156040196E-4
6.53E-5                   6.075336028599981E-4
6.539999999999999E-5      5.997680496794496E-4
6.549999999999999E-5      5.920024964985479E-4
6.56E-5                   5.84236943317294E-4
6.57E-5                   5.764713901356875E-4
6.58E-5                   5.687058369537282E-4
6.59E-5                   5.609402837714158E-4
6.599999999999999E-5      5.531747305887511E-4
6.61E-5                   5.454091774057317E-4
6.62E-5                   5.376436242223585E-4
6.63E-5                   5.298780710386309E-4
6.64E-5                   5.221125178545491E-4
6.65E-5                   5.143469646701126E-4
6.659999999999999E-5      5.06581411485322E-4
6.67E-5                   4.988158583001752E-4
6.68E-5                   4.910503051146728E-4
6.69E-5                   4.832847519288148E-4
6.7E-5                    4.7551919874260065E-4
6.709999999999999E-5      4.6775364555603116E-4
6.72E-5                   4.599880923691042E-4
6.73E-5                   4.522225391818204E-4
6.74E-5                   4.444569859941793E-4
6.75E-5                   4.366914328061808E-4
6.76E-5                   4.2892587961782484E-4
6.769999999999999E-5      4.211603264291119E-4
6.78E-5                   4.133947732400397E-4
6.79E-5                   4.0562922005060904E-4
6.8E-5                    3.9786366686081964E-4
6.81E-5                   3.900981136706713E-4
6.819999999999999E-5      3.8233256048016476E-4
6.829999999999999E-5      3.745670072892976E-4
6.84E-5                   3.6680145409807055E-4
6.85E-5                   3.5903590090648343E-4
6.86E-5                   3.5127034771453603E-4
6.87E-5                   3.43504794522228E-4
6.879999999999999E-5      3.3573924132956017E-4
6.89E-5                   3.2797368813653014E-4
6.9E-5                    3.202081349431387E-4
6.91E-5                   3.124425817493855E-4
6.92E-5                   3.046770285552704E-4
6.929999999999999E-5      2.9691147536079415E-4
6.939999999999999E-5      2.891459221659543E-4
6.95E-5                   2.813803689707517E-4
6.96E-5                   2.737734324359764E-4
6.97E-5                   2.709495055943315E-4
6.98E-5                   2.681255787527871E-4
6.989999999999999E-5      2.653016519113435E-4
7.0E-5                    2.624777250699999E-4
7.01E-5                   2.596537982287567E-4
7.02E-5                   2.568298713876138E-4
7.03E-5                   2.540059445465713E-4
7.04E-5                   2.5118201770562914E-4
7.049999999999999E-5      2.4835809086478776E-4
7.06E-5                   2.455341640240462E-4
7.07E-5                   2.427102371834049E-4
7.08E-5                   2.3988631034286398E-4
7.09E-5                   2.370623835024233E-4
7.099999999999999E-5      2.342384566620833E-4
7.11E-5                   2.3141452982184318E-4
7.12E-5                   2.2859060298170323E-4
7.13E-5                   2.2576667614166357E-4
7.14E-5                   2.2294274930172408E-4
7.15E-5                   2.201188224618848E-4
7.159999999999999E-5      2.172948956221461E-4
7.17E-5                   2.1447096878250712E-4
7.18E-5                   2.116470419429684E-4
7.19E-5                   2.088231151035298E-4
7.2E-5                    2.0599918826419127E-4
7.209999999999999E-5      2.031752614249533E-4
7.219999999999999E-5      2.0035133458581503E-4
7.23E-5                   1.975274077467769E-4
7.24E-5                   1.9470348090783882E-4
7.25E-5                   1.9187955406900085E-4
7.26E-5                   1.8905562723026286E-4
7.269999999999999E-5      1.8623170039162534E-4
7.28E-5                   1.834077735530875E-4
7.29E-5                   1.8058384671464965E-4
7.3E-5                    1.777599198763118E-4
7.31E-5                   1.7493599303807392E-4
7.319999999999999E-5      1.7211206619993646E-4
7.329999999999999E-5      1.692881393618986E-4
7.34E-5                   1.6646421252396065E-4
7.35E-5                   1.6364028568612262E-4
7.36E-5                   1.6081635884838456E-4
7.37E-5                   1.5799243201074646E-4
7.379999999999999E-5      1.5516850517320854E-4
7.39E-5                   1.5234457833577023E-4
7.4E-5                    1.495206514984317E-4
7.41E-5                   1.466967246611931E-4
7.42E-5                   1.4387279782405432E-4
7.429999999999999E-5      1.4104887098701576E-4
7.439999999999999E-5      1.3822494415007672E-4
7.45E-5                   1.354010173132374E-4
7.46E-5                   1.3257709047649792E-4
7.47E-5                   1.297531636398582E-4
7.48E-5                   1.2692923680331835E-4
7.489999999999999E-5      1.2410530996687856E-4
7.5E-5                    1.2128138313053814E-4
7.51E-5                   1.1845745629429748E-4
7.52E-5                   1.1563352945815655E-4
7.53E-5                   1.1280960262211533E-4
7.54E-5                   1.0998567578617379E-4
7.549999999999999E-5      1.0716174895033233E-4
7.56E-5                   1.0433782211459018E-4
7.57E-5                   1.0151389527894764E-4
7.58E-5                   9.899652286130242E-5
7.59E-5                   9.79790538176638E-5
7.599999999999999E-5      9.696158477399807E-5
7.609999999999999E-5      9.594411573030488E-5
7.62E-5                   9.492664668658441E-5
7.63E-5                   9.390917764283668E-5
7.64E-5                   9.289170859906166E-5
7.65E-5                   9.187423955525932E-5
7.659999999999999E-5      9.085677051142987E-5
7.67E-5                   8.983930146757296E-5
7.68E-5                   8.882183242368879E-5
7.69E-5                   8.78043633797773E-5
7.7E-5                    8.678689433583856E-5
7.709999999999999E-5      8.576942529187263E-5
7.719999999999999E-5      8.475195624787929E-5
7.73E-5                   8.373448720385866E-5
7.74E-5                   8.271701815981075E-5
7.75E-5                   8.169954911573553E-5
7.76E-5                   8.0682080071633E-5
7.769999999999999E-5      7.966461102750334E-5
7.78E-5                   7.864714198334623E-5
7.79E-5                   7.762967293916182E-5
7.8E-5                    7.661220389495012E-5
7.81E-5                   7.559473485071113E-5
7.819999999999999E-5      7.457726580644498E-5
7.829999999999999E-5      7.355979676215139E-5
7.84E-5                   7.254232771783052E-5
7.85E-5                   7.152485867348234E-5
7.86E-5                   7.050738962910683E-5
7.87E-5                   6.948992058470406E-5
7.879999999999999E-5      6.847245154027412E-5
7.89E-5                   6.745498249581671E-5
7.9E-5                    6.643751345133203E-5
7.91E-5                   6.542004440682004E-5
7.92E-5                   6.440257536228074E-5
7.93E-5                   6.338510631771413E-5
7.939999999999999E-5      6.236763727312036E-5
7.95E-5                   6.135016822849915E-5
7.96E-5                   6.033269918385065E-5
7.97E-5                   5.9315230139174824E-5
7.98E-5                   5.8297761094471695E-5
7.989999999999999E-5      5.72802920497414E-5
7.999999999999999E-5      5.6262823004983646E-5
8.01E-5                   5.5245353960198585E-5
8.02E-5                   5.422788491538622E-5
8.03E-5                   5.321041587054655E-5
8.04E-5                   5.219294682567955E-5
8.049999999999999E-5      5.1175477780785384E-5
8.06E-5                   5.015800873586377E-5
8.07E-5                   4.9140539690914836E-5
8.08E-5                   4.81230706459386E-5
8.09E-5                   4.710560160093506E-5
8.099999999999999E-5      4.608813255590432E-5
8.109999999999999E-5      4.507066351084614E-5
8.12E-5                   4.405319446576064E-5
8.13E-5                   4.303572542064784E-5
8.14E-5                   4.20182563755077E-5
8.15E-5                   4.100078733034024E-5
8.159999999999999E-5      3.998331828514561E-5
8.17E-5                   3.8965849239923525E-5
8.18E-5                   3.794838019467412E-5
8.19E-5                   3.693091114939739E-5
8.2E-5                    3.611033519700577E-5
8.209999999999999E-5      3.573358498553571E-5
8.219999999999999E-5      3.535683477407269E-5
8.23E-5                   3.4980084562616784E-5
8.24E-5                   3.460333435116798E-5
8.25E-5                   3.422658413972628E-5
8.26E-5                   3.384983392829167E-5
8.269999999999999E-5      3.347308371686422E-5
8.28E-5                   3.309633350544383E-5
8.29E-5                   3.271958329403053E-5
8.3E-5                    3.2342833082624325E-5
8.31E-5                   3.196608287122523E-5
8.319999999999999E-5      3.1589332659833286E-5
8.329999999999999E-5      3.12125824484484E-5
8.34E-5                   3.0835832237070605E-5
8.35E-5                   3.045908202569993E-5
8.36E-5                   3.0082331814336344E-5
8.37E-5                   2.970558160297985E-5
8.379999999999999E-5      2.9328831391630516E-5
8.389999999999999E-5      2.8952081180288237E-5
8.4E-5                    2.8575330968953053E-5
8.41E-5                   2.819858075762497E-5
8.42E-5                   2.7821830546303997E-5
8.43E-5                   2.7445080334990117E-5
8.439999999999999E-5      2.7068330123683397E-5
8.45E-5                   2.669157991238372E-5
8.46E-5                   2.631482970109114E-5
8.47E-5                   2.5938079489805676E-5
8.48E-5                   2.5561329278527308E-5
8.489999999999999E-5      2.518457906725608E-5
8.499999999999999E-5      2.4807828855991913E-5
8.51E-5                   2.4431078644734846E-5
8.52E-5                   2.4054328433484887E-5
8.53E-5                   2.3677578222242016E-5
8.54E-5                   2.3300828011006247E-5
8.549999999999999E-5      2.292407779977764E-5
8.56E-5                   2.2547327588556074E-5
8.57E-5                   2.217057737734161E-5
8.58E-5                   2.179382716613425E-5
8.59E-5                   2.141707695493399E-5
8.599999999999999E-5      2.1040326743740885E-5
8.609999999999999E-5      2.0663576532554816E-5
8.62E-5                   2.0286826321375865E-5
8.63E-5                   1.9910076110204E-5
8.64E-5                   1.953332589903925E-5
8.65E-5                   1.9156575687881593E-5
8.659999999999999E-5      1.877982547673109E-5
8.669999999999999E-5      1.8403075265587636E-5
8.68E-5                   1.8026325054451278E-5
8.69E-5                   1.7649574843322025E-5
8.7E-5                    1.7272824632199877E-5
8.709999999999999E-5      1.6896074421084874E-5
8.719999999999999E-5      1.651932420997692E-5
8.73E-5                   1.6142573998876068E-5
8.74E-5                   1.576582378778232E-5
8.75E-5                   1.5389073576695664E-5
8.76E-5                   1.5012323365616117E-5
8.769999999999999E-5      1.4635573154543721E-5
8.779999999999999E-5      1.425882294347837E-5
8.79E-5                   1.3882072732420118E-5
8.8E-5                    1.350532252136897E-5
8.81E-5                   1.3128572310324922E-5
8.82E-5                   1.2874805595621315E-5
8.829999999999999E-5      1.2774484026951671E-5
8.84E-5                   1.267416245828125E-5
8.85E-5                   1.2573840889610062E-5
8.86E-5                   1.2473519320938111E-5
8.87E-5                   1.2373197752265394E-5
8.879999999999999E-5      1.2272876183591925E-5
8.889999999999999E-5      1.217255461491768E-5
8.9E-5                    1.2072233046242667E-5
8.91E-5                   1.197191147756689E-5
8.92E-5                   1.1871589908890352E-5
8.93E-5                   1.177126834021304E-5
8.939999999999999E-5      1.1670946771534986E-5
8.95E-5                   1.1570625202856145E-5
8.96E-5                   1.1470303634176543E-5
8.97E-5                   1.136998206549618E-5
8.98E-5                   1.1269660496815046E-5
8.989999999999999E-5      1.1169338928133164E-5
8.999999999999999E-5      1.1069017359450503E-5
9.01E-5                   1.0968695790767075E-5
9.02E-5                   1.0868374222082882E-5
9.03E-5                   1.0768052653397927E-5
9.04E-5                   1.0667731084712205E-5
9.049999999999999E-5      1.0567409516025732E-5
9.059999999999999E-5      1.046708794733848E-5
9.07E-5                   1.0366766378650464E-5
9.08E-5                   1.026644480996168E-5
9.09E-5                   1.0166123241272133E-5
9.099999999999999E-5      1.0065801672581835E-5
9.109999999999999E-5      9.965480103890761E-6
9.12E-5                   9.865158535198918E-6
9.13E-5                   9.76483696650631E-6
9.14E-5                   9.66451539781294E-6
9.15E-5                   9.564193829118803E-6
9.159999999999999E-5      9.463872260423913E-6
9.169999999999999E-5      9.363550691728248E-6
9.18E-5                   9.263229123031817E-6
9.19E-5                   9.16290755433462E-6
9.2E-5                    9.062585985636658E-6
9.21E-5                   8.962264416937932E-6
9.219999999999999E-5      8.861942848238452E-6
9.23E-5                   8.761621279538196E-6
9.24E-5                   8.661299710837173E-6
9.25E-5                   8.560978142135388E-6
9.26E-5                   8.460656573432833E-6
9.269999999999999E-5      8.360335004729531E-6
9.279999999999999E-5      8.260013436025449E-6
9.29E-5                   8.159691867320602E-6
9.3E-5                    8.059370298614986E-6
9.31E-5                   7.959048729908614E-6
9.32E-5                   7.858727161201471E-6
9.329999999999999E-5      7.758405592493577E-6
9.34E-5                   7.658084023784907E-6
9.35E-5                   7.557762455075467E-6
9.36E-5                   7.457440886365265E-6
9.37E-5                   7.3571193176543E-6
9.379999999999999E-5      7.2567977489425795E-6
9.389999999999999E-5      7.1564761802300825E-6
9.4E-5                    7.056154611516823E-6
9.41E-5                   6.955833042802793E-6
9.42E-5                   6.855511474088001E-6
9.43E-5                   6.755189905372445E-6
9.439999999999999E-5      6.654868336656135E-6
9.449999999999999E-5      6.554546767939048E-6
9.46E-5                   6.454225199221196E-6
9.47E-5                   6.353903630502578E-6
9.48E-5                   6.253582061783198E-6
9.489999999999999E-5      6.153260493063062E-6
9.499999999999999E-5      6.05293892434215E-6
9.51E-5                   5.952617355620473E-6
9.52E-5                   5.852295786898031E-6
9.53E-5                   5.751974218174821E-6
9.54E-5                   5.65165264945085E-6
9.549999999999999E-5      5.5513310807261255E-6
9.559999999999999E-5      5.451009512000623E-6
9.57E-5                   5.350687943274356E-6
9.58E-5                   5.250366374547321E-6
9.59E-5                   5.150044805819526E-6
9.6E-5                    5.049723237090961E-6
9.609999999999999E-5      4.949401668361648E-6
9.62E-5                   4.849080099631555E-6
9.63E-5                   4.748758530900697E-6
9.64E-5                   4.648436962169075E-6
9.65E-5                   4.548115393436686E-6
9.659999999999999E-5      4.447793824703546E-6
9.669999999999999E-5      4.3474722559696276E-6
9.68E-5                   4.247150687234945E-6
9.69E-5                   4.1468291184994985E-6
9.7E-5                    4.0465075497632846E-6
9.71E-5                   3.946185981026306E-6
9.719999999999999E-5      3.8458644122885765E-6
9.73E-5                   3.745542843550068E-6
9.74E-5                   3.6452212748107936E-6
9.75E-5                   3.5448997060707558E-6
9.76E-5                   3.444578137329952E-6
9.769999999999999E-5      3.3442565685883977E-6
9.779999999999999E-5      3.243934999846064E-6
9.79E-5                   3.143613431102965E-6
9.8E-5                    3.0432918623591014E-6
9.81E-5                   2.9429702936144726E-6
9.82E-5                   2.8426487248690793E-6
9.829999999999999E-5      2.742327156122933E-6
9.839999999999999E-5      2.64200558737601E-6
9.85E-5                   2.5416840186283206E-6
9.86E-5                   2.4413624498798666E-6
9.87E-5                   2.3410408811306473E-6
9.879999999999999E-5      2.240719312380677E-6
9.889999999999999E-5      2.140397743629928E-6
9.9E-5                    2.0400761748784138E-6
9.91E-5                   1.939754606126134E-6
9.92E-5                   1.83943303737309E-6
9.93E-5                   1.739111468619281E-6
9.939999999999999E-5      1.63878989986472E-6
9.949999999999999E-5      1.5384683311093805E-6
9.96E-5                   1.4381467623532757E-6
9.97E-5                   1.3378251935964062E-6
9.98E-5                   1.2375036248387714E-6
9.989999999999999E-5      1.1371820560803851E-6
9.999999999999999E-5      1.0368604873212204E-6
1.001E-4                  9.365389185612905E-7
1.002E-4                  8.362173498005954E-7
1.003E-4                  7.358957810391355E-7
1.004E-4                  6.355742122769102E-7
1.0049999999999999E-4     5.352526435139336E-7
1.0059999999999999E-4     5.033022184045375E-7
1.007E-4                  4.979269018508334E-7
1.008E-4                  4.925515852971361E-7
1.009E-4                  4.871762687434462E-7
1.01E-4                   4.818009521897634E-7
1.0109999999999999E-4     4.7642563563608816E-7
1.012E-4                  4.7105031908241945E-7
1.013E-4                  4.6567500252875793E-7
1.014E-4                  4.602996859751034E-7
1.015E-4                  4.5492436942145603E-7
1.0159999999999999E-4     4.4954905286781644E-7
1.0169999999999999E-4     4.441737363141834E-7
1.018E-4                  4.387984197605574E-7
1.019E-4                  4.3342310320693847E-7
1.02E-4                   4.280477866533266E-7
1.021E-4                  4.22672470099722E-7
1.0219999999999999E-4     4.1729715354612503E-7
1.0229999999999999E-4     4.119218369925346E-7
1.024E-4                  4.065465204389513E-7
1.025E-4                  4.011712038853749E-7
1.026E-4                  3.9579588733180593E-7
1.0269999999999999E-4     3.9042057077824453E-7
1.0279999999999999E-4     3.850452542246896E-7
1.029E-4                  3.796699376711418E-7
1.03E-4                   3.7429462111760103E-7
1.031E-4                  3.689193045640675E-7
1.032E-4                  3.6354398801054095E-7
1.0329999999999999E-4     3.581686714570223E-7
1.0339999999999999E-4     3.5279335490351005E-7
1.035E-4                  3.474180383500049E-7
1.036E-4                  3.4204272179650683E-7
1.037E-4                  3.3666740524301594E-7
1.0379999999999999E-4     3.312920886895328E-7
1.0389999999999999E-4     3.259167721360561E-7
1.04E-4                   3.205414555825866E-7
1.041E-4                  3.15166139029124E-7
1.042E-4                  3.097908224756686E-7
1.043E-4                  3.044155059222204E-7
1.0439999999999999E-4     2.990401893687799E-7
1.0449999999999999E-4     2.9366487281534586E-7
1.046E-4                  2.8828955626191887E-7
1.047E-4                  2.829142397084991E-7
1.048E-4                  2.7753892315508627E-7
1.049E-4                  2.721636066016807E-7
1.0499999999999999E-4     2.66788290048283E-7
1.051E-4                  2.6141297349489143E-7
1.052E-4                  2.560376569415072E-7
1.053E-4                  2.506623403881301E-7
1.054E-4                  2.4528702383475996E-7
1.0549999999999999E-4     2.3991170728139777E-7
1.0559999999999999E-4     2.345363907280419E-7
1.057E-4                  2.2916107417469313E-7
1.058E-4                  2.2378575762135156E-7
1.059E-4                  2.1841044106801703E-7
1.06E-4                   2.1303512451468962E-7
1.0609999999999999E-4     2.0765980796137002E-7
1.0619999999999999E-4     2.0228449140805685E-7
1.063E-4                  1.9690917485475082E-7
1.064E-4                  1.9153385830145176E-7
1.065E-4                  1.8615854174815995E-7
1.0659999999999999E-4     1.8078322519487598E-7
1.0669999999999999E-4     1.754079086415983E-7
1.068E-4                  1.7003259208832778E-7
1.069E-4                  1.6465727553506434E-7
1.07E-4                   1.5928195898180803E-7
1.071E-4                  1.5390664242855884E-7
1.0719999999999999E-4     1.4853132587531745E-7
1.0729999999999999E-4     1.431560093220825E-7
1.074E-4                  1.3778069276885464E-7
1.075E-4                  1.324053762156339E-7
1.076E-4                  1.2703005966242023E-7
1.0769999999999999E-4     1.216547431092144E-7
1.0779999999999999E-4     1.16279426556015E-7
1.079E-4                  1.1090411000282266E-7
1.08E-4                   1.0552879344963746E-7
1.081E-4                  1.0015347689645933E-7
1.082E-4                  9.477816034328835E-8
1.0829999999999999E-4     8.940284379012522E-8
1.0839999999999999E-4     8.402752723696845E-8
1.085E-4                  7.865221068381879E-8
1.086E-4                  7.327689413067623E-8
1.087E-4                  6.79015775775408E-8
1.0879999999999999E-4     6.252626102441324E-8
1.0889999999999999E-4     5.715094447129198E-8
1.0899999999999999E-4     5.177562791817787E-8
1.091E-4                  4.640031136507089E-8
1.092E-4                  4.1024994811970974E-8
1.093E-4                  3.5649678258878244E-8
1.0939999999999999E-4     3.027436170579329E-8
1.0949999999999999E-4     2.48990451527147E-8
1.096E-4                  1.9523728599643283E-8
1.097E-4                  1.4148412046578933E-8
1.098E-4                  8.773095493521713E-9
1.099E-4                  3.397778940471595E-9
1.0999999999999999E-4     -1.9775376125706996E-9
1.1009999999999999E-4     -7.352854165606596E-9
1.102E-4                  -1.2728170718635373E-8
1.103E-4                  -1.810348727165706E-8
1.104E-4                  -2.3478803824671633E-8
1.1049999999999999E-4     -2.8854120377678363E-8
1.1059999999999999E-4     -3.4229436930678716E-8
1.107E-4                  -3.960475348367195E-8
1.108E-4                  -4.4980070036658056E-8
1.109E-4                  -5.035538658963711E-8
1.11E-4                   -5.5730703142609E-8
1.1109999999999999E-4     -6.110601969557306E-8
1.1119999999999999E-4     -6.64813362485308E-8
1.113E-4                  -7.185665280148136E-8
1.114E-4                  -7.723196935442482E-8
1.115E-4                  -8.260728590736114E-8
1.1159999999999999E-4     -8.79826024602897E-8
1.1169999999999999E-4     -9.335791901321183E-8
1.118E-4                  -9.873323556612686E-8
1.119E-4                  -1.041085521190348E-7
1.12E-4                   -1.0948386867193557E-7
1.121E-4                  -1.1485918522482926E-7
1.1219999999999999E-4     -1.2023450177771514E-7
1.1229999999999999E-4     -1.256098183305946E-7
1.124E-4                  -1.3098513488346697E-7
1.125E-4                  -1.363604514363322E-7
1.126E-4                  -1.417357679891904E-7
1.1269999999999999E-4     -1.4711108454204072E-7
1.1279999999999999E-4     -1.524864010948846E-7
1.1289999999999999E-4     -1.5786171764772143E-7
1.13E-4                   -1.5589277458740994E-7
1.131E-4                  -1.5388919421508834E-7
1.132E-4                  -1.5188561384277035E-7
1.1329999999999999E-4     -1.4988203347045624E-7
1.1339999999999999E-4     -1.478784530981455E-7
1.135E-4                  -1.4587487272583832E-7
1.136E-4                  -1.4387129235353478E-7
1.137E-4                  -1.4186771198123486E-7
1.138E-4                  -1.3986413160893856E-7
1.1389999999999999E-4     -1.378605512366462E-7
1.1399999999999999E-4     -1.358569708643571E-7
1.141E-4                  -1.3385339049207163E-7
1.142E-4                  -1.3184981011978979E-7
1.143E-4                  -1.2984622974751155E-7
1.1439999999999999E-4     -1.2784264937523717E-7
1.1449999999999999E-4     -1.2583906900296623E-7
1.146E-4                  -1.2383548863069882E-7
1.147E-4                  -1.2183190825843506E-7
1.148E-4                  -1.1982832788617492E-7
1.149E-4                  -1.1782474751391837E-7
1.1499999999999999E-4     -1.1582116714166572E-7
1.1509999999999999E-4     -1.1381758676941643E-7
1.152E-4                  -1.1181400639717072E-7
1.153E-4                  -1.098104260249286E-7
1.154E-4                  -1.0780684565269013E-7
1.1549999999999999E-4     -1.0580326528045554E-7
1.1559999999999999E-4     -1.0379968490822434E-7
1.157E-4                  -1.0179610453599672E-7
1.158E-4                  -9.979252416377271E-8
1.159E-4                  -9.778894379155232E-8
1.16E-4                   -9.578536341933553E-8
1.1609999999999999E-4     -9.378178304712263E-8
1.1619999999999999E-4     -9.177820267491307E-8
1.163E-4                  -8.977462230270713E-8
1.164E-4                  -8.77710419305048E-8
1.165E-4                  -8.576746155830613E-8
1.1659999999999999E-4     -8.376388118611128E-8
1.1669999999999999E-4     -8.176030081391982E-8
1.1679999999999999E-4     -7.975672044173198E-8
1.169E-4                  -7.775314006954772E-8
1.17E-4                   -7.574955969736708E-8
1.171E-4                  -7.374597932519006E-8
1.1719999999999999E-4     -7.174239895301692E-8
1.1729999999999999E-4     -6.973881858084713E-8
1.174E-4                  -6.773523820868095E-8
1.175E-4                  -6.573165783651839E-8
1.176E-4                  -6.372807746435948E-8
1.177E-4                  -6.172449709220414E-8
1.1779999999999999E-4     -5.97209167200527E-8
1.1789999999999999E-4     -5.77173363479046E-8
1.18E-4                   -5.571375597576011E-8
1.181E-4                  -5.3710175603619205E-8
1.182E-4                  -5.1706595231481956E-8
1.1829999999999999E-4     -4.970301485934858E-8
1.1839999999999999E-4     -4.7699434487218574E-8
1.185E-4                  -4.5695854115092144E-8
1.186E-4                  -4.3692273742969354E-8
1.187E-4                  -4.1688693370850183E-8
1.188E-4                  -3.96851129987346E-8
1.1889999999999999E-4     -3.7681532626622927E-8
1.1899999999999999E-4     -3.567795225451456E-8
1.191E-4                  -3.367437188240983E-8
1.192E-4                  -3.1670791510308726E-8
1.193E-4                  -2.9667211138211238E-8
1.1939999999999999E-4     -2.7663630766117614E-8
1.1949999999999999E-4     -2.5660050394027355E-8
1.196E-4                  -2.365647002194071E-8
1.197E-4                  -2.1652889649857673E-8
1.198E-4                  -1.964930927777825E-8
1.199E-4                  -1.7645728905702414E-8
1.1999999999999999E-4     -1.5642148533630495E-8
1.2009999999999999E-4     -1.3638568161561915E-8
1.202E-4                  -1.1634987789496963E-8
1.203E-4                  -9.631407417435615E-9
1.204E-4                  -7.627827045377876E-9
1.2049999999999999E-4     -5.624246673324025E-9
1.2059999999999999E-4     -3.6206663012735303E-9
1.2069999999999999E-4     -1.6170859292266334E-9
1.208E-4                  3.864944428166447E-10
1.209E-4                  2.3900748148562966E-9
1.21E-4                   4.3936551868923666E-9
1.2109999999999999E-4     6.3972355589245045E-9
1.2119999999999999E-4     8.400815930953346E-9
1.213E-4                  1.0404396302978536E-8
1.214E-4                  1.240797667500013E-8
1.215E-4                  1.4411557047018129E-8
1.216E-4                  1.6415137419032476E-8
1.2169999999999999E-4     1.8418717791042955E-8
1.2179999999999999E-4     2.0422298163050082E-8
1.219E-4                  2.2425878535053603E-8
1.22E-4                   2.44294589070535E-8
1.2209999999999999E-4     2.643303927904952E-8
1.222E-4                  2.843661965104218E-8
1.223E-4                  3.0440200023031234E-8
1.224E-4                  3.244378039501668E-8
1.225E-4                  3.4447360766998504E-8
1.226E-4                  3.645094113897672E-8
1.227E-4                  3.845452151095131E-8
1.228E-4                  4.045810188292231E-8
1.229E-4                  4.2461682254889695E-8
1.2299999999999998E-4     4.446526262685287E-8
1.2309999999999998E-4     4.646884299881303E-8
1.2319999999999999E-4     4.8472423370769546E-8
1.233E-4                  5.0476003742722473E-8
1.234E-4                  5.247958411467176E-8
1.235E-4                  5.448316448661746E-8
1.236E-4                  5.648674485855952E-8
1.237E-4                  5.849032523049797E-8
1.238E-4                  6.049390560243282E-8
1.239E-4                  6.249748597436405E-8
1.24E-4                   6.450106634629164E-8
1.241E-4                  6.650464671821563E-8
1.2419999999999998E-4     6.850822709013546E-8
1.2429999999999999E-4     7.051180746205224E-8
1.244E-4                  7.251538783396538E-8
1.245E-4                  7.451896820587493E-8
1.246E-4                  7.652254857778083E-8
1.247E-4                  7.852612894968316E-8
1.248E-4                  8.052970932158185E-8
1.249E-4                  8.253328969347692E-8
1.25E-4                   8.45368700653684E-8
1.251E-4                  8.654045043725623E-8
1.252E-4                  8.854403080914044E-8
1.2529999999999998E-4     9.054761118102053E-8
1.2539999999999999E-4     9.255119155289756E-8
1.255E-4                  9.455477192477094E-8
1.256E-4                  9.655835229664071E-8
1.257E-4                  9.856193266850687E-8
1.258E-4                  1.0056551304036944E-7
1.259E-4                  1.0256909341222835E-7
1.26E-4                   1.0457267378408367E-7
1.261E-4                  1.0657625415593536E-7
1.262E-4                  1.0857983452778345E-7
1.263E-4                  1.1058341489962792E-7
1.2639999999999998E-4     1.1258699527146822E-7
1.2649999999999998E-4     1.1459057564330549E-7
1.266E-4                  1.165941560151391E-7
1.267E-4                  1.1859773638696914E-7
1.268E-4                  1.206013167587955E-7
1.269E-4                  1.226048971306183E-7
1.27E-4                   1.2460847750243748E-7
1.271E-4                  1.2661205787425303E-7
1.272E-4                  1.2861563824606498E-7
1.273E-4                  1.3061921861787333E-7
1.274E-4                  1.3262279898967802E-7
1.2749999999999998E-4     1.3462637936147862E-7
1.2759999999999998E-4     1.3662995973327606E-7
1.277E-4                  1.3863354010506993E-7
1.278E-4                  1.406371204768602E-7
1.279E-4                  1.426407008486468E-7
1.28E-4                   1.4093482411579508E-7
1.281E-4                  1.3921145268233145E-7
1.282E-4                  1.3748808124886553E-7
1.283E-4                  1.357647098153972E-7
1.284E-4                  1.3404133838192664E-7
1.285E-4                  1.3231796694845375E-7
1.2859999999999998E-4     1.3059459551497898E-7
1.2869999999999998E-4     1.288712240815015E-7
1.288E-4                  1.2714785264802167E-7
1.289E-4                  1.2542448121453952E-7
1.29E-4                   1.2370110978105506E-7
1.291E-4                  1.219777383475683E-7
1.292E-4                  1.202543669140792E-7
1.293E-4                  1.1853099548058778E-7
1.294E-4                  1.1680762404709407E-7
1.295E-4                  1.1508425261359804E-7
1.296E-4                  1.1336088118009974E-7
1.2969999999999998E-4     1.1163750974659953E-7
1.2979999999999998E-4     1.0991413831309657E-7
1.2989999999999999E-4     1.081907668795913E-7
1.3E-4                    1.064673954460837E-7
1.301E-4                  1.0474402401257379E-7
1.302E-4                  1.0302065257906153E-7
1.303E-4                  1.0129728114554702E-7
1.304E-4                  9.957390971203017E-8
1.305E-4                  9.785053827851101E-8
1.306E-4                  9.612716684498954E-8
1.307E-4                  9.440379541146574E-8
1.3079999999999998E-4     9.268042397794011E-8
1.3089999999999998E-4     9.09570525444117E-8
1.3099999999999999E-4     8.923368111088096E-8
1.311E-4                  8.75103096773479E-8
1.312E-4                  8.578693824381252E-8
1.313E-4                  8.406356681027486E-8
1.314E-4                  8.234019537673488E-8
1.315E-4                  8.06168239431926E-8
1.316E-4                  7.889345250964799E-8
1.317E-4                  7.717008107610104E-8
1.318E-4                  7.544670964255181E-8
1.3189999999999998E-4     7.372333820900073E-8
1.3199999999999998E-4     7.199996677544686E-8
1.3209999999999999E-4     7.027659534189065E-8
1.322E-4                  6.855322390833213E-8
1.323E-4                  6.682985247477134E-8
1.324E-4                  6.510648104120823E-8
1.325E-4                  6.338310960764279E-8
1.326E-4                  6.165973817407505E-8
1.327E-4                  5.993636674050498E-8
1.328E-4                  5.821299530693262E-8
1.329E-4                  5.6489623873357905E-8
1.33E-4                   5.47662524397809E-8
1.3309999999999998E-4     5.304288100620206E-8
1.3319999999999999E-4     5.131950957262042E-8
1.333E-4                  4.9596138139036475E-8
1.334E-4                  4.787276670545023E-8
1.335E-4                  4.614939527186165E-8
1.336E-4                  4.442602383827076E-8
1.337E-4                  4.270265240467757E-8
1.338E-4                  4.097928097108205E-8
1.339E-4                  3.925590953748422E-8
1.34E-4                   3.753253810388407E-8
1.341E-4                  3.580916667028162E-8
1.3419999999999998E-4     3.408579523667732E-8
1.3429999999999998E-4     3.236242380307024E-8
1.344E-4                  3.0639052369460847E-8
1.345E-4                  2.891568093584915E-8
1.346E-4                  2.719230950223512E-8
1.347E-4                  2.5468938068618792E-8
1.348E-4                  2.3745566635000113E-8
1.349E-4                  2.2022195201379155E-8
1.35E-4                   2.029882376775588E-8
1.351E-4                  1.8575452334130292E-8
1.352E-4                  1.6852080900502398E-8
1.3529999999999998E-4     1.5128709466872642E-8
1.3539999999999998E-4     1.3405338033240101E-8
1.355E-4                  1.1681966599605265E-8
1.356E-4                  9.958595165968102E-9
1.357E-4                  8.235223732328633E-9
1.358E-4                  6.51185229868685E-9
1.359E-4                  4.7884808650427375E-9
1.36E-4                   3.0651094313963145E-9
1.361E-4                  1.341737997747593E-9
1.362E-4                  -3.816334359034416E-10
1.363E-4                  -2.1050048695568087E-9
1.3639999999999998E-4     -3.828376303211997E-9
1.3649999999999998E-4     -5.5517477368700005E-9
1.3659999999999999E-4     -7.275119170530288E-9
1.367E-4                  -8.998490604192902E-9
1.368E-4                  -1.0721862037857816E-8
1.369E-4                  -1.2445233471525057E-8
1.37E-4                   -1.41686049051946E-8
1.371E-4                  -1.5891976338866462E-8
1.372E-4                  -1.7615347772540645E-8
1.373E-4                  -1.9338719206217134E-8
1.374E-4                  -2.106209063989594E-8
1.3749999999999998E-4     -2.2785462073576594E-8
1.3759999999999998E-4     -2.450883350726001E-8
1.3769999999999999E-4     -2.623220494094576E-8
1.378E-4                  -2.7955576374633825E-8
1.379E-4                  -2.9678947808324204E-8
1.38E-4                   -3.140231924201689E-8
1.381E-4                  -3.31256906757119E-8
1.382E-4                  -3.484906210940923E-8
1.383E-4                  -3.657243354310885E-8
1.384E-4                  -3.829580497681079E-8
1.385E-4                  -4.0019176410515046E-8
1.3859999999999998E-4     -4.1742547844221145E-8
1.3869999999999998E-4     -4.346591927793002E-8
1.3879999999999999E-4     -4.518929071164122E-8
1.389E-4                  -4.691266214535473E-8
1.39E-4                   -4.863603357907056E-8
1.391E-4                  -5.035940501278869E-8
1.392E-4                  -5.208277644650914E-8
1.393E-4                  -5.380614788023189E-8
1.394E-4                  -5.552951931395698E-8
1.395E-4                  -5.725289074768438E-8
1.396E-4                  -5.897626218141407E-8
1.3969999999999998E-4     -6.069963361514565E-8
1.3979999999999998E-4     -6.242300504887996E-8
1.3989999999999999E-4     -6.414637648261661E-8
1.4E-4                    -6.586974791635557E-8
1.401E-4                  -6.759311935009686E-8
1.402E-4                  -6.931649078384044E-8
1.403E-4                  -7.103986221758636E-8
1.404E-4                  -7.276323365133456E-8
1.405E-4                  -7.448660508508509E-8
1.406E-4                  -7.620997651883793E-8
1.407E-4                  -7.79333479525931E-8
1.408E-4                  -7.965671938635054E-8
1.4089999999999998E-4     -8.138009082010987E-8
1.4099999999999998E-4     -8.310346225387197E-8
1.411E-4                  -8.482683368763637E-8
1.412E-4                  -8.655020512140308E-8
1.413E-4                  -8.827357655517214E-8
1.414E-4                  -8.999694798894349E-8
1.415E-4                  -9.172031942271716E-8
1.416E-4                  -9.344369085649311E-8
1.417E-4                  -9.516706229027144E-8
1.418E-4                  -9.689043372405203E-8
1.419E-4                  -9.861380515783493E-8
1.4199999999999998E-4     -1.0033717659161973E-7
1.4209999999999998E-4     -1.0206054802540726E-7
1.422E-4                  -1.0378391945919712E-7
1.423E-4                  -1.0550729089298931E-7
1.424E-4                  -1.0723066232678378E-7
1.425E-4                  -1.0895403376058058E-7
1.426E-4                  -1.106774051943797E-7
1.427E-4                  -1.1240077662818115E-7
1.428E-4                  -1.1412414806198488E-7
1.429E-4                  -1.1584751949579093E-7
1.43E-4                   -1.1447788091237651E-7
1.4309999999999998E-4     -1.1309365494253411E-7
1.4319999999999998E-4     -1.1170942897269284E-7
1.433E-4                  -1.1032520300285306E-7
1.434E-4                  -1.0894097703301486E-7
1.435E-4                  -1.0755675106317815E-7
1.436E-4                  -1.0617252509334298E-7
1.437E-4                  -1.0478829912350933E-7
1.438E-4                  -1.0340407315367722E-7
1.439E-4                  -1.0201984718384663E-7
1.44E-4                   -1.0063562121401756E-7
1.441E-4                  -9.925139524419001E-8
1.4419999999999998E-4     -9.786716927436439E-8
1.4429999999999998E-4     -9.648294330453989E-8
1.4439999999999999E-4     -9.509871733471696E-8
1.445E-4                  -9.371449136489554E-8
1.446E-4                  -9.233026539507564E-8
1.447E-4                  -9.094603942525728E-8
1.448E-4                  -8.956181345544042E-8
1.449E-4                  -8.81775874856251E-8
1.45E-4                   -8.679336151581129E-8
1.451E-4                  -8.540913554599905E-8
1.452E-4                  -8.40249095761883E-8
1.4529999999999998E-4     -8.264068360637945E-8
1.4539999999999998E-4     -8.125645763657177E-8
1.4549999999999999E-4     -7.987223166676563E-8
1.456E-4                  -7.8488005696961E-8
1.457E-4                  -7.710377972715791E-8
1.458E-4                  -7.571955375735635E-8
1.459E-4                  -7.433532778755627E-8
1.46E-4                   -7.295110181775775E-8
1.461E-4                  -7.156687584796077E-8
1.462E-4                  -7.01826498781653E-8
1.463E-4                  -6.879842390837136E-8
1.4639999999999998E-4     -6.741419793857931E-8
1.4649999999999998E-4     -6.602997196878843E-8
1.4659999999999999E-4     -6.46457459989991E-8
1.467E-4                  -6.326152002921127E-8
1.468E-4                  -6.187729405942496E-8
1.469E-4                  -6.049306808964018E-8
1.47E-4                   -5.9108842119856935E-8
1.471E-4                  -5.7724616150075206E-8
1.472E-4                  -5.634039018029502E-8
1.473E-4                  -5.495616421051635E-8
1.474E-4                  -5.357193824073921E-8
1.4749999999999998E-4     -5.218771227096398E-8
1.4759999999999998E-4     -5.0803486301189886E-8
1.4769999999999999E-4     -4.941926033141733E-8
1.478E-4                  -4.8035034361646306E-8
1.479E-4                  -4.665080839187679E-8
1.48E-4                   -4.526658242210881E-8
1.481E-4                  -4.388235645234237E-8
1.482E-4                  -4.249813048257744E-8
1.483E-4                  -4.111390451281406E-8
1.484E-4                  -3.972967854305219E-8
1.485E-4                  -3.834545257329185E-8
1.4859999999999998E-4     -3.6961226603533416E-8
1.4869999999999998E-4     -3.557700063377614E-8
1.4879999999999998E-4     -3.419277466402035E-8
1.489E-4                  -3.2808548694266116E-8
1.49E-4                   -3.142432272451342E-8
1.491E-4                  -3.004009675476224E-8
1.492E-4                  -2.8655870785012596E-8
1.493E-4                  -2.7271644815264474E-8
1.494E-4                  -2.5887418845517886E-8
1.495E-4                  -2.4503192875772804E-8
1.496E-4                  -2.3118966906029248E-8
1.497E-4                  -2.1734740936287236E-8
1.4979999999999998E-4     -2.035051496654712E-8
1.4989999999999998E-4     -1.896628899680816E-8
1.5E-4                    -1.7582063027070735E-8
