% Model:              20230225_JW_4_25.mph
% Version:            COMSOL 5.6.0.401
% Date:               Feb 25 2023, 20:49
% Dimension:          1
% Nodes:              1501
% Expressions:        1
% Description:        点图
% X                       Height
0                         20.401968470701796
1.0E-7                    20.384227372368294
2.0E-7                    20.322660536000605
3.0E-7                    20.209935780764614
4.0E-7                    20.077975896181375
5.0E-7                    19.92402645609903
6.0E-7                    19.74294979262069
7.0E-7                    19.54150122005886
8.0E-7                    19.333721938384446
9.0E-7                    19.12020024943003
1.0E-6                    18.90295978694981
1.1E-6                    18.68233530116372
1.2E-6                    18.459773145253344
1.2999999999999998E-6     18.237239847643234
1.4E-6                    18.01427929757901
1.5E-6                    17.791551335227187
1.6E-6                    17.56936958243858
1.6999999999999998E-6     17.34816213662207
1.8E-6                    17.128022520472868
1.9E-6                    16.90963665606251
2.0E-6                    16.692880472156844
2.1E-6                    16.47802455571203
2.2E-6                    16.264921911513664
2.3E-6                    16.053740123237173
2.4E-6                    15.844166316951465
2.4999999999999998E-6     15.636866292219777
2.5999999999999997E-6     15.430548901607407
2.7E-6                    15.22681233619299
2.8E-6                    15.024358426032007
2.8999999999999998E-6     14.823351333292193
3.0E-6                    14.62510340526947
3.1E-6                    14.428190720000355
3.2E-6                    14.233618658531725
3.2999999999999997E-6     14.041051451046087
3.3999999999999996E-6     13.84973425188745
3.5E-6                    13.661568354489887
3.6E-6                    13.474846564889468
3.6999999999999997E-6     13.28944411085051
3.8E-6                    13.107267870443172
3.9E-6                    12.92657558419434
4.0E-6                    12.748301515401314
4.1E-6                    12.571030691740363
4.2E-6                    12.396052533433881
4.2999999999999995E-6     12.231162531635832
4.4E-6                    12.063138960664391
4.5E-6                    11.890714930358499
4.6E-6                    11.72178435547098
4.7E-6                    11.558047028573885
4.8E-6                    11.394634227689082
4.9E-6                    11.233563474992595
4.9999999999999996E-6     11.075215706633456
5.0999999999999995E-6     10.917478778495596
5.199999999999999E-6      10.763614691333936
5.3E-6                    10.609960244025535
5.4E-6                    10.459675620894005
5.5E-6                    10.309473641659963
5.6E-6                    10.162892434450182
5.7E-6                    10.017244525735046
5.7999999999999995E-6     9.873620907666796
5.899999999999999E-6      9.731817496892024
6.0E-6                    9.591443665850255
6.1E-6                    9.452735246885446
6.2E-6                    9.315982678348576
6.3E-6                    9.181829390774968
6.4E-6                    9.049424869571572
6.5E-6                    8.918850457973903
6.5999999999999995E-6     8.790045096839624
6.699999999999999E-6      8.662958440301312
6.799999999999999E-6      8.537560884772564
6.9E-6                    8.41386601100678
7.0E-6                    8.291838115098473
7.1E-6                    8.171496699116508
7.2E-6                    8.052734654658456
7.2999999999999996E-6     7.935700511080057
7.3999999999999995E-6     7.82013673320043
7.499999999999999E-6      7.706337044755078
7.6E-6                    7.594039405701208
7.699999999999999E-6      7.48336000866478
7.8E-6                    7.374136334502336
7.899999999999999E-6      7.266655901518501
8.0E-6                    7.1601063808474725
8.1E-6                    7.056630105398495
8.2E-6                    6.955304426219719
8.3E-6                    6.851680651776699
8.4E-6                    6.750902012336792
8.5E-6                    6.652244195421984
8.599999999999999E-6      6.5544070755723505
8.7E-6                    6.458300345505641
8.8E-6                    6.363633565773611
8.9E-6                    6.269981424315914
9.0E-6                    6.17779818676033
9.1E-6                    6.087028927021498
9.2E-6                    5.997490745873871
9.299999999999999E-6      5.909219195543881
9.4E-6                    5.8222890734501025
9.499999999999999E-6      5.736568995764169
9.6E-6                    5.652009083680085
9.7E-6                    5.568651578590865
9.8E-6                    5.486631153280258
9.9E-6                    5.405686685882054
9.999999999999999E-6      5.325890680823474
1.01E-5                   5.247272609341744
1.0199999999999999E-5     5.169845730641198
1.03E-5                   5.093470982318856
1.0399999999999999E-5     5.018157074456156
1.05E-5                   4.944126037350518
1.06E-5                   4.871137000961
1.07E-5                   4.79917243708989
1.08E-5                   4.727913800742832
1.0899999999999999E-5     4.658202692826547
1.1E-5                    4.589242199577595
1.1099999999999999E-5     4.521125820070461
1.12E-5                   4.4543985562331265
1.13E-5                   4.388327112265685
1.14E-5                   4.3232928666770425
1.15E-5                   4.259362506857455
1.1599999999999999E-5     4.1960604021835355
1.17E-5                   4.133972376103046
1.1799999999999999E-5     4.072727205246827
1.19E-5                   4.012078652516231
1.2E-5                    3.952813726605034
1.21E-5                   3.8941505013223883
1.22E-5                   3.836203039161969
1.2299999999999999E-5     3.77947737368082
1.24E-5                   3.723296924198458
1.2499999999999999E-5     3.6679712422955495
1.26E-5                   3.6136392574931646
1.2699999999999999E-5     3.5598494732488275
1.28E-5                   3.507017789257067
1.29E-5                   3.454986676803996
1.3E-5                    3.403526364285631
1.31E-5                   3.3528957284458905
1.3199999999999999E-5     3.302987002465557
1.33E-5                   3.2539067811439777
1.3399999999999999E-5     3.205621076356541
1.35E-5                   3.157796415945999
1.3599999999999999E-5     3.1106963493237765
1.37E-5                   3.064257790761492
1.38E-5                   3.0186443313976845
1.3899999999999999E-5     2.9737496374326184
1.4E-5                    2.929463302474518
1.4099999999999999E-5     2.885862384903687
1.42E-5                   2.8428974384807604
1.4299999999999999E-5     2.80056820959639
1.44E-5                   2.758864425738658
1.45E-5                   2.7177836554534283
1.4599999999999999E-5     2.6773050275696484
1.47E-5                   2.6374283918453973
1.4799999999999999E-5     2.5981845215667048
1.49E-5                   2.559452096962362
1.4999999999999999E-5     2.521420951694641
1.51E-5                   2.4838970948298655
1.52E-5                   2.446881880437311
1.53E-5                   2.410381969825305
1.5399999999999998E-5     2.3745371058545097
1.55E-5                   2.339211595809005
1.56E-5                   2.30436895927635
1.57E-5                   2.2700027459993293
1.5799999999999998E-5     2.2361661678201785
1.59E-5                   2.2029146866093865
1.6E-5                    2.1703017982879618
1.61E-5                   2.1380528789563895
1.62E-5                   2.1058488895674286
1.63E-5                   2.0748192861203782
1.64E-5                   2.0437896869961554
1.6499999999999998E-5     2.013301881057323
1.66E-5                   1.9834442270853123
1.67E-5                   1.9535865774965817
1.68E-5                   1.9247325738273109
1.69E-5                   1.8960054646695825
1.7E-5                    1.8676184174168418
1.71E-5                   1.8399770077598991
1.7199999999999998E-5     1.8123356017391534
1.73E-5                   1.785467260122671
1.74E-5                   1.7588724097170618
1.75E-5                   1.7324425325006219
1.76E-5                   1.70685278608099
1.77E-5                   1.6812630427857016
1.78E-5                   1.6565157878552659
1.7899999999999998E-5     1.632354979872954
1.8E-5                    1.6081941741019985
1.81E-5                   1.5840333708755752
1.82E-5                   1.5598725705269985
1.8299999999999998E-5     1.5365022095145557
1.84E-5                   1.5141357900727468
1.85E-5                   1.4917693717404426
1.8599999999999998E-5     1.4694029547837706
1.87E-5                   1.4470365394689628
1.88E-5                   1.42515348300219
1.89E-5                   1.4044456781455836
1.8999999999999998E-5     1.383737874318599
1.91E-5                   1.3630300717309178
1.92E-5                   1.3423222705922944
1.9299999999999998E-5     1.3218349961323228
1.94E-5                   1.3026764893241758
1.95E-5                   1.2835179833955794
1.96E-5                   1.2643594785140273
1.9699999999999998E-5     1.2452009748470587
1.98E-5                   1.226042472562256
1.99E-5                   1.208293278812982
1.9999999999999998E-5     1.1905536556345218
2.01E-5                   1.1728140330544776
2.02E-5                   1.1550744112037807
2.03E-5                   1.1373347902133937
2.0399999999999998E-5     1.120709201883813
2.05E-5                   1.104289257940629
2.06E-5                   1.0878693148446326
2.07E-5                   1.0714493727023329
2.0799999999999997E-5     1.0550294316202582
2.09E-5                   1.0394636869623597
2.1E-5                    1.0242726513769898
2.1099999999999998E-5     1.0090816157952622
2.12E-5                   0.9938905802984832
2.13E-5                   0.9786995449679766
2.14E-5                   0.9641178427672269
2.1499999999999997E-5     0.9500427970614023
2.16E-5                   0.9359677524398579
2.17E-5                   0.9218927089700537
2.1799999999999998E-5     0.9078176667194553
2.19E-5                   0.8941672363538612
2.2E-5                    0.8811619623775231
2.21E-5                   0.8681566876413476
2.2199999999999998E-5     0.855151412196748
2.23E-5                   0.8421461360951481
2.24E-5                   0.8293736452989742
2.2499999999999998E-5     0.8173076486755253
2.26E-5                   0.8052416536752994
2.27E-5                   0.7931756603392263
2.28E-5                   0.7811096687082367
2.2899999999999998E-5     0.7691353804910619
2.3E-5                    0.7579980105570167
2.31E-5                   0.7468606392909248
2.3199999999999998E-5     0.7357232667272996
2.33E-5                   0.7245858929006593
2.34E-5                   0.7134485178455301
2.35E-5                   0.7030877678964281
2.3599999999999998E-5     0.6927681821677055
2.37E-5                   0.68244859849972
2.38E-5                   0.6721290169143599
2.3899999999999998E-5     0.6619904432192346
2.4E-5                    0.6522445916195534
2.41E-5                   0.6424987389898058
2.42E-5                   0.6327528853555677
2.4299999999999998E-5     0.6231779356050564
2.44E-5                   0.6140065173812382
2.45E-5                   0.6048350999098674
2.4599999999999998E-5     0.5956660465045037
2.4699999999999997E-5     0.5868776706539064
2.48E-5                   0.5780892947011812
2.49E-5                   0.5693769884309543
2.4999999999999998E-5     0.5608708155917305
2.51E-5                   0.5523646427005786
2.52E-5                   0.544129496869643
2.53E-5                   0.5359303015525471
2.5399999999999997E-5     0.5279383748961682
2.55E-5                   0.5200212194847915
2.56E-5                   0.5122912576487946
2.5699999999999998E-5     0.5046076014109533
2.58E-5                   0.4971085639057994
2.59E-5                   0.489637481759297
2.6E-5                    0.48236772738332523
2.6099999999999997E-5     0.4751123421312253
2.62E-5                   0.4680668454316865
2.63E-5                   0.4610350988468231
2.6399999999999998E-5     0.4541891973860179
2.65E-5                   0.4473700637021429
2.66E-5                   0.44072143276615006
2.67E-5                   0.43411147920731
2.6799999999999998E-5     0.4276538567591852
2.69E-5                   0.4212457649825548
2.7E-5                    0.4149720728148897
2.7099999999999998E-5     0.4087592507352867
2.7199999999999997E-5     0.4026666707414103
2.73E-5                   0.396644178261885
2.74E-5                   0.39072556003729053
2.7499999999999998E-5     0.3849261109229439
2.76E-5                   0.37926121104461147
2.77E-5                   0.3735963111783417
2.7799999999999998E-5     0.3679314113284368
2.7899999999999997E-5     0.36246101190429486
2.8E-5                    0.3571185113430218
2.81E-5                   0.351776010814728
2.8199999999999998E-5     0.34643351032301833
2.83E-5                   0.34131274537111167
2.84E-5                   0.33627115188095014
2.8499999999999998E-5     0.3312295584010736
2.8599999999999997E-5     0.32618796493451446
2.87E-5                   0.3213945709618238
2.88E-5                   0.31663810348156424
2.8899999999999998E-5     0.3118816360226519
2.9E-5                    0.30712626713298574
2.91E-5                   0.30263834475588625
2.9199999999999998E-5     0.2981504223886019
2.9299999999999997E-5     0.2936625000332692
2.94E-5                   0.28922548782831653
2.95E-5                   0.2851073079671635
2.9599999999999998E-5     0.28098912811693066
2.97E-5                   0.27687094827927067
2.98E-5                   0.2727527684558366
2.99E-5                   0.26863458864828144
2.9999999999999997E-5     0.2645164088582579
3.01E-5                   0.2603982290874188
3.02E-5                   0.25646326138119835
3.0299999999999998E-5     0.2527975789039865
3.04E-5                   0.24913189642679248
3.05E-5                   0.24546621395078122
3.06E-5                   0.241800531477117
3.07E-5                   0.23813484900696452
3.0799999999999996E-5     0.23446916654148864
3.09E-5                   0.2308034840818535
3.1E-5                    0.22740844574755711
3.11E-5                   0.2241454529435017
3.12E-5                   0.22088246014297222
3.13E-5                   0.217619467346791
3.14E-5                   0.21435647455578055
3.15E-5                   0.21109348177076248
3.1599999999999996E-5     0.20783048899255943
3.17E-5                   0.20456749622199313
3.18E-5                   0.20164150679334683
3.1899999999999996E-5     0.19873729874974724
3.2E-5                    0.19583309070901905
3.21E-5                   0.19292888267174163
3.22E-5                   0.19002467463849473
3.23E-5                   0.1871204666098572
3.24E-5                   0.18421625858640872
3.25E-5                   0.1813779064764151
3.26E-5                   0.1787926266130944
3.2699999999999995E-5     0.17620734674957575
3.28E-5                   0.17362206688626708
3.29E-5                   0.17103678702357708
3.2999999999999996E-5     0.16845150716191426
3.31E-5                   0.16586622730168665
3.32E-5                   0.16328094744330282
3.3299999999999996E-5     0.16083027259793745
3.34E-5                   0.15852915450595143
3.35E-5                   0.15622803641699837
3.36E-5                   0.15392691833136726
3.37E-5                   0.1516258002493467
3.38E-5                   0.14932468217122552
3.39E-5                   0.14702356409729284
3.4E-5                    0.1447224460278371
3.4099999999999995E-5     0.14260873409466088
3.42E-5                   0.14056056277850762
3.43E-5                   0.13851239146112984
3.4399999999999996E-5     0.13646422014273035
3.45E-5                   0.13441604882351124
3.46E-5                   0.13236787750367518
3.4699999999999996E-5     0.13031970618342484
3.48E-5                   0.12827335427491535
3.49E-5                   0.1264500299306798
3.5E-5                    0.12462670558912745
3.51E-5                   0.1228033812504022
3.52E-5                   0.12098005691464826
3.53E-5                   0.11915673258200982
3.54E-5                   0.11733340825263072
3.5499999999999996E-5     0.11551008392665536
3.56E-5                   0.11376519422574416
3.57E-5                   0.11222678426790761
3.5799999999999996E-5     0.11068837431091917
3.59E-5                   0.10914996435486442
3.6E-5                    0.10761155439982939
3.6099999999999997E-5     0.10607314444590003
3.62E-5                   0.10453473449316204
3.63E-5                   0.10299632454170135
3.64E-5                   0.10145791459160398
3.65E-5                   0.09991950464295557
3.6599999999999995E-5     0.0983810946958422
3.67E-5                   0.09684268475034956
3.68E-5                   0.0953042748065636
3.6899999999999996E-5     0.09376586486457032
3.7E-5                    0.09222745492445536
3.71E-5                   0.09068904498630474
3.7199999999999996E-5     0.08941005439620907
3.73E-5                   0.08819203700695041
3.74E-5                   0.0869740196167783
3.75E-5                   0.08575600222573565
3.76E-5                   0.0845379848338652
3.77E-5                   0.08331996744120984
3.78E-5                   0.08210195004781254
3.79E-5                   0.08088393265371596
3.7999999999999995E-5     0.07966591525896317
3.81E-5                   0.07844789786359681
3.82E-5                   0.07722988046765986
3.8299999999999996E-5     0.07601186307119523
3.84E-5                   0.07479384567424564
3.85E-5                   0.07357582827685404
3.8599999999999996E-5     0.07235781087906333
3.87E-5                   0.07122712618980627
3.88E-5                   0.07026291471481502
3.89E-5                   0.06929870324007817
3.9E-5                    0.06833449176561669
3.9099999999999995E-5     0.06737028029145191
3.92E-5                   0.06640606881760483
3.93E-5                   0.06544185734409663
3.9399999999999995E-5     0.06447764587094858
3.95E-5                   0.06351343439818169
3.96E-5                   0.06254922292581717
3.9699999999999996E-5     0.061585011453876244
3.98E-5                   0.060620799982379944
3.99E-5                   0.059656588511349466
3.9999999999999996E-5     0.058692377040806036
4.01E-5                   0.05772816557077068
4.02E-5                   0.056763954101264606
4.03E-5                   0.0559763709639424
4.04E-5                   0.0552132178761161
4.0499999999999995E-5     0.054450064788185766
4.06E-5                   0.053686911700161793
4.07E-5                   0.0529237586120548
4.0799999999999996E-5     0.052160605523875365
4.09E-5                   0.05139745243563393
4.1E-5                    0.050634299347341045
4.1099999999999996E-5     0.04987114625900735
4.12E-5                   0.04910799317064324
4.13E-5                   0.0483448400822593
4.14E-5                   0.047581686993866126
4.15E-5                   0.04681853390547416
4.1599999999999995E-5     0.046055380817094024
4.17E-5                   0.04529222772873616
4.18E-5                   0.04459464666038628
4.1899999999999995E-5     0.04399030472693544
4.2E-5                    0.043385962793500314
4.21E-5                   0.04278162086008616
4.2199999999999996E-5     0.0421772789266982
4.23E-5                   0.0415729369933416
4.24E-5                   0.04096859506002159
4.2499999999999996E-5     0.04036425312674343
4.26E-5                   0.03975991119351226
4.27E-5                   0.03915556926033329
4.28E-5                   0.0385512273272118
4.29E-5                   0.03794688539415291
4.2999999999999995E-5     0.03734254346116193
4.31E-5                   0.036738201528243974
4.32E-5                   0.036133859595404286
4.3299999999999995E-5     0.03552951766264813
4.34E-5                   0.03504466995408927
4.35E-5                   0.034566470813863076
4.3599999999999996E-5     0.03408827167369318
4.37E-5                   0.033610072533582135
4.38E-5                   0.03313187339353256
4.3899999999999996E-5     0.03265367425354707
4.4E-5                    0.0321754751136282
4.41E-5                   0.03169727597377856
4.42E-5                   0.03121907683400081
4.43E-5                   0.030740877694297442
4.4399999999999995E-5     0.030262678554671137
4.45E-5                   0.02978447941512441
4.46E-5                   0.02930628027565989
4.4699999999999996E-5     0.028828081136280204
4.48E-5                   0.02834988199698788
4.49E-5                   0.02791960306203339
4.4999999999999996E-5     0.027540886674259493
4.51E-5                   0.027162170286447893
4.52E-5                   0.026783453898599895
4.5299999999999997E-5     0.02640473751071681
4.54E-5                   0.026026021122799864
4.5499999999999995E-5     0.025647304734850388
4.56E-5                   0.025268588346869608
4.57E-5                   0.024889871958858837
4.5799999999999995E-5     0.024511155570819385
4.59E-5                   0.024132439182752465
4.6E-5                    0.0237537227946594
4.6099999999999996E-5     0.02337500640654148
4.62E-5                   0.022996290018399947
4.63E-5                   0.0226175736302361
4.6399999999999996E-5     0.022240128868376275
4.65E-5                   0.021940425539895173
4.66E-5                   0.02164072221147709
4.67E-5                   0.021341018883122665
4.68E-5                   0.021041315554832518
4.6899999999999995E-5     0.020741612226607323
4.7E-5                    0.02044190889844767
4.71E-5                   0.02014220557035423
4.7199999999999995E-5     0.019842502242327656
4.73E-5                   0.01954279891436855
4.74E-5                   0.019243095586477573
4.7499999999999996E-5     0.018943392258655385
4.76E-5                   0.018643688930902583
4.77E-5                   0.01834398560321983
4.7799999999999996E-5     0.01804428227560778
4.79E-5                   0.017744578948067035
4.8E-5                    0.01747924127885035
4.81E-5                   0.017241964878071173
4.82E-5                   0.01700468847725218
4.8299999999999995E-5     0.016767412076393703
4.84E-5                   0.01653013567549603
4.85E-5                   0.016292859274559493
4.8599999999999995E-5     0.016055582873584422
4.87E-5                   0.015818306472571094
4.88E-5                   0.015581030071519845
4.8899999999999996E-5     0.015343753670430997
4.9E-5                    0.01510647726930484
4.91E-5                   0.014869200868141705
4.9199999999999997E-5     0.014631924466941917
4.93E-5                   0.014394648065705755
4.9399999999999995E-5     0.014157371664433569
4.95E-5                   0.013924290136047877
4.96E-5                   0.013736426549089789
4.9699999999999995E-5     0.013548562962177721
4.98E-5                   0.0133606993753118
4.99E-5                   0.013172835788492198
4.9999999999999996E-5     0.012984972201719087
5.01E-5                   0.0127971086149926
5.02E-5                   0.012609245028312907
5.0299999999999996E-5     0.012421381441680177
5.04E-5                   0.012233517855094547
5.05E-5                   0.012045654268556182
5.06E-5                   0.011857790682065257
5.07E-5                   0.011669927095621905
5.0799999999999995E-5     0.011482063509226304
5.09E-5                   0.011294199922878596
5.1E-5                    0.011106336336578941
5.1099999999999995E-5     0.010951388167706128
5.12E-5                   0.010816674425378512
5.13E-5                   0.010681960683053101
5.1399999999999996E-5     0.010547246940729952
5.15E-5                   0.010412533198409115
5.16E-5                   0.01027781945609065
5.1699999999999996E-5     0.010143105713774626
5.18E-5                   0.010008391971461084
5.1899999999999994E-5     0.009873678229150093
5.2E-5                    0.0097389644868417
5.21E-5                   0.009604250744535966
5.2199999999999995E-5     0.00946953700223296
5.23E-5                   0.009334823259932724
5.24E-5                   0.009200109517635321
5.2499999999999995E-5     0.009065395775340818
5.26E-5                   0.008930682033049255
5.27E-5                   0.0087959682907607
5.2799999999999996E-5     0.008661254548475217
5.29E-5                   0.008526540806192846
5.3E-5                    0.008391827063913653
5.3099999999999996E-5     0.008257113321637708
5.32E-5                   0.008122399579365051
5.3299999999999995E-5     0.00798768583709575
5.34E-5                   0.007852972094829849
5.35E-5                   0.007718258352567417
5.3599999999999995E-5     0.0075835446103085175
5.37E-5                   0.00744883086805319
5.38E-5                   0.007314117125801504
5.3899999999999996E-5     0.007179403383553521
5.4E-5                    0.007044689641309287
5.41E-5                   0.0069099758990688615
5.4199999999999996E-5     0.0068102343801767894
5.43E-5                   0.0067263453198086
5.4399999999999994E-5     0.006642456259438248
5.4499999999999997E-5     0.0065585671990657434
5.46E-5                   0.006474678138691104
5.4699999999999995E-5     0.006390789078314348
5.48E-5                   0.0063069000179354785
5.49E-5                   0.006223010957554517
5.4999999999999995E-5     0.00613912189717148
5.51E-5                   0.006055232836786372
5.52E-5                   0.005971343776399215
5.5299999999999996E-5     0.005887454716010025
5.54E-5                   0.005803565655618806
5.55E-5                   0.005719676595225577
5.5599999999999996E-5     0.005635787534830361
5.57E-5                   0.005551898474433157
5.5799999999999994E-5     0.005468009414033994
5.59E-5                   0.00538412035363287
5.6E-5                    0.0053002312932298075
5.6099999999999995E-5     0.005216342232824826
5.62E-5                   0.005132453172417928
5.63E-5                   0.0050485641120091365
5.6399999999999995E-5     0.004964675051598466
5.65E-5                   0.004880785991185921
5.66E-5                   0.004796896930771522
5.6699999999999996E-5     0.004713007870355289
5.68E-5                   0.004629118809937224
5.69E-5                   0.004545229749517347
5.6999999999999996E-5     0.004461340689095677
5.71E-5                   0.004377451628672217
5.7199999999999994E-5     0.004293562568246994
5.73E-5                   0.004233685042935302
5.74E-5                   0.00418151968093381
5.7499999999999995E-5     0.004129354318933101
5.76E-5                   0.004077188956933171
5.77E-5                   0.0040250235949340265
5.7799999999999995E-5     0.0039728582329356735
5.79E-5                   0.003920692870938109
5.8E-5                    0.0038685275089413397
5.8099999999999996E-5     0.003816362146945374
5.82E-5                   0.003764196784950206
5.8299999999999994E-5     0.0037120314229558476
5.8399999999999997E-5     0.0036598660609622946
5.85E-5                   0.0036077006989695534
5.8599999999999995E-5     0.003555535336977632
5.87E-5                   0.0035033699749865243
5.88E-5                   0.00345120461299624
5.8899999999999995E-5     0.0033990392510067843
5.9E-5                    0.003346873889018154
5.91E-5                   0.003294708527030355
5.9199999999999996E-5     0.003242543165043396
5.93E-5                   0.003190377803057272
5.94E-5                   0.0031382124410719897
5.9499999999999996E-5     0.0030860470790875574
5.96E-5                   0.0030338817171039686
5.9699999999999994E-5     0.002981716355121237
5.98E-5                   0.0029295509931393567
5.99E-5                   0.0028773856311583353
5.9999999999999995E-5     0.002825220269178179
6.01E-5                   0.002773054907198885
6.02E-5                   0.0027208895452204597
6.0299999999999995E-5     0.0026687241832429104
6.04E-5                   0.002632808031329317
6.05E-5                   0.0026003220699618904
6.0599999999999996E-5     0.0025678361085942217
6.07E-5                   0.0025353501472263084
6.08E-5                   0.0025028641858581514
6.0899999999999996E-5     0.002470378224489756
6.1E-5                    0.0024378922631211174
6.11E-5                   0.00240540630175224
6.12E-5                   0.0023729203403831224
6.13E-5                   0.0023404343790137654
6.14E-5                   0.002307948417644171
6.149999999999999E-5      0.002275462456274345
6.159999999999999E-5      0.002242976494904278
6.17E-5                   0.002210490533533976
6.18E-5                   0.0021780045721634398
6.19E-5                   0.00214551861079267
6.2E-5                    0.0021130326494216674
6.209999999999999E-5      0.002080546688050438
6.22E-5                   0.002048060726678973
6.23E-5                   0.002015574765307277
6.24E-5                   0.001983088803935352
6.25E-5                   0.0019506028425631992
6.26E-5                   0.0019181168811908177
6.269999999999999E-5      0.0018856309198182141
6.28E-5                   0.00185314495844538
6.29E-5                   0.0018206589970723205
6.3E-5                    0.0017881730356990367
6.31E-5                   0.0017556870743255287
6.319999999999999E-5      0.0017232011129518028
6.33E-5                   0.0016907151515778505
6.34E-5                   0.0016582291902036768
6.35E-5                   0.0016395627697207908
6.36E-5                   0.0016225263198153298
6.37E-5                   0.0016054898699099662
6.379999999999999E-5      0.0015884534200047043
6.39E-5                   0.0015714169700995384
6.4E-5                    0.0015543805201944717
6.41E-5                   0.001537344070289504
6.42E-5                   0.0015203076203846354
6.429999999999999E-5      0.0015032711704798685
6.44E-5                   0.0014862347205751984
6.45E-5                   0.0014691982706706275
6.46E-5                   0.001452161820766157
6.47E-5                   0.0014351253708617857
6.48E-5                   0.0014180889209575145
6.489999999999999E-5      0.0014010524710533453
6.5E-5                    0.0013840160211492738
6.51E-5                   0.001366979571245303
6.52E-5                   0.001349943121341432
6.53E-5                   0.0013329066714376618
6.539999999999999E-5      0.001315870221533994
6.549999999999999E-5      0.0012988337716304248
6.56E-5                   0.0012817973217269564
6.57E-5                   0.0012647608718235886
6.58E-5                   0.001247724421920322
6.59E-5                   0.0012306879720171565
6.599999999999999E-5      0.0012136515221140946
6.61E-5                   0.0011966150722111319
6.62E-5                   0.0011795786223082706
6.63E-5                   0.0011625421724055101
6.64E-5                   0.0011455057225028523
6.65E-5                   0.001128469272600296
6.659999999999999E-5      0.0011114328226978437
6.67E-5                   0.0010943963727954912
6.68E-5                   0.0010773599228932412
6.69E-5                   0.001060323472991093
6.7E-5                    0.0010432870230890473
6.709999999999999E-5      0.0010262505731871068
6.72E-5                   0.0010092141232852664
6.73E-5                   9.921776733835285E-4
6.74E-5                   9.751412234818938E-4
6.75E-5                   9.58104773580362E-4
6.76E-5                   9.410683236789332E-4
6.769999999999999E-5      9.240318737776099E-4
6.78E-5                   9.069954238763877E-4
6.79E-5                   8.899589739752688E-4
6.8E-5                    8.729225240742534E-4
6.81E-5                   8.558860741733421E-4
6.819999999999999E-5      8.388496242725366E-4
6.829999999999999E-5      8.218131743718327E-4
6.84E-5                   8.047767244712328E-4
6.85E-5                   7.87740274570737E-4
6.86E-5                   7.707038246703457E-4
6.87E-5                   7.536673747700586E-4
6.879999999999999E-5      7.366309248698783E-4
6.89E-5                   7.195944749698002E-4
6.9E-5                    7.02558025069827E-4
6.91E-5                   6.855215751699585E-4
6.92E-5                   6.684851252701951E-4
6.929999999999999E-5      6.514486753705389E-4
6.939999999999999E-5      6.344122254709857E-4
6.95E-5                   6.173757755715378E-4
6.96E-5                   6.006874674628848E-4
6.97E-5                   5.944972088731422E-4
6.98E-5                   5.883069502833694E-4
6.989999999999999E-5      5.821166916935668E-4
7.0E-5                    5.759264331037327E-4
7.01E-5                   5.697361745138685E-4
7.02E-5                   5.635459159239734E-4
7.03E-5                   5.573556573340481E-4
7.04E-5                   5.511653987440922E-4
7.049999999999999E-5      5.449751401541067E-4
7.06E-5                   5.387848815640899E-4
7.07E-5                   5.325946229740427E-4
7.08E-5                   5.264043643839649E-4
7.09E-5                   5.202141057938568E-4
7.099999999999999E-5      5.14023847203719E-4
7.11E-5                   5.0783358861355E-4
7.12E-5                   5.016433300233505E-4
7.13E-5                   4.954530714331207E-4
7.14E-5                   4.892628128428605E-4
7.15E-5                   4.830725542525697E-4
7.159999999999999E-5      4.768822956622496E-4
7.17E-5                   4.7069203707189816E-4
7.18E-5                   4.645017784815162E-4
7.19E-5                   4.5831151989110405E-4
7.2E-5                    4.5212126130066133E-4
7.209999999999999E-5      4.459310027101891E-4
7.219999999999999E-5      4.3974074411968583E-4
7.23E-5                   4.33550485529152E-4
7.24E-5                   4.2736022693858793E-4
7.25E-5                   4.211699683479935E-4
7.26E-5                   4.149797097573687E-4
7.269999999999999E-5      4.087894511667144E-4
7.28E-5                   4.0259919257602887E-4
7.29E-5                   3.964089339853131E-4
7.3E-5                    3.902186753945671E-4
7.31E-5                   3.8402841680379055E-4
7.319999999999999E-5      3.778381582129847E-4
7.329999999999999E-5      3.7164789962214757E-4
7.34E-5                   3.654576410312802E-4
7.35E-5                   3.5926738244038256E-4
7.36E-5                   3.530771238494546E-4
7.37E-5                   3.4688686525849633E-4
7.379999999999999E-5      3.406966066675087E-4
7.39E-5                   3.345063480764899E-4
7.4E-5                    3.2831608948544086E-4
7.41E-5                   3.2212583089436154E-4
7.42E-5                   3.15935572303252E-4
7.429999999999999E-5      3.097453137121129E-4
7.439999999999999E-5      3.035550551209429E-4
7.45E-5                   2.973647965297426E-4
7.46E-5                   2.9117453793851204E-4
7.47E-5                   2.8498427934725134E-4
7.48E-5                   2.787940207559603E-4
7.489999999999999E-5      2.726037621646399E-4
7.5E-5                    2.664135035732885E-4
7.51E-5                   2.602232449819069E-4
7.52E-5                   2.54032986390495E-4
7.53E-5                   2.4784272779905303E-4
7.54E-5                   2.4165246920758085E-4
7.549999999999999E-5      2.3546221061607938E-4
7.56E-5                   2.2927195202454673E-4
7.57E-5                   2.23081693432984E-4
7.58E-5                   2.1756100685910667E-4
7.59E-5                   2.1531638896947887E-4
7.599999999999999E-5      2.1307177107986018E-4
7.609999999999999E-5      2.1082715319024995E-4
7.62E-5                   2.085825353006486E-4
7.63E-5                   2.06337917411056E-4
7.64E-5                   2.0409329952147224E-4
7.65E-5                   2.0184868163189724E-4
7.659999999999999E-5      1.996040637423314E-4
7.67E-5                   1.9735944585277409E-4
7.68E-5                   1.9511482796322552E-4
7.69E-5                   1.9287021007368584E-4
7.7E-5                    1.906255921841549E-4
7.709999999999999E-5      1.8838097429463307E-4
7.719999999999999E-5      1.8613635640511982E-4
7.73E-5                   1.838917385156153E-4
7.74E-5                   1.8164712062611964E-4
7.75E-5                   1.794025027366328E-4
7.76E-5                   1.771578848471547E-4
7.769999999999999E-5      1.7491326695768579E-4
7.78E-5                   1.7266864906822534E-4
7.79E-5                   1.7042403117877375E-4
7.8E-5                    1.6817941328933094E-4
7.81E-5                   1.6593479539989695E-4
7.819999999999999E-5      1.636901775104721E-4
7.829999999999999E-5      1.6144555962105574E-4
7.84E-5                   1.5920094173164817E-4
7.85E-5                   1.569563238422494E-4
7.86E-5                   1.5471170595285951E-4
7.87E-5                   1.524670880634784E-4
7.879999999999999E-5      1.5022247017410642E-4
7.89E-5                   1.4797785228474293E-4
7.9E-5                    1.457332343953883E-4
7.91E-5                   1.4348861650604244E-4
7.92E-5                   1.412439986167054E-4
7.93E-5                   1.3899938072737717E-4
7.939999999999999E-5      1.367547628380581E-4
7.95E-5                   1.3451014494874751E-4
7.96E-5                   1.3226552705944576E-4
7.97E-5                   1.300209091701528E-4
7.98E-5                   1.2777629128086867E-4
7.989999999999999E-5      1.2553167339159364E-4
7.999999999999999E-5      1.2328705550232715E-4
8.01E-5                   1.2104243761306949E-4
8.02E-5                   1.1879781972382062E-4
8.03E-5                   1.1655320183458058E-4
8.04E-5                   1.1430858394534937E-4
8.049999999999999E-5      1.1206396605612728E-4
8.06E-5                   1.098193481669137E-4
8.07E-5                   1.0757473027770892E-4
8.08E-5                   1.0533011238851299E-4
8.09E-5                   1.0308549449932585E-4
8.099999999999999E-5      1.0084087661014786E-4
8.109999999999999E-5      9.859625872097839E-5
8.12E-5                   9.635164083181773E-5
8.13E-5                   9.41070229426659E-5
8.14E-5                   9.186240505352289E-5
8.15E-5                   8.961778716438869E-5
8.159999999999999E-5      8.737316927526362E-5
8.17E-5                   8.512855138614707E-5
8.18E-5                   8.288393349703935E-5
8.19E-5                   8.063931560794044E-5
8.2E-5                    7.883449879837622E-5
8.209999999999999E-5      7.80210577506215E-5
8.219999999999999E-5      7.720761670286439E-5
8.23E-5                   7.6394175655105E-5
8.24E-5                   7.558073460734338E-5
8.25E-5                   7.476729355957947E-5
8.26E-5                   7.395385251181331E-5
8.269999999999999E-5      7.3140411464045E-5
8.28E-5                   7.23269704162743E-5
8.29E-5                   7.151352936850134E-5
8.3E-5                    7.070008832072611E-5
8.31E-5                   6.988664727294862E-5
8.319999999999999E-5      6.907320622516899E-5
8.329999999999999E-5      6.825976517738696E-5
8.34E-5                   6.744632412960268E-5
8.35E-5                   6.663288308181611E-5
8.36E-5                   6.58194420340273E-5
8.37E-5                   6.500600098623622E-5
8.379999999999999E-5      6.419255993844298E-5
8.389999999999999E-5      6.337911889064736E-5
8.4E-5                    6.256567784284949E-5
8.41E-5                   6.175223679504932E-5
8.42E-5                   6.0938795747246936E-5
8.43E-5                   6.0125354699442247E-5
8.439999999999999E-5      5.931191365163542E-5
8.45E-5                   5.849847260382621E-5
8.46E-5                   5.768503155601473E-5
8.47E-5                   5.687159050820101E-5
8.48E-5                   5.605814946038501E-5
8.489999999999999E-5      5.524470841256685E-5
8.499999999999999E-5      5.443126736474631E-5
8.51E-5                   5.3617826316923514E-5
8.52E-5                   5.2804385269098455E-5
8.53E-5                   5.199094422127112E-5
8.54E-5                   5.1177503173441526E-5
8.549999999999999E-5      5.036406212560979E-5
8.56E-5                   4.955062107777566E-5
8.57E-5                   4.873718002993927E-5
8.58E-5                   4.792373898210062E-5
8.59E-5                   4.71102979342597E-5
8.599999999999999E-5      4.629685688641664E-5
8.609999999999999E-5      4.5483415838571176E-5
8.62E-5                   4.4669974790723464E-5
8.63E-5                   4.385653374287349E-5
8.64E-5                   4.304309269502124E-5
8.65E-5                   4.222965164716674E-5
8.659999999999999E-5      4.141621059931008E-5
8.669999999999999E-5      4.060276955145104E-5
8.68E-5                   3.9789328503589736E-5
8.69E-5                   3.897588745572616E-5
8.7E-5                    3.8162446407860335E-5
8.709999999999999E-5      3.7349005359992335E-5
8.719999999999999E-5      3.653556431212198E-5
8.73E-5                   3.5722123264249354E-5
8.74E-5                   3.4908682216374455E-5
8.75E-5                   3.40952411684973E-5
8.76E-5                   3.328180012061788E-5
8.769999999999999E-5      3.2468359072736295E-5
8.779999999999999E-5      3.165491802485235E-5
8.79E-5                   3.084147697696613E-5
8.8E-5                    3.0028035929077653E-5
8.81E-5                   2.92145948811869E-5
8.82E-5                   2.8662071398220985E-5
8.829999999999999E-5      2.8435091870714935E-5
8.84E-5                   2.8208112343209125E-5
8.85E-5                   2.7981132815703577E-5
8.86E-5                   2.775415328819829E-5
8.87E-5                   2.752717376069328E-5
8.879999999999999E-5      2.730019423318856E-5
8.889999999999999E-5      2.707321470568408E-5
8.9E-5                    2.684623517817986E-5
8.91E-5                   2.661925565067591E-5
8.92E-5                   2.639227612317222E-5
8.93E-5                   2.6165296595668802E-5
8.939999999999999E-5      2.593831706816568E-5
8.95E-5                   2.5711337540662787E-5
8.96E-5                   2.5484358013160166E-5
8.97E-5                   2.5257378485657805E-5
8.98E-5                   2.503039895815572E-5
8.989999999999999E-5      2.4803419430653925E-5
8.999999999999999E-5      2.457643990315237E-5
9.01E-5                   2.4349460375651077E-5
9.02E-5                   2.412248084815005E-5
9.03E-5                   2.3895501320649284E-5
9.04E-5                   2.366852179314879E-5
9.049999999999999E-5      2.344154226564859E-5
9.059999999999999E-5      2.3214562738148626E-5
9.07E-5                   2.298758321064893E-5
9.08E-5                   2.27606036831495E-5
9.09E-5                   2.2533624155650327E-5
9.099999999999999E-5      2.2306644628151463E-5
9.109999999999999E-5      2.2079665100652826E-5
9.12E-5                   2.1852685573154453E-5
9.13E-5                   2.1625706045656355E-5
9.14E-5                   2.1398726518158518E-5
9.15E-5                   2.1171746990660948E-5
9.159999999999999E-5      2.0944767463163673E-5
9.169999999999999E-5      2.0717787935666632E-5
9.18E-5                   2.0490808408169862E-5
9.19E-5                   2.0263828880673353E-5
9.2E-5                    2.0036849353177108E-5
9.21E-5                   1.9809869825681137E-5
9.219999999999999E-5      1.958289029818545E-5
9.23E-5                   1.9355910770690013E-5
9.24E-5                   1.912893124319484E-5
9.25E-5                   1.8901951715699915E-5
9.26E-5                   1.8674972188205273E-5
9.269999999999999E-5      1.844799266071093E-5
9.279999999999999E-5      1.822101313321681E-5
9.29E-5                   1.7994033605722962E-5
9.3E-5                    1.7767054078229377E-5
9.31E-5                   1.7540074550736066E-5
9.32E-5                   1.7313095023243013E-5
9.329999999999999E-5      1.708611549575025E-5
9.34E-5                   1.6859135968257736E-5
9.35E-5                   1.6632156440765482E-5
9.36E-5                   1.6405176913273496E-5
9.37E-5                   1.617819738578177E-5
9.379999999999999E-5      1.595121785829035E-5
9.389999999999999E-5      1.5724238330799158E-5
9.4E-5                    1.5497258803308236E-5
9.41E-5                   1.5270279275817574E-5
9.42E-5                   1.5043299748327186E-5
9.43E-5                   1.4816320220837057E-5
9.439999999999999E-5      1.4589340693347227E-5
9.449999999999999E-5      1.4362361165857631E-5
9.46E-5                   1.4135381638368305E-5
9.47E-5                   1.3908402110879241E-5
9.48E-5                   1.3681422583390445E-5
9.489999999999999E-5      1.3454443055901944E-5
9.499999999999999E-5      1.3227463528413678E-5
9.51E-5                   1.300048400092568E-5
9.52E-5                   1.2773504473437943E-5
9.53E-5                   1.2546524945950476E-5
9.54E-5                   1.2319545418463278E-5
9.549999999999999E-5      1.2092565890976369E-5
9.559999999999999E-5      1.1865586363489699E-5
9.57E-5                   1.1638606836003296E-5
9.58E-5                   1.1411627308517155E-5
9.59E-5                   1.1184647781031284E-5
9.6E-5                    1.0957668253545676E-5
9.609999999999999E-5      1.0730688726060368E-5
9.62E-5                   1.0503709198575293E-5
9.63E-5                   1.0276729671090483E-5
9.64E-5                   1.0049750143605942E-5
9.65E-5                   9.822770616121664E-6
9.659999999999999E-5      9.595791088637686E-6
9.669999999999999E-5      9.36881156115394E-6
9.68E-5                   9.141832033670458E-6
9.69E-5                   8.914852506187245E-6
9.7E-5                    8.687872978704297E-6
9.71E-5                   8.460893451221617E-6
9.719999999999999E-5      8.23391392373923E-6
9.73E-5                   8.00693439625708E-6
9.74E-5                   7.779954868775196E-6
9.75E-5                   7.552975341293578E-6
9.76E-5                   7.325995813812226E-6
9.769999999999999E-5      7.09901628633117E-6
9.779999999999999E-5      6.872036758850349E-6
9.79E-5                   6.645057231369796E-6
9.8E-5                    6.4180777038895054E-6
9.81E-5                   6.191098176409484E-6
9.82E-5                   5.9641186489297255E-6
9.829999999999999E-5      5.7371391214502645E-6
9.839999999999999E-5      5.51015959397104E-6
9.85E-5                   5.28318006649208E-6
9.86E-5                   5.056200539013387E-6
9.87E-5                   4.829221011534961E-6
9.879999999999999E-5      4.602241484056829E-6
9.889999999999999E-5      4.3752619565789325E-6
9.9E-5                    4.148282429101303E-6
9.91E-5                   3.921302901623938E-6
9.92E-5                   3.69432337414684E-6
9.93E-5                   3.467343846670009E-6
9.939999999999999E-5      3.2403643191934723E-6
9.949999999999999E-5      3.013384791717172E-6
9.96E-5                   2.7864052642411377E-6
9.97E-5                   2.559425736765369E-6
9.98E-5                   2.3324462092898667E-6
9.989999999999999E-5      2.10546668181466E-6
9.999999999999999E-5      1.878487154339689E-6
1.001E-4                  1.651507626864984E-6
1.002E-4                  1.424528099390545E-6
1.003E-4                  1.1975485719163718E-6
1.004E-4                  9.705690444424642E-7
1.0049999999999999E-4     7.435895169688535E-7
1.0059999999999999E-4     6.764475036432656E-7
1.007E-4                  6.714325670745329E-7
1.008E-4                  6.664176305058049E-7
1.009E-4                  6.614026939370815E-7
1.01E-4                   6.563877573683625E-7
1.0109999999999999E-4     6.51372820799649E-7
1.012E-4                  6.463578842309392E-7
1.013E-4                  6.41342947662234E-7
1.014E-4                  6.363280110935334E-7
1.015E-4                  6.313130745248376E-7
1.0159999999999999E-4     6.262981379561467E-7
1.0169999999999999E-4     6.212832013874599E-7
1.018E-4                  6.162682648187776E-7
1.019E-4                  6.112533282501E-7
1.02E-4                   6.062383916814269E-7
1.021E-4                  6.012234551127584E-7
1.0219999999999999E-4     5.962085185440952E-7
1.0229999999999999E-4     5.91193581975436E-7
1.024E-4                  5.861786454067813E-7
1.025E-4                  5.81163708838131E-7
1.026E-4                  5.761487722694854E-7
1.0269999999999999E-4     5.711338357008452E-7
1.0279999999999999E-4     5.661188991322086E-7
1.029E-4                  5.611039625635769E-7
1.03E-4                   5.560890259949497E-7
1.031E-4                  5.510740894263271E-7
1.032E-4                  5.460591528577088E-7
1.0329999999999999E-4     5.41044216289096E-7
1.0339999999999999E-4     5.360292797204873E-7
1.035E-4                  5.310143431518828E-7
1.036E-4                  5.259994065832831E-7
1.037E-4                  5.209844700146879E-7
1.0379999999999999E-4     5.159695334460981E-7
1.0389999999999999E-4     5.109545968775121E-7
1.04E-4                   5.059396603089307E-7
1.041E-4                  5.009247237403537E-7
1.042E-4                  4.959097871717816E-7
1.043E-4                  4.908948506032139E-7
1.0439999999999999E-4     4.858799140346513E-7
1.0449999999999999E-4     4.808649774660929E-7
1.046E-4                  4.758500408975391E-7
1.047E-4                  4.708351043289898E-7
1.048E-4                  4.6582016776044484E-7
1.049E-4                  4.608052311919047E-7
1.0499999999999999E-4     4.557902946233699E-7
1.051E-4                  4.5077535805483883E-7
1.052E-4                  4.4576042148631246E-7
1.053E-4                  4.4074548491779054E-7
1.054E-4                  4.3573054834927327E-7
1.0549999999999999E-4     4.307156117807613E-7
1.0559999999999999E-4     4.2570067521225335E-7
1.057E-4                  4.2068573864374974E-7
1.058E-4                  4.156708020752508E-7
1.059E-4                  4.106558655067565E-7
1.06E-4                   4.056409289382667E-7
1.0609999999999999E-4     4.0062599236978216E-7
1.0619999999999999E-4     3.956110558013016E-7
1.063E-4                  3.9059611923282555E-7
1.064E-4                  3.8558118266435413E-7
1.065E-4                  3.8056624609588727E-7
1.0659999999999999E-4     3.7555130952742575E-7
1.0669999999999999E-4     3.70536372958968E-7
1.068E-4                  3.655214363905149E-7
1.069E-4                  3.605064998220664E-7
1.07E-4                   3.554915632536224E-7
1.071E-4                  3.504766266851831E-7
1.0719999999999999E-4     3.4546169011674905E-7
1.0729999999999999E-4     3.404467535483188E-7
1.074E-4                  3.3543181697989324E-7
1.075E-4                  3.304168804114722E-7
1.076E-4                  3.254019438430557E-7
1.0769999999999999E-4     3.203870072746445E-7
1.0779999999999999E-4     3.153720707062373E-7
1.079E-4                  3.103571341378346E-7
1.08E-4                   3.053421975694365E-7
1.081E-4                  3.003272610010429E-7
1.082E-4                  2.9531232443265403E-7
1.0829999999999999E-4     2.902973878642704E-7
1.0839999999999999E-4     2.8528245129589055E-7
1.085E-4                  2.8026751472751537E-7
1.086E-4                  2.7525257815914475E-7
1.087E-4                  2.7023764159077873E-7
1.0879999999999999E-4     2.6522270502241795E-7
1.0889999999999999E-4     2.602077684540611E-7
1.0899999999999999E-4     2.551928318857088E-7
1.091E-4                  2.501778953173611E-7
1.092E-4                  2.45162958749018E-7
1.093E-4                  2.401480221806794E-7
1.0939999999999999E-4     2.3513308561234623E-7
1.0949999999999999E-4     2.301181490440168E-7
1.096E-4                  2.25103212475692E-7
1.097E-4                  2.2008827590737176E-7
1.098E-4                  2.1507333933905622E-7
1.099E-4                  2.100584027707451E-7
1.0999999999999999E-4     2.050434662024393E-7
1.1009999999999999E-4     2.0002852963413747E-7
1.102E-4                  1.9501359306584017E-7
1.103E-4                  1.8999865649754747E-7
1.104E-4                  1.8498371992925936E-7
1.1049999999999999E-4     1.7996878336097645E-7
1.1059999999999999E-4     1.7495384679269752E-7
1.107E-4                  1.6993891022442314E-7
1.108E-4                  1.6492397365615331E-7
1.109E-4                  1.599090370878881E-7
1.11E-4                   1.5489410051962748E-7
1.1109999999999999E-4     1.4987916395137213E-7
1.1119999999999999E-4     1.4486422738312067E-7
1.113E-4                  1.398492908148738E-7
1.114E-4                  1.3483435424663145E-7
1.115E-4                  1.2981941767839375E-7
1.1159999999999999E-4     1.2480448111016128E-7
1.1169999999999999E-4     1.1978954454193274E-7
1.118E-4                  1.1477460797370877E-7
1.119E-4                  1.0975967140548938E-7
1.12E-4                   1.0474473483727459E-7
1.121E-4                  9.972979826906436E-8
1.1219999999999999E-4     9.471486170085941E-8
1.1229999999999999E-4     8.969992513265832E-8
1.124E-4                  8.468498856446185E-8
1.125E-4                  7.967005199626997E-8
1.126E-4                  7.465511542808267E-8
1.1269999999999999E-4     6.964017885990061E-8
1.1279999999999999E-4     6.462524229172248E-8
1.1289999999999999E-4     5.96103057235489E-8
1.13E-4                   5.88806003041973E-8
1.131E-4                  5.817110507568942E-8
1.132E-4                  5.7461609847186286E-8
1.1329999999999999E-4     5.6752114618687967E-8
1.1339999999999999E-4     5.604261939019433E-8
1.135E-4                  5.5333124161705435E-8
1.136E-4                  5.4623628933221336E-8
1.137E-4                  5.391413370474195E-8
1.138E-4                  5.320463847626734E-8
1.1389999999999999E-4     5.2495143247797587E-8
1.1399999999999999E-4     5.1785648019332466E-8
1.141E-4                  5.107615279087213E-8
1.142E-4                  5.0366657562416526E-8
1.143E-4                  4.965716233396568E-8
1.1439999999999999E-4     4.8947667105519704E-8
1.1449999999999999E-4     4.8238171877078354E-8
1.146E-4                  4.7528676648641795E-8
1.147E-4                  4.6819181420209987E-8
1.148E-4                  4.6109686191782917E-8
1.149E-4                  4.540019096336061E-8
1.1499999999999999E-4     4.4690695734943157E-8
1.1509999999999999E-4     4.398120050653035E-8
1.152E-4                  4.327170527812232E-8
1.153E-4                  4.256221004971901E-8
1.154E-4                  4.1852714821320494E-8
1.1549999999999999E-4     4.11432195929268E-8
1.1559999999999999E-4     4.043372436453779E-8
1.157E-4                  3.972422913615352E-8
1.158E-4                  3.9014733907774024E-8
1.159E-4                  3.8305238679399265E-8
1.16E-4                   3.7595743451029264E-8
1.1609999999999999E-4     3.6886248222664127E-8
1.1619999999999999E-4     3.6176752994303615E-8
1.163E-4                  3.5467257765947875E-8
1.164E-4                  3.47577625375969E-8
1.165E-4                  3.404826730925068E-8
1.1659999999999999E-4     3.333877208090932E-8
1.1669999999999999E-4     3.26292768525726E-8
1.1679999999999999E-4     3.191978162424064E-8
1.169E-4                  3.121028639591344E-8
1.17E-4                   3.0500791167590993E-8
1.171E-4                  2.9791295939273283E-8
1.1719999999999999E-4     2.9081800710960447E-8
1.1729999999999999E-4     2.8372305482652273E-8
1.174E-4                  2.7662810254348847E-8
1.175E-4                  2.6953315026050172E-8
1.176E-4                  2.624381979775625E-8
1.177E-4                  2.5534324569467092E-8
1.1779999999999999E-4     2.4824829341182784E-8
1.1789999999999999E-4     2.411533411290313E-8
1.18E-4                   2.3405838884628233E-8
1.181E-4                  2.269634365635809E-8
1.182E-4                  2.198684842809271E-8
1.1829999999999999E-4     2.1277353199832174E-8
1.1839999999999999E-4     2.05678579715763E-8
1.185E-4                  1.9858362743325186E-8
1.186E-4                  1.9148867515078815E-8
1.187E-4                  1.8439372286837212E-8
1.188E-4                  1.7729877058600358E-8
1.1889999999999999E-4     1.7020381830368363E-8
1.1899999999999999E-4     1.6310886602141005E-8
1.191E-4                  1.560139137391842E-8
1.192E-4                  1.4891896145700583E-8
1.193E-4                  1.4182400917487506E-8
1.1939999999999999E-4     1.3472905689279283E-8
1.1949999999999999E-4     1.2763410461075714E-8
1.196E-4                  1.2053915232876905E-8
1.197E-4                  1.1344420004682853E-8
1.198E-4                  1.0634924776493552E-8
1.199E-4                  9.925429548308996E-9
1.1999999999999999E-4     9.215934320129298E-9
1.2009999999999999E-4     8.50643909195427E-9
1.202E-4                  7.796943863783985E-9
1.203E-4                  7.087448635618462E-9
1.204E-4                  6.377953407457692E-9
1.2049999999999999E-4     5.668458179301775E-9
1.2059999999999999E-4     4.958962951150516E-9
1.2069999999999999E-4     4.249467723004013E-9
1.208E-4                  3.5399724948622618E-9
1.209E-4                  2.8304772667252713E-9
1.21E-4                   2.120982038593025E-9
1.2109999999999999E-4     1.4114868104656449E-9
1.2119999999999999E-4     7.019915823429091E-10
1.213E-4                  -7.503645775059754E-12
1.214E-4                  -7.169988738882807E-10
1.215E-4                  -1.4264941019967474E-9
1.216E-4                  -2.135989330100458E-9
1.2169999999999999E-4     -2.845484558199315E-9
1.2179999999999999E-4     -3.554979786293503E-9
1.219E-4                  -4.26447501438295E-9
1.22E-4                   -4.973970242467639E-9
1.2209999999999999E-4     -5.68346547054747E-9
1.222E-4                  -6.392960698622644E-9
1.223E-4                  -7.102455926693069E-9
1.224E-4                  -7.811951154758726E-9
1.225E-4                  -8.521446382819641E-9
1.226E-4                  -9.230941610875789E-9
1.227E-4                  -9.940436838927191E-9
1.228E-4                  -1.064993206697384E-8
1.229E-4                  -1.135942729501573E-8
1.2299999999999998E-4     -1.2068922523052666E-8
1.2309999999999998E-4     -1.2778417751085048E-8
1.2319999999999999E-4     -1.3487912979112677E-8
1.233E-4                  -1.4197408207135537E-8
1.234E-4                  -1.4906903435153655E-8
1.235E-4                  -1.5616398663167016E-8
1.236E-4                  -1.6325893891175622E-8
1.237E-4                  -1.703538911917947E-8
1.238E-4                  -1.7744884347178566E-8
1.239E-4                  -1.84543795751729E-8
1.24E-4                   -1.9163874803162482E-8
1.241E-4                  -1.9873370031147305E-8
1.2419999999999998E-4     -2.0582865259127188E-8
1.2429999999999999E-4     -2.12923604871025E-8
1.244E-4                  -2.200185571507306E-8
1.245E-4                  -2.2711350943038874E-8
1.246E-4                  -2.342084617099992E-8
1.247E-4                  -2.4130341398956215E-8
1.248E-4                  -2.4839836626907762E-8
1.249E-4                  -2.554933185485453E-8
1.25E-4                   -2.625882708279657E-8
1.251E-4                  -2.6968322310733842E-8
1.252E-4                  -2.7677817538666354E-8
1.2529999999999998E-4     -2.8387312766593932E-8
1.2539999999999999E-4     -2.909680799451694E-8
1.255E-4                  -2.980630322243519E-8
1.256E-4                  -3.05157984503487E-8
1.257E-4                  -3.122529367825744E-8
1.258E-4                  -3.1934788906161425E-8
1.259E-4                  -3.264428413406066E-8
1.26E-4                   -3.3353779361955146E-8
1.261E-4                  -3.4063274589844866E-8
1.262E-4                  -3.4772769817729835E-8
1.263E-4                  -3.548226504561004E-8
1.2639999999999998E-4     -3.6191760273485307E-8
1.2649999999999998E-4     -3.690125550135601E-8
1.266E-4                  -3.761075072922196E-8
1.267E-4                  -3.832024595708315E-8
1.268E-4                  -3.902974118493957E-8
1.269E-4                  -3.9739236412791255E-8
1.27E-4                   -4.0448731640638187E-8
1.271E-4                  -4.1158226868480354E-8
1.272E-4                  -4.186772209631777E-8
1.273E-4                  -4.257721732415042E-8
1.274E-4                  -4.328671255197833E-8
1.2749999999999998E-4     -4.399620777980129E-8
1.2759999999999998E-4     -4.470570300761968E-8
1.277E-4                  -4.541519823543333E-8
1.278E-4                  -4.61246934632422E-8
1.279E-4                  -4.683418869104633E-8
1.28E-4                   -4.619337943223974E-8
1.281E-4                  -4.5546201809526895E-8
1.282E-4                  -4.489902418681077E-8
1.283E-4                  -4.42518465640914E-8
1.284E-4                  -4.360466894136877E-8
1.285E-4                  -4.295749131864289E-8
1.2859999999999998E-4     -4.2310313695913935E-8
1.2869999999999998E-4     -4.166313607318154E-8
1.288E-4                  -4.101595845044588E-8
1.289E-4                  -4.036878082770699E-8
1.29E-4                   -3.972160320496483E-8
1.291E-4                  -3.907442558221941E-8
1.292E-4                  -3.842724795947075E-8
1.293E-4                  -3.7780070336718805E-8
1.294E-4                  -3.7132892713963626E-8
1.295E-4                  -3.648571509120519E-8
1.296E-4                  -3.5838537468443494E-8
1.2969999999999998E-4     -3.5191359845678726E-8
1.2979999999999998E-4     -3.454418222291051E-8
1.2989999999999999E-4     -3.389700460013906E-8
1.3E-4                    -3.3249826977364346E-8
1.301E-4                  -3.2602649354586376E-8
1.302E-4                  -3.195547173180513E-8
1.303E-4                  -3.130829410902065E-8
1.304E-4                  -3.066111648623292E-8
1.305E-4                  -3.001393886344193E-8
1.306E-4                  -2.9366761240647676E-8
1.307E-4                  -2.871958361785017E-8
1.3079999999999998E-4     -2.8072405995049584E-8
1.3089999999999998E-4     -2.7425228372245562E-8
1.3099999999999999E-4     -2.6778050749438297E-8
1.311E-4                  -2.613087312662776E-8
1.312E-4                  -2.548369550381397E-8
1.313E-4                  -2.483651788099693E-8
1.314E-4                  -2.4189340258176637E-8
1.315E-4                  -2.3542162635353086E-8
1.316E-4                  -2.289498501252628E-8
1.317E-4                  -2.2247807389696218E-8
1.318E-4                  -2.1600629766862904E-8
1.3189999999999998E-4     -2.09534521440265E-8
1.3199999999999998E-4     -2.0306274521186673E-8
1.3209999999999999E-4     -1.9659096898343574E-8
1.322E-4                  -1.9011919275497237E-8
1.323E-4                  -1.8364741652647637E-8
1.324E-4                  -1.7717564029794794E-8
1.325E-4                  -1.7070386406938683E-8
1.326E-4                  -1.6423208784079316E-8
1.327E-4                  -1.577603116121671E-8
1.328E-4                  -1.512885353835083E-8
1.329E-4                  -1.4481675915481689E-8
1.33E-4                   -1.3834498292609298E-8
1.3309999999999998E-4     -1.3187320669733837E-8
1.3319999999999999E-4     -1.2540143046854937E-8
1.333E-4                  -1.1892965423972788E-8
1.334E-4                  -1.1245787801087379E-8
1.335E-4                  -1.059861017819871E-8
1.336E-4                  -9.951432555306798E-9
1.337E-4                  -9.304254932411617E-9
1.338E-4                  -8.657077309513183E-9
1.339E-4                  -8.00989968661149E-9
1.34E-4                   -7.36272206370655E-9
1.341E-4                  -6.7155444407983535E-9
1.3419999999999998E-4     -6.0683668178870715E-9
1.3429999999999998E-4     -5.42118919497236E-9
1.344E-4                  -4.7740115720544E-9
1.345E-4                  -4.126833949133179E-9
1.346E-4                  -3.479656326208698E-9
1.347E-4                  -2.832478703280971E-9
1.348E-4                  -2.1853010803499703E-9
1.349E-4                  -1.5381234574157335E-9
1.35E-4                   -8.909458344782298E-10
1.351E-4                  -2.4376821153747214E-10
1.352E-4                  4.034094114065355E-10
1.3529999999999998E-4     1.0505870343536313E-9
1.3539999999999998E-4     1.6977646573041508E-9
1.355E-4                  2.344942280257925E-9
1.356E-4                  2.992119903214959E-9
1.357E-4                  3.639297526175253E-9
1.358E-4                  4.2864751491387945E-9
1.359E-4                  4.933652772105603E-9
1.36E-4                   5.58083039507566E-9
1.361E-4                  6.228008018048965E-9
1.362E-4                  6.875185641025538E-9
1.363E-4                  7.522363264005369E-9
1.3639999999999998E-4     8.169540886988263E-9
1.3649999999999998E-4     8.816718509974605E-9
1.3659999999999999E-4     9.4638961329642E-9
1.367E-4                  1.0111073755957042E-8
1.368E-4                  1.0758251378953142E-8
1.369E-4                  1.1405429001952503E-8
1.37E-4                   1.2052606624955112E-8
1.371E-4                  1.2699784247960983E-8
1.372E-4                  1.3346961870970103E-8
1.373E-4                  1.3994139493982485E-8
1.374E-4                  1.4641317116998124E-8
1.3749999999999998E-4     1.528849474001684E-8
1.3759999999999998E-4     1.5935672363038985E-8
1.3769999999999999E-4     1.6582849986064388E-8
1.378E-4                  1.723002760909304E-8
1.379E-4                  1.7877205232124963E-8
1.38E-4                   1.8524382855160143E-8
1.381E-4                  1.917156047819856E-8
1.382E-4                  1.9818738101240253E-8
1.383E-4                  2.0465915724285173E-8
1.384E-4                  2.1113093347333376E-8
1.385E-4                  2.1760270970384824E-8
1.3859999999999998E-4     2.2407448593439347E-8
1.3869999999999998E-4     2.305462621649731E-8
1.3879999999999999E-4     2.3701803839558526E-8
1.389E-4                  2.4348981462622998E-8
1.39E-4                   2.499615908569073E-8
1.391E-4                  2.564333670876171E-8
1.392E-4                  2.6290514331835944E-8
1.393E-4                  2.693769195491344E-8
1.394E-4                  2.7584869577994183E-8
1.395E-4                  2.8232047201078196E-8
1.396E-4                  2.887922482416546E-8
1.3969999999999998E-4     2.952640244725579E-8
1.3979999999999998E-4     3.017358007034957E-8
1.3989999999999999E-4     3.08207576934466E-8
1.4E-4                    3.1467935316546876E-8
1.401E-4                  3.211511293965042E-8
1.402E-4                  3.2762290562757214E-8
1.403E-4                  3.340946818586727E-8
1.404E-4                  3.405664580898057E-8
1.405E-4                  3.4703823432097146E-8
1.406E-4                  3.5351001055216947E-8
1.407E-4                  3.599817867834003E-8
1.408E-4                  3.6645356301466354E-8
1.4089999999999998E-4     3.729253392459576E-8
1.4099999999999998E-4     3.7939711547728606E-8
1.411E-4                  3.85868891708647E-8
1.412E-4                  3.923406679400405E-8
1.413E-4                  3.9881244417146663E-8
1.414E-4                  4.0528422040292536E-8
1.415E-4                  4.117559966344163E-8
1.416E-4                  4.182277728659402E-8
1.417E-4                  4.246995490974965E-8
1.418E-4                  4.311713253290853E-8
1.419E-4                  4.376431015607068E-8
1.4199999999999998E-4     4.441148777923589E-8
1.4209999999999998E-4     4.5058665402404544E-8
1.422E-4                  4.5705843025576456E-8
1.423E-4                  4.635302064875162E-8
1.424E-4                  4.700019827193004E-8
1.425E-4                  4.7647375895111715E-8
1.426E-4                  4.829455351829665E-8
1.427E-4                  4.894173114148483E-8
1.428E-4                  4.9588908764676277E-8
1.429E-4                  5.023608638787097E-8
1.43E-4                   4.959231047427743E-8
1.4309999999999998E-4     4.894244611027729E-8
1.4319999999999998E-4     4.8292581746279116E-8
1.433E-4                  4.7642717382283106E-8
1.434E-4                  4.699285301828927E-8
1.435E-4                  4.634298865429762E-8
1.436E-4                  4.569312429030812E-8
1.437E-4                  4.504325992632079E-8
1.438E-4                  4.4393395562335614E-8
1.439E-4                  4.374353119835263E-8
1.44E-4                   4.309366683437178E-8
1.441E-4                  4.2443802470393126E-8
1.4419999999999998E-4     4.1793938106416796E-8
1.4429999999999998E-4     4.114407374244245E-8
1.4439999999999999E-4     4.0494209378470284E-8
1.445E-4                  3.984434501450029E-8
1.446E-4                  3.919448065053244E-8
1.447E-4                  3.854461628656678E-8
1.448E-4                  3.7894751922603274E-8
1.449E-4                  3.7244887558641946E-8
1.45E-4                   3.6595023194682756E-8
1.451E-4                  3.5945158830725756E-8
1.452E-4                  3.529529446677091E-8
1.4529999999999998E-4     3.4645430102818426E-8
1.4539999999999998E-4     3.399556573886791E-8
1.4549999999999999E-4     3.3345701374919567E-8
1.456E-4                  3.2695837010973406E-8
1.457E-4                  3.204597264702939E-8
1.458E-4                  3.139610828308754E-8
1.459E-4                  3.0746243919147874E-8
1.46E-4                   3.009637955521036E-8
1.461E-4                  2.944651519127502E-8
1.462E-4                  2.8796650827341834E-8
1.463E-4                  2.8146786463410827E-8
1.4639999999999998E-4     2.7496922099482166E-8
1.4649999999999998E-4     2.6847057735555484E-8
1.4659999999999999E-4     2.619719337163097E-8
1.467E-4                  2.554732900770863E-8
1.468E-4                  2.489746464378845E-8
1.469E-4                  2.4247600279870424E-8
1.47E-4                   2.359773591595458E-8
1.471E-4                  2.2947871552040895E-8
1.472E-4                  2.2298007188129394E-8
1.473E-4                  2.1648142824220042E-8
1.474E-4                  2.099827846031286E-8
1.4749999999999998E-4     2.0348414096408017E-8
1.4759999999999998E-4     1.9698549732505164E-8
1.4769999999999999E-4     1.9048685368604482E-8
1.478E-4                  1.8398821004705973E-8
1.479E-4                  1.7748956640809606E-8
1.48E-4                   1.7099092276915425E-8
1.481E-4                  1.644922791302341E-8
1.482E-4                  1.579936354913356E-8
1.483E-4                  1.514949918524587E-8
1.484E-4                  1.4499634821360353E-8
1.485E-4                  1.3849770457477002E-8
1.4859999999999998E-4     1.3199906093595991E-8
1.4869999999999998E-4     1.255004172971697E-8
1.4879999999999998E-4     1.1900177365840102E-8
1.489E-4                  1.1250313001965416E-8
1.49E-4                   1.0600448638092894E-8
1.491E-4                  9.950584274222542E-9
1.492E-4                  9.300719910354354E-9
1.493E-4                  8.650855546488329E-9
1.494E-4                  8.000991182624468E-9
1.495E-4                  7.351126818762785E-9
1.496E-4                  6.701262454903248E-9
1.497E-4                  6.051398091045892E-9
1.4979999999999998E-4     5.401533727190873E-9
1.4989999999999998E-4     4.751669363337845E-9
1.5E-4                    4.1018049994869875E-9
