% Model:              20230225_JW_4_25.mph
% Version:            COMSOL 5.6.0.401
% Date:               Feb 25 2023, 20:49
% Dimension:          1
% Nodes:              1501
% Expressions:        1
% Description:        点图
% X                       Height
0                         16.560411515671532
1.0E-7                    16.55350211903225
2.0E-7                    16.52479294075253
3.0E-7                    16.45656169623219
4.0E-7                    16.367250759186607
5.0E-7                    16.25683392265389
6.0E-7                    16.125346549769652
7.0E-7                    15.97269283035049
8.0E-7                    15.810064065013147
9.0E-7                    15.63909328821041
1.0E-6                    15.461116125292955
1.1E-6                    15.279341352428956
1.2E-6                    15.09525942263897
1.2999999999999998E-6     14.908967913659547
1.4E-6                    14.722126432572678
1.5E-6                    14.535494445172967
1.6E-6                    14.34884632438167
1.6999999999999998E-6     14.16281133743454
1.8E-6                    13.977714960554254
1.9E-6                    13.793884195426541
2.0E-6                    13.611610416370132
2.1E-6                    13.431082060424632
2.2E-6                    13.252206121633135
2.3E-6                    13.07521242456066
2.4E-6                    12.899794791899872
2.4999999999999998E-6     12.72654720544213
2.5999999999999997E-6     12.55420262777307
2.7E-6                    12.38445913767951
2.8E-6                    12.215951672865728
2.8999999999999998E-6     12.04883696566924
3.0E-6                    11.884191505320558
3.1E-6                    11.720774318692769
3.2E-6                    11.559526089214172
3.2999999999999997E-6     11.400145365044978
3.3999999999999996E-6     11.241882394630691
3.5E-6                    11.086164030462623
3.6E-6                    10.932153023713788
3.6999999999999997E-6     10.77970162188616
3.8E-6                    10.628541411659358
3.9E-6                    10.479722209274613
4.0E-6                    10.335198519918558
4.1E-6                    10.186296438468883
4.2E-6                    10.037430574152872
4.2999999999999995E-6     9.896003007127502
4.4E-6                    9.764874187531381
4.5E-6                    9.629200915665727
4.6E-6                    9.488463460044688
4.7E-6                    9.35528522716972
4.8E-6                    9.220533856936921
4.9E-6                    9.09167871638469
4.9999999999999996E-6     8.961449884533994
5.0999999999999995E-6     8.831819628184233
5.199999999999999E-6      8.707039978192109
5.3E-6                    8.581097578224254
5.4E-6                    8.458449673216439
5.5E-6                    8.336100120048819
5.6E-6                    8.216024010078842
5.7E-6                    8.097636707906242
5.7999999999999995E-6     7.980506483596293
5.899999999999999E-6      7.865035633801684
6.0E-6                    7.750946989986601
6.1E-6                    7.638010952083101
6.2E-6                    7.526621496227483
6.3E-6                    7.4175603013110845
6.4E-6                    7.309853131306311
6.5E-6                    7.203696905254282
6.5999999999999995E-6     7.098958812088854
6.699999999999999E-6      6.99564400454471
6.799999999999999E-6      6.893794493084376
6.9E-6                    6.793326408665964
7.0E-6                    6.694272148515408
7.1E-6                    6.59654971170869
7.2E-6                    6.5002058584367
7.2999999999999996E-6     6.405225766461234
7.3999999999999995E-6     6.3115248053536375
7.499999999999999E-6      6.219200664309253
7.6E-6                    6.128189054835043
7.699999999999999E-6      6.038463156852438
7.8E-6                    5.9498961270705495
7.899999999999999E-6      5.862889761972027
8.0E-6                    5.776282346162959
8.1E-6                    5.689609882093304
8.2E-6                    5.609703100860934
8.3E-6                    5.526638256505912
8.4E-6                    5.445755460908826
8.5E-6                    5.364966144013067
8.599999999999999E-6      5.286126006482447
8.7E-6                    5.20844720471691
8.8E-6                    5.131721997216464
8.9E-6                    5.056016107466636
9.0E-6                    4.981549832048716
9.1E-6                    4.908165181564183
9.2E-6                    4.835716765365356
9.299999999999999E-6      4.764323829442235
9.4E-6                    4.694047930792373
9.499999999999999E-6      4.6248270734480466
9.6E-6                    4.556465514538069
9.7E-6                    4.489119936804325
9.8E-6                    4.422814623090933
9.9E-6                    4.3574375946575685
9.999999999999999E-6      4.292969664357294
1.01E-5                   4.229468331236298
1.0199999999999999E-5     4.1669238513145155
1.03E-5                   4.105244954760459
1.0399999999999999E-5     4.044430539457761
1.05E-5                   3.984645678690546
1.06E-5                   3.925724834109544
1.07E-5                   3.8676248526908967
1.08E-5                   3.810091641654806
1.0899999999999999E-5     3.753822278562491
1.1E-5                    3.6981608025428536
1.1099999999999999E-5     3.6431828871740968
1.12E-5                   3.589335966682223
1.13E-5                   3.5360177352331252
1.14E-5                   3.483532815118841
1.15E-5                   3.4319523932413767
1.1599999999999999E-5     3.3808818863714576
1.17E-5                   3.330783219776979
1.1799999999999999E-5     3.28137962630931
1.19E-5                   3.232466567758547
1.2E-5                    3.18464523941855
1.21E-5                   3.1373289509989046
1.22E-5                   3.0906134689794547
1.2299999999999999E-5     3.044843250387328
1.24E-5                   2.99952704285257
1.2499999999999999E-5     2.9549438783459308
1.26E-5                   2.9111119082462404
1.2699999999999999E-5     2.8677128207990363
1.28E-5                   2.8251563357724625
1.29E-5                   2.78319293119534
1.3E-5                    2.74165898739707
1.31E-5                   2.7011492262489116
1.3199999999999999E-5     2.6607953302571055
1.33E-5                   2.6210027756119656
1.3399999999999999E-5     2.5821884119025826
1.35E-5                   2.543641435586219
1.3599999999999999E-5     2.505647725251771
1.37E-5                   2.4682612467924208
1.38E-5                   2.4314409908467587
1.3899999999999999E-5     2.395238197471203
1.4E-5                    2.359561444805813
1.4099999999999999E-5     2.324412092029631
1.42E-5                   2.289773344088242
1.4299999999999999E-5     2.2556745303637173
1.44E-5                   2.2220618692865686
1.45E-5                   2.188958583926683
1.4599999999999999E-5     2.156336114511209
1.47E-5                   2.124205505421197
1.4799999999999999E-5     2.092578331909795
1.49E-5                   2.061377123742647
1.4999999999999999E-5     2.0307231980012177
1.51E-5                   2.000489778789524
1.52E-5                   1.9706694403635212
1.53E-5                   1.9412548346201741
1.5399999999999998E-5     1.9123758196387142
1.55E-5                   1.883915657504114
1.56E-5                   1.8558427166351537
1.57E-5                   1.828152914281442
1.5799999999999998E-5     1.8008962531619204
1.59E-5                   1.774104356362735
1.6E-5                    1.747830586497331
1.61E-5                   1.7218528459933682
1.62E-5                   1.69591118410273
1.63E-5                   1.670912214719556
1.64E-5                   1.6459132628467934
1.6499999999999998E-5     1.6213525129561634
1.66E-5                   1.597301428476092
1.67E-5                   1.5732503595375462
1.68E-5                   1.5500071762287864
1.69E-5                   1.526866146217834
1.7E-5                    1.503999467891593
1.71E-5                   1.4817343373158967
1.7199999999999998E-5     1.45946921956223
1.73E-5                   1.4378268718217344
1.74E-5                   1.4164048503340314
1.75E-5                   1.395116024109996
1.76E-5                   1.3745054688799243
1.77E-5                   1.3538949242240086
1.78E-5                   1.3339619549413229
1.7899999999999998E-5     1.3145006403240829
1.8E-5                    1.295039333378144
1.81E-5                   1.2755780334023779
1.82E-5                   1.2561167396954231
1.8299999999999998E-5     1.2372931618984737
1.84E-5                   1.2192795531407457
1.85E-5                   1.201265952235834
1.8599999999999998E-5     1.183252358625675
1.87E-5                   1.1652387717520307
1.88E-5                   1.147615506703386
1.89E-5                   1.1309412741318585
1.8999999999999998E-5     1.114267047123851
1.91E-5                   1.0975928252366072
1.92E-5                   1.0809186080272593
1.9299999999999998E-5     1.0644208324552373
1.94E-5                   1.0489861793081106
1.95E-5                   1.0335515308206886
1.96E-5                   1.0181168866443915
1.9699999999999998E-5     1.0026822464305618
1.98E-5                   0.9872476098304668
1.99E-5                   0.9729597235069174
1.9999999999999998E-5     0.9586796280180967
2.01E-5                   0.9443995359387375
2.02E-5                   0.9301194469894503
2.03E-5                   0.9158393608907932
2.0399999999999998E-5     0.9024485326967454
2.05E-5                   0.8892218586852622
2.06E-5                   0.8759951874452786
2.07E-5                   0.8627685187570996
2.0799999999999997E-5     0.8495418524009947
2.09E-5                   0.837006274221601
2.1E-5                    0.824773856271291
2.1099999999999998E-5     0.8125414404247479
2.12E-5                   0.8003090265079424
2.13E-5                   0.7880766143468229
2.14E-5                   0.7763383681729543
2.1499999999999997E-5     0.7650110178455516
2.16E-5                   0.7536836694410236
2.17E-5                   0.7423563228181915
2.1799999999999998E-5     0.731028977835858
2.19E-5                   0.7200339691944987
2.2E-5                    0.7095439138699096
2.21E-5                   0.6990538596345034
2.2199999999999998E-5     0.6885638063836372
2.23E-5                   0.6780737540126578
2.24E-5                   0.6677838241492102
2.2499999999999998E-5     0.6581012548965925
2.26E-5                   0.6484186872827667
2.27E-5                   0.6387361212123481
2.28E-5                   0.6290535565899424
2.2899999999999998E-5     0.6194365562097981
2.3E-5                    0.6104179183309223
2.31E-5                   0.6013992805774525
2.3199999999999998E-5     0.5923806428908601
2.33E-5                   0.5833620052126117
2.34E-5                   0.5743433674841726
2.35E-5                   0.5660124767322761
2.3599999999999998E-5     0.5577180385340328
2.37E-5                   0.5494236013177513
2.38E-5                   0.5411291650228439
2.3899999999999998E-5     0.5329854067737507
2.4E-5                    0.5251685680239299
2.41E-5                   0.5173517293634977
2.42E-5                   0.5095348907461773
2.4299999999999998E-5     0.5018373914582368
2.44E-5                   0.4944216705228994
2.45E-5                   0.4870059506978452
2.4599999999999998E-5     0.47959250380496826
2.4699999999999997E-5     0.4725450056271064
2.48E-5                   0.4654975070737326
2.49E-5                   0.45849840330822905
2.4999999999999998E-5     0.45163044118427337
2.51E-5                   0.444762480166021
2.52E-5                   0.43812667581297043
2.53E-5                   0.4315216652378975
2.5399999999999997E-5     0.4250952768874865
2.55E-5                   0.4187333268043176
2.56E-5                   0.41250716113128244
2.5699999999999998E-5     0.40631458378880836
2.58E-5                   0.40027356724674573
2.59E-5                   0.3942555006231351
2.6E-5                    0.38840368538962433
2.6099999999999997E-5     0.38256372817643086
2.62E-5                   0.37689330597815635
2.63E-5                   0.37123337976800347
2.6399999999999998E-5     0.3657153171145263
2.65E-5                   0.3602200960049386
2.66E-5                   0.35487036686818674
2.67E-5                   0.34955098111009064
2.6799999999999998E-5     0.3443511030833069
2.69E-5                   0.3391905345208941
2.7E-5                    0.3341366302501149
2.7099999999999998E-5     0.3291331920551378
2.7199999999999997E-5     0.32422944403964205
2.73E-5                   0.31938103126327166
2.74E-5                   0.31461462874823554
2.7499999999999998E-5     0.30994439338358626
2.76E-5                   0.3053827366871564
2.77E-5                   0.30082108010231845
2.7799999999999998E-5     0.2962594236200558
2.7899999999999997E-5     0.29185475496214724
2.8E-5                    0.2875533177926582
2.81E-5                   0.2832518807132729
2.8199999999999998E-5     0.27895044371638444
2.83E-5                   0.2748269007040333
2.84E-5                   0.2707668754243418
2.8499999999999998E-5     0.26670685021867796
2.8599999999999997E-5     0.26264682508069664
2.87E-5                   0.25878748695516096
2.88E-5                   0.2549580065831008
2.8899999999999998E-5     0.25112852627681354
2.9E-5                    0.24729992701995598
2.91E-5                   0.24368580911231924
2.9199999999999998E-5     0.24007169125624578
2.9299999999999997E-5     0.23645757344725937
2.94E-5                   0.23288452283310254
2.95E-5                   0.22956866143752278
2.9599999999999998E-5     0.22625280008786322
2.97E-5                   0.22293693878064683
2.98E-5                   0.21962107751239654
2.99E-5                   0.21630521627963525
2.9999999999999997E-5     0.21298935507888578
3.01E-5                   0.2096734939066709
3.02E-5                   0.2065050699571702
3.0299999999999998E-5     0.2035533493657016
3.04E-5                   0.20060162881249574
3.05E-5                   0.19764990829510756
3.06E-5                   0.1946981878110915
3.07E-5                   0.19174646735800202
3.0799999999999996E-5     0.18879474693339401
3.09E-5                   0.18584302653482165
3.1E-5                    0.18310939033689463
3.11E-5                   0.18048215603368337
3.12E-5                   0.1778549217553048
3.13E-5                   0.17522768750002918
3.14E-5                   0.17260045326612702
3.15E-5                   0.16997321905186816
3.1599999999999996E-5     0.16734598485552316
3.17E-5                   0.16471875067536185
3.18E-5                   0.16236257106418983
3.1899999999999996E-5     0.1600239104154768
3.2E-5                    0.15768524978290144
3.21E-5                   0.1553465891652488
3.22E-5                   0.1530079285613042
3.23E-5                   0.15066926796985233
3.24E-5                   0.1483306073896784
3.25E-5                   0.14604505222660707
3.26E-5                   0.14396357147133082
3.2699999999999995E-5     0.1418820907295123
3.28E-5                   0.13980061000029004
3.29E-5                   0.13771912928280297
3.2999999999999996E-5     0.13563764857618998
3.31E-5                   0.13355616787958968
3.32E-5                   0.13147468719214084
3.3299999999999996E-5     0.12950142873430417
3.34E-5                   0.12764841368191798
3.35E-5                   0.12579539863745856
3.36E-5                   0.12394238360032218
3.37E-5                   0.1220893685699045
3.38E-5                   0.12023635354560167
3.39E-5                   0.1183833385268098
3.4E-5                    0.1165303235129246
3.4099999999999995E-5     0.11482839220603681
3.42E-5                   0.11317929865998923
3.43E-5                   0.111530205120123
3.4399999999999996E-5     0.10988111158601009
3.45E-5                   0.108232018057222
3.46E-5                   0.10658292453333076
3.4699999999999996E-5     0.10493383101390817
3.48E-5                   0.10328620153763796
3.49E-5                   0.10181803723543098
3.5E-5                    0.10034987293751066
3.51E-5                   0.09888170864357607
3.52E-5                   0.09741354435332657
3.53E-5                   0.09594538006646149
3.54E-5                   0.0944772157826799
3.5499999999999996E-5     0.09300905150168126
3.56E-5                   0.09160403787899234
3.57E-5                   0.09036526884266127
3.5799999999999996E-5     0.08912649980756919
3.59E-5                   0.0878877307735349
3.6E-5                    0.08664896174037746
3.6099999999999997E-5     0.08541019270791593
3.62E-5                   0.08417142367596912
3.63E-5                   0.08293265464435605
3.64E-5                   0.08169388561289583
3.65E-5                   0.08045511658140721
3.6599999999999995E-5     0.07921634754970937
3.67E-5                   0.07797757851762106
3.68E-5                   0.07673880948496138
3.6899999999999996E-5     0.07550004045154941
3.7E-5                    0.07426127141720386
3.71E-5                   0.07302250238174385
3.7199999999999996E-5     0.07199267724464807
3.73E-5                   0.0710119617034305
3.74E-5                   0.07003124616546264
3.75E-5                   0.06905053063065476
3.76E-5                   0.06806981509891692
3.77E-5                   0.06708909957015935
3.78E-5                   0.06610838404429231
3.79E-5                   0.06512766852122585
3.7999999999999995E-5     0.06414695300087034
3.81E-5                   0.06316623748313577
3.82E-5                   0.06218552196793246
3.8299999999999996E-5     0.06120480645517061
3.84E-5                   0.060224090944760306
3.85E-5                   0.059243375436611796
3.8599999999999996E-5     0.058262659930635334
3.87E-5                   0.05735225692397832
3.88E-5                   0.05657588328197319
3.89E-5                   0.05579950964015572
3.9E-5                    0.055023135998481215
3.9099999999999995E-5     0.0542467623569052
3.92E-5                   0.05347038871538297
3.93E-5                   0.05269401507387
3.9399999999999995E-5     0.05191764143232172
3.95E-5                   0.05114126779069347
3.96E-5                   0.05036489414894073
3.9699999999999996E-5     0.049588520507018896
3.98E-5                   0.048812146864883346
3.99E-5                   0.048035773222489496
3.9999999999999996E-5     0.04725939957979281
4.01E-5                   0.04648302593674861
4.02E-5                   0.04570665229331237
4.03E-5                   0.0450724450354973
4.04E-5                   0.044457901282085446
4.0499999999999995E-5     0.0438433575293951
4.06E-5                   0.0432288137774041
4.07E-5                   0.04261427002609044
4.0799999999999996E-5     0.04199972627543209
4.09E-5                   0.041385182525406954
4.1E-5                    0.04077063877599298
4.1099999999999996E-5     0.040156095027168166
4.12E-5                   0.039541551278910375
4.13E-5                   0.03892700753119759
4.14E-5                   0.0383124637840078
4.15E-5                   0.03769792003731887
4.1599999999999995E-5     0.037083376291108826
4.17E-5                   0.03646883254535553
4.18E-5                   0.03590714249436768
4.1899999999999995E-5     0.03542060694902332
4.2E-5                    0.03493407140372505
4.21E-5                   0.03444753585846188
4.2199999999999996E-5     0.03396100031322286
4.23E-5                   0.03347446476799692
4.24E-5                   0.03298792922277308
4.2499999999999996E-5     0.03250139367754037
4.26E-5                   0.03201485813228773
4.27E-5                   0.03152832258700418
4.28E-5                   0.031041787041678762
4.29E-5                   0.030555251496300402
4.2999999999999995E-5     0.03006871595085816
4.31E-5                   0.029582180405340965
4.32E-5                   0.02909564485973786
4.3299999999999995E-5     0.028609109314037866
4.34E-5                   0.02821863227142855
4.35E-5                   0.02783349985143415
4.3599999999999996E-5     0.027448367431569223
4.37E-5                   0.02706323501182829
4.38E-5                   0.026678102592205977
4.3899999999999996E-5     0.02629297017269689
4.4E-5                    0.02590783775329556
4.41E-5                   0.0255227053339966
4.42E-5                   0.025137572914794612
4.43E-5                   0.024752440495684137
4.4399999999999995E-5     0.02436730807665981
4.45E-5                   0.023982175657716157
4.46E-5                   0.023597043238847797
4.4699999999999996E-5     0.023211910820049333
4.48E-5                   0.022826778401315313
4.49E-5                   0.022480308598532
4.4999999999999996E-5     0.022175440099185064
4.51E-5                   0.02187057159985596
4.52E-5                   0.021565703100542007
4.5299999999999997E-5     0.02126083460124052
4.54E-5                   0.020955966101948734
4.5499999999999995E-5     0.020651097602663992
4.56E-5                   0.02034622910338354
4.57E-5                   0.020041360604104684
4.5799999999999995E-5     0.019736492104824737
4.59E-5                   0.019431623605540942
4.6E-5                    0.019126755106250618
4.6099999999999996E-5     0.018821886606951072
4.62E-5                   0.018517018107639546
4.63E-5                   0.018212149608313365
4.6399999999999996E-5     0.017908302998826266
4.65E-5                   0.017666930074105202
4.66E-5                   0.01742555714939629
4.67E-5                   0.017184184224698213
4.68E-5                   0.01694281130000961
4.6899999999999995E-5     0.016701438375329173
4.7E-5                    0.016460065450655537
4.71E-5                   0.016218692525987385
4.7199999999999995E-5     0.0159773196013234
4.73E-5                   0.01573594667666222
4.74E-5                   0.015494573752002524
4.7499999999999996E-5     0.015253200827342992
4.76E-5                   0.015011827902682257
4.77E-5                   0.014770454978019007
4.7799999999999996E-5     0.014529082053351924
4.79E-5                   0.014287709128679634
4.8E-5                    0.014074049009245488
4.81E-5                   0.013883017773041142
4.82E-5                   0.01369198653684445
4.8299999999999995E-5     0.013500955300654776
4.84E-5                   0.013309924064471419
4.85E-5                   0.013118892828293734
4.8599999999999995E-5     0.01292786159212107
4.87E-5                   0.012736830355952735
4.88E-5                   0.012545799119788077
4.8899999999999996E-5     0.012354767883626439
4.9E-5                    0.012163736647467139
4.91E-5                   0.011972705411309516
4.9199999999999997E-5     0.011781674175152926
4.93E-5                   0.011590642938996672
4.9399999999999995E-5     0.011399611702840115
4.95E-5                   0.011211956387898863
4.96E-5                   0.011060691259408938
4.9699999999999995E-5     0.010909426130913863
4.98E-5                   0.010758161002413285
4.99E-5                   0.01060689587390689
4.9999999999999996E-5     0.010455630745394356
5.01E-5                   0.010304365616875331
5.02E-5                   0.0101531004883495
5.0299999999999996E-5     0.010001835359816535
5.04E-5                   0.009850570231276091
5.05E-5                   0.00969930510272785
5.06E-5                   0.009548039974171491
5.07E-5                   0.009396774845606661
5.0799999999999995E-5     0.009245509717033052
5.09E-5                   0.009094244588450314
5.1E-5                    0.008942979459858124
5.1099999999999995E-5     0.008818207941837537
5.12E-5                   0.008709723108271023
5.13E-5                   0.008601238274691113
5.1399999999999996E-5     0.008492753441097697
5.15E-5                   0.008384268607490633
5.16E-5                   0.00827578377386981
5.1699999999999996E-5     0.008167298940235112
5.18E-5                   0.008058814106586407
5.1899999999999994E-5     0.007950329272923586
5.2E-5                    0.007841844439246511
5.21E-5                   0.007733359605555073
5.2199999999999995E-5     0.007624874771849155
5.23E-5                   0.0075163899381286235
5.24E-5                   0.0074079051043933605
5.2499999999999995E-5     0.007299420270643257
5.26E-5                   0.007190935436878172
5.27E-5                   0.007082450603097997
5.2799999999999996E-5     0.006973965769302613
5.29E-5                   0.006865480935491886
5.3E-5                    0.006756996101665706
5.3099999999999996E-5     0.006648511267823954
5.32E-5                   0.006540026433966497
5.3299999999999995E-5     0.006431541600093226
5.34E-5                   0.006323056766204006
5.35E-5                   0.0062145719322987255
5.3599999999999995E-5     0.006106087098377269
5.37E-5                   0.005997602264439498
5.38E-5                   0.005889117430485304
5.3899999999999996E-5     0.005780632596514568
5.4E-5                    0.005672147762527159
5.41E-5                   0.005563662928522958
5.4199999999999996E-5     0.005483357950774178
5.43E-5                   0.005415826539023334
5.4399999999999994E-5     0.005348295127281861
5.4499999999999997E-5     0.005280763715549715
5.46E-5                   0.005213232303826875
5.4699999999999995E-5     0.005145700892113313
5.48E-5                   0.005078169480408992
5.49E-5                   0.005010638068713888
5.4999999999999995E-5     0.004943106657027975
5.51E-5                   0.004875575245351213
5.52E-5                   0.00480804383368358
5.5299999999999996E-5     0.004740512422025049
5.54E-5                   0.004672981010375582
5.55E-5                   0.004605449598735153
5.5599999999999996E-5     0.004537918187103739
5.57E-5                   0.004470386775481301
5.5799999999999994E-5     0.0044028553638678185
5.59E-5                   0.004335323952263252
5.6E-5                    0.004267792540667576
5.6099999999999995E-5     0.004200261129080768
5.62E-5                   0.004132729717502788
5.63E-5                   0.004065198305933612
5.6399999999999995E-5     0.003997666894373213
5.65E-5                   0.003930135482821554
5.66E-5                   0.0038626040712786097
5.6699999999999996E-5     0.003795072659744356
5.68E-5                   0.0037275412482187533
5.69E-5                   0.0036600098367017765
5.6999999999999996E-5     0.003592478425193402
5.71E-5                   0.0035249470136935897
5.7199999999999994E-5     0.0034574156022023194
5.73E-5                   0.0034091956787387404
5.74E-5                   0.0033671783303538152
5.7499999999999995E-5     0.0033251609819652693
5.76E-5                   0.0032831436335730895
5.77E-5                   0.003241126285177271
5.7799999999999995E-5     0.003199108936777811
5.79E-5                   0.003157091588374695
5.8E-5                    0.003115074239967921
5.8099999999999996E-5     0.003073056891557483
5.82E-5                   0.003031039543143369
5.8299999999999994E-5     0.002989022194725577
5.8399999999999997E-5     0.0029470048463040963
5.85E-5                   0.0029049874978789203
5.8599999999999995E-5     0.002862970149450046
5.87E-5                   0.002820952801017461
5.88E-5                   0.0027789354525811607
5.8899999999999995E-5     0.0027369181041411407
5.9E-5                    0.0026949007556973884
5.91E-5                   0.0026528834072498996
5.9199999999999996E-5     0.0026108660587986715
5.93E-5                   0.002568848710343689
5.94E-5                   0.00252683136188495
5.9499999999999996E-5     0.0024848140134224495
5.96E-5                   0.002442796664956174
5.9699999999999994E-5     0.0024007793164861234
5.98E-5                   0.0023587619680122845
5.99E-5                   0.0023167446195346535
5.9999999999999995E-5     0.0022747272710532257
6.01E-5                   0.002232709922567989
6.02E-5                   0.002190692574078938
6.0299999999999995E-5     0.0021486752255860703
6.04E-5                   0.002119761436316426
6.05E-5                   0.0020936137941289226
6.0599999999999996E-5     0.002067466151943092
6.07E-5                   0.002041318509758929
6.08E-5                   0.0020151708675764336
6.0899999999999996E-5     0.001989023225395606
6.1E-5                    0.0019628755832164406
6.11E-5                   0.0019367279410389398
6.12E-5                   0.0019105802988630982
6.13E-5                   0.001884432656688915
6.14E-5                   0.00185828501451639
6.149999999999999E-5      0.0018321373723455237
6.159999999999999E-5      0.0018059897301763075
6.17E-5                   0.0017798420880087438
6.18E-5                   0.0017536944458428308
6.19E-5                   0.0017275468036785661
6.2E-5                    0.0017013991615159488
6.209999999999999E-5      0.0016752515193549805
6.22E-5                   0.001649103877195652
6.23E-5                   0.0016229562350379655
6.24E-5                   0.001596808592881919
6.25E-5                   0.0015706609507275112
6.26E-5                   0.0015445133085747404
6.269999999999999E-5      0.0015183656664236077
6.28E-5                   0.0014922180242741049
6.29E-5                   0.001466070382126234
6.3E-5                    0.0014399227399799926
6.31E-5                   0.0014137750978353797
6.319999999999999E-5      0.0013876274556923964
6.33E-5                   0.0013614798135510343
6.34E-5                   0.0013353321714112956
6.35E-5                   0.0013203011262854973
6.36E-5                   0.0013065812481650892
6.37E-5                   0.0012928613700443103
6.379999999999999E-5      0.0012791414919231625
6.39E-5                   0.001265421613801641
6.4E-5                    0.0012517017356797487
6.41E-5                   0.0012379818575574844
6.42E-5                   0.0012242619794348483
6.429999999999999E-5      0.001210542101311842
6.44E-5                   0.001196822223188461
6.45E-5                   0.0011831023450647072
6.46E-5                   0.0011693824669405809
6.47E-5                   0.001155662588816081
6.48E-5                   0.0011419427106912083
6.489999999999999E-5      0.0011282228325659636
6.5E-5                    0.0011145029544403428
6.51E-5                   0.0011007830763143482
6.52E-5                   0.0010870631981879787
6.53E-5                   0.0010733433200612347
6.539999999999999E-5      0.001059623441934118
6.549999999999999E-5      0.0010459035638066244
6.56E-5                   0.0010321836856787548
6.57E-5                   0.00101846380755051
6.58E-5                   0.0010047439294218893
6.59E-5                   9.910240512928923E-4
6.599999999999999E-5      9.773041731635209E-4
6.61E-5                   9.635842950337713E-4
6.62E-5                   9.498644169036444E-4
6.63E-5                   9.361445387731408E-4
6.64E-5                   9.224246606422598E-4
6.65E-5                   9.087047825110013E-4
6.659999999999999E-5      8.949849043793666E-4
6.67E-5                   8.81265026247352E-4
6.68E-5                   8.67545148114959E-4
6.69E-5                   8.538252699821877E-4
6.7E-5                    8.401053918490374E-4
6.709999999999999E-5      8.2638551371551E-4
6.72E-5                   8.126656355816015E-4
6.73E-5                   7.989457574473132E-4
6.74E-5                   7.852258793126453E-4
6.75E-5                   7.715060011775973E-4
6.76E-5                   7.577861230421691E-4
6.769999999999999E-5      7.440662449063622E-4
6.78E-5                   7.303463667701726E-4
6.79E-5                   7.16626488633602E-4
6.8E-5                    7.029066104966502E-4
6.81E-5                   6.89186732359317E-4
6.819999999999999E-5      6.754668542216038E-4
6.829999999999999E-5      6.617469760835068E-4
6.84E-5                   6.480270979450275E-4
6.85E-5                   6.343072198061656E-4
6.86E-5                   6.205873416669213E-4
6.87E-5                   6.068674635272938E-4
6.879999999999999E-5      5.931475853872851E-4
6.89E-5                   5.79427707246891E-4
6.9E-5                    5.657078291061131E-4
6.91E-5                   5.519879509649512E-4
6.92E-5                   5.382680728234054E-4
6.929999999999999E-5      5.245481946814768E-4
6.939999999999999E-5      5.108283165391618E-4
6.95E-5                   4.971084383964617E-4
6.96E-5                   4.836689238572336E-4
6.97E-5                   4.7868363996554175E-4
6.98E-5                   4.7369835607395704E-4
6.989999999999999E-5      4.6871307218248053E-4
7.0E-5                    4.637277882911106E-4
7.01E-5                   4.5874250439984795E-4
7.02E-5                   4.537572205086925E-4
7.03E-5                   4.4877193661764427E-4
7.04E-5                   4.437866527267032E-4
7.049999999999999E-5      4.3880136883587016E-4
7.06E-5                   4.3381608494514354E-4
7.07E-5                   4.288308010545242E-4
7.08E-5                   4.238455171640118E-4
7.09E-5                   4.188602332736068E-4
7.099999999999999E-5      4.138749493833096E-4
7.11E-5                   4.088896654931189E-4
7.12E-5                   4.0390438160303526E-4
7.13E-5                   3.9891909771305875E-4
7.14E-5                   3.939338138231893E-4
7.15E-5                   3.88948529933427E-4
7.159999999999999E-5      3.839632460437725E-4
7.17E-5                   3.789779621542243E-4
7.18E-5                   3.739926782647832E-4
7.19E-5                   3.690073943754492E-4
7.2E-5                    3.640221104862222E-4
7.209999999999999E-5      3.590368265971029E-4
7.219999999999999E-5      3.5405154270808987E-4
7.23E-5                   3.4906625881918395E-4
7.24E-5                   3.44080974930385E-4
7.25E-5                   3.39095691041693E-4
7.26E-5                   3.34110407153108E-4
7.269999999999999E-5      3.291251232646306E-4
7.28E-5                   3.241398393762594E-4
7.29E-5                   3.1915455548799516E-4
7.3E-5                    3.141692715998379E-4
7.31E-5                   3.0918398771178756E-4
7.319999999999999E-5      3.0419870382384474E-4
7.329999999999999E-5      2.9921341993600806E-4
7.34E-5                   2.9422813604827844E-4
7.35E-5                   2.892428521606555E-4
7.36E-5                   2.842575682731395E-4
7.37E-5                   2.792722843857303E-4
7.379999999999999E-5      2.742870004984286E-4
7.39E-5                   2.693017166112331E-4
7.4E-5                    2.6431643272414434E-4
7.41E-5                   2.5933114883716234E-4
7.42E-5                   2.543458649502872E-4
7.429999999999999E-5      2.493605810635194E-4
7.439999999999999E-5      2.443752971768578E-4
7.45E-5                   2.3939001329030288E-4
7.46E-5                   2.3440472940385463E-4
7.47E-5                   2.2941944551751315E-4
7.48E-5                   2.2443416163127843E-4
7.489999999999999E-5      2.1944887774515105E-4
7.5E-5                    2.144635938591296E-4
7.51E-5                   2.094783099732149E-4
7.52E-5                   2.0449302608740682E-4
7.53E-5                   1.995077422017054E-4
7.54E-5                   1.9452245831611063E-4
7.549999999999999E-5      1.8953717443062317E-4
7.56E-5                   1.8455189054524164E-4
7.57E-5                   1.7956660665996668E-4
7.58E-5                   1.7512101486247332E-4
7.59E-5                   1.7331601780432357E-4
7.599999999999999E-5      1.715110207461443E-4
7.609999999999999E-5      1.6970602368793528E-4
7.62E-5                   1.679010266296966E-4
7.63E-5                   1.6609602957142828E-4
7.64E-5                   1.6429103251313037E-4
7.65E-5                   1.6248603545480277E-4
7.659999999999999E-5      1.606810383964458E-4
7.67E-5                   1.5887604133805894E-4
7.68E-5                   1.5707104427964248E-4
7.69E-5                   1.5526604722119642E-4
7.7E-5                    1.5346105016272063E-4
7.709999999999999E-5      1.516560531042155E-4
7.719999999999999E-5      1.4985105604568047E-4
7.73E-5                   1.4804605898711585E-4
7.74E-5                   1.462410619285216E-4
7.75E-5                   1.444360648698976E-4
7.76E-5                   1.4263106781124408E-4
7.769999999999999E-5      1.408260707525611E-4
7.78E-5                   1.390210736938483E-4
7.79E-5                   1.3721607663510585E-4
7.8E-5                    1.3541107957633372E-4
7.81E-5                   1.3360608251753193E-4
7.819999999999999E-5      1.318010854587008E-4
7.829999999999999E-5      1.2999608839983976E-4
7.84E-5                   1.2819109134094907E-4
7.85E-5                   1.2638609428202875E-4
7.86E-5                   1.245810972230788E-4
7.87E-5                   1.227761001640992E-4
7.879999999999999E-5      1.2097110310509018E-4
7.89E-5                   1.1916610604605127E-4
7.9E-5                    1.1736110898698274E-4
7.91E-5                   1.1555611192788455E-4
7.92E-5                   1.1375111486875673E-4
7.93E-5                   1.1194611780959925E-4
7.939999999999999E-5      1.1014112075041234E-4
7.95E-5                   1.0833612369119558E-4
7.96E-5                   1.0653112663194916E-4
7.97E-5                   1.0472612957267307E-4
7.98E-5                   1.0292113251336736E-4
7.989999999999999E-5      1.0111613545403221E-4
7.999999999999999E-5      9.93111383946672E-5
8.01E-5                   9.75061413352725E-5
8.02E-5                   9.570114427584818E-5
8.03E-5                   9.38961472163942E-5
8.04E-5                   9.209115015691054E-5
8.049999999999999E-5      9.028615309739751E-5
8.06E-5                   8.848115603785459E-5
8.07E-5                   8.667615897828195E-5
8.08E-5                   8.48711619186797E-5
8.09E-5                   8.306616485904778E-5
8.099999999999999E-5      8.126116779938645E-5
8.109999999999999E-5      7.945617073969522E-5
8.12E-5                   7.765117367997434E-5
8.13E-5                   7.58461766202238E-5
8.14E-5                   7.40411795604436E-5
8.15E-5                   7.223618250063374E-5
8.159999999999999E-5      7.043118544079445E-5
8.17E-5                   6.862618838092528E-5
8.18E-5                   6.682119132102643E-5
8.19E-5                   6.501619426109792E-5
8.2E-5                    6.356370886317377E-5
8.209999999999999E-5      6.290583615212534E-5
8.219999999999999E-5      6.224796344108458E-5
8.23E-5                   6.159009073005154E-5
8.24E-5                   6.093221801902629E-5
8.25E-5                   6.027434530800879E-5
8.26E-5                   5.961647259699904E-5
8.269999999999999E-5      5.8958599885997146E-5
8.28E-5                   5.830072717500291E-5
8.29E-5                   5.7642854464016443E-5
8.3E-5                    5.6984981753037734E-5
8.31E-5                   5.632710904206676E-5
8.319999999999999E-5      5.5669236331103645E-5
8.329999999999999E-5      5.5011363620148205E-5
8.34E-5                   5.435349090920051E-5
8.35E-5                   5.3695618198260574E-5
8.36E-5                   5.303774548732839E-5
8.37E-5                   5.237987277640398E-5
8.379999999999999E-5      5.1722000065487394E-5
8.389999999999999E-5      5.1064127354578487E-5
8.4E-5                    5.040625464367732E-5
8.41E-5                   4.974838193278392E-5
8.42E-5                   4.909050922189829E-5
8.43E-5                   4.84326365110204E-5
8.439999999999999E-5      4.777476380015036E-5
8.45E-5                   4.711689108928799E-5
8.46E-5                   4.645901837843337E-5
8.47E-5                   4.580114566758651E-5
8.48E-5                   4.5143272956747406E-5
8.489999999999999E-5      4.4485400245916134E-5
8.499999999999999E-5      4.3827527535092547E-5
8.51E-5                   4.316965482427671E-5
8.52E-5                   4.2511782113468634E-5
8.53E-5                   4.18539094026683E-5
8.54E-5                   4.119603669187574E-5
8.549999999999999E-5      4.0538163981091025E-5
8.56E-5                   3.988029127031396E-5
8.57E-5                   3.922241855954466E-5
8.58E-5                   3.856454584878311E-5
8.59E-5                   3.7906673138029325E-5
8.599999999999999E-5      3.724880042728338E-5
8.609999999999999E-5      3.659092771654509E-5
8.62E-5                   3.5933055005814576E-5
8.63E-5                   3.5275182295091806E-5
8.64E-5                   3.4617309584376795E-5
8.65E-5                   3.395943687366954E-5
8.659999999999999E-5      3.3301564162970136E-5
8.669999999999999E-5      3.264369145227838E-5
8.68E-5                   3.19858187415944E-5
8.69E-5                   3.132794603091816E-5
8.7E-5                    3.067007332024968E-5
8.709999999999999E-5      3.0012200609589043E-5
8.719999999999999E-5      2.935432789893608E-5
8.73E-5                   2.8696455188290873E-5
8.74E-5                   2.8038582477653416E-5
8.75E-5                   2.738070976702371E-5
8.76E-5                   2.672283705640177E-5
8.769999999999999E-5      2.606496434578767E-5
8.779999999999999E-5      2.5407091635181237E-5
8.79E-5                   2.4749218924582553E-5
8.8E-5                    2.4091346213991626E-5
8.81E-5                   2.343347350340846E-5
8.82E-5                   2.2987669801981872E-5
8.829999999999999E-5      2.280646225408962E-5
8.84E-5                   2.2625254706196467E-5
8.85E-5                   2.244404715830244E-5
8.86E-5                   2.2262839610407547E-5
8.87E-5                   2.2081632062511777E-5
8.879999999999999E-5      2.1900424514615155E-5
8.889999999999999E-5      2.1719216966717636E-5
8.9E-5                    2.153800941881925E-5
8.91E-5                   2.1356801870919982E-5
8.92E-5                   2.117559432301985E-5
8.93E-5                   2.099438677511884E-5
8.939999999999999E-5      2.081317922721698E-5
8.95E-5                   2.0631971679314226E-5
8.96E-5                   2.0450764131410595E-5
8.97E-5                   2.0269556583506096E-5
8.98E-5                   2.008834903560072E-5
8.989999999999999E-5      1.9907141487694496E-5
8.999999999999999E-5      1.9725933939787375E-5
9.01E-5                   1.9544726391879384E-5
9.02E-5                   1.9363518843970518E-5
9.03E-5                   1.9182311296060774E-5
9.04E-5                   1.9001103748150157E-5
9.049999999999999E-5      1.8819896200238702E-5
9.059999999999999E-5      1.863868865232634E-5
9.07E-5                   1.845748110441311E-5
9.08E-5                   1.8276273556499002E-5
9.09E-5                   1.8095066008584017E-5
9.099999999999999E-5      1.7913858460668192E-5
9.109999999999999E-5      1.773265091275147E-5
9.12E-5                   1.755144336483387E-5
9.13E-5                   1.7370235816915397E-5
9.14E-5                   1.7189028268996055E-5
9.15E-5                   1.7007820721075836E-5
9.159999999999999E-5      1.682661317315477E-5
9.169999999999999E-5      1.664540562523281E-5
9.18E-5                   1.646419807730997E-5
9.19E-5                   1.628299052938626E-5
9.2E-5                    1.6101782981461677E-5
9.21E-5                   1.5920575433536222E-5
9.219999999999999E-5      1.5739367885609914E-5
9.23E-5                   1.5558160337682712E-5
9.24E-5                   1.537695278975464E-5
9.25E-5                   1.5195745241825686E-5
9.26E-5                   1.5014537693895863E-5
9.269999999999999E-5      1.4833330145965194E-5
9.279999999999999E-5      1.4652122598033623E-5
9.29E-5                   1.4470915050101186E-5
9.3E-5                    1.4289707502167871E-5
9.31E-5                   1.4108499954233686E-5
9.32E-5                   1.3927292406298623E-5
9.329999999999999E-5      1.3746084858362709E-5
9.34E-5                   1.3564877310425903E-5
9.35E-5                   1.3383669762488223E-5
9.36E-5                   1.320246221454967E-5
9.37E-5                   1.3021254666610245E-5
9.379999999999999E-5      1.2840047118669969E-5
9.389999999999999E-5      1.2658839570728796E-5
9.4E-5                    1.2477632022786753E-5
9.41E-5                   1.2296424474843831E-5
9.42E-5                   1.211521692690004E-5
9.43E-5                   1.1934009378955377E-5
9.439999999999999E-5      1.1752801831009862E-5
9.449999999999999E-5      1.1571594283063449E-5
9.46E-5                   1.1390386735116165E-5
9.47E-5                   1.1209179187168005E-5
9.48E-5                   1.1027971639218978E-5
9.489999999999999E-5      1.0846764091269097E-5
9.499999999999999E-5      1.066555654331832E-5
9.51E-5                   1.048434899536667E-5
9.52E-5                   1.0303141447414146E-5
9.53E-5                   1.0121933899460747E-5
9.54E-5                   9.94072635150648E-6
9.549999999999999E-5      9.759518803551361E-6
9.559999999999999E-5      9.578311255595344E-6
9.57E-5                   9.397103707638455E-6
9.58E-5                   9.215896159680695E-6
9.59E-5                   9.034688611722059E-6
9.6E-5                    8.853481063762547E-6
9.609999999999999E-5      8.67227351580219E-6
9.62E-5                   8.491065967840938E-6
9.63E-5                   8.309858419878808E-6
9.64E-5                   8.128650871915808E-6
9.65E-5                   7.947443323951934E-6
9.659999999999999E-5      7.76623577598721E-6
9.669999999999999E-5      7.5850282280215906E-6
9.68E-5                   7.403820680055096E-6
9.69E-5                   7.22261313208773E-6
9.7E-5                    7.041405584119489E-6
9.71E-5                   6.860198036150375E-6
9.719999999999999E-5      6.678990488180414E-6
9.73E-5                   6.497782940209554E-6
9.74E-5                   6.316575392237821E-6
9.75E-5                   6.135367844265217E-6
9.76E-5                   5.954160296291735E-6
9.769999999999999E-5      5.772952748317408E-6
9.779999999999999E-5      5.5917452003421825E-6
9.79E-5                   5.410537652366085E-6
9.8E-5                    5.2293301043891125E-6
9.81E-5                   5.048122556411269E-6
9.82E-5                   4.866915008432549E-6
9.829999999999999E-5      4.685707460452983E-6
9.839999999999999E-5      4.5044999124725185E-6
9.85E-5                   4.323292364491182E-6
9.86E-5                   4.142084816508972E-6
9.87E-5                   3.960877268525888E-6
9.879999999999999E-5      3.779669720541954E-6
9.889999999999999E-5      3.5984621725571244E-6
9.9E-5                    3.417254624571422E-6
9.91E-5                   3.236047076584845E-6
9.92E-5                   3.054839528597395E-6
9.93E-5                   2.873631980609072E-6
9.939999999999999E-5      2.6924244326199006E-6
9.949999999999999E-5      2.511216884629832E-6
9.96E-5                   2.3300093366388895E-6
9.97E-5                   2.148801788647074E-6
9.98E-5                   1.9675942406543853E-6
9.989999999999999E-5      1.7863866926608483E-6
9.999999999999999E-5      1.6051791446664132E-6
1.001E-4                  1.423971596671105E-6
1.002E-4                  1.242764048674924E-6
1.003E-4                  1.0615565006778691E-6
1.004E-4                  8.803489526799414E-7
1.0049999999999999E-4     6.991414046811653E-7
1.0059999999999999E-4     6.443626530908498E-7
1.007E-4                  6.387253785852734E-7
1.008E-4                  6.330881040796889E-7
1.009E-4                  6.274508295740961E-7
1.01E-4                   6.218135550684953E-7
1.0109999999999999E-4     6.161762805628872E-7
1.012E-4                  6.105390060572701E-7
1.013E-4                  6.04901731551645E-7
1.014E-4                  5.992644570460116E-7
1.015E-4                  5.936271825403702E-7
1.0159999999999999E-4     5.879899080347215E-7
1.0169999999999999E-4     5.823526335290638E-7
1.018E-4                  5.767153590233981E-7
1.019E-4                  5.710780845177239E-7
1.02E-4                   5.654408100120419E-7
1.021E-4                  5.598035355063518E-7
1.0219999999999999E-4     5.54166261000654E-7
1.0229999999999999E-4     5.485289864949477E-7
1.024E-4                  5.428917119892332E-7
1.025E-4                  5.372544374835103E-7
1.026E-4                  5.316171629777795E-7
1.0269999999999999E-4     5.259798884720413E-7
1.0279999999999999E-4     5.203426139662942E-7
1.029E-4                  5.14705339460539E-7
1.03E-4                   5.090680649547757E-7
1.031E-4                  5.034307904490042E-7
1.032E-4                  4.977935159432246E-7
1.0329999999999999E-4     4.921562414374376E-7
1.0339999999999999E-4     4.865189669316418E-7
1.035E-4                  4.808816924258378E-7
1.036E-4                  4.752444179200256E-7
1.037E-4                  4.696071434142054E-7
1.0379999999999999E-4     4.639698689083778E-7
1.0389999999999999E-4     4.5833259440254133E-7
1.04E-4                   4.5269531989669664E-7
1.041E-4                  4.4705804539084386E-7
1.042E-4                  4.414207708849829E-7
1.043E-4                  4.357834963791139E-7
1.0439999999999999E-4     4.301462218732376E-7
1.0449999999999999E-4     4.2450894736735234E-7
1.046E-4                  4.18871672861459E-7
1.047E-4                  4.132343983555574E-7
1.048E-4                  4.0759712384964775E-7
1.049E-4                  4.019598493437299E-7
1.0499999999999999E-4     3.9632257483780485E-7
1.051E-4                  3.9068530033187064E-7
1.052E-4                  3.850480258259285E-7
1.053E-4                  3.7941075131997824E-7
1.054E-4                  3.737734768140198E-7
1.0549999999999999E-4     3.68136202308054E-7
1.0559999999999999E-4     3.6249892780207937E-7
1.057E-4                  3.568616532960965E-7
1.058E-4                  3.5122437879010555E-7
1.059E-4                  3.4558710428410654E-7
1.06E-4                   3.399498297780994E-7
1.0609999999999999E-4     3.343125552720848E-7
1.0619999999999999E-4     3.2867528076606134E-7
1.063E-4                  3.230380062600298E-7
1.064E-4                  3.1740073175399E-7
1.065E-4                  3.117634572479422E-7
1.0659999999999999E-4     3.06126182741887E-7
1.0669999999999999E-4     3.0048890823582284E-7
1.068E-4                  2.9485163372975067E-7
1.069E-4                  2.892143592236703E-7
1.07E-4                   2.8357708471758187E-7
1.071E-4                  2.779398102114852E-7
1.0719999999999999E-4     2.723025357053812E-7
1.0729999999999999E-4     2.6666526119926837E-7
1.074E-4                  2.610279866931474E-7
1.075E-4                  2.5539071218701826E-7
1.076E-4                  2.49753437680881E-7
1.0769999999999999E-4     2.4411616317473643E-7
1.0779999999999999E-4     2.3847888866858295E-7
1.079E-4                  2.3284161416242126E-7
1.08E-4                   2.2720433965625152E-7
1.081E-4                  2.2156706515007358E-7
1.082E-4                  2.159297906438876E-7
1.0829999999999999E-4     2.102925161376942E-7
1.0839999999999999E-4     2.0465524163149194E-7
1.085E-4                  1.9901796712528152E-7
1.086E-4                  1.93380692619063E-7
1.087E-4                  1.877434181128363E-7
1.0879999999999999E-4     1.8210614360660235E-7
1.0889999999999999E-4     1.7646886910035945E-7
1.0899999999999999E-4     1.708315945941084E-7
1.091E-4                  1.651943200878492E-7
1.092E-4                  1.5955704558158188E-7
1.093E-4                  1.539197710753065E-7
1.0939999999999999E-4     1.4828249656902371E-7
1.0949999999999999E-4     1.4264522206273203E-7
1.096E-4                  1.3700794755643222E-7
1.097E-4                  1.3137067305012428E-7
1.098E-4                  1.257333985438082E-7
1.099E-4                  1.20096124037484E-7
1.0999999999999999E-4     1.1445884953115242E-7
1.1009999999999999E-4     1.0882157502481196E-7
1.102E-4                  1.031843005184634E-7
1.103E-4                  9.754702601210669E-8
1.104E-4                  9.190975150574188E-8
1.1049999999999999E-4     8.627247699936966E-8
1.1059999999999999E-4     8.063520249298858E-8
1.107E-4                  7.499792798659935E-8
1.108E-4                  6.936065348020199E-8
1.109E-4                  6.372337897379651E-8
1.11E-4                   5.808610446738292E-8
1.1109999999999999E-4     5.244882996096196E-8
1.1119999999999999E-4     4.681155545453207E-8
1.113E-4                  4.117428094809408E-8
1.114E-4                  3.553700644164797E-8
1.115E-4                  2.9899731935193725E-8
1.1159999999999999E-4     2.4262457428732118E-8
1.1169999999999999E-4     1.8625182922261614E-8
1.118E-4                  1.2987908415782977E-8
1.119E-4                  7.3506339092962345E-9
1.12E-4                   1.7133594028013346E-9
1.121E-4                  -3.923915103701676E-9
1.1219999999999999E-4     -9.561189610212054E-9
1.1229999999999999E-4     -1.519846411673133E-8
1.124E-4                  -2.083573862325873E-8
1.125E-4                  -2.6473013129794256E-8
1.126E-4                  -3.211028763633792E-8
1.1269999999999999E-4     -3.774756214288894E-8
1.1279999999999999E-4     -4.338483664944885E-8
1.1289999999999999E-4     -4.9022111156016884E-8
1.13E-4                   -4.8392565821412926E-8
1.131E-4                  -4.773346464244662E-8
1.132E-4                  -4.707436346349255E-8
1.1329999999999999E-4     -4.641526228455079E-8
1.1339999999999999E-4     -4.57561611056212E-8
1.135E-4                  -4.509705992670382E-8
1.136E-4                  -4.443795874779869E-8
1.137E-4                  -4.377885756890578E-8
1.138E-4                  -4.31197563900251E-8
1.1389999999999999E-4     -4.246065521115676E-8
1.1399999999999999E-4     -4.1801554032300565E-8
1.141E-4                  -4.114245285345659E-8
1.142E-4                  -4.0483351674624865E-8
1.143E-4                  -3.982425049580535E-8
1.1439999999999999E-4     -3.916514931699817E-8
1.1449999999999999E-4     -3.850604813820314E-8
1.146E-4                  -3.7846946959420347E-8
1.147E-4                  -3.7187845780649786E-8
1.148E-4                  -3.652874460189145E-8
1.149E-4                  -3.586964342314536E-8
1.1499999999999999E-4     -3.521054224441158E-8
1.1509999999999999E-4     -3.455144106568995E-8
1.152E-4                  -3.3892339886980545E-8
1.153E-4                  -3.323323870828337E-8
1.154E-4                  -3.2574137529598435E-8
1.1549999999999999E-4     -3.1915036350925826E-8
1.1559999999999999E-4     -3.125593517226538E-8
1.157E-4                  -3.059683399361714E-8
1.158E-4                  -2.993773281498115E-8
1.159E-4                  -2.9278631636357382E-8
1.16E-4                   -2.8619530457745852E-8
1.1609999999999999E-4     -2.7960429279146647E-8
1.1619999999999999E-4     -2.7301328100559572E-8
1.163E-4                  -2.6642226921984746E-8
1.164E-4                  -2.5983125743422152E-8
1.165E-4                  -2.5324024564871794E-8
1.1659999999999999E-4     -2.4664923386333757E-8
1.1669999999999999E-4     -2.4005822207807867E-8
1.1679999999999999E-4     -2.33467210292942E-8
1.169E-4                  -2.2687619850792776E-8
1.17E-4                   -2.2028518672303586E-8
1.171E-4                  -2.1369417493826622E-8
1.1719999999999999E-4     -2.0710316315361983E-8
1.1729999999999999E-4     -2.0051215136909493E-8
1.174E-4                  -1.9392113958469233E-8
1.175E-4                  -1.8733012780041214E-8
1.176E-4                  -1.807391160162542E-8
1.177E-4                  -1.741481042322186E-8
1.1779999999999999E-4     -1.675570924483063E-8
1.1789999999999999E-4     -1.6096608066451537E-8
1.18E-4                   -1.543750688808469E-8
1.181E-4                  -1.4778405709730048E-8
1.182E-4                  -1.4119304531387663E-8
1.1829999999999999E-4     -1.3460203353057598E-8
1.1839999999999999E-4     -1.2801102174739672E-8
1.185E-4                  -1.2142000996433984E-8
1.186E-4                  -1.1482899818140525E-8
1.187E-4                  -1.0823798639859306E-8
1.188E-4                  -1.0164697461590326E-8
1.1889999999999999E-4     -9.50559628333366E-9
1.1899999999999999E-4     -8.846495105089124E-9
1.191E-4                  -8.187393926856838E-9
1.192E-4                  -7.52829274863679E-9
1.193E-4                  -6.86919157042897E-9
1.1939999999999999E-4     -6.210090392233471E-9
1.1949999999999999E-4     -5.55098921405012E-9
1.196E-4                  -4.891888035879001E-9
1.197E-4                  -4.23278685772012E-9
1.198E-4                  -3.5736856795734644E-9
1.199E-4                  -2.9145845014390385E-9
1.1999999999999999E-4     -2.2554833233169414E-9
1.2009999999999999E-4     -1.5963821452069926E-9
1.202E-4                  -9.372809671092762E-10
1.203E-4                  -2.781797890237941E-10
1.204E-4                  3.809213890494559E-10
1.2049999999999999E-4     1.0400225671103826E-9
1.2059999999999999E-4     1.699123745159168E-9
1.2069999999999999E-4     2.3582249231957153E-9
1.208E-4                  3.017326101220029E-9
1.209E-4                  3.676427279232111E-9
1.21E-4                   4.3355284572319674E-9
1.2109999999999999E-4     4.994629635219485E-9
1.2119999999999999E-4     5.653730813194872E-9
1.213E-4                  6.312831991158022E-9
1.214E-4                  6.9719331691089315E-9
1.215E-4                  7.631034347047618E-9
1.216E-4                  8.290135524974064E-9
1.2169999999999999E-4     8.949236702888188E-9
1.2179999999999999E-4     9.608337880790166E-9
1.219E-4                  1.026743905867991E-8
1.22E-4                   1.0926540236557429E-8
1.2209999999999999E-4     1.1585641414422617E-8
1.222E-4                  1.2244742592275665E-8
1.223E-4                  1.290384377011647E-8
1.224E-4                  1.3562944947945049E-8
1.225E-4                  1.4222046125761397E-8
1.226E-4                  1.4881147303565509E-8
1.227E-4                  1.5540248481357374E-8
1.228E-4                  1.619934965913702E-8
1.229E-4                  1.6858450836904437E-8
1.2299999999999998E-4     1.7517552014659425E-8
1.2309999999999998E-4     1.8176653192402382E-8
1.2319999999999999E-4     1.883575437013308E-8
1.233E-4                  1.949485554785156E-8
1.234E-4                  2.01539567255578E-8
1.235E-4                  2.0813057903251825E-8
1.236E-4                  2.1472159080933584E-8
1.237E-4                  2.213126025860312E-8
1.238E-4                  2.2790361436260435E-8
1.239E-4                  2.344946261390551E-8
1.24E-4                   2.4108563791538344E-8
1.241E-4                  2.4767664969158948E-8
1.2419999999999998E-4     2.542676614676714E-8
1.2429999999999999E-4     2.608586732436328E-8
1.244E-4                  2.6744968501947184E-8
1.245E-4                  2.7404069679518858E-8
1.246E-4                  2.8063170857078294E-8
1.247E-4                  2.87222720346255E-8
1.248E-4                  2.9381373212160475E-8
1.249E-4                  3.004047438968321E-8
1.25E-4                   3.0699575567193707E-8
1.251E-4                  3.1358676744691984E-8
1.252E-4                  3.201777792217802E-8
1.2529999999999998E-4     3.267687909965164E-8
1.2539999999999999E-4     3.333598027711321E-8
1.255E-4                  3.3995081454562564E-8
1.256E-4                  3.465418263199964E-8
1.257E-4                  3.531328380942451E-8
1.258E-4                  3.5972384986837154E-8
1.259E-4                  3.663148616423756E-8
1.26E-4                   3.729058734162572E-8
1.261E-4                  3.794968851900166E-8
1.262E-4                  3.8608789696365354E-8
1.263E-4                  3.926789087371683E-8
1.2639999999999998E-4     3.992699205105588E-8
1.2649999999999998E-4     4.0586093228382876E-8
1.266E-4                  4.1245194405697645E-8
1.267E-4                  4.190429558300018E-8
1.268E-4                  4.2563396760290476E-8
1.269E-4                  4.3222497937568545E-8
1.27E-4                   4.3881599114834364E-8
1.271E-4                  4.454070029208797E-8
1.272E-4                  4.5199801469329336E-8
1.273E-4                  4.585890264655847E-8
1.274E-4                  4.6518003823775366E-8
1.2749999999999998E-4     4.7177105000979855E-8
1.2759999999999998E-4     4.783620617817229E-8
1.277E-4                  4.849530735535248E-8
1.278E-4                  4.915440853252044E-8
1.279E-4                  4.981350970967617E-8
1.28E-4                   4.925617321371909E-8
1.281E-4                  4.869309970225495E-8
1.282E-4                  4.813002619078248E-8
1.283E-4                  4.7566952679301646E-8
1.284E-4                  4.7003879167812526E-8
1.285E-4                  4.644080565631502E-8
1.2859999999999998E-4     4.587773214480935E-8
1.2869999999999998E-4     4.53146586332952E-8
1.288E-4                  4.475158512177269E-8
1.289E-4                  4.418851161024186E-8
1.29E-4                   4.36254380987027E-8
1.291E-4                  4.306236458715519E-8
1.292E-4                  4.249929107559932E-8
1.293E-4                  4.1936217564035136E-8
1.294E-4                  4.137314405246263E-8
1.295E-4                  4.081007054088175E-8
1.296E-4                  4.024699702929257E-8
1.2969999999999998E-4     3.9683923517695174E-8
1.2979999999999998E-4     3.9120850006089315E-8
1.2989999999999999E-4     3.8557776494475085E-8
1.3E-4                    3.799470298285255E-8
1.301E-4                  3.7431629471221665E-8
1.302E-4                  3.6868555959582435E-8
1.303E-4                  3.630548244793488E-8
1.304E-4                  3.5742408936278973E-8
1.305E-4                  3.517933542461475E-8
1.306E-4                  3.4616261912942167E-8
1.307E-4                  3.405318840126126E-8
1.3079999999999998E-4     3.349011488957217E-8
1.3089999999999998E-4     3.292704137787458E-8
1.3099999999999999E-4     3.2363967866168656E-8
1.311E-4                  3.180089435445439E-8
1.312E-4                  3.1237820842731794E-8
1.313E-4                  3.067474733100086E-8
1.314E-4                  3.011167381926159E-8
1.315E-4                  2.9548600307513982E-8
1.316E-4                  2.8985526795758033E-8
1.317E-4                  2.842245328399374E-8
1.318E-4                  2.7859379772221128E-8
1.3189999999999998E-4     2.7296306260440317E-8
1.3199999999999998E-4     2.673323274865102E-8
1.3209999999999999E-4     2.6170159236853374E-8
1.322E-4                  2.56070857250474E-8
1.323E-4                  2.5044012213233106E-8
1.324E-4                  2.4480938701410453E-8
1.325E-4                  2.3917865189579476E-8
1.326E-4                  2.335479167774014E-8
1.327E-4                  2.2791718165892474E-8
1.328E-4                  2.2228644654036496E-8
1.329E-4                  2.1665571142172147E-8
1.33E-4                   2.1102497630299476E-8
1.3309999999999998E-4     2.0539424118418616E-8
1.3319999999999999E-4     1.9976350606529266E-8
1.333E-4                  1.941327709463159E-8
1.334E-4                  1.8850203582725566E-8
1.335E-4                  1.8287130070811212E-8
1.336E-4                  1.772405655888851E-8
1.337E-4                  1.7160983046957477E-8
1.338E-4                  1.6597909535018092E-8
1.339E-4                  1.6034836023070387E-8
1.34E-4                   1.547176251111434E-8
1.341E-4                  1.4908688999149958E-8
1.3419999999999998E-4     1.4345615487177388E-8
1.3429999999999998E-4     1.3782541975196329E-8
1.344E-4                  1.3219468463206931E-8
1.345E-4                  1.2656394951209196E-8
1.346E-4                  1.2093321439203133E-8
1.347E-4                  1.153024792718872E-8
1.348E-4                  1.0967174415165965E-8
1.349E-4                  1.0404100903134881E-8
1.35E-4                   9.841027391095458E-9
1.351E-4                  9.277953879047701E-9
1.352E-4                  8.714880366991601E-9
1.3529999999999998E-4     8.15180685492732E-9
1.3539999999999998E-4     7.58873334285455E-9
1.355E-4                  7.025659830773442E-9
1.356E-4                  6.462586318683994E-9
1.357E-4                  5.899512806586207E-9
1.358E-4                  5.336439294480089E-9
1.359E-4                  4.773365782365624E-9
1.36E-4                   4.2102922702428275E-9
1.361E-4                  3.6472187581116947E-9
1.362E-4                  3.0841452459722273E-9
1.363E-4                  2.5210717338244095E-9
1.3639999999999998E-4     1.9579982216684216E-9
1.3649999999999998E-4     1.3949247095039287E-9
1.3659999999999999E-4     8.318511973311118E-10
1.367E-4                  2.687776851499493E-10
1.368E-4                  -2.9429582703954276E-10
1.369E-4                  -8.573693392373806E-10
1.37E-4                   -1.420442851443549E-9
1.371E-4                  -1.9835163636580616E-9
1.372E-4                  -2.5465898758809026E-9
1.373E-4                  -3.10966338811209E-9
1.374E-4                  -3.672736900351609E-9
1.3749999999999998E-4     -4.235810412599312E-9
1.3759999999999998E-4     -4.798883924855515E-9
1.3769999999999999E-4     -5.361957437120047E-9
1.378E-4                  -5.925030949392915E-9
1.379E-4                  -6.488104461674131E-9
1.38E-4                   -7.051177973963676E-9
1.381E-4                  -7.61425148626156E-9
1.382E-4                  -8.177324998567787E-9
1.383E-4                  -8.740398510882346E-9
1.384E-4                  -9.30347202320524E-9
1.385E-4                  -9.86654553553647E-9
1.3859999999999998E-4     -1.0429619047875888E-8
1.3869999999999998E-4     -1.0992692560223803E-8
1.3879999999999999E-4     -1.155576607258004E-8
1.389E-4                  -1.2118839584944632E-8
1.39E-4                   -1.2681913097317552E-8
1.391E-4                  -1.3244986609698805E-8
1.392E-4                  -1.3808060122088399E-8
1.393E-4                  -1.4371133634486339E-8
1.394E-4                  -1.493420714689261E-8
1.395E-4                  -1.549728065930722E-8
1.396E-4                  -1.6060354171730166E-8
1.3969999999999998E-4     -1.6623427684161286E-8
1.3979999999999998E-4     -1.7186501196600913E-8
1.3989999999999999E-4     -1.7749574709048878E-8
1.4E-4                    -1.8312648221505164E-8
1.401E-4                  -1.88757217339698E-8
1.402E-4                  -1.9438795246442767E-8
1.403E-4                  -2.0001868758924077E-8
1.404E-4                  -2.056494227141373E-8
1.405E-4                  -2.1128015783911705E-8
1.406E-4                  -2.1691089296418032E-8
1.407E-4                  -2.2254162808932698E-8
1.408E-4                  -2.2817236321455688E-8
1.4089999999999998E-4     -2.3380309833986867E-8
1.4099999999999998E-4     -2.3943383346526537E-8
1.411E-4                  -2.4506456859074544E-8
1.412E-4                  -2.5069530371630886E-8
1.413E-4                  -2.563260388419557E-8
1.414E-4                  -2.6195677396768594E-8
1.415E-4                  -2.6758750909349953E-8
1.416E-4                  -2.7321824421939647E-8
1.417E-4                  -2.7884897934537676E-8
1.418E-4                  -2.8447971447144056E-8
1.419E-4                  -2.9011044959758757E-8
1.4199999999999998E-4     -2.9574118472381657E-8
1.4209999999999998E-4     -3.013719198501303E-8
1.422E-4                  -3.070026549765275E-8
1.423E-4                  -3.126333901030081E-8
1.424E-4                  -3.1826412522957204E-8
1.425E-4                  -3.238948603562194E-8
1.426E-4                  -3.2952559548295014E-8
1.427E-4                  -3.351563306097641E-8
1.428E-4                  -3.407870657366617E-8
1.429E-4                  -3.4641780086364256E-8
1.43E-4                   -3.4254986313376224E-8
1.4309999999999998E-4     -3.3863712735583534E-8
1.4319999999999998E-4     -3.3472439157796264E-8
1.433E-4                  -3.3081165580014526E-8
1.434E-4                  -3.268989200223835E-8
1.435E-4                  -3.2298618424467706E-8
1.436E-4                  -3.1907344846702624E-8
1.437E-4                  -3.151607126894306E-8
1.438E-4                  -3.1124797691189057E-8
1.439E-4                  -3.073352411344059E-8
1.44E-4                   -3.034225053569767E-8
1.441E-4                  -2.995097695796029E-8
1.4419999999999998E-4     -2.9559703380228563E-8
1.4429999999999998E-4     -2.9168429802502282E-8
1.4439999999999999E-4     -2.8777156224781534E-8
1.445E-4                  -2.8385882647066328E-8
1.446E-4                  -2.7994609069356677E-8
1.447E-4                  -2.7603335491652552E-8
1.448E-4                  -2.721206191395398E-8
1.449E-4                  -2.6820788336260954E-8
1.45E-4                   -2.642951475857345E-8
1.451E-4                  -2.6038241180891518E-8
1.452E-4                  -2.5646967603215116E-8
1.4529999999999998E-4     -2.5255694025544366E-8
1.4539999999999998E-4     -2.4864420447879052E-8
1.4549999999999999E-4     -2.4473146870219277E-8
1.456E-4                  -2.408187329256506E-8
1.457E-4                  -2.3690599714916376E-8
1.458E-4                  -2.3299326137273234E-8
1.459E-4                  -2.2908052559635637E-8
1.46E-4                   -2.251677898200358E-8
1.461E-4                  -2.2125505404377073E-8
1.462E-4                  -2.1734231826756106E-8
1.463E-4                  -2.1342958249140684E-8
1.4639999999999998E-4     -2.095168467153091E-8
1.4649999999999998E-4     -2.0560411093926572E-8
1.4659999999999999E-4     -2.0169137516327784E-8
1.467E-4                  -1.9777863938734534E-8
1.468E-4                  -1.9386590361146836E-8
1.469E-4                  -1.8995316783564666E-8
1.47E-4                   -1.8604043205988046E-8
1.471E-4                  -1.8212769628416974E-8
1.472E-4                  -1.7821496050851445E-8
1.473E-4                  -1.7430222473291444E-8
1.474E-4                  -1.7038948895737005E-8
1.4749999999999998E-4     -1.664767531818821E-8
1.4759999999999998E-4     -1.625640174064485E-8
1.4769999999999999E-4     -1.586512816310704E-8
1.478E-4                  -1.5473854585574768E-8
1.479E-4                  -1.5082581008048033E-8
1.48E-4                   -1.4691307430526843E-8
1.481E-4                  -1.4300033853011203E-8
1.482E-4                  -1.3908760275501104E-8
1.483E-4                  -1.3517486697996551E-8
1.484E-4                  -1.3126213120497543E-8
1.485E-4                  -1.2734939543004078E-8
1.4859999999999998E-4     -1.2343665965516252E-8
1.4869999999999998E-4     -1.1952392388033876E-8
1.4879999999999998E-4     -1.1561118810557026E-8
1.489E-4                  -1.1169845233085734E-8
1.49E-4                   -1.0778571655619986E-8
1.491E-4                  -1.0387298078159775E-8
1.492E-4                  -9.996024500705112E-9
1.493E-4                  -9.604750923255992E-9
1.494E-4                  -9.213477345812412E-9
1.495E-4                  -8.82220376837438E-9
1.496E-4                  -8.430930190941885E-9
1.497E-4                  -8.039656613514936E-9
1.4979999999999998E-4     -7.648383036093637E-9
1.4989999999999998E-4     -7.257109458677776E-9
1.5E-4                    -6.865835881267459E-9
