% Model:              20230225_JW_4_25.mph
% Version:            COMSOL 5.6.0.401
% Date:               Feb 25 2023, 20:52
% Dimension:          1
% Nodes:              1501
% Expressions:        1
% Description:        点图
% X                       Height
0                         0.19299357701173173
1.0E-7                    0.19253207981868983
2.0E-7                    0.19247704512863104
3.0E-7                    0.2030959135231312
4.0E-7                    0.2157605634360498
5.0E-7                    0.2210913460858173
6.0E-7                    0.22485700800760677
7.0E-7                    0.22761113797817709
8.0E-7                    0.22739081686646528
9.0E-7                    0.2284313585982651
1.0E-6                    0.22732225456273164
1.1E-6                    0.22514488888653436
1.2E-6                    0.22294076104043642
1.2999999999999998E-6     0.22076932470929814
1.4E-6                    0.21817844420997168
1.5E-6                    0.2154634635071869
1.6E-6                    0.21244781139018024
1.6999999999999998E-6     0.20956311508473638
1.8E-6                    0.20661533851810807
1.9E-6                    0.20360131970390463
2.0E-6                    0.20058419191176727
2.1E-6                    0.19763279828838307
2.2E-6                    0.1946243750482891
2.3E-6                    0.19175140476809335
2.4E-6                    0.18888360230995865
2.4999999999999998E-6     0.18606827175915605
2.5999999999999997E-6     0.1832758406438531
2.7E-6                    0.1805460116711733
2.8E-6                    0.17786147413092154
2.8999999999999998E-6     0.17522799723719581
3.0E-6                    0.1726126741101439
3.1E-6                    0.17002246852914746
3.2E-6                    0.16748732573039227
3.2999999999999997E-6     0.16499151590445524
3.3999999999999996E-6     0.16251936372642856
3.5E-6                    0.16010181473786375
3.6E-6                    0.1577157750807049
3.6999999999999997E-6     0.15535849513258257
3.8E-6                    0.15303792553847018
3.9E-6                    0.15075407776103528
4.0E-6                    0.14853522640281167
4.1E-6                    0.14628457577709741
4.2E-6                    0.1440732975884018
4.2999999999999995E-6     0.14211343904387674
4.4E-6                    0.14007267973564178
4.5E-6                    0.13710301425387617
4.6E-6                    0.13431069500148804
4.7E-6                    0.13470114107548364
4.8E-6                    0.13131124875777747
4.9E-6                    0.12963143899005491
4.9999999999999996E-6     0.12763113264589238
5.0999999999999995E-6     0.12591560080422096
5.199999999999999E-6      0.12379417439853385
5.3E-6                    0.1222801427827388
5.4E-6                    0.12023731889848584
5.5E-6                    0.11861178134598299
5.6E-6                    0.1168141902329052
5.7E-6                    0.1150769740226992
5.7999999999999995E-6     0.11328742970770762
5.899999999999999E-6      0.11166154712097542
6.0E-6                    0.10996387817035674
6.1E-6                    0.10825601467761423
6.2E-6                    0.10674942591548024
6.3E-6                    0.10511110675019976
6.4E-6                    0.1035415663566591
6.5E-6                    0.1019679625577516
6.5999999999999995E-6     0.10046658890035443
6.699999999999999E-6      0.09896443615694735
6.799999999999999E-6      0.09747054178350786
6.9E-6                    0.0960326790697349
7.0E-6                    0.09458321369189167
7.1E-6                    0.09317939512739498
7.2E-6                    0.09178418283726773
7.2999999999999996E-6     0.09041633809104982
7.3999999999999995E-6     0.08906288463955035
7.499999999999999E-6      0.0877347227849713
7.6E-6                    0.08642638817128469
7.699999999999999E-6      0.08513586886627279
7.8E-6                    0.08386451272074692
7.899999999999999E-6      0.08261574101715591
8.0E-6                    0.08138047114762155
8.1E-6                    0.08017299406721415
8.2E-6                    0.07904458461088111
8.3E-6                    0.07759827400924604
8.4E-6                    0.07650459476168588
8.5E-6                    0.0752727839381366
8.599999999999999E-6      0.07441155499739359
8.7E-6                    0.07328093746017668
8.8E-6                    0.07212061577856742
8.9E-6                    0.07108882408125586
9.0E-6                    0.06999580699631036
9.1E-6                    0.06888626382265889
9.2E-6                    0.06792884327347305
9.299999999999999E-6      0.06693818326969266
9.4E-6                    0.06593150388951213
9.499999999999999E-6      0.0649472832369669
9.6E-6                    0.06398913412442495
9.7E-6                    0.06302107954518255
9.8E-6                    0.062094815032365316
9.9E-6                    0.06116492280764094
9.999999999999999E-6      0.060241466875024234
1.01E-5                   0.05935268563280827
1.0199999999999999E-5     0.05846315982410625
1.03E-5                   0.0575948725703568
1.0399999999999999E-5     0.056726361267990334
1.05E-5                   0.05588576732819611
1.06E-5                   0.055053940729100394
1.07E-5                   0.05423155172022647
1.08E-5                   0.05341617260404719
1.0899999999999999E-5     0.05262602101265145
1.1E-5                    0.0518411112026058
1.1099999999999999E-5     0.05106209590465789
1.12E-5                   0.050302808532446154
1.13E-5                   0.04955139212461053
1.14E-5                   0.04881169194888089
1.15E-5                   0.048084360248153
1.1599999999999999E-5     0.04736427374425146
1.17E-5                   0.0466587450344071
1.1799999999999999E-5     0.04596294243439346
1.19E-5                   0.04527401719191106
1.2E-5                    0.04460081210205978
1.21E-5                   0.04393500603716123
1.22E-5                   0.043278001300603525
1.2299999999999999E-5     0.04263369525798926
1.24E-5                   0.04199611198240029
1.2499999999999999E-5     0.04136976358285352
1.26E-5                   0.04075354376173316
1.2699999999999999E-5     0.04014327439297996
1.28E-5                   0.03954494315357366
1.29E-5                   0.038955736543931266
1.3E-5                    0.03837301628930038
1.31E-5                   0.03779847869173519
1.3199999999999999E-5     0.037235920545721654
1.33E-5                   0.03668754052885541
1.3399999999999999E-5     0.036150236490026584
1.35E-5                   0.03559493575217091
1.3599999999999999E-5     0.03503427490884034
1.37E-5                   0.034559642828015436
1.38E-5                   0.0339962074439782
1.3899999999999999E-5     0.03352691738907109
1.4E-5                    0.032991460216413415
1.4099999999999999E-5     0.032521341184942466
1.42E-5                   0.03203161771838063
1.4299999999999999E-5     0.03154931832359546
1.44E-5                   0.031084720541035064
1.45E-5                   0.03061511400252551
1.4599999999999999E-5     0.03015841577612033
1.47E-5                   0.02970888794784523
1.4799999999999999E-5     0.0292635615271616
1.49E-5                   0.028829206428931407
1.4999999999999999E-5     0.028398088896271486
1.51E-5                   0.027973993542195336
1.52E-5                   0.02755677301617333
1.53E-5                   0.027145386890440232
1.5399999999999998E-5     0.026739203637591042
1.55E-5                   0.026341560971868974
1.56E-5                   0.025948646908157968
1.57E-5                   0.025559760404718367
1.5799999999999998E-5     0.02517857180743727
1.59E-5                   0.024803998750243868
1.6E-5                    0.024435889409819382
1.61E-5                   0.024071414484563132
1.62E-5                   0.023707509308074966
1.63E-5                   0.0233584924641932
1.64E-5                   0.02300947580694996
1.6499999999999998E-5     0.022665821369313083
1.66E-5                   0.022328403648851417
1.67E-5                   0.021990986111827582
1.68E-5                   0.021666107288174037
1.69E-5                   0.021342813896159576
1.7E-5                    0.021023037141932217
1.71E-5                   0.020710970976095942
1.7199999999999998E-5     0.020398904932443344
1.73E-5                   0.020096299829671208
1.74E-5                   0.019797041863340078
1.75E-5                   0.019499518493664336
1.76E-5                   0.019210828125064493
1.77E-5                   0.018922137859617372
1.78E-5                   0.01864320158781182
1.7899999999999998E-5     0.01837105500410238
1.8E-5                    0.01809890852484898
1.81E-5                   0.017826762145382164
1.82E-5                   0.017554615861032418
1.8299999999999998E-5     0.017291351977136115
1.84E-5                   0.017039369667502698
1.85E-5                   0.016787387422033992
1.8599999999999998E-5     0.016535405237027234
1.87E-5                   0.01628342310877963
1.88E-5                   0.01603697264069956
1.89E-5                   0.015803971980459457
1.8999999999999998E-5     0.015570971401969436
1.91E-5                   0.015337970902301977
1.92E-5                   0.015104970478529576
1.9299999999999998E-5     0.014874407206866511
1.94E-5                   0.014658528531334708
1.95E-5                   0.014442649894803863
1.96E-5                   0.014226771294944032
1.9699999999999998E-5     0.014010892729425262
1.98E-5                   0.013795014195917598
1.99E-5                   0.013595177662113543
1.9999999999999998E-5     0.013395450108401315
2.01E-5                   0.013195722597722725
2.02E-5                   0.01299599512823643
2.03E-5                   0.012796267698101054
2.0399999999999998E-5     0.012609369863675397
2.05E-5                   0.012424840324231547
2.06E-5                   0.012240310818124175
2.07E-5                   0.012055781343895901
2.0799999999999997E-5     0.011871251900089346
2.09E-5                   0.011695926108921194
2.1E-5                    0.011524637682668
2.1099999999999998E-5     0.011353349274908255
2.12E-5                   0.011182060884481348
2.13E-5                   0.011010772510226677
2.14E-5                   0.010846686565590537
2.1499999999999997E-5     0.010688589398314033
2.16E-5                   0.010530492257898837
2.17E-5                   0.010372395143429415
2.1799999999999998E-5     0.01021429805399022
2.19E-5                   0.010060873085356671
2.2E-5                    0.009914546949871086
2.21E-5                   0.009768220823866946
2.2199999999999998E-5     0.009621894706618313
2.23E-5                   0.009475568597399236
2.24E-5                   0.00933175663885434
2.2499999999999998E-5     0.0091955749907363
2.26E-5                   0.009059393359222056
2.27E-5                   0.008923211743729807
2.28E-5                   0.008787030143677725
2.2899999999999998E-5     0.008652029535308376
2.3E-5                    0.008527807161314904
2.31E-5                   0.008403584795668917
2.3199999999999998E-5     0.008279362437923163
2.33E-5                   0.008155140087630387
2.34E-5                   0.008030917744343346
2.35E-5                   0.007911576834741718
2.3599999999999998E-5     0.007792494657177533
2.37E-5                   0.007673412489001602
2.38E-5                   0.007554330329826126
2.3899999999999998E-5     0.007438494889604358
2.4E-5                    0.007329703727746553
2.41E-5                   0.0072209125643346184
2.42E-5                   0.007112121399075086
2.4299999999999998E-5     0.007006370207553777
2.44E-5                   0.006907796851182135
2.45E-5                   0.006809223507182253
2.4599999999999998E-5     0.006710617358001683
2.4699999999999997E-5     0.006606725041916196
2.48E-5                   0.006502832730795567
2.49E-5                   0.00640118193561418
2.4999999999999998E-5     0.0063056051755922314
2.51E-5                   0.00621002841051691
2.52E-5                   0.006121370409240541
2.53E-5                   0.0060336301519805765
2.5399999999999997E-5     0.005941303639756298
2.55E-5                   0.005847322646126351
2.56E-5                   0.0057603672768704265
2.5699999999999998E-5     0.005675149795626621
2.58E-5                   0.005593010875856926
2.59E-5                   0.0055113381336218785
2.6E-5                    0.005426613183793039
2.6099999999999997E-5     0.005341693340316871
2.62E-5                   0.00526454715921464
2.63E-5                   0.005187377244327423
2.6399999999999998E-5     0.005109886510063383
2.65E-5                   0.005032685300130665
2.66E-5                   0.0049573282431336135
2.67E-5                   0.004882708158318087
2.6799999999999998E-5     0.004810990665043716
2.69E-5                   0.004739318197621736
2.7E-5                    0.004667767885355722
2.7099999999999998E-5     0.004597522805598779
2.7199999999999997E-5     0.0045298560754732705
2.73E-5                   0.004462378668268089
2.74E-5                   0.004395181848716865
2.7499999999999998E-5     0.0043296829683922506
2.76E-5                   0.004266101163879041
2.77E-5                   0.004202519359266296
2.7799999999999998E-5     0.004138937554494328
2.7899999999999997E-5     0.004077447676777838
2.8E-5                    0.004017333402456832
2.81E-5                   0.003957219130446341
2.8199999999999998E-5     0.0038971048606960853
2.83E-5                   0.00383942735748326
2.84E-5                   0.003782619909797393
2.8499999999999998E-5     0.0037258124619102134
2.8599999999999997E-5     0.0036690050137794484
2.87E-5                   0.003615212499733301
2.88E-5                   0.003561868541268834
2.8899999999999998E-5     0.0035085245843705054
2.9E-5                    0.0034551915231099367
2.91E-5                   0.0034045106887850736
2.9199999999999998E-5     0.003353829854485431
2.9299999999999997E-5     0.003303149020181094
2.94E-5                   0.0032530803935404686
2.95E-5                   0.0032068458094409256
2.9599999999999998E-5     0.0031606112260707036
2.97E-5                   0.003114376643406859
2.98E-5                   0.0030681420614264467
2.99E-5                   0.0030219074801065204
2.9999999999999997E-5     0.002975672899424137
3.01E-5                   0.002929438319356346
3.02E-5                   0.0028851969231663555
3.0299999999999998E-5     0.002843885109840912
3.04E-5                   0.0028025732967074226
3.05E-5                   0.0027612614837496277
3.06E-5                   0.0027199496709512626
3.07E-5                   0.0026786378582960633
3.0799999999999996E-5     0.0026373260457677726
3.09E-5                   0.0025960142333501207
3.1E-5                    0.002557841346175684
3.11E-5                   0.002521199920795041
3.12E-5                   0.0024845584958400483
3.13E-5                   0.002447917071299295
3.14E-5                   0.002411275647161372
3.15E-5                   0.002374634223414861
3.1599999999999996E-5     0.002337992800048355
3.17E-5                   0.002301351377050438
3.18E-5                   0.002268393791099897
3.1899999999999996E-5     0.0022356743009707644
3.2E-5                    0.002202954810912336
3.21E-5                   0.0021702353209165264
3.22E-5                   0.0021375158309752504
3.23E-5                   0.0021047963410804156
3.24E-5                   0.002072076851223938
3.25E-5                   0.0020401160531496546
3.26E-5                   0.0020110707692607786
3.2699999999999995E-5     0.001982025485564293
3.28E-5                   0.0019529802020545144
3.29E-5                   0.0019239349187257703
3.2999999999999996E-5     0.0018948896355723821
3.31E-5                   0.0018658443525886692
3.32E-5                   0.0018367990697689546
3.3299999999999996E-5     0.0018092411330216508
3.34E-5                   0.0017833357546328107
3.35E-5                   0.0017574303763222214
3.36E-5                   0.0017315249980858658
3.37E-5                   0.0017056196199197213
3.38E-5                   0.0016797142418197707
3.39E-5                   0.0016538088637819972
3.4E-5                    0.0016279034858023783
3.4099999999999995E-5     0.0016041281367895034
3.42E-5                   0.001581097712281428
3.43E-5                   0.0015580672878196078
3.4399999999999996E-5     0.001535036863401219
3.45E-5                   0.0015120064390234304
3.46E-5                   0.0014889760146834178
3.4699999999999996E-5     0.0014659455903783553
3.48E-5                   0.001442935561433404
3.49E-5                   0.0014224256372033838
3.5E-5                    0.0014019157130547891
3.51E-5                   0.0013814057889856204
3.52E-5                   0.001360895864993882
3.53E-5                   0.0013403859410775786
3.54E-5                   0.001319876017234711
3.5499999999999996E-5     0.0012993660934632841
3.56E-5                   0.001279737123784202
3.57E-5                   0.0012624272723427167
3.5799999999999996E-5     0.0012451174209116458
3.59E-5                   0.0012278075694897874
3.6E-5                    0.0012104977180759432
3.6099999999999997E-5     0.0011931878666689153
3.62E-5                   0.0011758780152675012
3.63E-5                   0.001158568163870503
3.64E-5                   0.0011412583124767223
3.65E-5                   0.0011239484610849567
3.6599999999999995E-5     0.0011066386096940102
3.67E-5                   0.0010893287583026803
3.68E-5                   0.0010720189069097683
3.6899999999999996E-5     0.0010547090555140769
3.7E-5                    0.0010373992041144034
3.71E-5                   0.0010200893527095496
3.7199999999999996E-5     0.0010057045936939654
3.73E-5                   9.920073402790836E-4
3.74E-5                   9.783100868867658E-4
3.75E-5                   9.646128335164184E-4
3.76E-5                   9.50915580167445E-4
3.77E-5                   9.372183268392506E-4
3.78E-5                   9.235210735312425E-4
3.79E-5                   9.098238202428228E-4
3.7999999999999995E-5     8.961265669733995E-4
3.81E-5                   8.824293137223749E-4
3.82E-5                   8.687320604891559E-4
3.8299999999999996E-5     8.550348072731477E-4
3.84E-5                   8.413375540737544E-4
3.85E-5                   8.276403008903814E-4
3.8599999999999996E-5     8.139430477224351E-4
3.87E-5                   8.01227100036287E-4
3.88E-5                   7.903817124009725E-4
3.89E-5                   7.795363247782458E-4
3.9E-5                    7.686909371678101E-4
3.9099999999999995E-5     7.578455495693722E-4
3.92E-5                   7.470001619826356E-4
3.93E-5                   7.361547744073061E-4
3.9399999999999995E-5     7.253093868430892E-4
3.95E-5                   7.144639992896887E-4
3.96E-5                   7.0361861174681E-4
3.9699999999999996E-5     6.927732242141592E-4
3.98E-5                   6.819278366914398E-4
3.99E-5                   6.710824491783573E-4
3.9999999999999996E-5     6.602370616746177E-4
4.01E-5                   6.493916741799244E-4
4.02E-5                   6.385462866939828E-4
4.03E-5                   6.296829335790199E-4
4.04E-5                   6.210937221992321E-4
4.0499999999999995E-5     6.125045108162974E-4
4.06E-5                   6.039152994300678E-4
4.07E-5                   5.953260880403972E-4
4.0799999999999996E-5     5.867368766471397E-4
4.09E-5                   5.781476652501473E-4
4.1E-5                    5.695584538492739E-4
4.1099999999999996E-5     5.609692424443733E-4
4.12E-5                   5.523800310352979E-4
4.13E-5                   5.437908196219016E-4
4.14E-5                   5.352016082040381E-4
4.15E-5                   5.266123967815598E-4
4.1599999999999995E-5     5.180231853543209E-4
4.17E-5                   5.094339739221739E-4
4.18E-5                   5.015871131479909E-4
4.1899999999999995E-5     4.947958265948397E-4
4.2E-5                    4.880045400504458E-4
4.21E-5                   4.8121325351473717E-4
4.2199999999999996E-5     4.7442196698764186E-4
4.23E-5                   4.676306804690867E-4
4.24E-5                   4.6083939395899937E-4
4.2499999999999996E-5     4.540481074573081E-4
4.26E-5                   4.4725682096393956E-4
4.27E-5                   4.404655344788217E-4
4.28E-5                   4.336742480018824E-4
4.29E-5                   4.2688296153304856E-4
4.2999999999999995E-5     4.2009167507224847E-4
4.31E-5                   4.1330038861940886E-4
4.32E-5                   4.0650910217445774E-4
4.3299999999999995E-5     3.997178157373231E-4
4.34E-5                   3.9425844632446245E-4
4.35E-5                   3.888731837631625E-4
4.3599999999999996E-5     3.834879211973501E-4
4.37E-5                   3.781026586269885E-4
4.38E-5                   3.727173960520418E-4
4.3899999999999996E-5     3.6733213347247423E-4
4.4E-5                    3.619468708882488E-4
4.41E-5                   3.5656160829932994E-4
4.42E-5                   3.511763457056817E-4
4.43E-5                   3.4579108310726724E-4
4.4399999999999995E-5     3.404058205040512E-4
4.45E-5                   3.350205578959966E-4
4.46E-5                   3.296352952830676E-4
4.4699999999999996E-5     3.242500326652285E-4
4.48E-5                   3.188647700424426E-4
4.49E-5                   3.1402337876177696E-4
4.4999999999999996E-5     3.0976719767628497E-4
4.51E-5                   3.055110165948569E-4
4.52E-5                   3.012548355174753E-4
4.5299999999999997E-5     2.969986544441226E-4
4.54E-5                   2.9274247337478053E-4
4.5499999999999995E-5     2.884862923094317E-4
4.56E-5                   2.842301112480578E-4
4.57E-5                   2.7997393019064124E-4
4.5799999999999995E-5     2.757177491371645E-4
4.59E-5                   2.714615680876091E-4
4.6E-5                    2.672053870419577E-4
4.6099999999999996E-5     2.6294920600019277E-4
4.62E-5                   2.5869302496229563E-4
4.63E-5                   2.54436843928249E-4
4.6399999999999996E-5     2.501948891099309E-4
4.65E-5                   2.4682265999902234E-4
4.66E-5                   2.4345043088606964E-4
4.67E-5                   2.4007820177106406E-4
4.68E-5                   2.3670597265399636E-4
4.6899999999999995E-5     2.333337435348581E-4
4.7E-5                    2.2996151441363996E-4
4.71E-5                   2.2658928529033313E-4
4.7199999999999995E-5     2.2321705616492913E-4
4.73E-5                   2.198448270374184E-4
4.74E-5                   2.1647259790779258E-4
4.7499999999999996E-5     2.1310036877604277E-4
4.76E-5                   2.0972813964215977E-4
4.77E-5                   2.0635591050613484E-4
4.7799999999999996E-5     2.0298368136795935E-4
4.79E-5                   1.9961145222762396E-4
4.8E-5                    1.9662529704156436E-4
4.81E-5                   1.939543904350931E-4
4.82E-5                   1.9128348382986172E-4
4.8299999999999995E-5     1.8861257722586607E-4
4.84E-5                   1.8594167062310144E-4
4.85E-5                   1.832707640215637E-4
4.8599999999999995E-5     1.8059985742124846E-4
4.87E-5                   1.7792895082215107E-4
4.88E-5                   1.752580442242672E-4
4.8899999999999996E-5     1.7258713762759276E-4
4.9E-5                    1.6991623103212292E-4
4.91E-5                   1.672453244378535E-4
4.9199999999999997E-5     1.6457441784478027E-4
4.93E-5                   1.6190351125289839E-4
4.9399999999999995E-5     1.5923260466220392E-4
4.95E-5                   1.5660937259041289E-4
4.96E-5                   1.545000401267047E-4
4.9699999999999995E-5     1.5239070766253385E-4
4.98E-5                   1.5028137519789813E-4
4.99E-5                   1.4817204273279527E-4
4.9999999999999996E-5     1.4606271026722332E-4
5.01E-5                   1.4395337780117988E-4
5.02E-5                   1.4184404533466283E-4
5.0299999999999996E-5     1.3973471286767017E-4
5.04E-5                   1.3762538040019943E-4
5.05E-5                   1.3551604793224858E-4
5.06E-5                   1.334067154638156E-4
5.07E-5                   1.31297382994898E-4
5.0799999999999995E-5     1.2918805052549394E-4
5.09E-5                   1.2707871805560085E-4
5.1E-5                    1.249693855852168E-4
5.1099999999999995E-5     1.2322625682921367E-4
5.12E-5                   1.217082481765772E-4
5.13E-5                   1.2019023952395995E-4
5.1399999999999996E-5     1.1867223087136126E-4
5.15E-5                   1.1715422221878006E-4
5.16E-5                   1.1563621356621571E-4
5.1699999999999996E-5     1.1411820491366748E-4
5.18E-5                   1.126001962611343E-4
5.1899999999999994E-5     1.1108218760861566E-4
5.2E-5                    1.0956417895611049E-4
5.21E-5                   1.080461703036181E-4
5.2199999999999995E-5     1.065281616511378E-4
5.23E-5                   1.0501015299866853E-4
5.24E-5                   1.0349214434620962E-4
5.2499999999999995E-5     1.019741356937604E-4
5.26E-5                   1.0045612704131977E-4
5.27E-5                   9.89381183888871E-5
5.2799999999999996E-5     9.742010973646164E-5
5.29E-5                   9.590210108404243E-5
5.3E-5                    9.438409243162869E-5
5.3099999999999996E-5     9.286608377921978E-5
5.32E-5                   9.134807512681463E-5
5.3299999999999995E-5     8.98300664744127E-5
5.34E-5                   8.831205782201292E-5
5.35E-5                   8.679404916961461E-5
5.3599999999999995E-5     8.527604051721709E-5
5.37E-5                   8.37580318648193E-5
5.38E-5                   8.224002321242056E-5
5.3899999999999996E-5     8.072201456002017E-5
5.4E-5                    7.920400590761711E-5
5.41E-5                   7.768599725521067E-5
5.4199999999999996E-5     7.65649431269306E-5
5.43E-5                   7.562382337309971E-5
5.4399999999999994E-5     7.468270361928484E-5
5.4499999999999997E-5     7.374158386548565E-5
5.46E-5                   7.280046411170203E-5
5.4699999999999995E-5     7.185934435793384E-5
5.48E-5                   7.091822460418077E-5
5.49E-5                   6.997710485044266E-5
5.4999999999999995E-5     6.903598509671941E-5
5.51E-5                   6.80948653430107E-5
5.52E-5                   6.715374558931639E-5
5.5299999999999996E-5     6.621262583563635E-5
5.54E-5                   6.527150608197024E-5
5.55E-5                   6.433038632831797E-5
5.5599999999999996E-5     6.33892665746794E-5
5.57E-5                   6.244814682105418E-5
5.5799999999999994E-5     6.15070270674423E-5
5.59E-5                   6.056590731384336E-5
5.6E-5                    5.96247875602573E-5
5.6099999999999995E-5     5.8683667806683955E-5
5.62E-5                   5.774254805312302E-5
5.63E-5                   5.6801428299574355E-5
5.6399999999999995E-5     5.586030854603783E-5
5.65E-5                   5.491918879251315E-5
5.66E-5                   5.397806903900014E-5
5.6699999999999996E-5     5.303694928549872E-5
5.68E-5                   5.209582953200853E-5
5.69E-5                   5.1154709778529454E-5
5.6999999999999996E-5     5.0213590025061356E-5
5.71E-5                   4.927247027160393E-5
5.7199999999999994E-5     4.833135051815711E-5
5.73E-5                   4.7656966698266845E-5
5.74E-5                   4.70682546636349E-5
5.7499999999999995E-5     4.64795426290033E-5
5.76E-5                   4.589083059437194E-5
5.77E-5                   4.530211855974079E-5
5.7799999999999995E-5     4.471340652510985E-5
5.79E-5                   4.412469449047901E-5
5.8E-5                    4.353598245584824E-5
5.8099999999999996E-5     4.294727042121753E-5
5.82E-5                   4.235855838658679E-5
5.8299999999999994E-5     4.176984635195599E-5
5.8399999999999997E-5     4.118113431732507E-5
5.85E-5                   4.059242228269399E-5
5.8599999999999995E-5     4.0003710248062745E-5
5.87E-5                   3.9414998213431204E-5
5.88E-5                   3.882628617879935E-5
5.8899999999999995E-5     3.823757414416721E-5
5.9E-5                    3.7648862109534635E-5
5.91E-5                   3.7060150074901624E-5
5.9199999999999996E-5     3.647143804026816E-5
5.93E-5                   3.588272600563412E-5
5.94E-5                   3.529401397099951E-5
5.9499999999999996E-5     3.4705301936364305E-5
5.96E-5                   3.4116589901728393E-5
5.9699999999999994E-5     3.35278778670918E-5
5.98E-5                   3.293916583245438E-5
5.99E-5                   3.235045379781616E-5
5.9999999999999995E-5     3.176174176317711E-5
6.01E-5                   3.117302972853711E-5
6.02E-5                   3.0584317693896164E-5
6.0299999999999995E-5     2.999560565925424E-5
6.04E-5                   2.959230218697433E-5
6.05E-5                   2.9228138260268105E-5
6.0599999999999996E-5     2.8863974333560466E-5
6.07E-5                   2.8499810406851336E-5
6.08E-5                   2.8135646480140746E-5
6.0899999999999996E-5     2.7771482553428692E-5
6.1E-5                    2.740731862671513E-5
6.11E-5                   2.7043154700000082E-5
6.12E-5                   2.6678990773283502E-5
6.13E-5                   2.6314826846565387E-5
6.14E-5                   2.5950662919845744E-5
6.149999999999999E-5      2.5586498993124597E-5
6.159999999999999E-5      2.5222335066401843E-5
6.17E-5                   2.4858171139677525E-5
6.18E-5                   2.4494007212951613E-5
6.19E-5                   2.412984328622412E-5
6.2E-5                    2.3765679359495017E-5
6.209999999999999E-5      2.340151543276435E-5
6.22E-5                   2.3037351506032008E-5
6.23E-5                   2.2673187579298023E-5
6.24E-5                   2.2309023652562394E-5
6.25E-5                   2.1944859725825102E-5
6.26E-5                   2.1580695799086144E-5
6.269999999999999E-5      2.121653187234555E-5
6.28E-5                   2.0852367945603208E-5
6.29E-5                   2.0488204018859174E-5
6.3E-5                    2.012404009211341E-5
6.31E-5                   1.975987616536593E-5
6.319999999999999E-5      1.9395712238616755E-5
6.33E-5                   1.9031548311865778E-5
6.34E-5                   1.866738438511304E-5
6.35E-5                   1.845732382803243E-5
6.36E-5                   1.8265439269736137E-5
6.37E-5                   1.8073554711440415E-5
6.379999999999999E-5      1.788167015314529E-5
6.39E-5                   1.76897855948507E-5
6.4E-5                    1.7497901036556678E-5
6.41E-5                   1.730601647826322E-5
6.42E-5                   1.7114131919970325E-5
6.429999999999999E-5      1.6922247361678014E-5
6.44E-5                   1.673036280338623E-5
6.45E-5                   1.6538478245095008E-5
6.46E-5                   1.6346593686804337E-5
6.47E-5                   1.615470912851422E-5
6.48E-5                   1.596282457022466E-5
6.489999999999999E-5      1.5770940011935678E-5
6.5E-5                    1.5579055453647216E-5
6.51E-5                   1.53871708953593E-5
6.52E-5                   1.5195286337071925E-5
6.53E-5                   1.5003401778785098E-5
6.539999999999999E-5      1.4811517220498836E-5
6.549999999999999E-5      1.461963266221309E-5
6.56E-5                   1.4427748103927885E-5
6.57E-5                   1.4235863545643215E-5
6.58E-5                   1.4043978987359079E-5
6.59E-5                   1.3852094429075479E-5
6.599999999999999E-5      1.366020987079244E-5
6.61E-5                   1.3468325312509902E-5
6.62E-5                   1.3276440754227894E-5
6.63E-5                   1.3084556195946413E-5
6.64E-5                   1.2892671637665456E-5
6.65E-5                   1.2700787079385027E-5
6.659999999999999E-5      1.2508902521105144E-5
6.67E-5                   1.2317017962825753E-5
6.68E-5                   1.2125133404546885E-5
6.69E-5                   1.1933248846268535E-5
6.7E-5                    1.1741364287990698E-5
6.709999999999999E-5      1.1549479729713403E-5
6.72E-5                   1.1357595171436593E-5
6.73E-5                   1.1165710613160298E-5
6.74E-5                   1.0973826054884507E-5
6.75E-5                   1.0781941496609228E-5
6.76E-5                   1.0590056938334454E-5
6.769999999999999E-5      1.0398172380060209E-5
6.78E-5                   1.0206287821786443E-5
6.79E-5                   1.0014403263513176E-5
6.8E-5                    9.822518705240412E-6
6.81E-5                   9.630634146968141E-6
6.819999999999999E-5      9.438749588696396E-6
6.829999999999999E-5      9.24686503042512E-6
6.84E-5                   9.054980472154336E-6
6.85E-5                   8.863095913884043E-6
6.86E-5                   8.67121135561424E-6
6.87E-5                   8.479326797344925E-6
6.879999999999999E-5      8.287442239076125E-6
6.89E-5                   8.095557680807781E-6
6.9E-5                    7.903673122539919E-6
6.91E-5                   7.711788564272541E-6
6.92E-5                   7.519904006005643E-6
6.929999999999999E-5      7.3280194477392504E-6
6.939999999999999E-5      7.136134889473307E-6
6.95E-5                   6.944250331207838E-6
6.96E-5                   6.756286631543965E-6
6.97E-5                   6.686554551444019E-6
6.98E-5                   6.616822471343815E-6
6.989999999999999E-5      6.547090391243359E-6
7.0E-5                    6.477358311142637E-6
7.01E-5                   6.407626231041656E-6
7.02E-5                   6.337894150940415E-6
7.03E-5                   6.268162070838915E-6
7.04E-5                   6.198429990737155E-6
7.049999999999999E-5      6.128697910635147E-6
7.06E-5                   6.058965830532869E-6
7.07E-5                   5.9892337504303326E-6
7.08E-5                   5.919501670327536E-6
7.09E-5                   5.8497695902244784E-6
7.099999999999999E-5      5.780037510121174E-6
7.11E-5                   5.710305430017598E-6
7.12E-5                   5.640573349913762E-6
7.13E-5                   5.570841269809666E-6
7.14E-5                   5.501109189705311E-6
7.15E-5                   5.431377109600696E-6
7.159999999999999E-5      5.361645029495829E-6
7.17E-5                   5.2919129493906935E-6
7.18E-5                   5.222180869285299E-6
7.19E-5                   5.152448789179642E-6
7.2E-5                    5.082716709073724E-6
7.209999999999999E-5      5.012984628967556E-6
7.219999999999999E-5      4.943252548861117E-6
7.23E-5                   4.873520468754418E-6
7.24E-5                   4.803788388647459E-6
7.25E-5                   4.734056308540238E-6
7.26E-5                   4.664324228432757E-6
7.269999999999999E-5      4.594592148325023E-6
7.28E-5                   4.524860068217021E-6
7.29E-5                   4.455127988108757E-6
7.3E-5                    4.38539590800023E-6
7.31E-5                   4.315663827891443E-6
7.319999999999999E-5      4.245931747782404E-6
7.329999999999999E-5      4.1761996676730936E-6
7.34E-5                   4.106467587563522E-6
7.35E-5                   4.0367355074536895E-6
7.36E-5                   3.967003427343594E-6
7.37E-5                   3.897271347233237E-6
7.379999999999999E-5      3.827539267122627E-6
7.39E-5                   3.757807187011747E-6
7.4E-5                    3.688075106900604E-6
7.41E-5                   3.618343026789199E-6
7.42E-5                   3.5486109466775322E-6
7.429999999999999E-5      3.478878866565613E-6
7.439999999999999E-5      3.4091467864534208E-6
7.45E-5                   3.339414706340967E-6
7.46E-5                   3.26968262622825E-6
7.47E-5                   3.1999505461152713E-6
7.48E-5                   3.1302184660020286E-6
7.489999999999999E-5      3.0604863858885344E-6
7.5E-5                    2.9907543057747666E-6
7.51E-5                   2.9210222256607366E-6
7.52E-5                   2.8512901455464437E-6
7.53E-5                   2.7815580654318873E-6
7.54E-5                   2.7118259853170683E-6
7.549999999999999E-5      2.642093905201995E-6
7.56E-5                   2.5723618250866485E-6
7.57E-5                   2.5026297449710393E-6
7.58E-5                   2.4404925089089325E-6
7.59E-5                   2.4155151751545997E-6
7.599999999999999E-5      2.3905378414003905E-6
7.609999999999999E-5      2.3655605076462983E-6
7.62E-5                   2.340583173892325E-6
7.63E-5                   2.315605840138473E-6
7.64E-5                   2.290628506384739E-6
7.65E-5                   2.2656511726311265E-6
7.659999999999999E-5      2.2406738388776364E-6
7.67E-5                   2.215696505124262E-6
7.68E-5                   2.1907191713710087E-6
7.69E-5                   2.1657418376178744E-6
7.7E-5                    2.1407645038648596E-6
7.709999999999999E-5      2.115787170111969E-6
7.719999999999999E-5      2.090809836359194E-6
7.73E-5                   2.065832502606539E-6
7.74E-5                   2.040855168854004E-6
7.75E-5                   2.0158778351015883E-6
7.76E-5                   1.9909005013492925E-6
7.769999999999999E-5      1.96592316759712E-6
7.78E-5                   1.940945833845064E-6
7.79E-5                   1.9159685000931275E-6
7.8E-5                    1.890991166341311E-6
7.81E-5                   1.8660138325896145E-6
7.819999999999999E-5      1.8410364988380407E-6
7.829999999999999E-5      1.8160591650865838E-6
7.84E-5                   1.791081831335246E-6
7.85E-5                   1.766104497584028E-6
7.86E-5                   1.7411271638329302E-6
7.87E-5                   1.7161498300819518E-6
7.879999999999999E-5      1.691172496331097E-6
7.89E-5                   1.6661951625803582E-6
7.9E-5                    1.6412178288297388E-6
7.91E-5                   1.6162404950792396E-6
7.92E-5                   1.5912631613288597E-6
7.93E-5                   1.5662858275785998E-6
7.939999999999999E-5      1.5413084938284632E-6
7.95E-5                   1.5163311600784426E-6
7.96E-5                   1.4913538263285419E-6
7.97E-5                   1.4663764925787606E-6
7.98E-5                   1.4413991588290993E-6
7.989999999999999E-5      1.416421825079561E-6
7.999999999999999E-5      1.3914444913301388E-6
8.01E-5                   1.3664671575808365E-6
8.02E-5                   1.3414898238316536E-6
8.03E-5                   1.3165124900825906E-6
8.04E-5                   1.2915351563336476E-6
8.049999999999999E-5      1.266557822584827E-6
8.06E-5                   1.2415804888361232E-6
8.07E-5                   1.216603155087539E-6
8.08E-5                   1.1916258213390746E-6
8.09E-5                   1.1666484875907295E-6
8.099999999999999E-5      1.1416711538425073E-6
8.109999999999999E-5      1.1166938200944017E-6
8.12E-5                   1.0917164863464157E-6
8.13E-5                   1.0667391525985493E-6
8.14E-5                   1.0417618188508026E-6
8.15E-5                   1.0167844851031753E-6
8.159999999999999E-5      9.91807151355671E-7
8.17E-5                   9.668298176082834E-7
8.18E-5                   9.418524838610153E-7
8.19E-5                   9.168751501138667E-7
8.2E-5                    8.966598259795008E-7
8.209999999999999E-5      8.8717876587328E-7
8.219999999999999E-5      8.776977057670059E-7
8.23E-5                   8.682166456606797E-7
8.24E-5                   8.587355855543015E-7
8.25E-5                   8.492545254478706E-7
8.26E-5                   8.397734653413878E-7
8.269999999999999E-5      8.302924052348543E-7
8.28E-5                   8.208113451282668E-7
8.29E-5                   8.113302850216275E-7
8.3E-5                    8.018492249149361E-7
8.31E-5                   7.923681648081925E-7
8.319999999999999E-5      7.82887104701398E-7
8.329999999999999E-5      7.734060445945498E-7
8.34E-5                   7.639249844876497E-7
8.35E-5                   7.544439243806972E-7
8.36E-5                   7.449628642736927E-7
8.37E-5                   7.354818041666359E-7
8.379999999999999E-5      7.260007440595284E-7
8.389999999999999E-5      7.165196839523671E-7
8.4E-5                    7.070386238451538E-7
8.41E-5                   6.975575637378883E-7
8.42E-5                   6.880765036305706E-7
8.43E-5                   6.785954435232009E-7
8.439999999999999E-5      6.691143834157802E-7
8.45E-5                   6.596333233083059E-7
8.46E-5                   6.501522632007795E-7
8.47E-5                   6.406712030932009E-7
8.48E-5                   6.311901429855703E-7
8.489999999999999E-5      6.217090828778886E-7
8.499999999999999E-5      6.122280227701536E-7
8.51E-5                   6.027469626623661E-7
8.52E-5                   5.932659025545268E-7
8.53E-5                   5.83784842446635E-7
8.54E-5                   5.743037823386912E-7
8.549999999999999E-5      5.648227222306965E-7
8.56E-5                   5.553416621226483E-7
8.57E-5                   5.458606020145477E-7
8.58E-5                   5.363795419063953E-7
8.59E-5                   5.268984817981906E-7
8.599999999999999E-5      5.174174216899349E-7
8.609999999999999E-5      5.079363615816259E-7
8.62E-5                   4.984553014732644E-7
8.63E-5                   4.88974241364851E-7
8.64E-5                   4.794931812563852E-7
8.65E-5                   4.7001212114786747E-7
8.659999999999999E-5      4.6053106103929867E-7
8.669999999999999E-5      4.5105000093067645E-7
8.68E-5                   4.415689408220021E-7
8.69E-5                   4.320878807132754E-7
8.7E-5                    4.226068206044967E-7
8.709999999999999E-5      4.1312576049566697E-7
8.719999999999999E-5      4.0364470038678376E-7
8.73E-5                   3.9416364027784846E-7
8.74E-5                   3.8468258016886096E-7
8.75E-5                   3.752015200598212E-7
8.76E-5                   3.657204599507293E-7
8.769999999999999E-5      3.5623939984158653E-7
8.779999999999999E-5      3.467583397323902E-7
8.79E-5                   3.372772796231417E-7
8.8E-5                    3.2779621951384106E-7
8.81E-5                   3.1831515940448827E-7
8.82E-5                   3.119938937236213E-7
8.829999999999999E-5      3.096150685487913E-7
8.84E-5                   3.072362433739675E-7
8.85E-5                   3.048574181991503E-7
8.86E-5                   3.0247859302433946E-7
8.87E-5                   3.000997678495352E-7
8.879999999999999E-5      2.9772094267473763E-7
8.889999999999999E-5      2.9534211749994616E-7
8.9E-5                    2.9296329232516115E-7
8.91E-5                   2.905844671503827E-7
8.92E-5                   2.882056419756106E-7
8.93E-5                   2.8582681680084514E-7
8.939999999999999E-5      2.834479916260864E-7
8.95E-5                   2.8106916645133373E-7
8.96E-5                   2.786903412765876E-7
8.97E-5                   2.7631151610184783E-7
8.98E-5                   2.739326909271147E-7
8.989999999999999E-5      2.715538657523883E-7
8.999999999999999E-5      2.6917504057766793E-7
9.01E-5                   2.6679621540295423E-7
9.02E-5                   2.644173902282468E-7
9.03E-5                   2.6203856505354595E-7
9.04E-5                   2.5965973987885147E-7
9.049999999999999E-5      2.572809147041639E-7
9.059999999999999E-5      2.5490208952948235E-7
9.07E-5                   2.525232643548074E-7
9.08E-5                   2.5014443918013886E-7
9.09E-5                   2.477656140054767E-7
9.099999999999999E-5      2.453867888308215E-7
9.109999999999999E-5      2.4300796365617236E-7
9.12E-5                   2.406291384815296E-7
9.13E-5                   2.3825031330689343E-7
9.14E-5                   2.358714881322637E-7
9.15E-5                   2.3349266295764037E-7
9.159999999999999E-5      2.3111383778302392E-7
9.169999999999999E-5      2.2873501260841356E-7
9.18E-5                   2.263561874338097E-7
9.19E-5                   2.2397736225921226E-7
9.2E-5                    2.2159853708462128E-7
9.21E-5                   2.1921971191003683E-7
9.219999999999999E-5      2.1684088673545916E-7
9.23E-5                   2.1446206156088758E-7
9.24E-5                   2.1208323638632253E-7
9.25E-5                   2.0970441121176387E-7
9.26E-5                   2.0732558603721177E-7
9.269999999999999E-5      2.0494676086266641E-7
9.279999999999999E-5      2.0256793568812715E-7
9.29E-5                   2.0018911051359445E-7
9.3E-5                    1.9781028533906819E-7
9.31E-5                   1.954314601645484E-7
9.32E-5                   1.93052634990035E-7
9.329999999999999E-5      1.9067380981552846E-7
9.34E-5                   1.8829498464102805E-7
9.35E-5                   1.8591615946653413E-7
9.36E-5                   1.8353733429204667E-7
9.37E-5                   1.811585091175656E-7
9.379999999999999E-5      1.787796839430914E-7
9.389999999999999E-5      1.7640085876862335E-7
9.4E-5                    1.740220335941617E-7
9.41E-5                   1.7164320841970658E-7
9.42E-5                   1.6926438324525793E-7
9.43E-5                   1.6688555807081575E-7
9.439999999999999E-5      1.6450673289638025E-7
9.449999999999999E-5      1.6212790772195102E-7
9.46E-5                   1.597490825475282E-7
9.47E-5                   1.573702573731119E-7
9.48E-5                   1.54991432198702E-7
9.489999999999999E-5      1.526126070242989E-7
9.499999999999999E-5      1.5023378184990197E-7
9.51E-5                   1.478549566755115E-7
9.52E-5                   1.454761315011275E-7
9.53E-5                   1.4309730632674997E-7
9.54E-5                   1.407184811523789E-7
9.549999999999999E-5      1.383396559780146E-7
9.559999999999999E-5      1.3596083080365642E-7
9.57E-5                   1.3358200562930477E-7
9.58E-5                   1.3120318045495959E-7
9.59E-5                   1.2882435528062083E-7
9.6E-5                    1.264455301062886E-7
9.609999999999999E-5      1.240667049319631E-7
9.62E-5                   1.216878797576438E-7
9.63E-5                   1.193090545833309E-7
9.64E-5                   1.1693022940902449E-7
9.65E-5                   1.1455140423472454E-7
9.659999999999999E-5      1.121725790604314E-7
9.669999999999999E-5      1.097937538861444E-7
9.68E-5                   1.0741492871186387E-7
9.69E-5                   1.0503610353758981E-7
9.7E-5                    1.0265727836332218E-7
9.71E-5                   1.0027845318906103E-7
9.719999999999999E-5      9.789962801480672E-8
9.73E-5                   9.55208028405585E-8
9.74E-5                   9.314197766631676E-8
9.75E-5                   9.07631524920815E-8
9.76E-5                   8.83843273178527E-8
9.769999999999999E-5      8.600550214363069E-8
9.779999999999999E-5      8.362667696941481E-8
9.79E-5                   8.124785179520539E-8
9.8E-5                    7.886902662100246E-8
9.81E-5                   7.649020144680598E-8
9.82E-5                   7.4111376272616E-8
9.829999999999999E-5      7.173255109843278E-8
9.839999999999999E-5      6.935372592425572E-8
9.85E-5                   6.697490075008511E-8
9.86E-5                   6.459607557592098E-8
9.87E-5                   6.221725040176332E-8
9.879999999999999E-5      5.983842522761242E-8
9.889999999999999E-5      5.74596000534677E-8
9.9E-5                    5.5080774879329436E-8
9.91E-5                   5.270194970519762E-8
9.92E-5                   5.0323124531072294E-8
9.93E-5                   4.7944299356953424E-8
9.939999999999999E-5      4.556547418284135E-8
9.949999999999999E-5      4.31866490087354E-8
9.96E-5                   4.0807823834635936E-8
9.97E-5                   3.842899866054294E-8
9.98E-5                   3.605017348645641E-8
9.989999999999999E-5      3.367134831237666E-8
9.999999999999999E-5      3.1292523138303054E-8
1.001E-4                  2.8913697964235916E-8
1.002E-4                  2.6534872790175247E-8
1.003E-4                  2.415604761612105E-8
1.004E-4                  2.1777222442073313E-8
1.0049999999999999E-4     1.9398397268032366E-8
1.0059999999999999E-4     1.8566928862951823E-8
1.007E-4                  1.833690094740608E-8
1.008E-4                  1.8106873031859815E-8
1.009E-4                  1.7876845116313015E-8
1.01E-4                   1.7646817200765702E-8
1.0109999999999999E-4     1.74167892852179E-8
1.012E-4                  1.7186761369669537E-8
1.013E-4                  1.6956733454120663E-8
1.014E-4                  1.6726705538571262E-8
1.015E-4                  1.6496677623021338E-8
1.0159999999999999E-4     1.626664970747093E-8
1.0169999999999999E-4     1.603662179191996E-8
1.018E-4                  1.5806593876368474E-8
1.019E-4                  1.5576565960816463E-8
1.02E-4                   1.534653804526394E-8
1.021E-4                  1.5116510129710885E-8
1.0219999999999999E-4     1.4886482214157342E-8
1.0229999999999999E-4     1.4656454298603244E-8
1.024E-4                  1.4426426383048629E-8
1.025E-4                  1.4196398467493486E-8
1.026E-4                  1.3966370551937828E-8
1.0269999999999999E-4     1.3736342636381681E-8
1.0279999999999999E-4     1.3506314720824973E-8
1.029E-4                  1.3276286805267749E-8
1.03E-4                   1.3046258889710002E-8
1.031E-4                  1.2816230974151734E-8
1.032E-4                  1.258620305859294E-8
1.0329999999999999E-4     1.2356175143033662E-8
1.0339999999999999E-4     1.2126147227473826E-8
1.035E-4                  1.189611931191347E-8
1.036E-4                  1.1666091396352593E-8
1.037E-4                  1.1436063480791195E-8
1.0379999999999999E-4     1.1206035565229305E-8
1.0389999999999999E-4     1.0976007649666863E-8
1.04E-4                   1.0745979734103898E-8
1.041E-4                  1.051595181854041E-8
1.042E-4                  1.0285923902976403E-8
1.043E-4                  1.0055895987411872E-8
1.0439999999999999E-4     9.825868071846854E-9
1.0449999999999999E-4     9.595840156281282E-9
1.046E-4                  9.365812240715189E-9
1.047E-4                  9.135784325148573E-9
1.048E-4                  8.905756409581434E-9
1.049E-4                  8.675728494013772E-9
1.0499999999999999E-4     8.445700578445624E-9
1.051E-4                  8.21567266287692E-9
1.052E-4                  7.985644747307697E-9
1.053E-4                  7.755616831737951E-9
1.054E-4                  7.52558891616768E-9
1.0549999999999999E-4     7.295561000596925E-9
1.0559999999999999E-4     7.065533085025614E-9
1.057E-4                  6.8355051694537794E-9
1.058E-4                  6.605477253881427E-9
1.059E-4                  6.37544933830855E-9
1.06E-4                   6.145421422735154E-9
1.0609999999999999E-4     5.9153935071612624E-9
1.0619999999999999E-4     5.685365591586823E-9
1.063E-4                  5.45533767601186E-9
1.064E-4                  5.225309760436373E-9
1.065E-4                  4.995281844860368E-9
1.0659999999999999E-4     4.765253929283873E-9
1.0669999999999999E-4     4.535226013706819E-9
1.068E-4                  4.305198098129251E-9
1.069E-4                  4.075170182551154E-9
1.07E-4                   3.845142266972542E-9
1.071E-4                  3.615114351393404E-9
1.0719999999999999E-4     3.385086435813777E-9
1.0729999999999999E-4     3.155058520233598E-9
1.074E-4                  2.9250306046528955E-9
1.075E-4                  2.6950026890716722E-9
1.076E-4                  2.464974773489928E-9
1.0769999999999999E-4     2.234946857907691E-9
1.0779999999999999E-4     2.0049189423249036E-9
1.079E-4                  1.7748910267415942E-9
1.08E-4                   1.5448631111577615E-9
1.081E-4                  1.3148351955734086E-9
1.082E-4                  1.0848072799885326E-9
1.0829999999999999E-4     8.547793644031663E-10
1.0839999999999999E-4     6.247514488172485E-10
1.085E-4                  3.9472353323080867E-10
1.086E-4                  1.6469561764384643E-10
1.087E-4                  -6.533229794363738E-11
1.0879999999999999E-4     -2.953602135316105E-10
1.0889999999999999E-4     -5.253881291201383E-10
1.0899999999999999E-4     -7.554160447091879E-10
1.091E-4                  -9.85443960298758E-10
1.092E-4                  -1.2154718758888506E-9
1.093E-4                  -1.4454997914794625E-9
1.0939999999999999E-4     -1.6755277070705678E-9
1.0949999999999999E-4     -1.905555622662226E-9
1.096E-4                  -2.135583538254403E-9
1.097E-4                  -2.3656114538471046E-9
1.098E-4                  -2.5956393694403257E-9
1.099E-4                  -2.82566728503407E-9
1.0999999999999999E-4     -3.0556952006283047E-9
1.1009999999999999E-4     -3.2857231162230924E-9
1.102E-4                  -3.5157510318184013E-9
1.103E-4                  -3.745778947414232E-9
1.104E-4                  -3.975806863010584E-9
1.1049999999999999E-4     -4.205834778607428E-9
1.1059999999999999E-4     -4.435862694204823E-9
1.107E-4                  -4.6658906098027405E-9
1.108E-4                  -4.895918525401178E-9
1.109E-4                  -5.125946441000141E-9
1.11E-4                   -5.355974356599623E-9
1.1109999999999999E-4     -5.586002272199595E-9
1.1119999999999999E-4     -5.816030187800123E-9
1.113E-4                  -6.046058103401169E-9
1.114E-4                  -6.2760860190027395E-9
1.115E-4                  -6.506113934604829E-9
1.1159999999999999E-4     -6.736141850207412E-9
1.1169999999999999E-4     -6.9661697658105454E-9
1.118E-4                  -7.1961976814142034E-9
1.119E-4                  -7.426225597018378E-9
1.12E-4                   -7.65625351262308E-9
1.121E-4                  -7.8862814282283E-9
1.1219999999999999E-4     -8.11630934383401E-9
1.1229999999999999E-4     -8.346337259440275E-9
1.124E-4                  -8.57636517504706E-9
1.125E-4                  -8.80639309065437E-9
1.126E-4                  -9.036421006262198E-9
1.1269999999999999E-4     -9.26644892187052E-9
1.1279999999999999E-4     -9.49647683747939E-9
1.1289999999999999E-4     -9.726504753088787E-9
1.13E-4                   -9.605791159320376E-9
1.131E-4                  -9.483423383410405E-9
1.132E-4                  -9.36105560750063E-9
1.1329999999999999E-4     -9.238687831591059E-9
1.1339999999999999E-4     -9.116320055681664E-9
1.135E-4                  -8.99395227977246E-9
1.136E-4                  -8.871584503863454E-9
1.137E-4                  -8.749216727954636E-9
1.138E-4                  -8.62684895204601E-9
1.1389999999999999E-4     -8.504481176137597E-9
1.1399999999999999E-4     -8.382113400229357E-9
1.141E-4                  -8.259745624321313E-9
1.142E-4                  -8.137377848413462E-9
1.143E-4                  -8.015010072505796E-9
1.1439999999999999E-4     -7.892642296598344E-9
1.1449999999999999E-4     -7.77027452069107E-9
1.146E-4                  -7.647906744783985E-9
1.147E-4                  -7.525538968877096E-9
1.148E-4                  -7.403171192970394E-9
1.149E-4                  -7.28080341706389E-9
1.1499999999999999E-4     -7.158435641157594E-9
1.1509999999999999E-4     -7.0360678652514745E-9
1.152E-4                  -6.913700089345546E-9
1.153E-4                  -6.7913323134398075E-9
1.154E-4                  -6.668964537534266E-9
1.1549999999999999E-4     -6.5465967616289305E-9
1.1559999999999999E-4     -6.424228985723774E-9
1.157E-4                  -6.301861209818809E-9
1.158E-4                  -6.179493433914034E-9
1.159E-4                  -6.057125658009456E-9
1.16E-4                   -5.934757882105068E-9
1.1609999999999999E-4     -5.812390106200888E-9
1.1619999999999999E-4     -5.690022330296885E-9
1.163E-4                  -5.567654554393076E-9
1.164E-4                  -5.445286778489458E-9
1.165E-4                  -5.322919002586033E-9
1.1659999999999999E-4     -5.2005512266828164E-9
1.1669999999999999E-4     -5.078183450779778E-9
1.1679999999999999E-4     -4.95581567487693E-9
1.169E-4                  -4.833447898974277E-9
1.17E-4                   -4.711080123071814E-9
1.171E-4                  -4.588712347169542E-9
1.1719999999999999E-4     -4.466344571267482E-9
1.1729999999999999E-4     -4.3439767953655965E-9
1.174E-4                  -4.221609019463905E-9
1.175E-4                  -4.0992412435624065E-9
1.176E-4                  -3.9768734676610985E-9
1.177E-4                  -3.854505691759986E-9
1.1779999999999999E-4     -3.73213791585908E-9
1.1789999999999999E-4     -3.6097701399583517E-9
1.18E-4                   -3.4874023640578147E-9
1.181E-4                  -3.3650345881574675E-9
1.182E-4                  -3.242666812257317E-9
1.1829999999999999E-4     -3.120299036357374E-9
1.1839999999999999E-4     -2.9979312604576083E-9
1.185E-4                  -2.8755634845580346E-9
1.186E-4                  -2.7531957086586535E-9
1.187E-4                  -2.6308279327594648E-9
1.188E-4                  -2.5084601568604688E-9
1.1889999999999999E-4     -2.3860923809616812E-9
1.1899999999999999E-4     -2.2637246050630686E-9
1.191E-4                  -2.1413568291646504E-9
1.192E-4                  -2.018989053266424E-9
1.193E-4                  -1.896621277368391E-9
1.1939999999999999E-4     -1.774253501470566E-9
1.1949999999999999E-4     -1.6518857255729178E-9
1.196E-4                  -1.529517949675462E-9
1.197E-4                  -1.407150173778199E-9
1.198E-4                  -1.2847823978811282E-9
1.199E-4                  -1.162414621984249E-9
1.1999999999999999E-4     -1.0400468460875796E-9
1.2009999999999999E-4     -9.176790701910864E-10
1.202E-4                  -7.95311294294786E-10
1.203E-4                  -6.729435183986781E-10
1.204E-4                  -5.505757425027635E-10
1.2049999999999999E-4     -4.2820796660705693E-10
1.2059999999999999E-4     -3.0584019071152657E-10
1.2069999999999999E-4     -1.8347241481618826E-10
1.208E-4                  -6.11046389210438E-11
1.209E-4                  6.126313697390878E-11
1.21E-4                   1.8363091286867083E-10
1.2109999999999999E-4     3.0599868876322006E-10
1.2119999999999999E-4     4.28366464657597E-10
1.213E-4                  5.507342405517788E-10
1.214E-4                  6.731020164457686E-10
1.215E-4                  7.954697923395672E-10
1.216E-4                  9.17837568233172E-10
1.2169999999999999E-4     1.040205344126567E-9
1.2179999999999999E-4     1.1625731200197867E-9
1.219E-4                  1.284940895912814E-9
1.22E-4                   1.4073086718056493E-9
1.2209999999999999E-4     1.5296764476982741E-9
1.222E-4                  1.6520442235907236E-9
1.223E-4                  1.7744119994829804E-9
1.224E-4                  1.896779775375045E-9
1.225E-4                  2.019147551266917E-9
1.226E-4                  2.141515327158596E-9
1.227E-4                  2.263883103050083E-9
1.228E-4                  2.3862508789413766E-9
1.229E-4                  2.50861865483248E-9
1.2299999999999998E-4     2.6309864307233552E-9
1.2309999999999998E-4     2.7533542066140732E-9
1.2319999999999999E-4     2.8757219825045964E-9
1.233E-4                  2.9980897583949273E-9
1.234E-4                  3.1204575342850662E-9
1.235E-4                  3.242825310175014E-9
1.236E-4                  3.365193086064768E-9
1.237E-4                  3.487560861954329E-9
1.238E-4                  3.6099286378436976E-9
1.239E-4                  3.732296413732873E-9
1.24E-4                   3.854664189621856E-9
1.241E-4                  3.977031965510648E-9
1.2419999999999998E-4     4.0993997413992134E-9
1.2429999999999999E-4     4.22176751728762E-9
1.244E-4                  4.344135293175832E-9
1.245E-4                  4.466503069063854E-9
1.246E-4                  4.588870844951681E-9
1.247E-4                  4.711238620839319E-9
1.248E-4                  4.833606396726762E-9
1.249E-4                  4.955974172614013E-9
1.25E-4                   5.07834194850107E-9
1.251E-4                  5.200709724387936E-9
1.252E-4                  5.323077500274609E-9
1.2529999999999998E-4     5.4454452761610565E-9
1.2539999999999999E-4     5.567813052047344E-9
1.255E-4                  5.69018082793344E-9
1.256E-4                  5.812548603819344E-9
1.257E-4                  5.934916379705051E-9
1.258E-4                  6.057284155590572E-9
1.259E-4                  6.179651931475895E-9
1.26E-4                   6.302019707361029E-9
1.261E-4                  6.4243874832459675E-9
1.262E-4                  6.546755259130716E-9
1.263E-4                  6.66912303501527E-9
1.2639999999999998E-4     6.7914908108996005E-9
1.2649999999999998E-4     6.913858586783771E-9
1.266E-4                  7.036226362667749E-9
1.267E-4                  7.158594138551532E-9
1.268E-4                  7.280961914435125E-9
1.269E-4                  7.403329690318524E-9
1.27E-4                   7.525697466201731E-9
1.271E-4                  7.648065242084744E-9
1.272E-4                  7.770433017967569E-9
1.273E-4                  7.892800793850198E-9
1.274E-4                  8.015168569732633E-9
1.2749999999999998E-4     8.137536345614846E-9
1.2759999999999998E-4     8.259904121496899E-9
1.277E-4                  8.382271897378758E-9
1.278E-4                  8.504639673260426E-9
1.279E-4                  8.627007449141898E-9
1.28E-4                   8.523076476989696E-9
1.281E-4                  8.418078224981167E-9
1.282E-4                  8.313079972972498E-9
1.283E-4                  8.20808172096369E-9
1.284E-4                  8.103083468954744E-9
1.285E-4                  7.998085216945656E-9
1.2859999999999998E-4     7.893086964936455E-9
1.2869999999999998E-4     7.78808871292709E-9
1.288E-4                  7.683090460917585E-9
1.289E-4                  7.578092208907938E-9
1.29E-4                   7.473093956898153E-9
1.291E-4                  7.368095704888227E-9
1.292E-4                  7.263097452878162E-9
1.293E-4                  7.1580992008679545E-9
1.294E-4                  7.053100948857611E-9
1.295E-4                  6.948102696847126E-9
1.296E-4                  6.8431044448365035E-9
1.2969999999999998E-4     6.738106192825768E-9
1.2979999999999998E-4     6.633107940814865E-9
1.2989999999999999E-4     6.528109688803822E-9
1.3E-4                    6.4231114367926386E-9
1.301E-4                  6.318113184781316E-9
1.302E-4                  6.213114932769852E-9
1.303E-4                  6.108116680758252E-9
1.304E-4                  6.00311842874651E-9
1.305E-4                  5.898120176734629E-9
1.306E-4                  5.793121924722606E-9
1.307E-4                  5.688123672710448E-9
1.3079999999999998E-4     5.5831254206981746E-9
1.3089999999999998E-4     5.478127168685734E-9
1.3099999999999999E-4     5.3731289166731555E-9
1.311E-4                  5.2681306646604346E-9
1.312E-4                  5.163132412647574E-9
1.313E-4                  5.0581341606345775E-9
1.314E-4                  4.953135908621439E-9
1.315E-4                  4.84813765660816E-9
1.316E-4                  4.743139404594741E-9
1.317E-4                  4.638141152581185E-9
1.318E-4                  4.533142900567487E-9
1.3189999999999998E-4     4.428144648553679E-9
1.3199999999999998E-4     4.323146396539701E-9
1.3209999999999999E-4     4.218148144525584E-9
1.322E-4                  4.113149892511327E-9
1.323E-4                  4.008151640496932E-9
1.324E-4                  3.903153388482397E-9
1.325E-4                  3.7981551364677216E-9
1.326E-4                  3.6931568844529062E-9
1.327E-4                  3.5881586324379524E-9
1.328E-4                  3.4831603804228583E-9
1.329E-4                  3.3781621284076215E-9
1.33E-4                   3.2731638763922487E-9
1.3309999999999998E-4     3.1681656243767637E-9
1.3319999999999999E-4     3.06316737236111E-9
1.333E-4                  2.9581691203453174E-9
1.334E-4                  2.8531708683293846E-9
1.335E-4                  2.748172616313313E-9
1.336E-4                  2.643174364297101E-9
1.337E-4                  2.5381761122807494E-9
1.338E-4                  2.4331778602642565E-9
1.339E-4                  2.328179608247626E-9
1.34E-4                   2.223181356230855E-9
1.341E-4                  2.1181831042139455E-9
1.3419999999999998E-4     2.013184852196923E-9
1.3429999999999998E-4     1.908186600179734E-9
1.344E-4                  1.8031883481624042E-9
1.345E-4                  1.698190096144935E-9
1.346E-4                  1.5931918441273263E-9
1.347E-4                  1.4881935921095778E-9
1.348E-4                  1.383195340091687E-9
1.349E-4                  1.2781970880736596E-9
1.35E-4                   1.1731988360554917E-9
1.351E-4                  1.068200584037185E-9
1.352E-4                  9.632023320187376E-10
1.3529999999999998E-4     8.582040800001785E-10
1.3539999999999998E-4     7.532058279814527E-10
1.355E-4                  6.482075759625862E-10
1.356E-4                  5.432093239435802E-10
1.357E-4                  4.382110719244344E-10
1.358E-4                  3.3321281990514956E-10
1.359E-4                  2.2821456788572369E-10
1.36E-4                   1.2321631586615885E-10
1.361E-4                  1.8218063846454314E-11
1.362E-4                  -8.678018817339E-11
1.363E-4                  -1.9177844019337473E-10
1.3639999999999998E-4     -2.967766922134689E-10
1.3649999999999998E-4     -4.0177494423373297E-10
1.3659999999999999E-4     -5.067731962541354E-10
1.367E-4                  -6.11771448274678E-10
1.368E-4                  -7.167697002953599E-10
1.369E-4                  -8.217679523161828E-10
1.37E-4                   -9.267662043371446E-10
1.371E-4                  -1.0317644563582455E-9
1.372E-4                  -1.1367627083794868E-9
1.373E-4                  -1.2417609604008679E-9
1.374E-4                  -1.3467592124223887E-9
1.3749999999999998E-4     -1.4517574644440202E-9
1.3759999999999998E-4     -1.5567557164658204E-9
1.3769999999999999E-4     -1.6617539684877599E-9
1.378E-4                  -1.7667522205098389E-9
1.379E-4                  -1.8717504725320595E-9
1.38E-4                   -1.976748724554418E-9
1.381E-4                  -2.0817469765769157E-9
1.382E-4                  -2.1867452285995553E-9
1.383E-4                  -2.2917434806223326E-9
1.384E-4                  -2.39674173264525E-9
1.385E-4                  -2.5017399846683067E-9
1.3859999999999998E-4     -2.606738236691476E-9
1.3869999999999998E-4     -2.711736488714813E-9
1.3879999999999999E-4     -2.8167347407382894E-9
1.389E-4                  -2.9217329927619055E-9
1.39E-4                   -3.02673124478566E-9
1.391E-4                  -3.131729496809556E-9
1.392E-4                  -3.236727748833591E-9
1.393E-4                  -3.341726000857766E-9
1.394E-4                  -3.446724252882081E-9
1.395E-4                  -3.551722504906536E-9
1.396E-4                  -3.6567207569311296E-9
1.3969999999999998E-4     -3.761719008955835E-9
1.3979999999999998E-4     -3.8667172609807085E-9
1.3989999999999999E-4     -3.9717155130057205E-9
1.4E-4                    -4.076713765030873E-9
1.401E-4                  -4.181712017056166E-9
1.402E-4                  -4.286710269081598E-9
1.403E-4                  -4.391708521107171E-9
1.404E-4                  -4.496706773132881E-9
1.405E-4                  -4.601705025158734E-9
1.406E-4                  -4.706703277184724E-9
1.407E-4                  -4.8117015292108555E-9
1.408E-4                  -4.916699781237126E-9
1.4089999999999998E-4     -5.021698033263508E-9
1.4099999999999998E-4     -5.126696285290056E-9
1.411E-4                  -5.231694537316746E-9
1.412E-4                  -5.336692789343574E-9
1.413E-4                  -5.441691041370544E-9
1.414E-4                  -5.546689293397654E-9
1.415E-4                  -5.6516875454249E-9
1.416E-4                  -5.75668579745229E-9
1.417E-4                  -5.861684049479816E-9
1.418E-4                  -5.966682301507485E-9
1.419E-4                  -6.071680553535291E-9
1.4199999999999998E-4     -6.17667880556321E-9
1.4209999999999998E-4     -6.2816770575912954E-9
1.422E-4                  -6.386675309619522E-9
1.423E-4                  -6.491673561647889E-9
1.424E-4                  -6.596671813676394E-9
1.425E-4                  -6.70167006570504E-9
1.426E-4                  -6.806668317733824E-9
1.427E-4                  -6.91166656976275E-9
1.428E-4                  -7.016664821791814E-9
1.429E-4                  -7.121663073821016E-9
1.43E-4                   -7.037132378002929E-9
1.4309999999999998E-4     -6.9517078176366705E-9
1.4319999999999998E-4     -6.866283257270484E-9
1.433E-4                  -6.780858696904392E-9
1.434E-4                  -6.695434136538398E-9
1.435E-4                  -6.610009576172498E-9
1.436E-4                  -6.524585015806694E-9
1.437E-4                  -6.439160455440989E-9
1.438E-4                  -6.353735895075378E-9
1.439E-4                  -6.268311334709864E-9
1.44E-4                   -6.1828867743444426E-9
1.441E-4                  -6.097462213979118E-9
1.4419999999999998E-4     -6.012037653613914E-9
1.4429999999999998E-4     -5.926613093248784E-9
1.4439999999999999E-4     -5.8411885328837485E-9
1.445E-4                  -5.755763972518809E-9
1.446E-4                  -5.670339412153965E-9
1.447E-4                  -5.584914851789218E-9
1.448E-4                  -5.499490291424567E-9
1.449E-4                  -5.414065731060012E-9
1.45E-4                   -5.328641170695551E-9
1.451E-4                  -5.243216610331186E-9
1.452E-4                  -5.15779204996692E-9
1.4529999999999998E-4     -5.07236748960277E-9
1.4539999999999998E-4     -4.986942929238695E-9
1.4549999999999999E-4     -4.9015183688747165E-9
1.456E-4                  -4.816093808510832E-9
1.457E-4                  -4.730669248147044E-9
1.458E-4                  -4.645244687783353E-9
1.459E-4                  -4.559820127419755E-9
1.46E-4                   -4.474395567056256E-9
1.461E-4                  -4.388971006692852E-9
1.462E-4                  -4.303546446329543E-9
1.463E-4                  -4.2181218859663326E-9
1.4639999999999998E-4     -4.132697325603238E-9
1.4649999999999998E-4     -4.0472727652402195E-9
1.4659999999999999E-4     -3.961848204877295E-9
1.467E-4                  -3.876423644514467E-9
1.468E-4                  -3.790999084151735E-9
1.469E-4                  -3.7055745237890968E-9
1.47E-4                   -3.6201499634265564E-9
1.471E-4                  -3.534725403064113E-9
1.472E-4                  -3.449300842701765E-9
1.473E-4                  -3.363876282339513E-9
1.474E-4                  -3.2784517219773556E-9
1.4749999999999998E-4     -3.193027161615319E-9
1.4759999999999998E-4     -3.107602601253354E-9
1.4769999999999999E-4     -3.022178040891486E-9
1.478E-4                  -2.9367534805297132E-9
1.479E-4                  -2.8513289201680356E-9
1.48E-4                   -2.7659043598064547E-9
1.481E-4                  -2.6804797994449703E-9
1.482E-4                  -2.595055239083582E-9
1.483E-4                  -2.509630678722289E-9
1.484E-4                  -2.424206118361093E-9
1.485E-4                  -2.338781557999992E-9
1.4859999999999998E-4     -2.2533569976390103E-9
1.4869999999999998E-4     -2.1679324372781007E-9
1.4879999999999998E-4     -2.082507876917287E-9
1.489E-4                  -1.9970833165565706E-9
1.49E-4                   -1.9116587561959492E-9
1.491E-4                  -1.8262341958354239E-9
1.492E-4                  -1.7408096354749953E-9
1.493E-4                  -1.655385075114662E-9
1.494E-4                  -1.5699605147544255E-9
1.495E-4                  -1.4845359543942842E-9
1.496E-4                  -1.3991113940342375E-9
1.497E-4                  -1.3136868336742887E-9
1.4979999999999998E-4     -1.2282622733144584E-9
1.4989999999999998E-4     -1.1428377129547012E-9
1.5E-4                    -1.0574131525950399E-9
