% Model:              20230225_JW_4_25.mph
% Version:            COMSOL 5.6.0.401
% Date:               Feb 25 2023, 20:49
% Dimension:          1
% Nodes:              1501
% Expressions:        1
% Description:        点图
% X                       Height
0                         24.25543164272511
1.0E-7                    24.23447319520893
2.0E-7                    24.144446184689794
3.0E-7                    23.997011282197636
4.0E-7                    23.824276576549153
5.0E-7                    23.630420917922415
6.0E-7                    23.39926129538375
7.0E-7                    23.149662550196915
8.0E-7                    22.897535425550068
9.0E-7                    22.64179179013526
1.0E-6                    22.385243693055674
1.1E-6                    22.126145082994558
1.2E-6                    21.865763750858203
1.2999999999999998E-6     21.60692829625608
1.4E-6                    21.34811315488195
1.5E-6                    21.090052350018347
1.6E-6                    20.832668399272467
1.6999999999999998E-6     20.576794287529122
1.8E-6                    20.322309655624558
1.9E-6                    20.069242782043744
2.0E-6                    19.818370634132435
2.1E-6                    19.56942934981794
2.2E-6                    19.32230120357368
2.3E-6                    19.077136488575807
2.4E-6                    18.83353294697666
2.4999999999999998E-6     18.59230225923031
2.5999999999999997E-6     18.352140936706043
2.7E-6                    18.114400603421164
2.8E-6                    17.877976527567725
2.8999999999999998E-6     17.643036820850284
3.0E-6                    17.41128881782775
3.1E-6                    17.180818899365146
3.2E-6                    16.95240695812862
3.2999999999999997E-6     16.726840281104714
3.3999999999999996E-6     16.502796047161553
3.5E-6                    16.281225401365223
3.6E-6                    16.061572814358396
3.6999999999999997E-6     15.84367110929426
3.8E-6                    15.63049910214801
3.9E-6                    15.416961458222644
4.0E-6                    15.202081809493594
4.1E-6                    15.00184754024687
4.2E-6                    14.80719559172261
4.2999999999999995E-6     14.616672361903548
4.4E-6                    14.400300015901639
4.5E-6                    14.193551177935037
4.6E-6                    13.998213461405506
4.7E-6                    13.799193274160462
4.8E-6                    13.609628033600341
4.9E-6                    13.4188250214404
4.9999999999999996E-6     13.228023586822564
5.0999999999999995E-6     13.044560889172974
5.199999999999999E-6      12.858904584668048
5.3E-6                    12.679195298283172
5.4E-6                    12.498700046960447
5.5E-6                    12.322783855686351
5.6E-6                    12.147618125304572
5.7E-6                    11.974696631003987
5.7999999999999995E-6     11.804235055029798
5.899999999999999E-6      11.635175333284904
6.0E-6                    11.46875933345733
6.1E-6                    11.303546611037333
6.2E-6                    11.14099001674472
6.3E-6                    10.981464414913638
6.4E-6                    10.823943281761482
6.5E-6                    10.668578250979127
6.5999999999999995E-6     10.515302717634164
6.699999999999999E-6      10.36406399450968
6.799999999999999E-6      10.214755425233557
6.9E-6                    10.067400258762152
7.0E-6                    9.92204669872149
7.1E-6                    9.778642372289335
7.2E-6                    9.63719234641337
7.2999999999999996E-6     9.497551504680539
7.3999999999999995E-6     9.359908741669106
7.499999999999999E-6      9.224160208684811
7.6E-6                    9.090171386620446
7.699999999999999E-6      8.958288266583976
7.8E-6                    8.82795511831501
7.899999999999999E-6      8.69947514302594
8.0E-6                    8.573670526975809
8.1E-6                    8.455538237117056
8.2E-6                    8.325766561002917
8.3E-6                    8.206356294805701
8.4E-6                    8.086111876023192
8.5E-6                    7.967014143196313
8.599999999999999E-6      7.850467327113372
8.7E-6                    7.734689000951976
8.8E-6                    7.621195073062047
8.9E-6                    7.509678520380824
9.0E-6                    7.399642677832236
9.1E-6                    7.290870935229632
9.2E-6                    7.1839375460387025
9.299999999999999E-6      7.078441550310532
9.4E-6                    6.974394471251918
9.499999999999999E-6      6.871940895369423
9.6E-6                    6.770853571172425
9.7E-6                    6.671254506327642
9.8E-6                    6.573091783637276
9.9E-6                    6.476332319674691
9.999999999999999E-6      6.380854463919589
1.01E-5                   6.286870175799945
1.0199999999999999E-5     6.194225314485236
1.03E-5                   6.102871343155616
1.0399999999999999E-5     6.012755971817356
1.05E-5                   5.924190357814994
1.06E-5                   5.836844406727673
1.07E-5                   5.750733095162761
1.08E-5                   5.6654713613426715
1.0899999999999999E-5     5.582049699044716
1.1E-5                    5.499513613632051
1.1099999999999999E-5     5.417973422190616
1.12E-5                   5.338115961958231
1.13E-5                   5.259032765837987
1.14E-5                   5.181163913569567
1.15E-5                   5.1046455394572146
1.1599999999999999E-5     5.028877079809488
1.17E-5                   4.954507110968234
1.1799999999999999E-5     4.881188843534663
1.19E-5                   4.808609918288471
1.2E-5                    4.73759339496461
1.21E-5                   4.667346469891866
1.22E-5                   4.598015037216716
1.2299999999999999E-5     4.5300226850481415
1.24E-5                   4.4627177021443645
1.2499999999999999E-5     4.396549571644232
1.26E-5                   4.331407375513353
1.2699999999999999E-5     4.266907416444817
1.28E-5                   4.203819786293577
1.29E-5                   4.141389592897638
1.3E-5                    4.079435785647878
1.31E-5                   4.018622884219431
1.3199999999999999E-5     3.9592435166095705
1.33E-5                   3.900731842847767
1.3399999999999999E-5     3.8424241175720963
1.35E-5                   3.7854430121294285
1.3599999999999999E-5     3.7288067560173404
1.37E-5                   3.6733617679695993
1.38E-5                   3.6187605868539023
1.3899999999999999E-5     3.564817009511056
1.4E-5                    3.511776706904549
1.4099999999999999E-5     3.4595899270028774
1.42E-5                   3.408003218859978
1.4299999999999999E-5     3.3573868285315958
1.44E-5                   3.3073543382127366
1.45E-5                   3.2581674279894535
1.4599999999999999E-5     3.2096416676378667
1.47E-5                   3.1618629227327846
1.4799999999999999E-5     3.114829225082814
1.49E-5                   3.0684368417538948
1.4999999999999999E-5     3.0228344443574486
1.51E-5                   2.9778694961752556
1.52E-5                   2.9335203814173267
1.53E-5                   2.8897607204430966
1.5399999999999998E-5     2.8468073939158343
1.55E-5                   2.8044726600659957
1.56E-5                   2.762711049068179
1.57E-5                   2.7215179785530084
1.5799999999999998E-5     2.680970329751364
1.59E-5                   2.6411108839987203
1.6E-5                    2.6020193315612747
1.61E-5                   2.563366542621183
1.62E-5                   2.524767546491327
1.63E-5                   2.4875747752499553
1.64E-5                   2.450382004008583
1.6499999999999998E-5     2.4138383156025953
1.66E-5                   2.378049568122171
1.67E-5                   2.342260820641748
1.68E-5                   2.307671989687399
1.69E-5                   2.2732348651154792
1.7E-5                    2.2392066056499162
1.71E-5                   2.2060748511361425
1.7199999999999998E-5     2.172943096622369
1.73E-5                   2.140733007802609
1.74E-5                   2.1088489803619983
1.75E-5                   2.0771636347230955
1.76E-5                   2.0464900951067913
1.77E-5                   2.0158165554904883
1.78E-5                   1.9861508564779533
1.7899999999999998E-5     1.9571867044958706
1.8E-5                    1.928222552513787
1.81E-5                   1.8992584005317046
1.82E-5                   1.8702942485496223
1.8299999999999998E-5     1.842277639962476
1.84E-5                   1.815464514702547
1.85E-5                   1.7886513894426186
1.8599999999999998E-5     1.7618382641826904
1.87E-5                   1.7350251389227613
1.88E-5                   1.7087890439844118
1.89E-5                   1.6839559599755847
1.8999999999999998E-5     1.659122875966758
1.91E-5                   1.6342897919579304
1.92E-5                   1.609456707949104
1.9299999999999998E-5     1.5848906051293696
1.94E-5                   1.5619331889220727
1.95E-5                   1.538975772714776
1.96E-5                   1.5160183565074798
1.9699999999999998E-5     1.4930609403001833
1.98E-5                   1.4701035240928861
1.99E-5                   1.4488073919254327
1.9999999999999998E-5     1.4275225409430963
2.01E-5                   1.406237689960759
2.02E-5                   1.384952838978423
2.03E-5                   1.3636679879960867
2.0399999999999998E-5     1.3437451497863544
2.05E-5                   1.3240737310297856
2.06E-5                   1.304402312273218
2.07E-5                   1.2847308935166502
2.0799999999999997E-5     1.265059474760082
2.09E-5                   1.24639245121277
2.1E-5                    1.228166024668725
2.1099999999999998E-5     1.2099395981246799
2.12E-5                   1.1917131715806346
2.13E-5                   1.1734867450365896
2.14E-5                   1.1559975095382955
2.1499999999999997E-5     1.1391212427620008
2.16E-5                   1.1222449759857056
2.17E-5                   1.1053687092094109
2.1799999999999998E-5     1.0884924424331162
2.19E-5                   1.072134418929436
2.2E-5                    1.056563818167993
2.21E-5                   1.0409932174065508
2.2199999999999998E-5     1.0254226166451081
2.23E-5                   1.009852015883665
2.24E-5                   0.9945395728313704
2.2499999999999998E-5     0.9800106252910886
2.26E-5                   0.9654816777508064
2.27E-5                   0.9509527302105245
2.28E-5                   0.9364237826702428
2.2899999999999998E-5     0.922021738514596
2.3E-5                    0.90877788219302
2.31E-5                   0.8955340258714444
2.3199999999999998E-5     0.8822901695498688
2.33E-5                   0.8690463132282927
2.34E-5                   0.8558024569067172
2.35E-5                   0.8433116432599408
2.3599999999999998E-5     0.8308607419108165
2.37E-5                   0.8184098405616916
2.38E-5                   0.8059589392125674
2.3899999999999998E-5     0.7937496616496322
2.4E-5                    0.7820646269501592
2.41E-5                   0.7703795922506868
2.42E-5                   0.7586945575512142
2.4299999999999998E-5     0.7472201288150702
2.44E-5                   0.736242971571316
2.45E-5                   0.7252658143275622
2.4599999999999998E-5     0.7142911569160902
2.4699999999999997E-5     0.7037191695566766
2.48E-5                   0.6931471821972626
2.49E-5                   0.6826835142570138
2.4999999999999998E-5     0.6725133697707204
2.51E-5                   0.6623432252844266
2.52E-5                   0.6524683032609723
2.53E-5                   0.6426325406949682
2.5399999999999997E-5     0.6330428091930349
2.55E-5                   0.6235418328424183
2.56E-5                   0.6142703062589041
2.5699999999999998E-5     0.6050555374674246
2.58E-5                   0.5960715193035657
2.59E-5                   0.5871224422199921
2.6E-5                    0.5784014918326601
2.6099999999999997E-5     0.5696968520652118
2.62E-5                   0.5612439284351636
2.63E-5                   0.5528084723243936
2.6399999999999998E-5     0.544609104480826
2.65E-5                   0.5364398542209027
2.66E-5                   0.528462444682009
2.67E-5                   0.5205321026890253
2.6799999999999998E-5     0.5127871365972618
2.69E-5                   0.5051036214077023
2.7E-5                    0.49758685102781514
2.7099999999999998E-5     0.4901394467988589
2.7199999999999997E-5     0.4828290677793509
2.73E-5                   0.47560535965166495
2.74E-5                   0.46851010337622656
2.7499999999999998E-5     0.4615572182831465
2.76E-5                   0.45476507905450003
2.77E-5                   0.4479729398258538
2.7799999999999998E-5     0.4411808005972075
2.7899999999999997E-5     0.4346210040379848
2.8E-5                    0.4282139904850284
2.81E-5                   0.4218069769320721
2.8199999999999998E-5     0.4153999633791158
2.83E-5                   0.4092603494859994
2.84E-5                   0.403216211593629
2.8499999999999998E-5     0.3971720737012586
2.8599999999999997E-5     0.39112793580888827
2.87E-5                   0.38537954973329125
2.88E-5                   0.379675164844832
2.8899999999999998E-5     0.37397077995637273
2.9E-5                    0.36826771987703094
2.91E-5                   0.3628871913662924
2.9199999999999998E-5     0.35750666285555377
2.9299999999999997E-5     0.35212613434481516
2.94E-5                   0.3468065005357515
2.95E-5                   0.3418682288901401
2.9599999999999998E-5     0.3369299572445288
2.97E-5                   0.3319916855989173
2.98E-5                   0.32705341395330595
2.99E-5                   0.3221151423076945
2.9999999999999997E-5     0.3171768706620831
3.01E-5                   0.31223859901647166
3.02E-5                   0.3075201829891413
3.0299999999999998E-5     0.30312491094305
3.04E-5                   0.2987296388969586
3.05E-5                   0.29433436685086733
3.06E-5                   0.28993909480477603
3.07E-5                   0.2855438227586847
3.0799999999999996E-5     0.2811485507125934
3.09E-5                   0.27675327866650196
3.1E-5                    0.27268224594145296
3.11E-5                   0.26876940749817313
3.12E-5                   0.26485656905489297
3.13E-5                   0.26094373061161286
3.14E-5                   0.257030892168333
3.15E-5                   0.25311805372505286
3.1599999999999996E-5     0.24920521528177297
3.17E-5                   0.2452923768384929
3.18E-5                   0.24178419193848438
3.1899999999999996E-5     0.23830216082613898
3.2E-5                    0.2348201297137934
3.21E-5                   0.23133809860144772
3.22E-5                   0.22785606748910237
3.23E-5                   0.22437403637675674
3.24E-5                   0.2208920052644111
3.25E-5                   0.21748877633611136
3.26E-5                   0.21438836983168147
3.2699999999999995E-5     0.21128796332725178
3.28E-5                   0.20818755682282183
3.29E-5                   0.2050871503183919
3.2999999999999996E-5     0.2019867438139622
3.31E-5                   0.19888633730953229
3.32E-5                   0.19578593080510234
3.3299999999999996E-5     0.192847353311642
3.34E-5                   0.19008858057364653
3.35E-5                   0.18732980783565106
3.36E-5                   0.18457103509765574
3.37E-5                   0.18181226235966025
3.38E-5                   0.17905348962166479
3.39E-5                   0.17629471688366946
3.4E-5                    0.173535944145674
3.4099999999999995E-5     0.17100121623439524
3.42E-5                   0.16854484241003057
3.43E-5                   0.16608846858566584
3.4399999999999996E-5     0.16363209476130133
3.45E-5                   0.16117572093693663
3.46E-5                   0.15871934711257193
3.4699999999999996E-5     0.15626297328820743
3.48E-5                   0.15380878764699962
3.49E-5                   0.15162283436301993
3.5E-5                    0.1494368810790404
3.51E-5                   0.14725092779506074
3.52E-5                   0.14506497451108108
3.53E-5                   0.14287902122710155
3.54E-5                   0.14069306794312192
3.5499999999999996E-5     0.13850711465914237
3.56E-5                   0.1364150855661187
3.57E-5                   0.13457031262441763
3.5799999999999996E-5     0.1327255396827167
3.59E-5                   0.1308807667410156
3.6E-5                    0.12903599379931457
3.6099999999999997E-5     0.1271912208576136
3.62E-5                   0.12534644791591254
3.63E-5                   0.12350167497421148
3.64E-5                   0.12165690203251056
3.65E-5                   0.11981212909080949
3.6599999999999995E-5     0.11796735614910853
3.67E-5                   0.11612258320740747
3.68E-5                   0.1142778102657064
3.6899999999999996E-5     0.11243303732400547
3.7E-5                    0.11058826438230437
3.71E-5                   0.10874349144060332
3.7199999999999996E-5     0.1072099022087121
3.73E-5                   0.10574945273040688
3.74E-5                   0.10428900325210166
3.75E-5                   0.10282855377379654
3.76E-5                   0.10136810429549134
3.77E-5                   0.09990765481718612
3.78E-5                   0.098447205338881
3.79E-5                   0.0969867558605758
3.7999999999999995E-5     0.09552630638227068
3.81E-5                   0.09406585690396548
3.82E-5                   0.09260540742566024
3.8299999999999996E-5     0.09114495794735514
3.84E-5                   0.08968450846904992
3.85E-5                   0.08822405899074472
3.8599999999999996E-5     0.0867636095124396
3.87E-5                   0.0854078287670397
3.88E-5                   0.08425156708632968
3.89E-5                   0.08309530540561973
3.9E-5                    0.08193904372490969
3.9099999999999995E-5     0.08078278204419972
3.92E-5                   0.07962652036348969
3.93E-5                   0.07847025868277967
3.9399999999999995E-5     0.07731399700206971
3.95E-5                   0.07615773532135968
3.96E-5                   0.07500147364064964
3.9699999999999996E-5     0.07384521195993968
3.98E-5                   0.07268895027922966
3.99E-5                   0.07153268859851962
3.9999999999999996E-5     0.07037642691780968
4.01E-5                   0.06922016523709965
4.02E-5                   0.06806390355638962
4.03E-5                   0.06711963228946718
4.04E-5                   0.06620468211882158
4.0499999999999995E-5     0.06528973194817607
4.06E-5                   0.06437478177753048
4.07E-5                   0.06345983160688487
4.0799999999999996E-5     0.06254488143623936
4.09E-5                   0.06162993126559376
4.1E-5                    0.06071498109494817
4.1099999999999996E-5     0.05980003092430265
4.12E-5                   0.05888508075365705
4.13E-5                   0.057970130583011474
4.14E-5                   0.05705518041236594
4.15E-5                   0.05614023024172034
4.1599999999999995E-5     0.055225280071074814
4.17E-5                   0.05431032990042923
4.18E-5                   0.05347388001042274
4.1899999999999995E-5     0.0527490523985979
4.2E-5                    0.05202422478677302
4.21E-5                   0.05129939717494813
4.2199999999999996E-5     0.0505745695631233
4.23E-5                   0.04984974195129841
4.24E-5                   0.04912491433947352
4.2499999999999996E-5     0.04840008672764867
4.26E-5                   0.0476752591158238
4.27E-5                   0.046950431503998906
4.28E-5                   0.04622560389217407
4.29E-5                   0.04550077628034918
4.2999999999999995E-5     0.04477594866852434
4.31E-5                   0.044051121056699456
4.32E-5                   0.04332629344487456
4.3299999999999995E-5     0.042601465833049725
4.34E-5                   0.0420202526364492
4.35E-5                   0.04144703003732265
4.3599999999999996E-5     0.04087380743819615
4.37E-5                   0.04030058483906961
4.38E-5                   0.039727362239943075
4.3899999999999996E-5     0.03915413964081656
4.4E-5                    0.03858091704169002
4.41E-5                   0.03800769444256348
4.42E-5                   0.03743447184343698
4.43E-5                   0.03686124924431043
4.4399999999999995E-5     0.036288026645183935
4.45E-5                   0.03571480404605738
4.46E-5                   0.03514158144693084
4.4699999999999996E-5     0.03456835884780434
4.48E-5                   0.0339951362486778
4.49E-5                   0.033479208625722394
4.4999999999999996E-5     0.033024930884245886
4.51E-5                   0.03257065314276935
4.52E-5                   0.03211637540129281
4.5299999999999997E-5     0.0316620976598163
4.54E-5                   0.031207819918339756
4.5499999999999995E-5     0.03075354217686325
4.56E-5                   0.030299264435386705
4.57E-5                   0.029844986693910166
4.5799999999999995E-5     0.029390708952433654
4.59E-5                   0.028936431210957115
4.6E-5                    0.02848215346948058
4.6099999999999996E-5     0.028027875728004067
4.62E-5                   0.027573597986527528
4.63E-5                   0.027119320245050992
4.6399999999999996E-5     0.026666572099133753
4.65E-5                   0.02630733644890409
4.66E-5                   0.025948100798674434
4.67E-5                   0.0255888651484448
4.68E-5                   0.025229629498215132
4.6899999999999995E-5     0.024870393847985502
4.7E-5                    0.024511158197755845
4.71E-5                   0.02415192254752618
4.7199999999999995E-5     0.02379268689729654
4.73E-5                   0.023433451247066882
4.74E-5                   0.023074215596837224
4.7499999999999996E-5     0.022714979946607584
4.76E-5                   0.022355744296377926
4.77E-5                   0.021996508646148265
4.7799999999999996E-5     0.02163727299591863
4.79E-5                   0.02127803734568897
4.8E-5                    0.020959884369922854
4.81E-5                   0.020675277440282358
4.82E-5                   0.020390670510641837
4.8299999999999995E-5     0.020106063581001334
4.84E-5                   0.019821456651360817
4.85E-5                   0.0195368497217203
4.8599999999999995E-5     0.0192522427920798
4.87E-5                   0.01896763586243928
4.88E-5                   0.01868302893279876
4.8899999999999996E-5     0.018398422003158256
4.9E-5                    0.01811381507351774
4.91E-5                   0.01782920814387722
4.9199999999999997E-5     0.01754460121423672
4.93E-5                   0.0172599942845962
4.9399999999999995E-5     0.016975387354955702
4.95E-5                   0.01669582231485741
4.96E-5                   0.01647060549225891
4.9699999999999995E-5     0.016245388669660424
4.98E-5                   0.016020171847061927
4.99E-5                   0.015794955024463427
4.9999999999999996E-5     0.015569738201864945
5.01E-5                   0.015344521379266446
5.02E-5                   0.015119304556667944
5.0299999999999996E-5     0.014894087734069462
5.04E-5                   0.014668870911470963
5.05E-5                   0.014443654088872463
5.06E-5                   0.014218437266273977
5.07E-5                   0.01399322044367548
5.0799999999999995E-5     0.013768003621076996
5.09E-5                   0.013542786798478498
5.1E-5                    0.013317569975879996
5.1099999999999995E-5     0.013131790392810521
5.12E-5                   0.01297025446178972
5.13E-5                   0.012808718530768919
5.1399999999999996E-5     0.01264718259974813
5.15E-5                   0.012485646668727325
5.16E-5                   0.012324110737706525
5.1699999999999996E-5     0.012162574806685734
5.18E-5                   0.012001038875664933
5.1899999999999994E-5     0.011839502944644144
5.2E-5                    0.011677967013623343
5.21E-5                   0.011516431082602542
5.2199999999999995E-5     0.011354895151581751
5.23E-5                   0.011193359220560951
5.24E-5                   0.01103182328954015
5.2499999999999995E-5     0.01087028735851936
5.26E-5                   0.010708751427498558
5.27E-5                   0.010547215496477757
5.2799999999999996E-5     0.010385679565456968
5.29E-5                   0.010224143634436165
5.3E-5                    0.010062607703415364
5.3099999999999996E-5     0.009901071772394573
5.32E-5                   0.009739535841373772
5.3299999999999995E-5     0.009577999910352982
5.34E-5                   0.00941646397933218
5.35E-5                   0.00925492804831138
5.3599999999999995E-5     0.00909339211729059
5.37E-5                   0.008931856186269788
5.38E-5                   0.008770320255248987
5.3899999999999996E-5     0.008608784324228196
5.4E-5                    0.008447248393207395
5.41E-5                   0.008285712462186595
5.4199999999999996E-5     0.008166109186464713
5.43E-5                   0.008065513443447468
5.4399999999999994E-5     0.007964917700430226
5.4499999999999997E-5     0.00786432195741298
5.46E-5                   0.0077637262143957315
5.4699999999999995E-5     0.007663130471378491
5.48E-5                   0.007562534728361244
5.49E-5                   0.007461938985343995
5.4999999999999995E-5     0.007361343242326756
5.51E-5                   0.0072607474993095075
5.52E-5                   0.00716015175629226
5.5299999999999996E-5     0.00705955601327502
5.54E-5                   0.006958960270257773
5.55E-5                   0.006858364527240525
5.5599999999999996E-5     0.006757768784223284
5.57E-5                   0.006657173041206037
5.5799999999999994E-5     0.006556577298188795
5.59E-5                   0.006455981555171549
5.6E-5                    0.006355385812154301
5.6099999999999995E-5     0.0062547900691370594
5.62E-5                   0.0061541943261198126
5.63E-5                   0.006053598583102566
5.6399999999999995E-5     0.005953002840085325
5.65E-5                   0.005852407097068078
5.66E-5                   0.00575181135405083
5.6699999999999996E-5     0.005651215611033589
5.68E-5                   0.005550619868016342
5.69E-5                   0.005450024124999095
5.6999999999999996E-5     0.005349428381981854
5.71E-5                   0.005248832638964605
5.7199999999999994E-5     0.005148236895947365
5.73E-5                   0.005076442421197465
5.74E-5                   0.0050138985038708445
5.7499999999999995E-5     0.004951354586544229
5.76E-5                   0.004888810669217608
5.77E-5                   0.004826266751890987
5.7799999999999995E-5     0.0047637228345643705
5.79E-5                   0.00470117891723775
5.8E-5                    0.004638634999911129
5.8099999999999996E-5     0.004576091082584513
5.82E-5                   0.004513547165257892
5.8299999999999994E-5     0.004451003247931276
5.8399999999999997E-5     0.004388459330604655
5.85E-5                   0.004325915413278035
5.8599999999999995E-5     0.004263371495951418
5.87E-5                   0.004200827578624797
5.88E-5                   0.004138283661298177
5.8899999999999995E-5     0.00407573974397156
5.9E-5                    0.004013195826644939
5.91E-5                   0.003950651909318319
5.9199999999999996E-5     0.0038881079919917015
5.93E-5                   0.0038255640746650806
5.94E-5                   0.00376302015733846
5.9499999999999996E-5     0.003700476240011845
5.96E-5                   0.0036379323226852236
5.9699999999999994E-5     0.0035753884053586074
5.98E-5                   0.0035128444880319866
5.99E-5                   0.003450300570705366
5.9999999999999995E-5     0.003387756653378749
6.01E-5                   0.0033252127360521287
6.02E-5                   0.0032626688187255078
6.0299999999999995E-5     0.0032001249013988917
6.04E-5                   0.003157055063682066
6.05E-5                   0.003118096182960465
6.0599999999999996E-5     0.003079137302238865
6.07E-5                   0.0030401784215172627
6.08E-5                   0.0030012195407956607
6.0899999999999996E-5     0.0029622606600740605
6.1E-5                    0.002923301779352458
6.11E-5                   0.0028843428986308588
6.12E-5                   0.0028453840179092564
6.13E-5                   0.002806425137187654
6.14E-5                   0.002767466256466052
6.149999999999999E-5      0.002728507375744455
6.159999999999999E-5      0.0026895484950228525
6.17E-5                   0.00265058961430125
6.18E-5                   0.0026116307335796477
6.19E-5                   0.002572671852858046
6.2E-5                    0.0025337129721364434
6.209999999999999E-5      0.0024947540914148462
6.22E-5                   0.002455795210693244
6.23E-5                   0.002416836329971642
6.24E-5                   0.002377877449250039
6.25E-5                   0.0023389185685284376
6.26E-5                   0.002299959687806835
6.269999999999999E-5      0.002261000807085238
6.28E-5                   0.0022220419263636357
6.29E-5                   0.0021830830456420333
6.3E-5                    0.0021441241649204305
6.31E-5                   0.002105165284198829
6.319999999999999E-5      0.002066206403477232
6.33E-5                   0.00202724752275563
6.34E-5                   0.0019882886420340275
6.35E-5                   0.0019659056505947426
6.36E-5                   0.001945477732195551
6.37E-5                   0.0019250498137963602
6.379999999999999E-5      0.0019046218953971718
6.39E-5                   0.0018841939769979812
6.4E-5                    0.0018637660585987894
6.41E-5                   0.0018433381401995988
6.42E-5                   0.0018229102218004075
6.429999999999999E-5      0.0018024823034012195
6.44E-5                   0.0017820543850020282
6.45E-5                   0.0017616264666028372
6.46E-5                   0.0017411985482036461
6.47E-5                   0.0017207706298044553
6.48E-5                   0.001700342711405264
6.489999999999999E-5      0.0016799147930060755
6.5E-5                    0.0016594868746068847
6.51E-5                   0.0016390589562076938
6.52E-5                   0.0016186310378085026
6.53E-5                   0.0015982031194093113
6.539999999999999E-5      0.0015777752010101233
6.549999999999999E-5      0.0015573472826109322
6.56E-5                   0.0015369193642117414
6.57E-5                   0.0015164914458125499
6.58E-5                   0.001496063527413359
6.59E-5                   0.001475635609014168
6.599999999999999E-5      0.0014552076906149795
6.61E-5                   0.0014347797722157887
6.62E-5                   0.0014143518538165974
6.63E-5                   0.0013939239354174063
6.64E-5                   0.0013734960170182153
6.65E-5                   0.0013530680986190244
6.659999999999999E-5      0.001332640180219836
6.67E-5                   0.0013122122618206451
6.68E-5                   0.0012917843434214538
6.69E-5                   0.0012713564250222628
6.7E-5                    0.0012509285066230717
6.709999999999999E-5      0.0012305005882238835
6.72E-5                   0.0012100726698246924
6.73E-5                   0.0011896447514255014
6.74E-5                   0.00116921683302631
6.75E-5                   0.0011487889146271192
6.76E-5                   0.0011283609962279282
6.769999999999999E-5      0.0011079330778287397
6.78E-5                   0.001087505159429549
6.79E-5                   0.0010670772410303578
6.8E-5                    0.0010466493226311665
6.81E-5                   0.0010262214042319755
6.819999999999999E-5      0.0010057934858327875
6.829999999999999E-5      9.853655674335962E-4
6.84E-5                   9.64937649034405E-4
6.85E-5                   9.445097306352141E-4
6.86E-5                   9.240818122360231E-4
6.87E-5                   9.03653893836832E-4
6.879999999999999E-5      8.832259754376437E-4
6.89E-5                   8.627980570384526E-4
6.9E-5                    8.423701386392616E-4
6.91E-5                   8.219422202400705E-4
6.92E-5                   8.015143018408792E-4
6.929999999999999E-5      7.810863834416911E-4
6.939999999999999E-5      7.606584650425E-4
6.95E-5                   7.402305466433089E-4
6.96E-5                   7.202201616442475E-4
6.97E-5                   7.128002970238568E-4
6.98E-5                   7.053804324034659E-4
6.989999999999999E-5      6.979605677830764E-4
7.0E-5                    6.905407031626856E-4
7.01E-5                   6.83120838542295E-4
7.02E-5                   6.757009739219044E-4
7.03E-5                   6.682811093015135E-4
7.04E-5                   6.608612446811228E-4
7.049999999999999E-5      6.534413800607331E-4
7.06E-5                   6.460215154403425E-4
7.07E-5                   6.386016508199518E-4
7.08E-5                   6.31181786199561E-4
7.09E-5                   6.237619215791704E-4
7.099999999999999E-5      6.163420569587805E-4
7.11E-5                   6.0892219233839E-4
7.12E-5                   6.015023277179993E-4
7.13E-5                   5.940824630976086E-4
7.14E-5                   5.866625984772179E-4
7.15E-5                   5.792427338568272E-4
7.159999999999999E-5      5.718228692364375E-4
7.17E-5                   5.644030046160468E-4
7.18E-5                   5.569831399956562E-4
7.19E-5                   5.495632753752655E-4
7.2E-5                    5.421434107548746E-4
7.209999999999999E-5      5.347235461344852E-4
7.219999999999999E-5      5.273036815140943E-4
7.23E-5                   5.198838168937036E-4
7.24E-5                   5.12463952273313E-4
7.25E-5                   5.050440876529223E-4
7.26E-5                   4.976242230325316E-4
7.269999999999999E-5      4.902043584121419E-4
7.28E-5                   4.827844937917512E-4
7.29E-5                   4.753646291713604E-4
7.3E-5                    4.679447645509697E-4
7.31E-5                   4.605248999305791E-4
7.319999999999999E-5      4.531050353101894E-4
7.329999999999999E-5      4.4568517068979864E-4
7.34E-5                   4.38265306069408E-4
7.35E-5                   4.308454414490173E-4
7.36E-5                   4.234255768286266E-4
7.37E-5                   4.160057122082359E-4
7.379999999999999E-5      4.085858475878462E-4
7.39E-5                   4.011659829674555E-4
7.4E-5                    3.9374611834706484E-4
7.41E-5                   3.8632625372667404E-4
7.42E-5                   3.7890638910628347E-4
7.429999999999999E-5      3.7148652448589376E-4
7.439999999999999E-5      3.64066659865503E-4
7.45E-5                   3.566467952451124E-4
7.46E-5                   3.492269306247216E-4
7.47E-5                   3.4180706600433087E-4
7.48E-5                   3.343872013839402E-4
7.489999999999999E-5      3.2696733676355053E-4
7.5E-5                    3.1954747214315985E-4
7.51E-5                   3.121276075227691E-4
7.52E-5                   3.0470774290237843E-4
7.53E-5                   2.9728787828198775E-4
7.54E-5                   2.8986801366159706E-4
7.549999999999999E-5      2.824481490412073E-4
7.56E-5                   2.750282844208167E-4
7.57E-5                   2.6760841980042594E-4
7.58E-5                   2.6099025707283324E-4
7.59E-5                   2.5829464546090055E-4
7.599999999999999E-5      2.555990338489683E-4
7.609999999999999E-5      2.529034222370356E-4
7.62E-5                   2.5020781062510297E-4
7.63E-5                   2.475121990131702E-4
7.64E-5                   2.448165874012376E-4
7.65E-5                   2.4212097578930487E-4
7.659999999999999E-5      2.3942536417737256E-4
7.67E-5                   2.3672975256543987E-4
7.68E-5                   2.3403414095350724E-4
7.69E-5                   2.3133852934157452E-4
7.7E-5                    2.2864291772964188E-4
7.709999999999999E-5      2.2594730611770955E-4
7.719999999999999E-5      2.2325169450577686E-4
7.73E-5                   2.205560828938442E-4
7.74E-5                   2.178604712819115E-4
7.75E-5                   2.1516485966997884E-4
7.76E-5                   2.1246924805804618E-4
7.769999999999999E-5      2.0977363644611384E-4
7.78E-5                   2.0707802483418118E-4
7.79E-5                   2.0438241322224852E-4
7.8E-5                    2.0168680161031583E-4
7.81E-5                   1.9899118999838314E-4
7.819999999999999E-5      1.9629557838645085E-4
7.829999999999999E-5      1.9359996677451816E-4
7.84E-5                   1.909043551625855E-4
7.85E-5                   1.882087435506528E-4
7.86E-5                   1.8551313193872015E-4
7.87E-5                   1.8281752032678746E-4
7.879999999999999E-5      1.8012190871485515E-4
7.89E-5                   1.7742629710292246E-4
7.9E-5                    1.747306854909898E-4
7.91E-5                   1.7203507387905713E-4
7.92E-5                   1.6933946226712444E-4
7.93E-5                   1.6664385065519178E-4
7.939999999999999E-5      1.6394823904325947E-4
7.95E-5                   1.612526274313268E-4
7.96E-5                   1.5855701581939411E-4
7.97E-5                   1.5586140420746142E-4
7.98E-5                   1.5316579259552876E-4
7.989999999999999E-5      1.5047018098359642E-4
7.999999999999999E-5      1.4777456937166373E-4
8.01E-5                   1.4507895775973107E-4
8.02E-5                   1.423833461477984E-4
8.03E-5                   1.3968773453586572E-4
8.04E-5                   1.3699212292393306E-4
8.049999999999999E-5      1.3429651131200077E-4
8.06E-5                   1.3160089970006808E-4
8.07E-5                   1.289052880881354E-4
8.08E-5                   1.2620967647620276E-4
8.09E-5                   1.2351406486427004E-4
8.099999999999999E-5      1.2081845325233773E-4
8.109999999999999E-5      1.1812284164040505E-4
8.12E-5                   1.1542723002847239E-4
8.13E-5                   1.1273161841653971E-4
8.14E-5                   1.1003600680460704E-4
8.15E-5                   1.0734039519267436E-4
8.159999999999999E-5      1.0464478358074204E-4
8.17E-5                   1.0194917196880936E-4
8.18E-5                   9.925356035687668E-5
8.19E-5                   9.655794874494401E-5
8.2E-5                    9.439232490484382E-5
8.209999999999999E-5      9.342137078137044E-5
8.219999999999999E-5      9.245041665789689E-5
8.23E-5                   9.147946253442338E-5
8.24E-5                   9.050850841094985E-5
8.25E-5                   8.953755428747636E-5
8.26E-5                   8.856660016400282E-5
8.269999999999999E-5      8.759564604052943E-5
8.28E-5                   8.662469191705591E-5
8.29E-5                   8.565373779358239E-5
8.3E-5                    8.468278367010887E-5
8.31E-5                   8.371182954663535E-5
8.319999999999999E-5      8.274087542316195E-5
8.329999999999999E-5      8.176992129968844E-5
8.34E-5                   8.079896717621491E-5
8.35E-5                   7.98280130527414E-5
8.36E-5                   7.885705892926787E-5
8.37E-5                   7.788610480579435E-5
8.379999999999999E-5      7.691515068232097E-5
8.389999999999999E-5      7.594419655884744E-5
8.4E-5                    7.497324243537393E-5
8.41E-5                   7.40022883119004E-5
8.42E-5                   7.303133418842689E-5
8.43E-5                   7.206038006495336E-5
8.439999999999999E-5      7.108942594147997E-5
8.45E-5                   7.011847181800645E-5
8.46E-5                   6.914751769453292E-5
8.47E-5                   6.81765635710594E-5
8.48E-5                   6.72056094475859E-5
8.489999999999999E-5      6.62346553241125E-5
8.499999999999999E-5      6.526370120063898E-5
8.51E-5                   6.429274707716546E-5
8.52E-5                   6.332179295369194E-5
8.53E-5                   6.23508388302184E-5
8.54E-5                   6.137988470674489E-5
8.549999999999999E-5      6.04089305832715E-5
8.56E-5                   5.943797645979797E-5
8.57E-5                   5.8467022336324455E-5
8.58E-5                   5.749606821285093E-5
8.59E-5                   5.652511408937742E-5
8.599999999999999E-5      5.555415996590404E-5
8.609999999999999E-5      5.4583205842430505E-5
8.62E-5                   5.3612251718957E-5
8.63E-5                   5.264129759548346E-5
8.64E-5                   5.167034347200994E-5
8.65E-5                   5.069938934853642E-5
8.659999999999999E-5      4.9728435225063036E-5
8.669999999999999E-5      4.8757481101589517E-5
8.68E-5                   4.7786526978116E-5
8.69E-5                   4.681557285464247E-5
8.7E-5                    4.5844618731168944E-5
8.709999999999999E-5      4.487366460769556E-5
8.719999999999999E-5      4.3902710484222034E-5
8.73E-5                   4.2931756360748514E-5
8.74E-5                   4.1960802237274995E-5
8.75E-5                   4.0989848113801475E-5
8.76E-5                   4.0018893990327955E-5
8.769999999999999E-5      3.904793986685457E-5
8.779999999999999E-5      3.807698574338105E-5
8.79E-5                   3.710603161990752E-5
8.8E-5                    3.6135077496434006E-5
8.81E-5                   3.5164123372960486E-5
8.82E-5                   3.450306295380587E-5
8.829999999999999E-5      3.4228653476700356E-5
8.84E-5                   3.395424399959481E-5
8.85E-5                   3.367983452248927E-5
8.86E-5                   3.340542504538373E-5
8.87E-5                   3.3131015568278185E-5
8.879999999999999E-5      3.2856606091172685E-5
8.889999999999999E-5      3.258219661406714E-5
8.9E-5                    3.230778713696159E-5
8.91E-5                   3.203337765985605E-5
8.92E-5                   3.17589681827505E-5
8.93E-5                   3.148455870564495E-5
8.939999999999999E-5      3.1210149228539445E-5
8.95E-5                   3.0935739751433904E-5
8.96E-5                   3.066133027432837E-5
8.97E-5                   3.0386920797222823E-5
8.98E-5                   3.0112511320117278E-5
8.989999999999999E-5      2.983810184301177E-5
8.999999999999999E-5      2.956369236590623E-5
9.01E-5                   2.9289282888800692E-5
9.02E-5                   2.9014873411695145E-5
9.03E-5                   2.8740463934589597E-5
9.04E-5                   2.8466054457484056E-5
9.049999999999999E-5      2.819164498037855E-5
9.059999999999999E-5      2.7917235503273E-5
9.07E-5                   2.7642826026167467E-5
9.08E-5                   2.7368416549061926E-5
9.09E-5                   2.7094007071956378E-5
9.099999999999999E-5      2.6819597594850874E-5
9.109999999999999E-5      2.654518811774533E-5
9.12E-5                   2.6270778640639782E-5
9.13E-5                   2.5996369163534235E-5
9.14E-5                   2.57219596864287E-5
9.15E-5                   2.5447550209323153E-5
9.159999999999999E-5      2.5173140732217646E-5
9.169999999999999E-5      2.4898731255112105E-5
9.18E-5                   2.4624321778006557E-5
9.19E-5                   2.4349912300901016E-5
9.2E-5                    2.4075502823795478E-5
9.21E-5                   2.3801093346689934E-5
9.219999999999999E-5      2.352668386958442E-5
9.23E-5                   2.3252274392478882E-5
9.24E-5                   2.2977864915373338E-5
9.25E-5                   2.2703455438267794E-5
9.26E-5                   2.242904596116225E-5
9.269999999999999E-5      2.2154636484056746E-5
9.279999999999999E-5      2.1880227006951198E-5
9.29E-5                   2.1605817529845657E-5
9.3E-5                    2.1331408052740112E-5
9.31E-5                   2.105699857563457E-5
9.32E-5                   2.0782589098529027E-5
9.329999999999999E-5      2.050817962142352E-5
9.34E-5                   2.023377014431798E-5
9.35E-5                   1.9959360667212435E-5
9.36E-5                   1.968495119010689E-5
9.37E-5                   1.941054171300135E-5
9.379999999999999E-5      1.913613223589584E-5
9.389999999999999E-5      1.8861722758790298E-5
9.4E-5                    1.8587313281684757E-5
9.41E-5                   1.831290380457921E-5
9.42E-5                   1.803849432747367E-5
9.43E-5                   1.7764084850368124E-5
9.439999999999999E-5      1.7489675373262617E-5
9.449999999999999E-5      1.721526589615708E-5
9.46E-5                   1.694085641905153E-5
9.47E-5                   1.6666446941945987E-5
9.48E-5                   1.6392037464840446E-5
9.489999999999999E-5      1.611762798773494E-5
9.499999999999999E-5      1.5843218510629394E-5
9.51E-5                   1.556880903352385E-5
9.52E-5                   1.529439955641831E-5
9.53E-5                   1.5019990079312766E-5
9.54E-5                   1.474558060220722E-5
9.549999999999999E-5      1.4471171125101717E-5
9.559999999999999E-5      1.4196761647996169E-5
9.57E-5                   1.3922352170890628E-5
9.58E-5                   1.3647942693785085E-5
9.59E-5                   1.3373533216679543E-5
9.6E-5                    1.3099123739573998E-5
9.609999999999999E-5      1.2824714262468491E-5
9.62E-5                   1.2550304785362948E-5
9.63E-5                   1.2275895308257406E-5
9.64E-5                   1.2001485831151861E-5
9.65E-5                   1.1727076354046319E-5
9.659999999999999E-5      1.1452666876940812E-5
9.669999999999999E-5      1.1178257399835269E-5
9.68E-5                   1.0903847922729724E-5
9.69E-5                   1.0629438445624184E-5
9.7E-5                    1.035502896851864E-5
9.71E-5                   1.0080619491413095E-5
9.719999999999999E-5      9.806210014307591E-6
9.73E-5                   9.531800537202047E-6
9.74E-5                   9.257391060096502E-6
9.75E-5                   8.98298158299096E-6
9.76E-5                   8.708572105885414E-6
9.769999999999999E-5      8.43416262877991E-6
9.779999999999999E-5      8.159753151674365E-6
9.79E-5                   7.885343674568821E-6
9.8E-5                    7.610934197463279E-6
9.81E-5                   7.336524720357737E-6
9.82E-5                   7.062115243252191E-6
9.829999999999999E-5      6.787705766146686E-6
9.839999999999999E-5      6.513296289041143E-6
9.85E-5                   6.2388868119356E-6
9.86E-5                   5.964477334830056E-6
9.87E-5                   5.690067857724514E-6
9.879999999999999E-5      5.415658380619006E-6
9.889999999999999E-5      5.141248903513463E-6
9.9E-5                    4.86683942640792E-6
9.91E-5                   4.592429949302377E-6
9.92E-5                   4.318020472196833E-6
9.93E-5                   4.04361099509129E-6
9.939999999999999E-5      3.769201517985784E-6
9.949999999999999E-5      3.4947920408802404E-6
9.96E-5                   3.220382563774697E-6
9.97E-5                   2.945973086669154E-6
9.98E-5                   2.6715636095636098E-6
9.989999999999999E-5      2.397154132458104E-6
9.999999999999999E-5      2.1227446553525604E-6
1.001E-4                  1.848335178247017E-6
1.002E-4                  1.5739257011414738E-6
1.003E-4                  1.2995162240359303E-6
1.004E-4                  1.025106746930387E-6
1.0049999999999999E-4     7.506972698248807E-7
1.0059999999999999E-4     6.711588010131423E-7
1.007E-4                  6.67364541278335E-7
1.008E-4                  6.635702815435279E-7
1.009E-4                  6.597760218087207E-7
1.01E-4                   6.559817620739133E-7
1.0109999999999999E-4     6.521875023391066E-7
1.012E-4                  6.483932426042994E-7
1.013E-4                  6.445989828694922E-7
1.014E-4                  6.40804723134685E-7
1.015E-4                  6.370104633998776E-7
1.0159999999999999E-4     6.33216203665071E-7
1.0169999999999999E-4     6.294219439302636E-7
1.018E-4                  6.256276841954566E-7
1.019E-4                  6.218334244606492E-7
1.02E-4                   6.180391647258419E-7
1.021E-4                  6.142449049910348E-7
1.0219999999999999E-4     6.104506452562281E-7
1.0229999999999999E-4     6.066563855214208E-7
1.024E-4                  6.028621257866136E-7
1.025E-4                  5.990678660518064E-7
1.026E-4                  5.952736063169991E-7
1.0269999999999999E-4     5.914793465821924E-7
1.0279999999999999E-4     5.876850868473852E-7
1.029E-4                  5.838908271125779E-7
1.03E-4                   5.800965673777708E-7
1.031E-4                  5.763023076429634E-7
1.032E-4                  5.725080479081561E-7
1.0329999999999999E-4     5.687137881733494E-7
1.0339999999999999E-4     5.649195284385423E-7
1.035E-4                  5.61125268703735E-7
1.036E-4                  5.573310089689277E-7
1.037E-4                  5.535367492341205E-7
1.0379999999999999E-4     5.497424894993138E-7
1.0389999999999999E-4     5.459482297645066E-7
1.04E-4                   5.421539700296994E-7
1.041E-4                  5.38359710294892E-7
1.042E-4                  5.345654505600849E-7
1.043E-4                  5.307711908252776E-7
1.0439999999999999E-4     5.269769310904709E-7
1.0449999999999999E-4     5.231826713556637E-7
1.046E-4                  5.193884116208565E-7
1.047E-4                  5.155941518860492E-7
1.048E-4                  5.117998921512419E-7
1.049E-4                  5.080056324164347E-7
1.0499999999999999E-4     5.042113726816279E-7
1.051E-4                  5.004171129468208E-7
1.052E-4                  4.966228532120134E-7
1.053E-4                  4.928285934772062E-7
1.054E-4                  4.890343337423991E-7
1.0549999999999999E-4     4.852400740075923E-7
1.0559999999999999E-4     4.81445814272785E-7
1.057E-4                  4.776515545379779E-7
1.058E-4                  4.738572948031706E-7
1.059E-4                  4.700630350683634E-7
1.06E-4                   4.6626877533355613E-7
1.0609999999999999E-4     4.624745155987495E-7
1.0619999999999999E-4     4.586802558639421E-7
1.063E-4                  4.5488599612913494E-7
1.064E-4                  4.5109173639432766E-7
1.065E-4                  4.4729747665952044E-7
1.0659999999999999E-4     4.4350321692471374E-7
1.0669999999999999E-4     4.3970895718990647E-7
1.068E-4                  4.359146974550992E-7
1.069E-4                  4.3212043772029197E-7
1.07E-4                   4.2832617798548474E-7
1.071E-4                  4.2453191825067747E-7
1.0719999999999999E-4     4.207376585158708E-7
1.0729999999999999E-4     4.1694339878106355E-7
1.074E-4                  4.131491390462563E-7
1.075E-4                  4.093548793114491E-7
1.076E-4                  4.055606195766418E-7
1.0769999999999999E-4     4.017663598418351E-7
1.0779999999999999E-4     3.9797210010702786E-7
1.079E-4                  3.9417784037222063E-7
1.08E-4                   3.9038358063741346E-7
1.081E-4                  3.8658932090260613E-7
1.082E-4                  3.8279506116779886E-7
1.0829999999999999E-4     3.7900080143299216E-7
1.0839999999999999E-4     3.7520654169818494E-7
1.085E-4                  3.714122819633777E-7
1.086E-4                  3.6761802222857055E-7
1.087E-4                  3.638237624937632E-7
1.0879999999999999E-4     3.600295027589566E-7
1.0889999999999999E-4     3.5623524302414935E-7
1.0899999999999999E-4     3.52440983289342E-7
1.091E-4                  3.486467235545348E-7
1.092E-4                  3.448524638197276E-7
1.093E-4                  3.4105820408492035E-7
1.0939999999999999E-4     3.3726394435011366E-7
1.0949999999999999E-4     3.3346968461530644E-7
1.096E-4                  3.296754248804991E-7
1.097E-4                  3.2588116514569194E-7
1.098E-4                  3.220869054108847E-7
1.099E-4                  3.182926456760774E-7
1.0999999999999999E-4     3.1449838594127074E-7
1.1009999999999999E-4     3.1070412620646347E-7
1.102E-4                  3.069098664716562E-7
1.103E-4                  3.03115606736849E-7
1.104E-4                  2.9932134700204175E-7
1.1049999999999999E-4     2.9552708726723505E-7
1.1059999999999999E-4     2.917328275324278E-7
1.107E-4                  2.8793856779762055E-7
1.108E-4                  2.8414430806281333E-7
1.109E-4                  2.8035004832800605E-7
1.11E-4                   2.7655578859319883E-7
1.1109999999999999E-4     2.7276152885839213E-7
1.1119999999999999E-4     2.6896726912358486E-7
1.113E-4                  2.6517300938877764E-7
1.114E-4                  2.613787496539704E-7
1.115E-4                  2.575844899191632E-7
1.1159999999999999E-4     2.537902301843564E-7
1.1169999999999999E-4     2.499959704495491E-7
1.118E-4                  2.46201710714742E-7
1.119E-4                  2.4240745097993477E-7
1.12E-4                   2.386131912451275E-7
1.121E-4                  2.348189315103202E-7
1.1219999999999999E-4     2.3102467177551353E-7
1.1229999999999999E-4     2.2723041204070628E-7
1.124E-4                  2.2343615230589903E-7
1.125E-4                  2.196418925710918E-7
1.126E-4                  2.158476328362846E-7
1.1269999999999999E-4     2.1205337310147783E-7
1.1279999999999999E-4     2.082591133666706E-7
1.1289999999999999E-4     2.0446485363186333E-7
1.13E-4                   2.0193187282923077E-7
1.131E-4                  1.9940484052436536E-7
1.132E-4                  1.9687780821949992E-7
1.1329999999999999E-4     1.9435077591463485E-7
1.1339999999999999E-4     1.9182374360976942E-7
1.135E-4                  1.8929671130490392E-7
1.136E-4                  1.8676967900003848E-7
1.137E-4                  1.8424264669517307E-7
1.138E-4                  1.8171561439030766E-7
1.1389999999999999E-4     1.7918858208544254E-7
1.1399999999999999E-4     1.7666154978057707E-7
1.141E-4                  1.741345174757117E-7
1.142E-4                  1.7160748517084625E-7
1.143E-4                  1.6908045286598076E-7
1.1439999999999999E-4     1.665534205611156E-7
1.1449999999999999E-4     1.6402638825625022E-7
1.146E-4                  1.6149935595138476E-7
1.147E-4                  1.5897232364651935E-7
1.148E-4                  1.564452913416539E-7
1.149E-4                  1.539182590367885E-7
1.1499999999999999E-4     1.513912267319234E-7
1.1509999999999999E-4     1.4886419442705794E-7
1.152E-4                  1.4633716212219252E-7
1.153E-4                  1.4381012981732703E-7
1.154E-4                  1.4128309751246162E-7
1.1549999999999999E-4     1.387560652075965E-7
1.1559999999999999E-4     1.3622903290273106E-7
1.157E-4                  1.3370200059786562E-7
1.158E-4                  1.311749682930002E-7
1.159E-4                  1.2864793598813477E-7
1.16E-4                   1.2612090368326936E-7
1.1609999999999999E-4     1.2359387137840424E-7
1.1619999999999999E-4     1.2106683907353875E-7
1.163E-4                  1.1853980676867332E-7
1.164E-4                  1.1601277446380792E-7
1.165E-4                  1.1348574215894246E-7
1.1659999999999999E-4     1.1095870985407736E-7
1.1669999999999999E-4     1.0843167754921194E-7
1.1679999999999999E-4     1.059046452443465E-7
1.169E-4                  1.0337761293948108E-7
1.17E-4                   1.0085058063461563E-7
1.171E-4                  9.832354832975015E-8
1.1719999999999999E-4     9.579651602488506E-8
1.1729999999999999E-4     9.326948372001965E-8
1.174E-4                  9.07424514151542E-8
1.175E-4                  8.821541911028876E-8
1.176E-4                  8.568838680542332E-8
1.177E-4                  8.316135450055788E-8
1.1779999999999999E-4     8.06343221956928E-8
1.1789999999999999E-4     7.810728989082735E-8
1.18E-4                   7.558025758596192E-8
1.181E-4                  7.305322528109645E-8
1.182E-4                  7.052619297623102E-8
1.1829999999999999E-4     6.799916067136591E-8
1.1839999999999999E-4     6.547212836650047E-8
1.185E-4                  6.294509606163504E-8
1.186E-4                  6.041806375676963E-8
1.187E-4                  5.7891031451904186E-8
1.188E-4                  5.536399914703876E-8
1.1889999999999999E-4     5.283696684217364E-8
1.1899999999999999E-4     5.0309934537308174E-8
1.191E-4                  4.778290223244274E-8
1.192E-4                  4.5255869927577316E-8
1.193E-4                  4.2728837622711865E-8
1.1939999999999999E-4     4.020180531784677E-8
1.1949999999999999E-4     3.7674773012981344E-8
1.196E-4                  3.5147740708115906E-8
1.197E-4                  3.262070840325049E-8
1.198E-4                  3.0093676098385035E-8
1.199E-4                  2.7566643793519563E-8
1.1999999999999999E-4     2.5039611488654468E-8
1.2009999999999999E-4     2.2512579183789033E-8
1.202E-4                  1.998554687892358E-8
1.203E-4                  1.7458514574058162E-8
1.204E-4                  1.4931482269192733E-8
1.2049999999999999E-4     1.2404449964327635E-8
1.2059999999999999E-4     9.877417659462205E-9
1.2069999999999999E-4     7.350385354596753E-9
1.208E-4                  4.8233530497313214E-9
1.209E-4                  2.2963207448659005E-9
1.21E-4                   -2.3071155999958216E-10
1.2109999999999999E-4     -2.7577438648646565E-9
1.2119999999999999E-4     -5.2847761697301085E-9
1.213E-4                  -7.81180847459554E-9
1.214E-4                  -1.0338840779460981E-8
1.215E-4                  -1.2865873084326445E-8
1.216E-4                  -1.5392905389191883E-8
1.2169999999999999E-4     -1.7919937694056958E-8
1.2179999999999999E-4     -2.044696999892241E-8
1.219E-4                  -2.2974002303787832E-8
1.22E-4                   -2.5501034608653294E-8
1.2209999999999999E-4     -2.802806691351839E-8
1.222E-4                  -3.055509921838382E-8
1.223E-4                  -3.308213152324924E-8
1.224E-4                  -3.5609163828114685E-8
1.225E-4                  -3.8136196132980124E-8
1.226E-4                  -4.066322843784556E-8
1.227E-4                  -4.3190260742710995E-8
1.228E-4                  -4.571729304757644E-8
1.229E-4                  -4.824432535244189E-8
1.2299999999999998E-4     -5.077135765730662E-8
1.2309999999999998E-4     -5.32983899621721E-8
1.2319999999999999E-4     -5.582542226703753E-8
1.233E-4                  -5.8352454571902966E-8
1.234E-4                  -6.08794868767684E-8
1.235E-4                  -6.340651918163385E-8
1.236E-4                  -6.593355148649929E-8
1.237E-4                  -6.846058379136471E-8
1.238E-4                  -7.098761609623017E-8
1.239E-4                  -7.35146484010956E-8
1.24E-4                   -7.604168070596106E-8
1.241E-4                  -7.856871301082647E-8
1.2419999999999998E-4     -8.109574531569122E-8
1.2429999999999999E-4     -8.362277762055667E-8
1.244E-4                  -8.61498099254221E-8
1.245E-4                  -8.867684223028755E-8
1.246E-4                  -9.120387453515296E-8
1.247E-4                  -9.373090684001843E-8
1.248E-4                  -9.625793914488387E-8
1.249E-4                  -9.878497144974932E-8
1.25E-4                   -1.0131200375461476E-7
1.251E-4                  -1.0383903605948017E-7
1.252E-4                  -1.0636606836434562E-7
1.2529999999999998E-4     -1.0889310066921038E-7
1.2539999999999999E-4     -1.1142013297407581E-7
1.255E-4                  -1.1394716527894127E-7
1.256E-4                  -1.164741975838067E-7
1.257E-4                  -1.1900122988867215E-7
1.258E-4                  -1.2152826219353758E-7
1.259E-4                  -1.2405529449840302E-7
1.26E-4                   -1.2658232680326846E-7
1.261E-4                  -1.291093591081339E-7
1.262E-4                  -1.316363914129993E-7
1.263E-4                  -1.3416342371786477E-7
1.2639999999999998E-4     -1.366904560227295E-7
1.2649999999999998E-4     -1.3921748832759496E-7
1.266E-4                  -1.417445206324604E-7
1.267E-4                  -1.4427155293732586E-7
1.268E-4                  -1.467985852421913E-7
1.269E-4                  -1.4932561754705674E-7
1.27E-4                   -1.5185264985192218E-7
1.271E-4                  -1.543796821567876E-7
1.272E-4                  -1.5690671446165306E-7
1.273E-4                  -1.594337467665185E-7
1.274E-4                  -1.6196077907138394E-7
1.2749999999999998E-4     -1.6448781137624869E-7
1.2759999999999998E-4     -1.6701484368111413E-7
1.277E-4                  -1.6954187598597954E-7
1.278E-4                  -1.72068908290845E-7
1.279E-4                  -1.7459594059571044E-7
1.28E-4                   -1.7237920605142585E-7
1.281E-4                  -1.7014009875057704E-7
1.282E-4                  -1.679009914497282E-7
1.283E-4                  -1.6566188414887938E-7
1.284E-4                  -1.6342277684803052E-7
1.285E-4                  -1.6118366954718174E-7
1.2859999999999998E-4     -1.589445622463335E-7
1.2869999999999998E-4     -1.5670545494548468E-7
1.288E-4                  -1.5446634764463587E-7
1.289E-4                  -1.52227240343787E-7
1.29E-4                   -1.4998813304293823E-7
1.291E-4                  -1.4774902574208937E-7
1.292E-4                  -1.4550991844124054E-7
1.293E-4                  -1.4327081114039173E-7
1.294E-4                  -1.410317038395429E-7
1.295E-4                  -1.387925965386941E-7
1.296E-4                  -1.3655348923784526E-7
1.2969999999999998E-4     -1.3431438193699703E-7
1.2979999999999998E-4     -1.3207527463614825E-7
1.2989999999999999E-4     -1.298361673352994E-7
1.3E-4                    -1.2759706003445058E-7
1.301E-4                  -1.2535795273360175E-7
1.302E-4                  -1.231188454327529E-7
1.303E-4                  -1.2087973813190408E-7
1.304E-4                  -1.1864063083105526E-7
1.305E-4                  -1.1640152353020647E-7
1.306E-4                  -1.1416241622935762E-7
1.307E-4                  -1.1192330892850882E-7
1.3079999999999998E-4     -1.0968420162766057E-7
1.3089999999999998E-4     -1.0744509432681176E-7
1.3099999999999999E-4     -1.0520598702596295E-7
1.311E-4                  -1.0296687972511406E-7
1.312E-4                  -1.0072777242426526E-7
1.313E-4                  -9.848866512341644E-8
1.314E-4                  -9.624955782256762E-8
1.315E-4                  -9.401045052171881E-8
1.316E-4                  -9.177134322086999E-8
1.317E-4                  -8.953223592002117E-8
1.318E-4                  -8.729312861917234E-8
1.3189999999999998E-4     -8.505402131832413E-8
1.3199999999999998E-4     -8.281491401747529E-8
1.3209999999999999E-4     -8.057580671662643E-8
1.322E-4                  -7.833669941577763E-8
1.323E-4                  -7.609759211492879E-8
1.324E-4                  -7.385848481407997E-8
1.325E-4                  -7.161937751323115E-8
1.326E-4                  -6.938027021238234E-8
1.327E-4                  -6.714116291153352E-8
1.328E-4                  -6.490205561068472E-8
1.329E-4                  -6.266294830983586E-8
1.33E-4                   -6.042384100898702E-8
1.3309999999999998E-4     -5.81847337081388E-8
1.3319999999999999E-4     -5.594562640728997E-8
1.333E-4                  -5.3706519106441166E-8
1.334E-4                  -5.1467411805592346E-8
1.335E-4                  -4.922830450474352E-8
1.336E-4                  -4.698919720389471E-8
1.337E-4                  -4.475008990304588E-8
1.338E-4                  -4.2510982602197025E-8
1.339E-4                  -4.027187530134819E-8
1.34E-4                   -3.8032768000499385E-8
1.341E-4                  -3.579366069965057E-8
1.3419999999999998E-4     -3.355455339880234E-8
1.3429999999999998E-4     -3.131544609795352E-8
1.344E-4                  -2.907633879710469E-8
1.345E-4                  -2.6837231496255883E-8
1.346E-4                  -2.4598124195407073E-8
1.347E-4                  -2.2359016894558236E-8
1.348E-4                  -2.0119909593709383E-8
1.349E-4                  -1.7880802292860556E-8
1.35E-4                   -1.5641694992011746E-8
1.351E-4                  -1.3402587691162929E-8
1.352E-4                  -1.1163480390314099E-8
1.3529999999999998E-4     -8.924373089465882E-9
1.3539999999999998E-4     -6.685265788617064E-9
1.355E-4                  -4.446158487768245E-9
1.356E-4                  -2.2070511869194163E-9
1.357E-4                  3.205611392941269E-11
1.358E-4                  2.271163414778231E-9
1.359E-4                  4.510270715627081E-9
1.36E-4                   6.749378016475889E-9
1.361E-4                  8.988485317324707E-9
1.362E-4                  1.1227592618173537E-8
1.363E-4                  1.3466699919022386E-8
1.3639999999999998E-4     1.5705807219870582E-8
1.3649999999999998E-4     1.7944914520719432E-8
1.3659999999999999E-4     2.018402182156825E-8
1.367E-4                  2.242312912241707E-8
1.368E-4                  2.4662236423265886E-8
1.369E-4                  2.6901343724114716E-8
1.37E-4                   2.914045102496354E-8
1.371E-4                  3.137955832581235E-8
1.372E-4                  3.361866562666117E-8
1.373E-4                  3.5857772927510013E-8
1.374E-4                  3.8096880228358834E-8
1.3749999999999998E-4     4.033598752920706E-8
1.3759999999999998E-4     4.257509483005588E-8
1.3769999999999999E-4     4.4814202130904685E-8
1.378E-4                  4.7053309431753506E-8
1.379E-4                  4.929241673260235E-8
1.38E-4                   5.153152403345117E-8
1.381E-4                  5.377063133429999E-8
1.382E-4                  5.600973863514884E-8
1.383E-4                  5.824884593599765E-8
1.384E-4                  6.048795323684649E-8
1.385E-4                  6.27270605376953E-8
1.3859999999999998E-4     6.496616783854353E-8
1.3869999999999998E-4     6.720527513939235E-8
1.3879999999999999E-4     6.944438244024117E-8
1.389E-4                  7.168348974108999E-8
1.39E-4                   7.392259704193881E-8
1.391E-4                  7.616170434278763E-8
1.392E-4                  7.840081164363647E-8
1.393E-4                  8.063991894448529E-8
1.394E-4                  8.28790262453341E-8
1.395E-4                  8.511813354618295E-8
1.396E-4                  8.735724084703177E-8
1.3969999999999998E-4     8.959634814787998E-8
1.3979999999999998E-4     9.18354554487288E-8
1.3989999999999999E-4     9.407456274957762E-8
1.4E-4                    9.631367005042646E-8
1.401E-4                  9.855277735127526E-8
1.402E-4                  1.0079188465212411E-7
1.403E-4                  1.0303099195297296E-7
1.404E-4                  1.0527009925382176E-7
1.405E-4                  1.075092065546706E-7
1.406E-4                  1.097483138555194E-7
1.407E-4                  1.1198742115636824E-7
1.408E-4                  1.1422652845721707E-7
1.4089999999999998E-4     1.1646563575806528E-7
1.4099999999999998E-4     1.187047430589141E-7
1.411E-4                  1.2094385035976294E-7
1.412E-4                  1.2318295766061174E-7
1.413E-4                  1.2542206496146058E-7
1.414E-4                  1.276611722623094E-7
1.415E-4                  1.2990027956315822E-7
1.416E-4                  1.3213938686400705E-7
1.417E-4                  1.3437849416485586E-7
1.418E-4                  1.366176014657047E-7
1.419E-4                  1.388567087665535E-7
1.4199999999999998E-4     1.4109581606740172E-7
1.4209999999999998E-4     1.4333492336825058E-7
1.422E-4                  1.4557403066909936E-7
1.423E-4                  1.4781313796994825E-7
1.424E-4                  1.5005224527079703E-7
1.425E-4                  1.522913525716459E-7
1.426E-4                  1.545304598724947E-7
1.427E-4                  1.5676956717334353E-7
1.428E-4                  1.5900867447419234E-7
1.429E-4                  1.6124778177504114E-7
1.43E-4                   1.5925908499507972E-7
1.4309999999999998E-4     1.5725044886428157E-7
1.4319999999999998E-4     1.552418127334828E-7
1.433E-4                  1.5323317660268404E-7
1.434E-4                  1.5122454047188526E-7
1.435E-4                  1.4921590434108654E-7
1.436E-4                  1.4720726821028778E-7
1.437E-4                  1.4519863207948906E-7
1.438E-4                  1.4318999594869028E-7
1.439E-4                  1.4118135981789152E-7
1.44E-4                   1.3917272368709274E-7
1.441E-4                  1.37164087556294E-7
1.4419999999999998E-4     1.351554514254958E-7
1.4429999999999998E-4     1.3314681529469704E-7
1.4439999999999999E-4     1.311381791638983E-7
1.445E-4                  1.2912954303309954E-7
1.446E-4                  1.271209069023008E-7
1.447E-4                  1.2511227077150206E-7
1.448E-4                  1.231036346407033E-7
1.449E-4                  1.2109499850990452E-7
1.45E-4                   1.1908636237910576E-7
1.451E-4                  1.1707772624830702E-7
1.452E-4                  1.1506909011750828E-7
1.4529999999999998E-4     1.1306045398671005E-7
1.4539999999999998E-4     1.1105181785591131E-7
1.4549999999999999E-4     1.0904318172511256E-7
1.456E-4                  1.0703454559431383E-7
1.457E-4                  1.0502590946351507E-7
1.458E-4                  1.0301727333271631E-7
1.459E-4                  1.0100863720191752E-7
1.46E-4                   9.900000107111877E-8
1.461E-4                  9.699136494032003E-8
1.462E-4                  9.498272880952129E-8
1.463E-4                  9.297409267872254E-8
1.4639999999999998E-4     9.096545654792433E-8
1.4649999999999998E-4     8.895682041712557E-8
1.4659999999999999E-4     8.694818428632682E-8
1.467E-4                  8.493954815552807E-8
1.468E-4                  8.293091202472931E-8
1.469E-4                  8.092227589393053E-8
1.47E-4                   7.891363976313178E-8
1.471E-4                  7.690500363233305E-8
1.472E-4                  7.489636750153429E-8
1.473E-4                  7.288773137073555E-8
1.474E-4                  7.087909523993681E-8
1.4749999999999998E-4     6.88704591091386E-8
1.4759999999999998E-4     6.686182297833985E-8
1.4769999999999999E-4     6.485318684754108E-8
1.478E-4                  6.284455071674234E-8
1.479E-4                  6.083591458594355E-8
1.48E-4                   5.882727845514481E-8
1.481E-4                  5.681864232434606E-8
1.482E-4                  5.4810006193547314E-8
1.483E-4                  5.280137006274857E-8
1.484E-4                  5.0792733931949815E-8
1.485E-4                  4.878409780115107E-8
1.4859999999999998E-4     4.6775461670352845E-8
1.4869999999999998E-4     4.4766825539554085E-8
1.4879999999999998E-4     4.275818940875531E-8
1.489E-4                  4.0749553277956566E-8
1.49E-4                   3.8740917147157826E-8
1.491E-4                  3.6732281016359066E-8
1.492E-4                  3.4723644885560326E-8
1.493E-4                  3.271500875476158E-8
1.494E-4                  3.070637262396282E-8
1.495E-4                  2.869773649316408E-8
1.496E-4                  2.6689100362365294E-8
1.497E-4                  2.4680464231566548E-8
1.4979999999999998E-4     2.2671828100768324E-8
1.4989999999999998E-4     2.0663191969969578E-8
1.5E-4                    1.865455583917083E-8
