% Model:              20230225_JW_4_00.mph
% Version:            COMSOL 5.6.0.401
% Date:               Feb 25 2023, 20:08
% Dimension:          1
% Nodes:              2001
% Expressions:        1
% Description:        点图
% X                       Height
0                         8.800654805481843
1.0E-7                    8.802479057394814
2.0E-7                    8.8043033825277
3.0E-7                    8.814456997428772
4.0E-7                    8.827569258292872
5.0E-7                    8.845268329842895
6.0E-7                    8.856688355954585
7.0E-7                    8.865388097769003
8.0E-7                    8.8694489397433
9.0E-7                    8.87629070800334
1.0E-6                    8.884538395593262
1.1E-6                    8.88776313161098
1.2E-6                    8.888478408873233
1.2999999999999998E-6     8.888994794380253
1.4E-6                    8.890617144613355
1.5E-6                    8.88987873228498
1.6E-6                    8.887903383185014
1.6999999999999998E-6     8.884331449774022
1.8E-6                    8.880369354096715
1.9E-6                    8.876882079491972
2.0E-6                    8.870888167102986
2.1E-6                    8.864818825885012
2.2E-6                    8.858535258853575
2.3E-6                    8.850676209585975
2.4E-6                    8.842879689381034
2.4999999999999998E-6     8.834208160391075
2.5999999999999997E-6     8.825055114429707
2.7E-6                    8.815658869024567
2.8E-6                    8.805350867799481
2.8999999999999998E-6     8.794978840615725
3.0E-6                    8.783997999028703
3.1E-6                    8.77272986751887
3.2E-6                    8.761028100056015
3.2999999999999997E-6     8.749083430260745
3.3999999999999996E-6     8.736703730509165
3.5E-6                    8.724198664712791
3.6E-6                    8.711373732595707
3.6999999999999997E-6     8.698269907672916
3.8E-6                    8.684931346598086
3.9E-6                    8.671385243030748
4.0E-6                    8.657747517802491
4.1E-6                    8.643757598530872
4.2E-6                    8.62967005873139
4.2999999999999995E-6     8.615445803220627
4.4E-6                    8.60104167240372
4.5E-6                    8.586563407931653
4.6E-6                    8.57185863635463
4.7E-6                    8.557081011081065
4.8E-6                    8.542125625516398
4.9E-6                    8.527170377135539
4.9999999999999996E-6     8.51221526326017
5.0999999999999995E-6     8.497020286492326
5.199999999999999E-6      8.481790454671913
5.3E-6                    8.466560738337929
5.4E-6                    8.451242498332402
5.5E-6                    8.435818318022267
5.6E-6                    8.420394254982785
5.7E-6                    8.404964053480471
5.7999999999999995E-6     8.38937440438207
5.899999999999999E-6      8.373784857295126
6.0E-6                    8.358195409906136
6.1E-6                    8.342558624713355
6.2E-6                    8.326892889914534
6.3E-6                    8.311227257721782
6.4E-6                    8.295547744887315
6.5E-6                    8.279813307540516
6.5999999999999995E-6     8.264078962053475
6.699999999999999E-6      8.24834470626065
6.799999999999999E-6      8.232592566266655
6.9E-6                    8.21683559977914
7.0E-6                    8.201078725738862
7.1E-6                    8.18532017381813
7.2E-6                    8.169558665522883
7.2999999999999996E-6     8.153797240896672
7.3999999999999995E-6     8.138035897886896
7.499999999999999E-6      8.122291099325375
7.6E-6                    8.106547255580642
7.699999999999999E-6      8.090803497929384
7.8E-6                    8.075084294398659
7.899999999999999E-6      8.059386661207352
8.0E-6                    8.043689107134533
8.1E-6                    8.027991630252385
8.2E-6                    8.012294228619815
8.3E-6                    7.996596900282517
8.4E-6                    7.980899643273031
8.5E-6                    7.965287670310098
8.599999999999999E-6      7.949712762594476
8.7E-6                    7.934137934954775
8.8E-6                    7.9185631855399174
8.9E-6                    7.902988512486432
9.0E-6                    7.887413913918533
9.1E-6                    7.8718393879481825
9.2E-6                    7.856409702696075
9.299999999999999E-6      7.841003221713597
9.4E-6                    7.8255968143189785
9.499999999999999E-6      7.8101904788001795
9.6E-6                    7.794784213434181
9.7E-6                    7.779378016487034
9.8E-6                    7.763971886213931
9.9E-6                    7.748565820859248
9.999999999999999E-6      7.733159818656607
1.01E-5                   7.717753877828935
1.0199999999999999E-5     7.702347996588521
1.03E-5                   7.686942173137077
1.0399999999999999E-5     7.671536405665788
1.05E-5                   7.656186534042148
1.06E-5                   7.641071647026094
1.07E-5                   7.625956833265131
1.08E-5                   7.6108420912077825
1.0899999999999999E-5     7.595727419293092
1.1E-5                    7.5806128159506585
1.1099999999999999E-5     7.565498279600711
1.12E-5                   7.550383808654132
1.13E-5                   7.535269401512526
1.14E-5                   7.520155056568251
1.15E-5                   7.505040772204483
1.1599999999999999E-5     7.4899265467952505
1.17E-5                   7.474812378705505
1.1799999999999999E-5     7.459698266291142
1.19E-5                   7.444800286977796
1.2E-5                    7.430100344084355
1.21E-5                   7.41540046747764
1.22E-5                   7.400700655706099
1.2299999999999999E-5     7.386000907310136
1.24E-5                   7.371301220822132
1.2499999999999999E-5     7.356601594766506
1.26E-5                   7.341902027659743
1.2699999999999999E-5     7.327202518010447
1.28E-5                   7.312503064319373
1.29E-5                   7.2978036650794795
1.3E-5                    7.28310431877597
1.31E-5                   7.2684050238863245
1.3199999999999999E-5     7.253705778880361
1.33E-5                   7.239066798708019
1.3399999999999999E-5     7.2244383623563175
1.35E-5                   7.209809982313918
1.3599999999999999E-5     7.19518165723067
1.37E-5                   7.18055338574944
1.38E-5                   7.1659251665061525
1.3899999999999999E-5     7.151296998129823
1.4E-5                    7.136668879242598
1.4099999999999999E-5     7.122040808459786
1.42E-5                   7.107412784389903
1.4299999999999999E-5     7.092784805634709
1.44E-5                   7.0781568707892415
1.45E-5                   7.063528978441854
1.4599999999999999E-5     7.048985187836817
1.47E-5                   7.034820556402073
1.4799999999999999E-5     7.020655973542573
1.49E-5                   7.006491438081809
1.4999999999999999E-5     6.992326948837764
1.51E-5                   6.978162504622963
1.52E-5                   6.963998104244477
1.53E-5                   6.949833746503969
1.5399999999999998E-5     6.935669430197721
1.55E-5                   6.921505154116654
1.56E-5                   6.90734091704637
1.57E-5                   6.893176717767173
1.5799999999999998E-5     6.879012555054103
1.59E-5                   6.865461948414365
1.6E-5                    6.851996397746792
1.61E-5                   6.838530906843778
1.62E-5                   6.825065474467567
1.63E-5                   6.811600099374968
1.64E-5                   6.798134780317387
1.6499999999999998E-5     6.784669516040854
1.66E-5                   6.771204305286046
1.67E-5                   6.757739146788334
1.68E-5                   6.7442740392778004
1.69E-5                   6.730777956070674
1.7E-5                    6.717129105565016
1.71E-5                   6.703480299775017
1.7199999999999998E-5     6.68983153754412
1.73E-5                   6.676182817710775
1.74E-5                   6.662534139108472
1.75E-5                   6.648885500565759
1.76E-5                   6.6352369009062775
1.77E-5                   6.621588338948793
1.78E-5                   6.6079398135072065
1.7899999999999998E-5     6.594496977960018
1.8E-5                    6.5811212016250495
1.81E-5                   6.567745466253884
1.82E-5                   6.554369770834106
1.8299999999999998E-5     6.540994114349461
1.84E-5                   6.527618495779871
1.85E-5                   6.514242914101463
1.8599999999999998E-5     6.500867368286587
1.87E-5                   6.487554164018282
1.88E-5                   6.474400326630457
1.89E-5                   6.461246533316186
1.8999999999999998E-5     6.448092783022824
1.91E-5                   6.434939074693615
1.92E-5                   6.421785407267729
1.9299999999999998E-5     6.408631779680274
1.94E-5                   6.395478190862326
1.95E-5                   6.382324639740948
1.96E-5                   6.3692776168545295
1.9699999999999998E-5     6.356255929041683
1.98E-5                   6.343234276137632
1.99E-5                   6.330212657201662
1.9999999999999998E-5     6.317191071289729
2.01E-5                   6.304169517454474
2.02E-5                   6.2911479947452555
2.03E-5                   6.27812650220815
2.0399999999999998E-5     6.265201247429883
2.05E-5                   6.252467058513132
2.06E-5                   6.239732909028461
2.07E-5                   6.226998798046174
2.0799999999999997E-5     6.214264724633343
2.09E-5                   6.201530687853817
2.1E-5                    6.188796686768248
2.1099999999999998E-5     6.176062720434107
2.12E-5                   6.163328787905698
2.13E-5                   6.15065102973829
2.14E-5                   6.137982303393432
2.1499999999999997E-5     6.125313609041771
2.16E-5                   6.112644945803301
2.17E-5                   6.099976312795105
2.1799999999999998E-5     6.087307709131357
2.19E-5                   6.074639133923349
2.2E-5                    6.061970586279506
2.21E-5                   6.049426345274715
2.2199999999999998E-5     6.037077538662579
2.23E-5                   6.02472876616486
2.24E-5                   6.012380026997209
2.2499999999999998E-5     6.000031320372803
2.26E-5                   5.987682645502375
2.27E-5                   5.975334001594208
2.28E-5                   5.962985387854169
2.2899999999999998E-5     5.95063680348571
2.3E-5                    5.938412851940976
2.31E-5                   5.926200406694978
2.3199999999999998E-5     5.913987991349579
2.33E-5                   5.901775605046205
2.34E-5                   5.889563246923679
2.35E-5                   5.87735091611824
2.3599999999999998E-5     5.8651386117635536
2.37E-5                   5.852926332990735
2.38E-5                   5.840787684137929
2.3899999999999998E-5     5.828741768519908
2.4E-5                    5.81669588239582
2.41E-5                   5.8046500250999244
2.42E-5                   5.792604195964538
2.4299999999999998E-5     5.780558394320043
2.44E-5                   5.768512619494894
2.45E-5                   5.7564668708156335
2.4599999999999998E-5     5.744421147606892
2.4699999999999997E-5     5.7326123024542825
2.48E-5                   5.720810940877331
2.49E-5                   5.7090096075857035
2.4999999999999998E-5     5.697208301771992
2.51E-5                   5.685407022626554
2.52E-5                   5.673605769337508
2.53E-5                   5.661804541090761
2.5399999999999997E-5     5.650003337070011
2.55E-5                   5.638181437233518
2.56E-5                   5.626338540105057
2.5699999999999998E-5     5.614495665218527
2.58E-5                   5.602652811959402
2.59E-5                   5.590809979711501
2.6E-5                    5.578967167857011
2.6099999999999997E-5     5.567124375776477
2.62E-5                   5.5552816028488285
2.63E-5                   5.543944200306558
2.6399999999999998E-5     5.532681926034056
2.65E-5                   5.5214196769264055
2.66E-5                   5.510157452385043
2.67E-5                   5.498895251809963
2.6799999999999998E-5     5.487633074599728
2.69E-5                   5.47637080865817
2.7E-5                    5.465093633018958
2.7099999999999998E-5     5.453816486568138
2.7199999999999997E-5     5.442539368571036
2.73E-5                   5.431262278291061
2.74E-5                   5.419985214989696
2.7499999999999998E-5     5.408708177926521
2.76E-5                   5.397428652024795
2.77E-5                   5.386134225610271
2.7799999999999998E-5     5.374839816654668
2.7899999999999997E-5     5.363545424632899
2.8E-5                    5.352251049018637
2.81E-5                   5.340956689284327
2.8199999999999998E-5     5.329662344901169
2.83E-5                   5.318473820227702
2.84E-5                   5.307556040399385
2.8499999999999998E-5     5.296638286418105
2.8599999999999997E-5     5.2857205576939625
2.87E-5                   5.274802853635716
2.88E-5                   5.263885173650809
2.8899999999999998E-5     5.252967517145358
2.9E-5                    5.2420392684571295
2.91E-5                   5.231096246620203
2.9199999999999998E-5     5.220153241826369
2.9299999999999997E-5     5.20921025350018
2.94E-5                   5.198267281064867
2.95E-5                   5.187324323942354
2.9599999999999998E-5     5.17638138155326
2.97E-5                   5.165504945036759
2.98E-5                   5.154681930567468
2.99E-5                   5.143858938839203
2.9999999999999997E-5     5.133035969351809
3.01E-5                   5.1222130216040505
3.02E-5                   5.111390095093609
3.0299999999999998E-5     5.100656411201838
3.04E-5                   5.090069740641548
3.05E-5                   5.079483085623148
3.06E-5                   5.068896445651933
3.07E-5                   5.058309820232186
3.0799999999999996E-5     5.04772320886718
3.09E-5                   5.037161787766126
3.1E-5                    5.026700574041105
3.11E-5                   5.016239382201412
3.12E-5                   5.005778211736056
3.13E-5                   4.995317062132987
3.14E-5                   4.984855932879092
3.15E-5                   4.974396304200727
3.1599999999999996E-5     4.963997056868856
3.17E-5                   4.9535978251863275
3.18E-5                   4.9431986086945905
3.1899999999999996E-5     4.932799406934197
3.2E-5                    4.922400219444793
3.21E-5                   4.91200104576513
3.22E-5                   4.901761429520586
3.23E-5                   4.8915506371592965
3.24E-5                   4.881339862166498
3.25E-5                   4.87112910408493
3.26E-5                   4.860918362456466
3.2699999999999995E-5     4.850707636822123
3.28E-5                   4.840541061771797
3.29E-5                   4.830396224121526
3.2999999999999996E-5     4.820251402845012
3.31E-5                   4.81010659750303
3.32E-5                   4.799961807655527
3.3299999999999996E-5     4.7898170328616265
3.34E-5                   4.7797399967053
3.35E-5                   4.769732541234527
3.36E-5                   4.759725100442204
3.37E-5                   4.749717673914862
3.38E-5                   4.739710261238294
3.39E-5                   4.729702861997566
3.4E-5                    4.719735383009265
3.4099999999999995E-5     4.709854137327493
3.42E-5                   4.699972907431256
3.43E-5                   4.69009169291317
3.4399999999999996E-5     4.6802104933651245
3.45E-5                   4.670329308378283
3.46E-5                   4.6604649968849925
3.4699999999999996E-5     4.6507046736632764
3.48E-5                   4.640944364096311
3.49E-5                   4.631184067801155
3.5E-5                    4.621423784394219
3.51E-5                   4.611663513491267
3.52E-5                   4.60190325470743
3.53E-5                   4.592269316358576
3.54E-5                   4.582640294483086
3.5499999999999996E-5     4.57301128695099
3.56E-5                   4.563382293383837
3.57E-5                   4.553753313402547
3.5799999999999996E-5     4.544124346627424
3.59E-5                   4.534571603680015
3.6E-5                    4.5250396530144466
3.6099999999999997E-5     4.515507714904953
3.62E-5                   4.505975788995351
3.63E-5                   4.4964438749288895
3.64E-5                   4.486911972348251
3.65E-5                   4.47745607181688
3.6599999999999995E-5     4.468048998339367
3.67E-5                   4.458641937320669
3.68E-5                   4.4492348884104675
3.6899999999999996E-5     4.4398278512579035
3.7E-5                    4.430420825511578
3.71E-5                   4.421058892063613
3.7199999999999996E-5     4.411756246747459
3.73E-5                   4.4024536142351804
3.74E-5                   4.393150994197267
3.75E-5                   4.383848386303708
3.76E-5                   4.374545790223987
3.77E-5                   4.365275649105586
3.78E-5                   4.35610025171639
3.79E-5                   4.346924865567171
3.7999999999999995E-5     4.337749490337103
3.81E-5                   4.328574125704886
3.82E-5                   4.319398771348754
3.8299999999999996E-5     4.310231059946513
3.84E-5                   4.301153305536636
3.85E-5                   4.292075562894413
3.8599999999999996E-5     4.282997831712985
3.87E-5                   4.273920111685035
3.88E-5                   4.2648424025028175
3.89E-5                   4.255764703858143
3.9E-5                    4.246792758381148
3.9099999999999995E-5     4.237832398035503
3.92E-5                   4.228872048045116
3.93E-5                   4.219911708114834
3.9399999999999995E-5     4.210951377949094
3.95E-5                   4.201991057251929
3.96E-5                   4.193119178686949
3.9699999999999996E-5     4.184280945547055
3.98E-5                   4.17544272276878
3.99E-5                   4.166604510068988
3.9999999999999996E-5     4.157766307164155
4.01E-5                   4.148928113770378
4.02E-5                   4.140178661029492
4.03E-5                   4.13150253193869
4.04E-5                   4.122826413105953
4.0499999999999995E-5     4.114150304263061
4.06E-5                   4.105474205141441
4.07E-5                   4.096798115472175
4.0799999999999996E-5     4.088122034985989
4.09E-5                   4.079445963413269
4.1E-5                    4.070769900484056
4.1099999999999996E-5     4.062093845928047
4.12E-5                   4.053417799474603
4.13E-5                   4.044741760852743
4.14E-5                   4.036107710237449
4.15E-5                   4.027648298959962
4.1599999999999995E-5     4.019188897658171
4.17E-5                   4.010729506085853
4.18E-5                   4.002270123996483
4.1899999999999995E-5     3.9938107511432244
4.2E-5                    3.985351387278938
4.21E-5                   3.9768920321561816
4.2199999999999996E-5     3.9684326855272083
4.23E-5                   3.959973347143973
4.24E-5                   3.9515140167581344
4.2499999999999996E-5     3.943054694121056
4.26E-5                   3.934595378983801
4.27E-5                   3.9263054761006395
4.28E-5                   3.9180478407518655
4.29E-5                   3.909790214594459
4.2999999999999995E-5     3.9015325973978356
4.31E-5                   3.8932749889311355
4.32E-5                   3.8850173889632313
4.3299999999999995E-5     3.876759797262723
4.34E-5                   3.8685022135979406
4.35E-5                   3.860244637736954
4.3599999999999996E-5     3.8519870694475613
4.37E-5                   3.843729508497301
4.38E-5                   3.8354719546534466
4.3899999999999996E-5     3.8273133246223443
4.4E-5                    3.8192592045774356
4.41E-5                   3.8112050925698084
4.42E-5                   3.8031509883921455
4.43E-5                   3.7950968918369035
4.4399999999999995E-5     3.787042802696309
4.45E-5                   3.778988720762363
4.46E-5                   3.770934645826841
4.4699999999999996E-5     3.762880577681296
4.48E-5                   3.754826516117058
4.49E-5                   3.7467724609252335
4.4999999999999996E-5     3.7387184118967145
4.51E-5                   3.730694582643636
4.52E-5                   3.7228685678965245
4.5299999999999997E-5     3.715042561408541
4.54E-5                   3.7072165629806593
4.5499999999999995E-5     3.699390572413645
4.56E-5                   3.691564589508052
4.57E-5                   3.683738614064224
4.5799999999999995E-5     3.6759126458822973
4.59E-5                   3.668086684762201
4.6E-5                    3.6602607305036576
4.6099999999999996E-5     3.652434782906189
4.62E-5                   3.6446088417691085
4.63E-5                   3.6367829068915314
4.6399999999999996E-5     3.6290830284131728
4.65E-5                   3.6214189712226363
4.66E-5                   3.6137549205601704
4.67E-5                   3.6060908762482606
4.68E-5                   3.598426838109218
4.6899999999999995E-5     3.590762805965181
4.7E-5                    3.5830987796381133
4.71E-5                   3.5754347589498074
4.7199999999999995E-5     3.5677707437218906
4.73E-5                   3.5601067337758137
4.74E-5                   3.5524427289328666
4.7499999999999996E-5     3.5447787290141672
4.76E-5                   3.537216613908494
4.77E-5                   3.5297923600915073
4.7799999999999996E-5     3.522368113772098
4.79E-5                   3.5149438747821016
4.8E-5                    3.507519642953194
4.81E-5                   3.5000954181168953
4.82E-5                   3.492671200104559
4.8299999999999995E-5     3.4852469887473876
4.84E-5                   3.4778227838764217
4.85E-5                   3.4703985853225494
4.8599999999999995E-5     3.4629743929165033
4.87E-5                   3.455550206488858
4.88E-5                   3.4481350726498357
4.8899999999999996E-5     3.4408379532447135
4.9E-5                    3.4335408386564623
4.91E-5                   3.426243728728563
4.9199999999999997E-5     3.4189466233043633
4.93E-5                   3.4116495222270715
4.9399999999999995E-5     3.4043524253397663
4.95E-5                   3.3970553324853867
4.96E-5                   3.389758243506746
4.9699999999999995E-5     3.3824611582465223
4.98E-5                   3.3751640765472644
4.99E-5                   3.3678669982513894
4.9999999999999996E-5     3.3605699232011874
5.01E-5                   3.353472720331233
5.02E-5                   3.3464542434422215
5.0299999999999996E-5     3.339435774118626
5.04E-5                   3.332417312226737
5.05E-5                   3.3253988576327287
5.06E-5                   3.3183804102026624
5.07E-5                   3.3113619698024817
5.0799999999999995E-5     3.304343536298015
5.09E-5                   3.2973251095549787
5.1E-5                    3.2903066894389723
5.1099999999999995E-5     3.283288275815487
5.12E-5                   3.2762698685498997
5.13E-5                   3.269257706453858
5.1399999999999996E-5     3.262256464443319
5.15E-5                   3.255255224518494
5.16E-5                   3.2482539865232045
5.1699999999999996E-5     3.2412527503011535
5.18E-5                   3.2342515156959255
5.1899999999999994E-5     3.2272502825509912
5.2E-5                    3.220249050709706
5.21E-5                   3.213247820015311
5.2199999999999995E-5     3.2062465903109367
5.23E-5                   3.1992453614395964
5.24E-5                   3.1922441332441958
5.2499999999999995E-5     3.1852477763518987
5.26E-5                   3.1787384657691105
5.27E-5                   3.17222916380275
5.2799999999999996E-5     3.1657198703737603
5.29E-5                   3.1592105854030206
5.3E-5                    3.1527013088113445
5.3099999999999996E-5     3.146192040519484
5.32E-5                   3.1396827804481275
5.3299999999999995E-5     3.133173528517899
5.34E-5                   3.1266642846493613
5.35E-5                   3.1201550487630154
5.3599999999999995E-5     3.113645820779298
5.37E-5                   3.1071366006185848
5.38E-5                   3.1007747880796495
5.3899999999999996E-5     3.094490224952965
5.4E-5                    3.0882056605768082
5.41E-5                   3.0819210947382474
5.4199999999999996E-5     3.0756365272242285
5.43E-5                   3.069351957821571
5.4399999999999994E-5     3.0630673863169693
5.4499999999999997E-5     3.0567828124969982
5.46E-5                   3.0504982361481097
5.4699999999999995E-5     3.0437112828677013
5.48E-5                   3.036603058327008
5.49E-5                   3.0294948413896448
5.4999999999999995E-5     3.022386631968207
5.51E-5                   3.0152784299752082
5.52E-5                   3.0081702353230755
5.5299999999999996E-5     3.0014458448389916
5.54E-5                   2.9949846484468443
5.55E-5                   2.9885234503071088
5.5599999999999996E-5     2.982062250356716
5.57E-5                   2.9757040015928515
5.5799999999999994E-5     2.9694668187313993
5.59E-5                   2.963229643391496
5.6E-5                    2.9569924754208703
5.6099999999999995E-5     2.9504423350545785
5.62E-5                   2.943782425512668
5.63E-5                   2.937122519993558
5.6399999999999995E-5     2.9307348047894823
5.65E-5                   2.924600486323598
5.66E-5                   2.918466165675984
5.6699999999999996E-5     2.9122159839782324
5.68E-5                   2.905894093686972
5.69E-5                   2.8995722296923736
5.6999999999999996E-5     2.893252163096899
5.71E-5                   2.8869320910609666
5.7199999999999994E-5     2.880730676916084
5.73E-5                   2.874709301419973
5.74E-5                   2.8686879356066264
5.7499999999999995E-5     2.8624974729684367
5.76E-5                   2.85626126480623
5.77E-5                   2.8500500512613245
5.7799999999999995E-5     2.843955146308828
5.79E-5                   2.8378602427076305
5.8E-5                    2.8318110591613337
5.8099999999999996E-5     2.8257968399691036
5.82E-5                   2.819782627931057
5.8299999999999994E-5     2.8136896118101538
5.8399999999999997E-5     2.8075930096324027
5.85E-5                   2.801543913008706
5.8599999999999995E-5     2.795584498535764
5.87E-5                   2.7896250909696527
5.88E-5                   2.7836571848430167
5.8899999999999995E-5     2.777686230547151
5.9E-5                    2.7717184248388773
5.91E-5                   2.7657724790681204
5.9199999999999996E-5     2.759826537761535
5.93E-5                   2.7539148700513363
5.94E-5                   2.7480353854460713
5.9499999999999996E-5     2.7421559028950124
5.96E-5                   2.7362777753120566
5.9699999999999994E-5     2.730399791644316
5.98E-5                   2.7245365234017003
5.99E-5                   2.718708363620627
5.9999999999999995E-5     2.712880207067595
6.01E-5                   2.7070705493311062
6.02E-5                   2.7012693936067067
6.0299999999999995E-5     2.695470673772501
6.04E-5                   2.6897020040133444
6.05E-5                   2.6839333380248385
6.0599999999999996E-5     2.6781791788177403
6.07E-5                   2.6724417250429617
6.08E-5                   2.666704272661725
6.0899999999999996E-5     2.66099514172123
6.1E-5                    2.6552908343667943
6.11E-5                   2.649594099525461
6.12E-5                   2.6439207733035244
6.13E-5                   2.6382474488842633
6.14E-5                   2.6325925305540956
6.149999999999999E-5      2.626948231922424
6.159999999999999E-5      2.621304799295802
6.17E-5                   2.6156965219420285
6.18E-5                   2.6100882470742657
6.19E-5                   2.6044901636791176
6.2E-5                    2.59890651800185
6.209999999999999E-5      2.593322874333362
6.22E-5                   2.587768741119282
6.23E-5                   2.582221823435702
6.24E-5                   2.5766799047179245
6.25E-5                   2.5711588270517427
6.26E-5                   2.5656377511102346
6.269999999999999E-5      2.5601363053435433
6.28E-5                   2.5546488906156135
6.29E-5                   2.5491614786322865
6.3E-5                    2.543716623436829
6.31E-5                   2.53827295122649
6.319999999999999E-5      2.5328292810205775
6.33E-5                   2.52738561275466
6.34E-5                   2.521941946364282
6.35E-5                   2.5165439278890065
6.36E-5                   2.51116091597104
6.37E-5                   2.5057779063340404
6.379999999999999E-5      2.500394898915884
6.39E-5                   2.4950118936544157
6.4E-5                    2.4896598077843035
6.41E-5                   2.484334897723526
6.42E-5                   2.479009989739791
6.429999999999999E-5      2.4736850837729203
6.44E-5                   2.4683601797627044
6.45E-5                   2.463053599570264
6.46E-5                   2.4577874549246173
6.47E-5                   2.45252131232291
6.48E-5                   2.44725517170714
6.489999999999999E-5      2.4419890330192797
6.5E-5                    2.436728235199419
6.51E-5                   2.431520485036866
6.52E-5                   2.4263127369214947
6.53E-5                   2.4211049907970126
6.539999999999999E-5      2.415897246607104
6.549999999999999E-5      2.410689504295429
6.56E-5                   2.4055308849963177
6.57E-5                   2.400379539014929
6.58E-5                   2.395228194859876
6.59E-5                   2.390076852476897
6.599999999999999E-5      2.38492551181171
6.61E-5                   2.379811813344762
6.62E-5                   2.3747183252708424
6.63E-5                   2.369624839115714
6.64E-5                   2.364531354826758
6.65E-5                   2.359437872351334
6.659999999999999E-5      2.354368020220115
6.67E-5                   2.3493294556626267
6.68E-5                   2.3442908928091755
6.69E-5                   2.339252331609022
6.7E-5                    2.334213772011412
6.709999999999999E-5      2.329187146313464
6.72E-5                   2.324205439992051
6.73E-5                   2.3192237355064385
6.74E-5                   2.314242032807429
6.75E-5                   2.309260331845805
6.76E-5                   2.3042786325723297
6.769999999999999E-5      2.2993770976779455
6.78E-5                   2.294476414818232
6.79E-5                   2.289575733591074
6.8E-5                    2.284675053949807
6.81E-5                   2.2797743758477482
6.819999999999999E-5      2.2748736992382015
6.829999999999999E-5      2.2699730240744476
6.84E-5                   2.265072350309755
6.85E-5                   2.2601716778973713
6.86E-5                   2.2552710067905313
6.87E-5                   2.2504297653099394
6.879999999999999E-5      2.2456373993796994
6.89E-5                   2.2408450351560902
6.9E-5                    2.236052672595444
6.91E-5                   2.231260311654072
6.92E-5                   2.2264679522882718
6.929999999999999E-5      2.221675594454325
6.939999999999999E-5      2.2168832381084957
6.95E-5                   2.2120908832070345
6.96E-5                   2.2072985297061756
6.97E-5                   2.2025174929854265
6.98E-5                   2.1978299631599576
6.989999999999999E-5      2.1931424348693023
7.0E-5                    2.1884549080726887
7.01E-5                   2.183767382729333
7.02E-5                   2.1790798587984384
7.03E-5                   2.174392336239191
7.04E-5                   2.169704815010764
7.049999999999999E-5      2.16501729507232
7.06E-5                   2.1603297763830027
7.07E-5                   2.1556422589019455
7.08E-5                   2.151056836533952
7.09E-5                   2.1465223462715692
7.099999999999999E-5      2.1419878574899114
7.11E-5                   2.1374533701520866
7.12E-5                   2.1329188842211964
7.13E-5                   2.1283843996603258
7.14E-5                   2.1238499164325515
7.15E-5                   2.119315434500935
7.159999999999999E-5      2.1147809538285283
7.17E-5                   2.1102464743783695
7.18E-5                   2.1057119961134863
7.19E-5                   2.101177518996894
7.2E-5                    2.0966430429915968
7.209999999999999E-5      2.0921085680605884
7.219999999999999E-5      2.0875740941668472
7.23E-5                   2.083039621273344
7.24E-5                   2.0785051493430373
7.25E-5                   2.0739706783388736
7.26E-5                   2.0694362082237894
7.269999999999999E-5      2.064901738960709
7.28E-5                   2.060367270512546
7.29E-5                   2.055986928435547
7.3E-5                    2.0516486455478984
7.31E-5                   2.047310364117836
7.319999999999999E-5      2.0429720841132095
7.329999999999999E-5      2.0386338055018545
7.34E-5                   2.034295528251599
7.35E-5                   2.0299572523302656
7.36E-5                   2.0256189777056592
7.37E-5                   2.021280704345582
7.379999999999999E-5      2.016942432217821
7.39E-5                   2.0126041612901573
7.4E-5                    2.0082658915303613
7.41E-5                   2.0039276229061933
7.42E-5                   1.999589355385405
7.429999999999999E-5      1.9952510889357395
7.439999999999999E-5      1.9909128235249287
7.45E-5                   1.9865745591206958
7.46E-5                   1.9822362956907558
7.47E-5                   1.9778980332028142
7.48E-5                   1.973559771624566
7.489999999999999E-5      1.9692215109237017
7.5E-5                    1.9650571265836339
7.51E-5                   1.9609111939319932
7.52E-5                   1.9567652624938092
7.53E-5                   1.9526193322409169
7.54E-5                   1.948473403145144
7.549999999999999E-5      1.9443274751783097
7.56E-5                   1.9401815483122267
7.57E-5                   1.9360356225186985
7.58E-5                   1.9318896977695221
7.59E-5                   1.9277437740364862
7.599999999999999E-5      1.9235978512913738
7.609999999999999E-5      1.9194519295059569
7.62E-5                   1.9153060086520022
7.63E-5                   1.9111600887012696
7.64E-5                   1.90701416962551
7.65E-5                   1.9028682513964683
7.659999999999999E-5      1.8987223339858812
7.67E-5                   1.8945764173654784
7.68E-5                   1.8904305015069818
7.69E-5                   1.886284586382108
7.7E-5                    1.8821425487301107
7.709999999999999E-5      1.8781688339742904
7.719999999999999E-5      1.8741951202890454
7.73E-5                   1.8702214076498747
7.74E-5                   1.86624769603227
7.75E-5                   1.8622739854117156
7.76E-5                   1.8583002757636908
7.769999999999999E-5      1.8543265670636688
7.78E-5                   1.8503528592871148
7.79E-5                   1.8463791524094897
7.8E-5                    1.8424054464062487
7.81E-5                   1.8384317412528388
7.819999999999999E-5      1.8344580369247045
7.829999999999999E-5      1.83048433339728
7.84E-5                   1.826510630645997
7.85E-5                   1.8225369286462803
7.86E-5                   1.8185632273735484
7.87E-5                   1.814589526803214
7.879999999999999E-5      1.810615826910685
7.89E-5                   1.8066421276713625
7.9E-5                    1.8026684290606418
7.91E-5                   1.7987218587821272
7.92E-5                   1.794940611474937
7.93E-5                   1.7911593651416082
7.939999999999999E-5      1.7873781197606362
7.95E-5                   1.7835968753105103
7.96E-5                   1.7798156317697145
7.97E-5                   1.7760343891167292
7.98E-5                   1.7722531473300278
7.989999999999999E-5      1.768471906388082
7.999999999999999E-5      1.7646906662693556
8.01E-5                   1.760909426952308
8.02E-5                   1.7571281884153955
8.03E-5                   1.7533469506370676
8.04E-5                   1.749565713595771
8.049999999999999E-5      1.7457844772699465
8.06E-5                   1.742003241638029
8.07E-5                   1.738222006678451
8.08E-5                   1.7344407723696398
8.09E-5                   1.7306595386900172
8.099999999999999E-5      1.7268783056180017
8.109999999999999E-5      1.7230970731320052
8.12E-5                   1.7193521995890646
8.13E-5                   1.715711128186735
8.14E-5                   1.7120700575760346
8.15E-5                   1.7084289877381535
8.159999999999999E-5      1.7047879186542814
8.17E-5                   1.701146850305599
8.18E-5                   1.697505782673288
8.19E-5                   1.6938647157385225
8.2E-5                    1.6902236494824752
8.209999999999999E-5      1.6865825838863138
8.219999999999999E-5      1.6829415189312011
8.23E-5                   1.6793004545982984
8.24E-5                   1.6756593908687618
8.25E-5                   1.6720183277237428
8.26E-5                   1.6683772651443909
8.269999999999999E-5      1.6647362031118518
8.28E-5                   1.661095141607266
8.29E-5                   1.6574540806117701
8.3E-5                    1.6538130201064996
8.31E-5                   1.6501719600725837
8.319999999999999E-5      1.6465309004911504
8.329999999999999E-5      1.6429623552486703
8.34E-5                   1.6395132070041385
8.35E-5                   1.6360640595137503
8.36E-5                   1.6326149127612306
8.37E-5                   1.629165766730302
8.379999999999999E-5      1.6257166214046832
8.389999999999999E-5      1.6222674767680894
8.4E-5                    1.6188183328042332
8.41E-5                   1.615369189496824
8.42E-5                   1.611920046829569
8.43E-5                   1.6084709047861707
8.439999999999999E-5      1.6050217633503308
8.45E-5                   1.6015726225057447
8.46E-5                   1.5981234822361086
8.47E-5                   1.594674342525112
8.48E-5                   1.5912252033564447
8.489999999999999E-5      1.5877760647137922
8.499999999999999E-5      1.5843269265808364
8.51E-5                   1.580877788941257
8.52E-5                   1.577428651778731
8.53E-5                   1.5739795150769318
8.54E-5                   1.5705866485195141
8.549999999999999E-5      1.5672508912552483
8.56E-5                   1.5639151345832292
8.57E-5                   1.560579378488831
8.58E-5                   1.557243622957423
8.59E-5                   1.5539078679743716
8.599999999999999E-5      1.5505721135250428
8.609999999999999E-5      1.5472363595947976
8.62E-5                   1.5439006061689955
8.63E-5                   1.5405648532329943
8.64E-5                   1.5372291007721477
8.65E-5                   1.5338933487718085
8.659999999999999E-5      1.5305575972173258
8.669999999999999E-5      1.527221846094047
8.68E-5                   1.5238860953873163
8.69E-5                   1.5205503450824767
8.7E-5                    1.5172145951648672
8.709999999999999E-5      1.5138788456198267
8.719999999999999E-5      1.5105430964326887
8.73E-5                   1.5072073475887864
8.74E-5                   1.5038715990734512
8.75E-5                   1.5006321498303206
8.76E-5                   1.4974530502561234
8.769999999999999E-5      1.494273951075125
8.779999999999999E-5      1.491094852275171
8.79E-5                   1.487915753844106
8.8E-5                    1.4847366557697712
8.81E-5                   1.4815575580400089
8.82E-5                   1.478378460642656
8.829999999999999E-5      1.4751993635655511
8.84E-5                   1.4720202667965274
8.85E-5                   1.4688411703234192
8.86E-5                   1.465662074134058
8.87E-5                   1.462482978216273
8.879999999999999E-5      1.459303882557893
8.889999999999999E-5      1.4561247871467435
8.9E-5                    1.4529456919706492
8.91E-5                   1.4497665970174325
8.92E-5                   1.4465875022749148
8.93E-5                   1.4434084077309157
8.939999999999999E-5      1.4403541619118176
8.95E-5                   1.43732707243673
8.96E-5                   1.4342999835198242
8.97E-5                   1.4312728951494382
8.98E-5                   1.4282458073139104
8.989999999999999E-5      1.4252187200015758
8.999999999999999E-5      1.4221916332007671
9.01E-5                   1.4191645468998166
9.02E-5                   1.4161374610870539
9.03E-5                   1.4131103757508081
9.04E-5                   1.4100832908794054
9.049999999999999E-5      1.4070562064611714
9.059999999999999E-5      1.4040291224844281
9.07E-5                   1.401002038937498
9.08E-5                   1.3979749558087007
9.09E-5                   1.3949478730863545
9.099999999999999E-5      1.3919207907587763
9.109999999999999E-5      1.3889403954390656
9.12E-5                   1.385964771078359
9.13E-5                   1.3829891470811604
9.14E-5                   1.3800135234374
9.15E-5                   1.3770379001370046
9.159999999999999E-5      1.3740622771699018
9.169999999999999E-5      1.3710866545260156
9.18E-5                   1.3681110321952703
9.19E-5                   1.3651354101675894
9.2E-5                    1.3621597884328929
9.21E-5                   1.3591841669811013
9.219999999999999E-5      1.3562085458021331
9.23E-5                   1.3532329248859052
9.24E-5                   1.3502573042223336
9.25E-5                   1.347281683801333
9.26E-5                   1.3443890075202378
9.269999999999999E-5      1.3415345377503174
9.279999999999999E-5      1.3386800683688798
9.29E-5                   1.3358255993668515
9.3E-5                    1.3329711307351597
9.31E-5                   1.33011666246473
9.32E-5                   1.3272621945464862
9.329999999999999E-5      1.3244077269713523
9.34E-5                   1.3215532597302493
9.35E-5                   1.3186987928140983
9.36E-5                   1.3158443262138195
9.37E-5                   1.312989859920331
9.379999999999999E-5      1.310135393924551
9.389999999999999E-5      1.3072809282173947
9.4E-5                    1.3044264627897784
9.41E-5                   1.301608926841286
9.42E-5                   1.2988343978593306
9.43E-5                   1.296059869187132
9.439999999999999E-5      1.2932853408161682
9.449999999999999E-5      1.2905108127379168
9.46E-5                   1.2877362849438538
9.47E-5                   1.2849617574254548
9.48E-5                   1.282187230174195
9.489999999999999E-5      1.2794127031815474
9.499999999999999E-5      1.2766381764389836
9.51E-5                   1.273863649937977
9.52E-5                   1.2710891236699964
9.53E-5                   1.2683145976265113
9.54E-5                   1.2655400717989918
9.549999999999999E-5      1.2628295698964074
9.559999999999999E-5      1.2601391095217027
9.57E-5                   1.2574486494524604
9.58E-5                   1.2547581896811422
9.59E-5                   1.2520677302002094
9.6E-5                    1.2493772710021225
9.609999999999999E-5      1.2466868120793424
9.62E-5                   1.2439963534243257
9.63E-5                   1.2413058950295326
9.64E-5                   1.2386154368874187
9.65E-5                   1.235924978990442
9.659999999999999E-5      1.2332345213310574
9.669999999999999E-5      1.230544063901719
9.68E-5                   1.2278583456171037
9.69E-5                   1.2252453079801247
9.7E-5                    1.2226322706209205
9.71E-5                   1.2200192335323645
9.719999999999999E-5      1.2174061967073302
9.73E-5                   1.2147931601386883
9.74E-5                   1.2121801238193102
9.75E-5                   1.2095670877420663
9.76E-5                   1.206954051899826
9.769999999999999E-5      1.2043410162854589
9.779999999999999E-5      1.2017279808918317
9.79E-5                   1.1991149457118127
9.8E-5                    1.1965019107382684
9.81E-5                   1.1938888759640645
9.82E-5                   1.19130211848514
9.829999999999999E-5      1.188761909412433
9.839999999999999E-5      1.1862217005902858
9.85E-5                   1.1836814920123488
9.86E-5                   1.1811412836722708
9.87E-5                   1.1786010755637009
9.879999999999999E-5      1.1760608676802875
9.889999999999999E-5      1.1735206600156771
9.9E-5                    1.1709804525635177
9.91E-5                   1.168440245317454
9.92E-5                   1.1659000382711329
9.93E-5                   1.1633598314181985
9.939999999999999E-5      1.1608196247522966
9.949999999999999E-5      1.158279418267069
9.96E-5                   1.1557903966757557
9.97E-5                   1.153327691906533
9.98E-5                   1.1508649873689794
9.989999999999999E-5      1.1484022830571785
9.999999999999999E-5      1.1459395789652127
1.001E-4                  1.1434768750871653
1.002E-4                  1.1410141714171176
1.003E-4                  1.1385514679491509
1.004E-4                  1.1360887646773459
1.0049999999999999E-4     1.1336260615957836
1.0059999999999999E-4     1.1311633586985428
1.007E-4                  1.1287006559797024
1.008E-4                  1.1262379534333422
1.009E-4                  1.1237752510535393
1.01E-4                   1.121377958131711
1.0109999999999999E-4     1.118983387286079
1.012E-4                  1.1165888166463847
1.013E-4                  1.1141942462072696
1.014E-4                  1.1117996759633726
1.015E-4                  1.1094051059093335
1.0159999999999999E-4     1.1070105360397924
1.0169999999999999E-4     1.1046159663493866
1.018E-4                  1.1022213968327546
1.019E-4                  1.0998268274845344
1.02E-4                   1.097432258299363
1.021E-4                  1.095037689271877
1.0219999999999999E-4     1.092643120396713
1.0229999999999999E-4     1.0902673906195
1.024E-4                  1.0879453737644098
1.025E-4                  1.085623357105034
1.026E-4                  1.0833013406364456
1.0269999999999999E-4     1.0809793243537162
1.0279999999999999E-4     1.078657308251917
1.029E-4                  1.0763352923261191
1.03E-4                   1.0740132765713932
1.031E-4                  1.071691260982809
1.032E-4                  1.0693692455554373
1.0329999999999999E-4     1.0670472302843472
1.0339999999999999E-4     1.064725215164607
1.035E-4                  1.0624032001912853
1.036E-4                  1.0600811853594505
1.037E-4                  1.0577956353973017
1.0379999999999999E-4     1.0555388208423893
1.0389999999999999E-4     1.0532820064620556
1.04E-4                   1.0510251922517977
1.041E-4                  1.048768378207113
1.042E-4                  1.0465115643234981
1.043E-4                  1.044254750596449
1.0439999999999999E-4     1.0419979370214612
1.0449999999999999E-4     1.0397411235940304
1.046E-4                  1.0374843103096512
1.047E-4                  1.0352274971638187
1.048E-4                  1.0329706841520276
1.049E-4                  1.0307138712697714
1.0499999999999999E-4     1.0284570585125448
1.051E-4                  1.0262581695693902
1.052E-4                  1.0240687974185334
1.053E-4                  1.021879425428914
1.054E-4                  1.0196900535964124
1.0549999999999999E-4     1.0175006819169075
1.0559999999999999E-4     1.015311310386277
1.057E-4                  1.0131219390004003
1.058E-4                  1.010932567755155
1.059E-4                  1.00874319664642
1.06E-4                   1.0065538256700715
1.0609999999999999E-4     1.004364454821988
1.0619999999999999E-4     1.0021750840980461
1.063E-4                  0.9999857134941219
1.064E-4                  0.9978062295238742
1.065E-4                  0.9956792342976858
1.0659999999999999E-4     0.9935522392189248
1.0669999999999999E-4     0.9914252442838164
1.068E-4                  0.9892982494885895
1.069E-4                  0.9871712548294694
1.07E-4                   0.9850442603026831
1.071E-4                  0.9829172659044569
1.0719999999999999E-4     0.9807902716310162
1.0729999999999999E-4     0.9786632774785863
1.074E-4                  0.9765362834433928
1.075E-4                  0.9744092895216607
1.076E-4                  0.9722822957096148
1.0769999999999999E-4     0.9701553020034808
1.0779999999999999E-4     0.9680570630768305
1.079E-4                  0.9659928371442155
1.08E-4                   0.9639286113485972
1.081E-4                  0.9618643856865243
1.082E-4                  0.9598001601545472
1.0829999999999999E-4     0.9577359347492149
1.0839999999999999E-4     0.9556717094670758
1.085E-4                  0.9536074843046791
1.086E-4                  0.9515432592585727
1.087E-4                  0.9494790343253059
1.0879999999999999E-4     0.9474148095014263
1.0889999999999999E-4     0.9453505847834818
1.0899999999999999E-4     0.9432863601680196
1.091E-4                  0.9412221356515876
1.092E-4                  0.939203057581981
1.093E-4                  0.9371984145985098
1.0939999999999999E-4     0.9351937717357031
1.0949999999999999E-4     0.9331891289904003
1.096E-4                  0.9311844863594426
1.097E-4                  0.9291798438396699
1.098E-4                  0.9271752014279219
1.099E-4                  0.9251705591210388
1.0999999999999999E-4     0.9231659169158604
1.1009999999999999E-4     0.9211612748092254
1.102E-4                  0.9191566327979733
1.103E-4                  0.9171519908789434
1.104E-4                  0.915147349048974
1.1049999999999999E-4     0.9131460002705065
1.1059999999999999E-4     0.9111987879256553
1.107E-4                  0.9092515756992833
1.108E-4                  0.90730436358851
1.109E-4                  0.9053571515904543
1.11E-4                   0.9034099397022354
1.1109999999999999E-4     0.9014627279209722
1.1119999999999999E-4     0.8995155162437827
1.113E-4                  0.8975683046677855
1.114E-4                  0.895621093190099
1.115E-4                  0.8936738818078414
1.1159999999999999E-4     0.8917266705181307
1.1169999999999999E-4     0.8897794593180842
1.118E-4                  0.8878322482048198
1.119E-4                  0.8859057071760384
1.12E-4                   0.8840164031398821
1.121E-4                  0.8821270992047507
1.1219999999999999E-4     0.8802377953680114
1.1229999999999999E-4     0.8783484916270303
1.124E-4                  0.8764591879791743
1.125E-4                  0.8745698844218097
1.126E-4                  0.8726805809523026
1.1269999999999999E-4     0.8707912775680197
1.1279999999999999E-4     0.868901974266326
1.1289999999999999E-4     0.8670126710445878
1.13E-4                   0.8651233679001707
1.131E-4                  0.8632340648304404
1.132E-4                  0.8613447618327619
1.1329999999999999E-4     0.8595096271699865
1.1339999999999999E-4     0.8577028268356721
1.135E-4                  0.8558960265995611
1.136E-4                  0.8540892264593418
1.137E-4                  0.852282426412702
1.138E-4                  0.8504756264573295
1.1389999999999999E-4     0.848668826590912
1.1399999999999999E-4     0.8468620268111368
1.141E-4                  0.8450552271156915
1.142E-4                  0.8432484275022636
1.143E-4                  0.84144162796854
1.1439999999999999E-4     0.8396348285122084
1.1449999999999999E-4     0.8378280291309551
1.146E-4                  0.8360212298224673
1.147E-4                  0.8342144305844315
1.148E-4                  0.8324076314145346
1.149E-4                  0.8306008323104631
1.1499999999999999E-4     0.8287940332699039
1.1509999999999999E-4     0.826987234290542
1.152E-4                  0.8251804353700647
1.153E-4                  0.8233736365061577
1.154E-4                  0.8215668376965072
1.1549999999999999E-4     0.8197600389387992
1.1559999999999999E-4     0.8179532402307188
1.157E-4                  0.8161464415699523
1.158E-4                  0.8143396429541848
1.159E-4                  0.8125328443811023
1.16E-4                   0.8107524652083926
1.1609999999999999E-4     0.8090489517728672
1.1619999999999999E-4     0.8073454384352915
1.163E-4                  0.8056419251937321
1.164E-4                  0.803938412046255
1.165E-4                  0.8022348989909266
1.1659999999999999E-4     0.800531386025813
1.1669999999999999E-4     0.7988278731489793
1.1679999999999999E-4     0.7971243603584919
1.169E-4                  0.7954208476524164
1.17E-4                   0.7937173350288184
1.171E-4                  0.7920138224857638
1.1719999999999999E-4     0.7903103100213176
1.1729999999999999E-4     0.7886067976335455
1.174E-4                  0.7869032853205122
1.175E-4                  0.7851997730802834
1.176E-4                  0.7834962609109241
1.177E-4                  0.7817927488104994
1.1779999999999999E-4     0.7800892367770741
1.1789999999999999E-4     0.7783857248087133
1.18E-4                   0.7766822129034813
1.181E-4                  0.774978701059443
1.182E-4                  0.7732751892746631
1.1829999999999999E-4     0.7715716775472062
1.1839999999999999E-4     0.7698681658751364
1.185E-4                  0.7681646542565185
1.186E-4                  0.7664611426894161
1.187E-4                  0.7647576311718941
1.188E-4                  0.7631384799345837
1.1889999999999999E-4     0.7615336335740698
1.1899999999999999E-4     0.7599287872880577
1.191E-4                  0.7583239410749267
1.192E-4                  0.7567190949330563
1.193E-4                  0.7551142488608253
1.1939999999999999E-4     0.7535094028566133
1.1949999999999999E-4     0.7519045569187984
1.196E-4                  0.7502997110457601
1.197E-4                  0.748694865235877
1.198E-4                  0.7470900194875278
1.199E-4                  0.7454851737990915
1.1999999999999999E-4     0.7438803281689469
1.2009999999999999E-4     0.7422754825954719
1.202E-4                  0.7406706370770455
1.203E-4                  0.7390657916120463
1.204E-4                  0.7374609461988523
1.2049999999999999E-4     0.7358561008358423
1.2059999999999999E-4     0.7342512555213939
1.2069999999999999E-4     0.7326464102538859
1.208E-4                  0.7310415650316959
1.209E-4                  0.7294367198532026
1.21E-4                   0.7278318747167837
1.2109999999999999E-4     0.7262270296208174
1.2119999999999999E-4     0.7246221845636811
1.213E-4                  0.7230173395437532
1.214E-4                  0.721412494559411
1.215E-4                  0.7198487640459598
1.216E-4                  0.7183344313062177
1.2169999999999999E-4     0.7168200986306964
1.2179999999999999E-4     0.7153057660180416
1.219E-4                  0.7137914334669
1.22E-4                   0.7122771009759177
1.2209999999999999E-4     0.7107627685437412
1.222E-4                  0.7092484361690164
1.223E-4                  0.7077341038503899
1.224E-4                  0.7062197715865075
1.225E-4                  0.7047054393760153
1.226E-4                  0.7031911072175591
1.227E-4                  0.7016767751097855
1.228E-4                  0.7001624430513398
1.229E-4                  0.6986481110408683
1.2299999999999998E-4     0.6971337790770169
1.2309999999999998E-4     0.6956194471584308
1.2319999999999999E-4     0.694105115283756
1.233E-4                  0.6925907834516384
1.234E-4                  0.6910764516607233
1.235E-4                  0.6895621199096564
1.236E-4                  0.6880477881970837
1.237E-4                  0.68653345652165
1.238E-4                  0.6850191248820012
1.239E-4                  0.6835047932767827
1.24E-4                   0.6819904617046396
1.241E-4                  0.680476130164218
1.2419999999999998E-4     0.678966623817474
1.2429999999999999E-4     0.6775425365684464
1.244E-4                  0.6761184493744757
1.245E-4                  0.6746943622344256
1.246E-4                  0.6732702751471592
1.247E-4                  0.6718461881115395
1.248E-4                  0.6704221011264305
1.249E-4                  0.668998014190695
1.25E-4                   0.6675739273031964
1.251E-4                  0.6661498404627978
1.252E-4                  0.6647257536683621
1.2529999999999998E-4     0.6633016669187533
1.2539999999999999E-4     0.6618775802128333
1.255E-4                  0.6604534935494655
1.256E-4                  0.6590294069275131
1.257E-4                  0.657605320345839
1.258E-4                  0.6561812338033058
1.259E-4                  0.6547571472987772
1.26E-4                   0.6533330608311153
1.261E-4                  0.6519089743991832
1.262E-4                  0.6504848880018436
1.263E-4                  0.6490608016379592
1.2639999999999998E-4     0.6476367153063931
1.2649999999999998E-4     0.6462126290060077
1.266E-4                  0.6447885427356653
1.267E-4                  0.6433644564942291
1.268E-4                  0.6419403702805613
1.269E-4                  0.6405162840935247
1.27E-4                   0.6391430013077729
1.271E-4                  0.6377967516829625
1.272E-4                  0.6364505021016555
1.273E-4                  0.6351042525629024
1.274E-4                  0.6337580030657524
1.2749999999999998E-4     0.6324117536092564
1.2759999999999998E-4     0.6310655041924631
1.277E-4                  0.629719254814423
1.278E-4                  0.628373005474186
1.279E-4                  0.6270267561708017
1.28E-4                   0.6256805069033201
1.281E-4                  0.6243342576707905
1.282E-4                  0.6229880084722631
1.283E-4                  0.6216417593067876
1.284E-4                  0.6202955101734133
1.285E-4                  0.6189492610711901
1.2859999999999998E-4     0.6176030119991679
1.2869999999999998E-4     0.6162567629563956
1.288E-4                  0.6149105139419232
1.289E-4                  0.6135642649548003
1.29E-4                   0.6122180159940762
1.291E-4                  0.6108717670588004
1.292E-4                  0.6095255181480226
1.293E-4                  0.608179269260792
1.294E-4                  0.6068330203961584
1.295E-4                  0.6054867715531705
1.296E-4                  0.6041405227308784
1.2969999999999998E-4     0.6028148858615646
1.2979999999999998E-4     0.6015504567157716
1.2989999999999999E-4     0.6002860276089065
1.3E-4                    0.5990215985401748
1.301E-4                  0.5977571695087821
1.302E-4                  0.5964927405139336
1.303E-4                  0.5952283115548352
1.304E-4                  0.5939638826306923
1.305E-4                  0.5926994537407106
1.306E-4                  0.591435024884095
1.307E-4                  0.5901705960600515
1.3079999999999998E-4     0.5889061672677854
1.3089999999999998E-4     0.5876417385065019
1.3099999999999999E-4     0.5863773097754061
1.311E-4                  0.5851128810737038
1.312E-4                  0.5838484524006003
1.313E-4                  0.5825840237553008
1.314E-4                  0.5813195951370106
1.315E-4                  0.580055166544935
1.316E-4                  0.5787907379782794
1.317E-4                  0.5775263094362487
1.318E-4                  0.5762618809180484
1.3189999999999998E-4     0.5749974524228839
1.3199999999999998E-4     0.57373302394996
1.3209999999999999E-4     0.5724685954984818
1.322E-4                  0.5712041670676548
1.323E-4                  0.5699397386566837
1.324E-4                  0.568675310264774
1.325E-4                  0.5674691607552269
1.326E-4                  0.566273203557444
1.327E-4                  0.5650772463895551
1.328E-4                  0.5638812892508911
1.329E-4                  0.5626853321407821
1.33E-4                   0.5614893750585592
1.3309999999999998E-4     0.5602934180035536
1.3319999999999999E-4     0.5590974609750949
1.333E-4                  0.5579015039725145
1.334E-4                  0.5567055469951427
1.335E-4                  0.5555095900423104
1.336E-4                  0.5543136331133481
1.337E-4                  0.5531176762075863
1.338E-4                  0.5519217193243557
1.339E-4                  0.550725762462987
1.34E-4                   0.5495298056228106
1.341E-4                  0.5483338488031572
1.3419999999999998E-4     0.5471378920033573
1.3429999999999998E-4     0.5459419352227413
1.344E-4                  0.5447459784606398
1.345E-4                  0.543550021716383
1.346E-4                  0.5423540649893017
1.347E-4                  0.5411581082787268
1.348E-4                  0.5399621515839877
1.349E-4                  0.5387661949044156
1.35E-4                   0.5375702382393408
1.351E-4                  0.5363742815880933
1.352E-4                  0.5352106791809943
1.3529999999999998E-4     0.5340865617046278
1.3539999999999998E-4     0.5329624442549838
1.355E-4                  0.5318383268315098
1.356E-4                  0.5307142094336522
1.357E-4                  0.5295900920608582
1.358E-4                  0.5284659747125746
1.359E-4                  0.527341857388248
1.36E-4                   0.5262177400873257
1.361E-4                  0.5250936228092541
1.362E-4                  0.52396950555348
1.363E-4                  0.5228453883194505
1.3639999999999998E-4     0.5217212711066125
1.3649999999999998E-4     0.520597153914412
1.3659999999999999E-4     0.5194730367422964
1.367E-4                  0.518348919589712
1.368E-4                  0.517224802456106
1.369E-4                  0.5161006853409249
1.37E-4                   0.5149765682436154
1.371E-4                  0.5138524511636242
1.372E-4                  0.5127283341003981
1.373E-4                  0.5116042170533837
1.374E-4                  0.5104801000220276
1.3749999999999998E-4     0.5093559830057768
1.3759999999999998E-4     0.5082318660040775
1.3769999999999999E-4     0.5071077490163767
1.378E-4                  0.5059836320421206
1.379E-4                  0.504862692698635
1.38E-4                   0.5038026455344465
1.381E-4                  0.5027425983929524
1.382E-4                  0.5016825512736793
1.383E-4                  0.5006225041761537
1.384E-4                  0.4995624570999027
1.385E-4                  0.49850241004445245
1.3859999999999998E-4     0.4974423630093303
1.3869999999999998E-4     0.49638231599406224
1.3879999999999999E-4     0.49532226899817533
1.389E-4                  0.4942622220211959
1.39E-4                   0.49320217506265096
1.391E-4                  0.4921421281220669
1.392E-4                  0.4910820811989705
1.393E-4                  0.4900220342928884
1.394E-4                  0.4889619874033471
1.395E-4                  0.4879019405298733
1.396E-4                  0.48684189367199343
1.3969999999999998E-4     0.48578184682923464
1.3979999999999998E-4     0.48472180000112275
1.3989999999999999E-4     0.4836617531871845
1.4E-4                    0.4826017063869469
1.401E-4                  0.48154165959993595
1.402E-4                  0.48048161282567853
1.403E-4                  0.47942156606370123
1.404E-4                  0.4783615193135303
1.405E-4                  0.4773014725746926
1.406E-4                  0.47624142584671453
1.407E-4                  0.47521811492689103
1.408E-4                  0.47421468745799994
1.4089999999999998E-4     0.4732112600043473
1.4099999999999998E-4     0.47220783256554877
1.411E-4                  0.47120440514122025
1.412E-4                  0.47020097773097796
1.413E-4                  0.4691975503344379
1.414E-4                  0.46819412295121593
1.415E-4                  0.4671906955809279
1.416E-4                  0.46618726822319
1.417E-4                  0.46518384087761805
1.418E-4                  0.464180413543828
1.419E-4                  0.46317698622143577
1.4199999999999998E-4     0.4621735589100576
1.4209999999999998E-4     0.4611701316093087
1.422E-4                  0.4601667043188054
1.423E-4                  0.4591632770381637
1.424E-4                  0.4581598497669993
1.425E-4                  0.4571564225049283
1.426E-4                  0.4561529952515665
1.427E-4                  0.4551495680065295
1.428E-4                  0.45414614076943377
1.429E-4                  0.45314271353989466
1.43E-4                   0.4521392863175285
1.4309999999999998E-4     0.451135859101951
1.4319999999999998E-4     0.4501324318927775
1.433E-4                  0.44912900468962463
1.434E-4                  0.4481429690413187
1.435E-4                  0.4472096556306637
1.436E-4                  0.44627634224171
1.437E-4                  0.4453430288741232
1.438E-4                  0.44440971552756897
1.439E-4                  0.44347640220171297
1.44E-4                   0.44254308889622096
1.441E-4                  0.44160977561075865
1.4419999999999998E-4     0.4406764623449918
1.4429999999999998E-4     0.4397431490985857
1.4439999999999999E-4     0.4388098358712063
1.445E-4                  0.43787652266251914
1.446E-4                  0.4369432094721899
1.447E-4                  0.4360098962998843
1.448E-4                  0.43507658314526787
1.449E-4                  0.4341432700080064
1.45E-4                   0.4332099568877656
1.451E-4                  0.43227664378421077
1.452E-4                  0.4313433306970077
1.4529999999999998E-4     0.4304100176258224
1.4539999999999998E-4     0.4294767045703198
1.4549999999999999E-4     0.4285433915301658
1.456E-4                  0.42761007850502614
1.457E-4                  0.42667676549456623
1.458E-4                  0.42574345249845175
1.459E-4                  0.42481013951634833
1.46E-4                   0.4238768265479215
1.461E-4                  0.422943513592837
1.462E-4                  0.4220344139287836
1.463E-4                  0.42112967887557556
1.4639999999999998E-4     0.42022494382361986
1.4649999999999998E-4     0.4193202087726466
1.4659999999999999E-4     0.4184154737223866
1.467E-4                  0.41751073867257044
1.468E-4                  0.4166060036229289
1.469E-4                  0.4157012685731926
1.47E-4                   0.41479653352309226
1.471E-4                  0.4138917984723582
1.472E-4                  0.4129870634207214
1.473E-4                  0.41208232836791253
1.474E-4                  0.4111775933136619
1.4749999999999998E-4     0.4102728582577007
1.4759999999999998E-4     0.4093681231997588
1.4769999999999999E-4     0.40846338813956734
1.478E-4                  0.4075586530768567
1.479E-4                  0.40665391801135764
1.48E-4                   0.40574918294280077
1.481E-4                  0.4048444478709165
1.482E-4                  0.40393971279543595
1.483E-4                  0.4030349777160892
1.484E-4                  0.4021302426326071
1.485E-4                  0.40122550754472003
1.4859999999999998E-4     0.4003207724521592
1.4869999999999998E-4     0.3994160373546545
1.4879999999999998E-4     0.39851130225193676
1.489E-4                  0.3976490921268393
1.49E-4                   0.39683959799641416
1.491E-4                  0.3960301038940622
1.492E-4                  0.3952206098195539
1.493E-4                  0.3944111157726601
1.494E-4                  0.39360162175315094
1.495E-4                  0.39279212776079725
1.496E-4                  0.39198263379536946
1.497E-4                  0.39117313985663826
1.4979999999999998E-4     0.3903636459443741
1.4989999999999998E-4     0.3895541520583474
1.5E-4                    0.38874465819832876
1.501E-4                  0.38793516436408865
1.502E-4                  0.38712567055539765
1.503E-4                  0.38631617677202634
1.504E-4                  0.38550668301374513
1.505E-4                  0.3846971892803246
1.506E-4                  0.3838876955715352
1.507E-4                  0.3830782018871475
1.508E-4                  0.38226870822693204
1.5089999999999998E-4     0.38145921459065946
1.5099999999999998E-4     0.38064972097809974
1.511E-4                  0.37984022738902384
1.512E-4                  0.379030733823202
1.513E-4                  0.37822124028040494
1.514E-4                  0.377411746760403
1.515E-4                  0.37660225326296654
1.516E-4                  0.3757927332954682
1.517E-4                  0.37498266042421863
1.518E-4                  0.3741725875224554
1.519E-4                  0.37336251458995484
1.5199999999999998E-4     0.37255244162649415
1.5209999999999998E-4     0.3717423686318492
1.5219999999999999E-4     0.37093229560579694
1.523E-4                  0.37012222254811383
1.524E-4                  0.3693121494585766
1.525E-4                  0.3685020763369619
1.526E-4                  0.36769200318304607
1.527E-4                  0.366881929996606
1.528E-4                  0.3660718567774182
1.529E-4                  0.3652617835252591
1.53E-4                   0.3644517102399055
1.5309999999999998E-4     0.36364163692113416
1.5319999999999998E-4     0.36283156356872115
1.5329999999999999E-4     0.3620214901824434
1.534E-4                  0.3612114167620774
1.535E-4                  0.3604062966306185
1.536E-4                  0.3596038956920225
1.537E-4                  0.3588014947918785
1.538E-4                  0.3579990939300366
1.539E-4                  0.3571966931063467
1.54E-4                   0.3563942923206587
1.541E-4                  0.35559189157282267
1.5419999999999998E-4     0.3547894908626886
1.5429999999999998E-4     0.3539870901901061
1.5439999999999999E-4     0.35318468955492527
1.545E-4                  0.3523822889569961
1.546E-4                  0.35157988839616855
1.547E-4                  0.3507774878722924
1.548E-4                  0.3500287707941295
1.549E-4                  0.34929099914539574
1.55E-4                   0.3485532274771174
1.551E-4                  0.34781545578912515
1.552E-4                  0.34707768408124967
1.5529999999999998E-4     0.3463399123533216
1.5539999999999998E-4     0.34560214060517136
1.5549999999999999E-4     0.3448643688366298
1.556E-4                  0.34412659704752757
1.557E-4                  0.3433888252376954
1.558E-4                  0.34265105340696383
1.559E-4                  0.34191139019676775
1.56E-4                   0.34116890678775397
1.561E-4                  0.34042642340654716
1.562E-4                  0.339683940052986
1.563E-4                  0.3389414567269095
1.5639999999999998E-4     0.33819897342815647
1.5649999999999998E-4     0.3374564901565654
1.5659999999999998E-4     0.3367140069119753
1.567E-4                  0.33597152369422495
1.568E-4                  0.3352299499603845
1.569E-4                  0.33451185530176736
1.57E-4                   0.3337937606316357
1.571E-4                  0.3330756659498556
1.572E-4                  0.3323575712562932
1.573E-4                  0.3316394765508142
1.574E-4                  0.33092138183328523
1.5749999999999998E-4     0.33020328710357183
1.5759999999999998E-4     0.3294875748938063
1.5769999999999998E-4     0.3287814111965675
1.578E-4                  0.3280752475158189
1.579E-4                  0.3273690838514123
1.58E-4                   0.32666292020319915
1.581E-4                  0.3259567565710311
1.582E-4                  0.3252505929547597
1.583E-4                  0.3245469997356587
1.584E-4                  0.3238471406796278
1.585E-4                  0.3231472816249003
1.586E-4                  0.3224474225713466
1.5869999999999998E-4     0.321747563518837
1.5879999999999998E-4     0.32104770446724135
1.5889999999999999E-4     0.3203509252395604
1.59E-4                   0.31966137441194
1.591E-4                  0.3189718235844621
1.592E-4                  0.3182822727569983
1.593E-4                  0.31759272192941945
1.594E-4                  0.31690317110159716
1.595E-4                  0.3162186773991279
1.596E-4                  0.31553544217765433
1.597E-4                  0.3148522069718414
1.5979999999999998E-4     0.31416897178156344
1.5989999999999998E-4     0.31348573660669454
1.5999999999999999E-4     0.3128109752247569
1.601E-4                  0.31213767993328073
1.602E-4                  0.31146438463166304
1.603E-4                  0.3107910893197843
1.604E-4                  0.3101177939975254
1.605E-4                  0.30944983562363704
1.606E-4                  0.30878244225995916
1.607E-4                  0.3081150489146475
1.608E-4                  0.307447655587586
1.6089999999999998E-4     0.3067802622786592
1.6099999999999998E-4     0.3061198337875235
1.6109999999999999E-4     0.3054597255629235
1.612E-4                  0.3047996173298708
1.613E-4                  0.30413950908825244
1.614E-4                  0.30347945874764765
1.615E-4                  0.30282677128664054
1.616E-4                  0.3021740838385338
1.617E-4                  0.3015213964032191
1.618E-4                  0.3008687089805876
1.619E-4                  0.30021639723307997
1.6199999999999998E-4     0.29957001601152344
1.6209999999999998E-4     0.29892363478808953
1.6219999999999999E-4     0.2982772535626732
1.623E-4                  0.29763087233516855
1.624E-4                  0.29698532119174403
1.625E-4                  0.29634639556354764
1.626E-4                  0.2957074699413959
1.627E-4                  0.29506854432518664
1.628E-4                  0.29442961871481776
1.629E-4                  0.2937917432680668
1.63E-4                   0.2931592562424569
1.6309999999999998E-4     0.2925267692202238
1.6319999999999998E-4     0.2918942822012682
1.6329999999999998E-4     0.2912617951854911
1.634E-4                  0.2906307741054497
1.635E-4                  0.2900051094835969
1.636E-4                  0.2893794448636724
1.637E-4                  0.28875378024558024
1.638E-4                  0.2881281156292249
1.639E-4                  0.28750426339634727
1.64E-4                   0.2868853959564047
1.641E-4                  0.2862665285218562
1.6419999999999998E-4     0.28564766109260886
1.6429999999999998E-4     0.28502879366856954
1.6439999999999998E-4     0.28441299242891754
1.645E-4                  0.2838037548378634
1.646E-4                  0.28319451724891065
1.647E-4                  0.28258527966197083
1.648E-4                  0.28197604207695554
1.649E-4                  0.2813668044937764
1.65E-4                   0.28075756691234516
1.651E-4                  0.2801483293325733
1.652E-4                  0.27953909175437264
1.6529999999999998E-4     0.2789298541776548
1.6539999999999998E-4     0.2783261225860942
1.6549999999999998E-4     0.2777299342842598
1.656E-4                  0.27713374598644147
1.657E-4                  0.276537557692556
1.658E-4                  0.2759413694025208
1.659E-4                  0.2753451811162527
1.66E-4                   0.274748992833669
1.661E-4                  0.27415280455468655
1.662E-4                  0.27355661627922234
1.663E-4                  0.2729604280071938
1.6639999999999998E-4     0.2723708172316034
1.6649999999999998E-4     0.27178714627845707
1.6659999999999998E-4     0.27120347532754135
1.6669999999999999E-4     0.2706198043787784
1.668E-4                  0.2700361334320906
1.669E-4                  0.2694524624874001
1.67E-4                   0.26886879154462934
1.671E-4                  0.26828512060370036
1.672E-4                  0.2677014496645355
1.673E-4                  0.2671177787270572
1.674E-4                  0.26654193831041767
1.675E-4                  0.26597071643004255
1.6759999999999998E-4     0.2653994945528475
1.6769999999999998E-4     0.2648282726787592
1.6779999999999999E-4     0.264257050807705
1.679E-4                  0.2636858289396119
1.68E-4                   0.2631146070744068
1.681E-4                  0.26254338521201703
1.682E-4                  0.26197216335236945
1.683E-4                  0.26140094149539117
1.684E-4                  0.2608428271057408
1.685E-4                  0.26028949845534144
1.686E-4                  0.2597361698073756
1.6869999999999998E-4     0.2591828411617769
1.6879999999999998E-4     0.25862951251847904
1.6889999999999999E-4     0.25807618387741565
1.69E-4                   0.2575228552385208
1.691E-4                  0.2569695266017281
1.692E-4                  0.2564161979669712
1.693E-4                  0.25586286933418406
1.694E-4                  0.2553095407033002
1.695E-4                  0.25475621207425364
1.696E-4                  0.254202883446978
1.697E-4                  0.25364955482140694
1.6979999999999998E-4     0.2530962261974746
1.6989999999999998E-4     0.2525428975751143
1.6999999999999999E-4     0.25198956895425995
1.701E-4                  0.25143624033484524
1.702E-4                  0.25088291171680405
1.703E-4                  0.25032958310007003
1.704E-4                  0.24979807476468624
1.705E-4                  0.24926796894973066
1.706E-4                  0.24873786313744223
1.707E-4                  0.24820775732776287
1.708E-4                  0.2476776515206342
1.7089999999999998E-4     0.24714754571599803
1.7099999999999998E-4     0.24661743991379587
1.7109999999999998E-4     0.24608733411396963
1.712E-4                  0.24555722831646098
1.713E-4                  0.24502712252121167
1.714E-4                  0.24449701672816335
1.715E-4                  0.2439669109372579
1.716E-4                  0.24343680514843688
1.717E-4                  0.24290669936164208
1.718E-4                  0.24237659357681526
1.719E-4                  0.24184648779389817
1.7199999999999998E-4     0.24131638201283254
1.7209999999999998E-4     0.24078627623355994
1.7219999999999998E-4     0.24025617045602216
1.723E-4                  0.23972931892288646
1.724E-4                  0.23922140018377824
1.725E-4                  0.2387134814468072
1.726E-4                  0.23820556271192195
1.727E-4                  0.2376976439790712
1.728E-4                  0.23718972524820384
1.729E-4                  0.2366818065192686
1.73E-4                   0.23617388779221427
1.7309999999999998E-4     0.23566596906698967
1.7319999999999998E-4     0.2351580503435433
1.7329999999999998E-4     0.23465013162182416
1.7339999999999999E-4     0.23414221290178092
1.735E-4                  0.23363429418336237
1.736E-4                  0.23312637546651727
1.737E-4                  0.23261845675119444
1.738E-4                  0.23211053803734258
1.739E-4                  0.23160261932491044
1.74E-4                   0.23109470061384682
1.741E-4                  0.23058678190410042
1.7419999999999998E-4     0.23007886319562026
1.7429999999999998E-4     0.22957848943183887
1.7439999999999998E-4     0.22909189977066025
1.7449999999999999E-4     0.228605310111441
1.746E-4                  0.22811872045413595
1.747E-4                  0.22763213079870012
1.748E-4                  0.22714554114508842
1.749E-4                  0.2266589514932558
1.75E-4                   0.2261723618431572
1.751E-4                  0.2256857721947475
1.752E-4                  0.22519918254798163
1.753E-4                  0.22471259290281465
1.7539999999999998E-4     0.22422600325920147
1.7549999999999998E-4     0.22373941361709682
1.7559999999999999E-4     0.22325282397645577
1.757E-4                  0.22276623433723317
1.758E-4                  0.22227964469938413
1.759E-4                  0.22179305506286345
1.76E-4                   0.22130646542762603
1.761E-4                  0.2208198757936269
1.762E-4                  0.22033328616082098
1.763E-4                  0.2198581112846578
1.764E-4                  0.21939187579596214
1.7649999999999998E-4     0.21892564030896855
1.7659999999999998E-4     0.2184594048236372
1.7669999999999999E-4     0.21799316933992866
1.768E-4                  0.21752693385780328
1.769E-4                  0.21706069837722125
1.77E-4                   0.2165944628981432
1.771E-4                  0.21612822742052928
1.772E-4                  0.21566199194434002
1.773E-4                  0.21519575646953573
1.774E-4                  0.2147295209960767
1.775E-4                  0.21426328552392346
1.7759999999999998E-4     0.21379705005303637
1.7769999999999998E-4     0.2133308145833756
1.7779999999999998E-4     0.21286457911490173
1.779E-4                  0.21239834364757496
1.78E-4                   0.21193210818135574
1.781E-4                  0.21146587271620448
1.782E-4                  0.21099963725208148
1.783E-4                  0.21055546671269723
1.784E-4                  0.21011796630888474
1.785E-4                  0.20968046590649453
1.786E-4                  0.20924296550549373
1.7869999999999998E-4     0.20880546510584985
1.7879999999999998E-4     0.2083679647075298
1.7889999999999998E-4     0.20793046431050097
1.79E-4                   0.20749296391473065
1.791E-4                  0.20705546352018606
1.792E-4                  0.20661796312683442
1.793E-4                  0.20618046273464294
1.794E-4                  0.205742962343579
1.795E-4                  0.2053054619536097
1.796E-4                  0.20486796156470238
1.797E-4                  0.20443046117682426
1.7979999999999998E-4     0.20399296078994275
1.7989999999999998E-4     0.20355546040402475
1.7999999999999998E-4     0.2031179600190377
1.801E-4                  0.20268045963494885
1.802E-4                  0.20224295925172542
1.803E-4                  0.20180545886933465
1.804E-4                  0.20136795848774378
1.805E-4                  0.20093045810692006
1.806E-4                  0.2004929577268308
1.807E-4                  0.20005545734744318
1.808E-4                  0.1996179569687244
1.8089999999999998E-4     0.19918045659064193
1.8099999999999998E-4     0.19874295621316274
1.8109999999999998E-4     0.19830545583625406
1.8119999999999999E-4     0.19786795545988337
1.813E-4                  0.19743045508401774
1.814E-4                  0.19699295470862455
1.815E-4                  0.19655545433367091
1.816E-4                  0.1961179539591241
1.817E-4                  0.19568045358495142
1.818E-4                  0.19524295321112006
1.819E-4                  0.19480545283759723
1.8199999999999998E-4     0.19436795246435046
1.8209999999999998E-4     0.19393045209134657
1.8219999999999998E-4     0.1934994847945939
1.8229999999999999E-4     0.1930978786621989
1.824E-4                  0.19269627253142554
1.825E-4                  0.19229466640224832
1.826E-4                  0.19189306027464198
1.827E-4                  0.19149145414858118
1.828E-4                  0.1910898480240406
1.829E-4                  0.19068824190099495
1.83E-4                   0.19028663577941884
1.8309999999999998E-4     0.18988502965928714
1.8319999999999998E-4     0.1894834235405742
1.8329999999999998E-4     0.1890818174232549
1.8339999999999999E-4     0.18868021130730384
1.835E-4                  0.18827860519269576
1.836E-4                  0.18787699907940528
1.837E-4                  0.1874753929674071
1.838E-4                  0.18707378685667592
1.839E-4                  0.1866721807471864
1.84E-4                   0.18627057463891317
1.841E-4                  0.18586896853183088
1.842E-4                  0.18546736242591433
1.8429999999999998E-4     0.18506575632113823
1.8439999999999998E-4     0.18466415021747706
1.8449999999999999E-4     0.18426254411490553
1.846E-4                  0.18386093801339845
1.847E-4                  0.1834593319129303
1.848E-4                  0.1830577258134759
1.849E-4                  0.18265611971500995
1.85E-4                   0.182254513617507
1.851E-4                  0.18185290752094183
1.852E-4                  0.18145130142528898
1.853E-4                  0.1810496953305233
1.8539999999999998E-4     0.18064808923661946
1.8549999999999998E-4     0.18024648314355193
1.8559999999999998E-4     0.1798448770512955
1.857E-4                  0.17944327095982487
1.858E-4                  0.17904166486911466
1.859E-4                  0.17864005877913963
1.86E-4                   0.17823845268987437
1.861E-4                  0.17783684660129356
1.862E-4                  0.17745493688492822
1.863E-4                  0.17708637045240816
1.864E-4                  0.1767178040208595
1.8649999999999998E-4     0.1763492375902628
1.8659999999999998E-4     0.17598067116059832
1.8669999999999998E-4     0.17561210473184646
1.868E-4                  0.17524353830398773
1.869E-4                  0.1748749718770025
1.87E-4                   0.17450640545087123
1.871E-4                  0.1741378390255743
1.872E-4                  0.1737692726010921
1.873E-4                  0.17340070617740508
1.874E-4                  0.1730321397544936
1.875E-4                  0.17266357333233812
1.8759999999999998E-4     0.17229500691091915
1.8769999999999998E-4     0.17192644049021685
1.8779999999999998E-4     0.17155787407021186
1.879E-4                  0.17118930765088444
1.88E-4                   0.17082074123221508
1.881E-4                  0.17045217481418418
1.882E-4                  0.1700836083967722
1.883E-4                  0.1697150419799594
1.884E-4                  0.1693464755637264
1.885E-4                  0.16897790914805344
1.886E-4                  0.16860934273292105
1.8869999999999998E-4     0.1682407763183096
1.8879999999999998E-4     0.16787220990419954
1.8889999999999998E-4     0.16750364349057112
1.8899999999999999E-4     0.16713507707740494
1.891E-4                  0.16676651066468132
1.892E-4                  0.16639794425238064
1.893E-4                  0.16602937784048336
1.894E-4                  0.16566081142896993
1.895E-4                  0.16529224501782072
1.896E-4                  0.16492367860701618
1.897E-4                  0.16455511219653662
1.8979999999999998E-4     0.1641865457863627
1.8989999999999998E-4     0.16381797937647447
1.8999999999999998E-4     0.16344941296685256
1.9009999999999999E-4     0.16308115654740934
1.902E-4                  0.1627427514442395
1.903E-4                  0.16240434634195594
1.904E-4                  0.1620659412405436
1.905E-4                  0.16172753613998725
1.906E-4                  0.1613891310402718
1.907E-4                  0.16105072594138214
1.908E-4                  0.160712320843303
1.9089999999999998E-4     0.1603739157460195
1.9099999999999998E-4     0.16003551064951613
1.9109999999999998E-4     0.15969710555377797
1.9119999999999999E-4     0.15935870045878983
1.913E-4                  0.15902029536453655
1.914E-4                  0.15868189027100305
1.915E-4                  0.15834348517817415
1.916E-4                  0.1580050800860347
1.917E-4                  0.15766667499456952
1.918E-4                  0.15732826990376356
1.919E-4                  0.15698986481360158
1.92E-4                   0.15665145972406852
1.9209999999999998E-4     0.15631305463514927
1.9219999999999998E-4     0.15597464954682846
1.9229999999999999E-4     0.15563624445909124
1.924E-4                  0.15529783937192224
1.925E-4                  0.1549594342853064
1.926E-4                  0.1546210291992286
1.927E-4                  0.15428262411367363
1.928E-4                  0.15394421902862643
1.929E-4                  0.15360581394407183
1.93E-4                   0.15326740885999462
1.931E-4                  0.15292900377637972
1.9319999999999998E-4     0.15259059869321215
1.9329999999999998E-4     0.15225219361047648
1.9339999999999998E-4     0.1519137885281576
1.935E-4                  0.1515753834462405
1.936E-4                  0.15123697836470998
1.937E-4                  0.15089857328355086
1.938E-4                  0.1505601682027481
1.939E-4                  0.1502217631222865
1.94E-4                   0.1498833580421508
1.941E-4                  0.14955681915030491
1.942E-4                  0.149246373190066
1.9429999999999998E-4     0.14893592723044524
1.9439999999999998E-4     0.14862548127143074
1.9449999999999998E-4     0.14831503531301096
1.946E-4                  0.14800458935517397
1.947E-4                  0.1476941433979083
1.948E-4                  0.14738369744120214
1.949E-4                  0.14707325148504374
1.95E-4                   0.14676280552942145
1.951E-4                  0.14645235957432345
1.952E-4                  0.14614191361973822
1.953E-4                  0.14583146766565383
1.9539999999999998E-4     0.14552102171205883
1.9549999999999998E-4     0.14521057575894117
1.9559999999999998E-4     0.14490012980628933
1.9569999999999999E-4     0.14458968385409166
1.958E-4                  0.14427923790233632
1.959E-4                  0.1439687919510116
1.96E-4                   0.14365834600010585
1.961E-4                  0.14334790004960735
1.962E-4                  0.14303745409950427
1.963E-4                  0.14272700814978512
1.964E-4                  0.142416562200438
1.9649999999999998E-4     0.14210611625145136
1.9659999999999998E-4     0.1417956703028133
1.9669999999999998E-4     0.14148522435451213
1.9679999999999999E-4     0.14117477840653628
1.969E-4                  0.1408643324588739
1.97E-4                   0.14055388651151335
1.971E-4                  0.14024344056444288
1.972E-4                  0.13993299461765077
1.973E-4                  0.13962254867112536
1.974E-4                  0.13931210272485486
1.975E-4                  0.13900165677882764
1.9759999999999998E-4     0.13869121083303204
1.9769999999999998E-4     0.13838076488745615
1.9779999999999998E-4     0.13807031894208838
1.9789999999999999E-4     0.13775987299691692
1.98E-4                   0.1374494270519302
1.981E-4                  0.13716018055922774
1.982E-4                  0.13687501580542058
1.983E-4                  0.1365898510521084
1.984E-4                  0.13630468629928205
1.985E-4                  0.13601952154693248
1.986E-4                  0.1357343567950506
1.9869999999999998E-4     0.1354491920436276
1.9879999999999998E-4     0.13516402729265406
1.9889999999999998E-4     0.13487886254212111
1.9899999999999999E-4     0.1345936977920197
1.991E-4                  0.13430853304234078
1.992E-4                  0.13402336829307518
1.993E-4                  0.13373820354421387
1.994E-4                  0.13345303879574788
1.995E-4                  0.13316787404766814
1.996E-4                  0.1328827092999655
1.997E-4                  0.13259754455263095
1.9979999999999998E-4     0.13231237980565552
1.9989999999999998E-4     0.13202721505903
1.9999999999999998E-4     0.13174205031274538
