% Model:              20230225_JW_4_00.mph
% Version:            COMSOL 5.6.0.401
% Date:               Feb 25 2023, 20:07
% Dimension:          1
% Nodes:              2001
% Expressions:        1
% Description:        点图
% X                       Height
0                         15.348765149300554
1.0E-7                    15.353436515503184
2.0E-7                    15.35811252416689
3.0E-7                    15.364040740254321
4.0E-7                    15.364518235445802
5.0E-7                    15.356506719183404
6.0E-7                    15.345326922917515
7.0E-7                    15.33411707158453
8.0E-7                    15.326810294246124
9.0E-7                    15.316882965651512
1.0E-6                    15.305052862250083
1.1E-6                    15.29384691913013
1.2E-6                    15.281984246685868
1.2999999999999998E-6     15.268619630031848
1.4E-6                    15.253388778825949
1.5E-6                    15.238603462698872
1.6E-6                    15.222324513560634
1.6999999999999998E-6     15.205774909086745
1.8E-6                    15.18832032878812
1.9E-6                    15.170358665458265
2.0E-6                    15.15217487312992
2.1E-6                    15.132864931087699
2.2E-6                    15.113427169018236
2.3E-6                    15.093521213591941
2.4E-6                    15.072805605698024
2.4999999999999998E-6     15.05210900887091
2.5999999999999997E-6     15.030839511539634
2.7E-6                    15.00904528751127
2.8E-6                    14.987404792435862
2.8999999999999998E-6     14.96497194236564
3.0E-6                    14.94244336156113
3.1E-6                    14.91967818210764
3.2E-6                    14.896518525318996
3.2999999999999997E-6     14.873311746039679
3.3999999999999996E-6     14.849784879432988
3.5E-6                    14.826141034272084
3.6E-6                    14.802188090592221
3.6999999999999997E-6     14.778140574105635
3.8E-6                    14.754013550320671
3.9E-6                    14.729603892718705
4.0E-6                    14.705121261941308
4.1E-6                    14.680521022477823
4.2E-6                    14.65582051335077
4.2999999999999995E-6     14.630979541873819
4.4E-6                    14.60605328678951
4.5E-6                    14.581091904831302
4.6E-6                    14.555976932564455
4.7E-6                    14.530817465605965
4.8E-6                    14.50554937005721
4.9E-6                    14.48028136690471
4.9999999999999996E-6     14.45501345155755
5.0999999999999995E-6     14.429611638280937
5.199999999999999E-6      14.404190401429839
5.3E-6                    14.378769262882855
5.4E-6                    14.353287108298144
5.5E-6                    14.327731914608009
5.6E-6                    14.302176795500113
5.7E-6                    14.276619883399977
5.7999999999999995E-6     14.251015496249735
5.899999999999999E-6      14.225411190976596
6.0E-6                    14.199806963738848
6.1E-6                    14.17417927999268
6.2E-6                    14.148537251660645
6.3E-6                    14.122895286288
6.4E-6                    14.09725330976594
6.5E-6                    14.071611122174607
6.5999999999999995E-6     14.045969004823448
6.699999999999999E-6      14.020326954218458
6.799999999999999E-6      13.994695002811858
6.9E-6                    13.96906585572446
7.0E-6                    13.943436761798582
7.1E-6                    13.917825207429717
7.2E-6                    13.892243811561904
7.2999999999999996E-6     13.8666624793646
7.3999999999999995E-6     13.841081207594375
7.499999999999999E-6      13.815532268975755
7.6E-6                    13.78998507886541
7.699999999999999E-6      13.764437934528264
7.8E-6                    13.738961232054931
7.899999999999999E-6      13.713546408095798
8.0E-6                    13.688131641521172
8.1E-6                    13.662716929343778
8.2E-6                    13.637302268547783
8.3E-6                    13.611887656088957
8.4E-6                    13.586473088894785
8.5E-6                    13.56114411318794
8.599999999999999E-6      13.535852318519352
8.7E-6                    13.510560573319353
8.8E-6                    13.485268874783232
8.9E-6                    13.45997722008062
9.0E-6                    13.434685606355584
9.1E-6                    13.40939403072682
9.2E-6                    13.384368246517726
9.299999999999999E-6      13.359384974520378
9.4E-6                    13.33440175470493
9.499999999999999E-6      13.309418584462804
9.6E-6                    13.284435461162598
9.7E-6                    13.259452382150181
9.8E-6                    13.234469344748812
9.9E-6                    13.209486346259252
9.999999999999999E-6      13.18450338395988
1.01E-5                   13.159520455106799
1.0199999999999999E-5     13.134537556933964
1.03E-5                   13.109554686653285
1.0399999999999999E-5     13.084571841454748
1.05E-5                   13.05965574842533
1.06E-5                   13.035020420319986
1.07E-5                   13.01038514489485
1.08E-5                   12.985749919858794
1.0899999999999999E-5     12.961114742901643
1.1E-5                    12.936479611694281
1.1099999999999999E-5     12.911844523888744
1.12E-5                   12.88720947711829
1.13E-5                   12.862574468997515
1.14E-5                   12.837939497122447
1.15E-5                   12.813304559070616
1.1599999999999999E-5     12.788669652401172
1.17E-5                   12.764034774654966
1.1799999999999999E-5     12.73939992335465
1.19E-5                   12.715037192821834
1.2E-5                    12.690923807366289
1.21E-5                   12.666810477366042
1.22E-5                   12.642697200487019
1.2299999999999999E-5     12.618583974377488
1.24E-5                   12.594470796668135
1.2499999999999999E-5     12.570357664972155
1.26E-5                   12.546244576885341
1.2699999999999999E-5     12.522131529986178
1.28E-5                   12.498018521835933
1.29E-5                   12.473905549978742
1.3E-5                    12.44979261194171
1.31E-5                   12.425679705234998
1.3199999999999999E-5     12.401566827351916
1.33E-5                   12.377644361710171
1.3399999999999999E-5     12.353755080865136
1.35E-5                   12.329865826824538
1.3599999999999999E-5     12.305976597802465
1.37E-5                   12.282087392000754
1.38E-5                   12.258198207609093
1.3899999999999999E-5     12.234309042805044
1.4E-5                    12.210419895754125
1.4099999999999999E-5     12.186530764609852
1.42E-5                   12.162641647513817
1.4299999999999999E-5     12.13875254259574
1.44E-5                   12.114863447973523
1.45E-5                   12.090974361753325
1.4599999999999999E-5     12.067226646681739
1.47E-5                   12.044116514800361
1.4799999999999999E-5     12.021006426426757
1.49E-5                   11.997896379569923
1.4999999999999999E-5     11.974786372226644
1.51E-5                   11.951676402381544
1.52E-5                   11.928566468007146
1.53E-5                   11.90545656706395
1.5399999999999998E-5     11.882346697500495
1.55E-5                   11.859236857253405
1.56E-5                   11.836127044247494
1.57E-5                   11.813017256395796
1.5799999999999998E-5     11.789907491599639
1.59E-5                   11.767107821706626
1.6E-5                    11.744351161814283
1.61E-5                   11.721594554655338
1.62E-5                   11.698837998128383
1.63E-5                   11.676081490119005
1.64E-5                   11.65332502849985
1.6499999999999998E-5     11.630568611130705
1.66E-5                   11.607812235858546
1.67E-5                   11.585055900517629
1.68E-5                   11.562299602929562
1.69E-5                   11.539558961408385
1.7E-5                    11.516895284511916
1.71E-5                   11.494231627517953
1.7199999999999998E-5     11.471567988815167
1.73E-5                   11.44890436678324
1.74E-5                   11.426240759792908
1.75E-5                   11.403577166206029
1.76E-5                   11.380913584375593
1.77E-5                   11.358250012645822
1.78E-5                   11.335586449352174
1.7899999999999998E-5     11.31333458816853
1.8E-5                    11.2912169269937
1.81E-5                   11.269099306406511
1.82E-5                   11.246981724626169
1.8299999999999998E-5     11.224864179862774
1.84E-5                   11.202746670317367
1.85E-5                   11.180629194182
1.8599999999999998E-5     11.158511749639763
1.87E-5                   11.136413897981516
1.88E-5                   11.114366097170345
1.89E-5                   11.092318319038082
1.8999999999999998E-5     11.070270562071206
1.91E-5                   11.048222824748342
1.92E-5                   11.0261751055403
1.9299999999999998E-5     11.004127402910116
1.94E-5                   10.9820797153131
1.95E-5                   10.960032041196863
1.96E-5                   10.938336836246103
1.9699999999999998E-5     10.916725392514417
1.98E-5                   10.89511397691697
1.99E-5                   10.873502587891563
1.9999999999999998E-5     10.851891223868853
2.01E-5                   10.830279883272375
2.02E-5                   10.808668564518587
2.03E-5                   10.787057266016914
2.0399999999999998E-5     10.765521782362361
2.05E-5                   10.74413682248568
2.06E-5                   10.722751889442927
2.07E-5                   10.70136698179801
2.0799999999999997E-5     10.679982098108033
2.09E-5                   10.658597236923331
2.1E-5                    10.63721239678752
2.1099999999999998E-5     10.615827576237521
2.12E-5                   10.594442773803587
2.13E-5                   10.573264642404137
2.14E-5                   10.552119655407513
2.1499999999999997E-5     10.530974686819269
2.16E-5                   10.509829735308907
2.17E-5                   10.488684799540279
2.1799999999999998E-5     10.467539878171634
2.19E-5                   10.446394969855625
2.2E-5                    10.425250073239368
2.21E-5                   10.40430122795213
2.2199999999999998E-5     10.383660639344356
2.23E-5                   10.363020083389687
2.24E-5                   10.342379558713162
2.2499999999999998E-5     10.321739063934107
2.26E-5                   10.30109859766619
2.27E-5                   10.280458158517437
2.28E-5                   10.259817745090272
2.2899999999999998E-5     10.23917735598155
2.3E-5                    10.218504196856458
2.31E-5                   10.197828029216693
2.3199999999999998E-5     10.17715187156314
2.33E-5                   10.156475722705409
2.34E-5                   10.135799581448198
2.35E-5                   10.115123446591353
2.3599999999999998E-5     10.094447316929857
2.37E-5                   10.073771191253881
2.38E-5                   10.05339962684391
2.3899999999999998E-5     10.033411675735739
2.4E-5                    10.013423758609846
2.41E-5                   9.993435874261646
2.42E-5                   9.973448021482199
2.4299999999999998E-5     9.953460199058219
2.44E-5                   9.933472405772116
2.45E-5                   9.913484640402018
2.4599999999999998E-5     9.893496901721779
2.4699999999999997E-5     9.873332524784544
2.48E-5                   9.85316258926228
2.49E-5                   9.832992653898785
2.4999999999999998E-5     9.812822717588805
2.51E-5                   9.792652779222859
2.52E-5                   9.77248283768726
2.53E-5                   9.752312891864129
2.5399999999999997E-5     9.732142940631421
2.55E-5                   9.712287641650176
2.56E-5                   9.692751586653197
2.5699999999999998E-5     9.673215554327033
2.58E-5                   9.653679543735505
2.59E-5                   9.634143553939406
2.6E-5                    9.614607583996538
2.6099999999999997E-5     9.5950716329617
2.62E-5                   9.57553569988674
2.63E-5                   9.556394726905197
2.6399999999999998E-5     9.537312483770965
2.65E-5                   9.518230275928389
2.66E-5                   9.499148102055937
2.67E-5                   9.480065960827478
2.6799999999999998E-5     9.460983850912308
2.69E-5                   9.44189910484734
2.7E-5                    9.422457215830121
2.7099999999999998E-5     9.40301532531606
2.7199999999999997E-5     9.38357343245225
2.73E-5                   9.364131536382944
2.74E-5                   9.344689636249592
2.7499999999999998E-5     9.325247731190823
2.76E-5                   9.30590611192826
2.77E-5                   9.28715969146217
2.7799999999999998E-5     9.268413299438233
2.7899999999999997E-5     9.249666934859157
2.8E-5                    9.230920596724609
2.81E-5                   9.212174284031244
2.8199999999999998E-5     9.193427995772707
2.83E-5                   9.17470858934495
2.84E-5                   9.156057919541515
2.8499999999999998E-5     9.13740725815723
2.8599999999999997E-5     9.118756604237417
2.87E-5                   9.100105956824535
2.88E-5                   9.081455314958195
2.8899999999999998E-5     9.062804677675189
2.9E-5                    9.044182903905082
2.91E-5                   9.02560136319284
2.9199999999999998E-5     9.007019844109786
2.9299999999999997E-5     8.988438345836771
2.94E-5                   8.969856867552084
2.95E-5                   8.951275408431457
2.9599999999999998E-5     8.932693967648092
2.97E-5                   8.914324752431162
2.98E-5                   8.896125969829015
2.99E-5                   8.877927186369808
2.9999999999999997E-5     8.859728401221117
3.01E-5                   8.84152961354842
3.02E-5                   8.823330822515102
3.0299999999999998E-5     8.805233983007513
3.04E-5                   8.787305137485689
3.05E-5                   8.769376320356463
3.06E-5                   8.75144753076542
3.07E-5                   8.733518767855688
3.0799999999999996E-5     8.715590030767965
3.09E-5                   8.697664049903183
3.1E-5                    8.67974894964946
3.11E-5                   8.66183385216318
3.12E-5                   8.643918756673509
3.13E-5                   8.626003662407586
3.14E-5                   8.608088568590537
3.15E-5                   8.590181606037063
3.1599999999999996E-5     8.572606143089544
3.17E-5                   8.55503069659648
3.18E-5                   8.537455265795003
3.1899999999999996E-5     8.519879849920304
3.2E-5                    8.502304448205638
3.21E-5                   8.484729059882335
3.22E-5                   8.467273983338593
3.23E-5                   8.449840639153551
3.24E-5                   8.432407306003137
3.25E-5                   8.414973983148226
3.26E-5                   8.397540669847826
3.2699999999999995E-5     8.380107365359091
3.28E-5                   8.362797837955497
3.29E-5                   8.345549232655275
3.2999999999999996E-5     8.328300636852878
3.31E-5                   8.311052049856857
3.32E-5                   8.293803470974131
3.3299999999999996E-5     8.27655489950998
3.34E-5                   8.259421253654947
3.35E-5                   8.242405663061044
3.36E-5                   8.225390084582532
3.37E-5                   8.208374517539516
3.38E-5                   8.191358961250495
3.39E-5                   8.174343415032377
3.4E-5                    8.157381609246672
3.4099999999999995E-5     8.140535897030643
3.42E-5                   8.12369019378965
3.43E-5                   8.106844498884074
3.4399999999999996E-5     8.08999881167284
3.45E-5                   8.073153131513433
3.46E-5                   8.056338921728019
3.4699999999999996E-5     8.039718764583581
3.48E-5                   8.023098618498661
3.49E-5                   8.006478482835698
3.5E-5                    7.989858356955723
3.51E-5                   7.973238240218351
3.52E-5                   7.956618131981809
3.53E-5                   7.940158110123196
3.54E-5                   7.923704309735281
3.5499999999999996E-5     7.907250517897524
3.56E-5                   7.890796734014046
3.57E-5                   7.874342957487709
3.5799999999999996E-5     7.857889187720092
3.59E-5                   7.841598336078902
3.6E-5                    7.825351912744585
3.6099999999999997E-5     7.809105498587908
3.62E-5                   7.792859093021855
3.63E-5                   7.7766126954582075
3.64E-5                   7.760366305307542
3.65E-5                   7.744222422564622
3.6599999999999995E-5     7.7281443919449995
3.67E-5                   7.712066369628143
3.68E-5                   7.695988355064329
3.6899999999999996E-5     7.679910347702723
3.7E-5                    7.663832346991374
3.71E-5                   7.647841083024108
3.7199999999999996E-5     7.631963865810908
3.73E-5                   7.616086656728886
3.74E-5                   7.6002094552369055
3.75E-5                   7.584332260792774
3.76E-5                   7.568455072853246
3.77E-5                   7.552627093606375
3.78E-5                   7.536942789992081
3.79E-5                   7.521258494839003
3.7999999999999995E-5     7.505574207631536
3.81E-5                   7.489889927853091
3.82E-5                   7.474205654986105
3.8299999999999996E-5     7.458534934007092
3.84E-5                   7.443023838186089
3.85E-5                   7.427512750252837
3.8599999999999996E-5     7.412001669716322
3.87E-5                   7.396490596084611
3.88E-5                   7.38097952886487
3.89E-5                   7.365468467563366
3.9E-5                    7.350134797019653
3.9099999999999995E-5     7.334820549795495
3.92E-5                   7.319506309092994
3.93E-5                   7.3041920744340905
3.9399999999999995E-5     7.288877845339885
3.95E-5                   7.273563621330626
3.96E-5                   7.258390033140488
3.9699999999999996E-5     7.243269941442983
3.98E-5                   7.22814985805517
3.99E-5                   7.213029782517135
3.9999999999999996E-5     7.197909714368144
4.01E-5                   7.18278965314667
4.02E-5                   7.167811677125848
4.03E-5                   7.152951099128029
4.04E-5                   7.138090527784514
4.0499999999999995E-5     7.123229962661421
4.06E-5                   7.108369403324142
4.07E-5                   7.093508849337339
4.0799999999999996E-5     7.078648300264957
4.09E-5                   7.063787755670217
4.1E-5                    7.048927215115633
4.1099999999999996E-5     7.034066678163012
4.12E-5                   7.019206144373456
4.13E-5                   7.004345613307362
4.14E-5                   6.989555515710819
4.15E-5                   6.975058404012821
4.1599999999999995E-5     6.9605613010360505
4.17E-5                   6.946064206382139
4.18E-5                   6.931567119652069
4.1899999999999995E-5     6.917070040446185
4.2E-5                    6.902572968364172
4.21E-5                   6.888075903005095
4.2199999999999996E-5     6.87357884396737
4.23E-5                   6.85908179084879
4.24E-5                   6.844584743246516
4.2499999999999996E-5     6.830087700757088
4.26E-5                   6.815590662976428
4.27E-5                   6.801363599740679
4.28E-5                   6.787187950380556
4.29E-5                   6.773012306634379
4.2999999999999995E-5     6.758836668134589
4.31E-5                   6.744661034513064
4.32E-5                   6.7304854054011365
4.3299999999999995E-5     6.716309780429589
4.34E-5                   6.702134159228653
4.35E-5                   6.687958541428028
4.3599999999999996E-5     6.673782926656868
4.37E-5                   6.6596073145437895
4.38E-5                   6.645431704716887
4.3899999999999996E-5     6.631447420309751
4.4E-5                    6.6176652685856805
4.41E-5                   6.603883124532973
4.42E-5                   6.590100987810395
4.43E-5                   6.5763188580762275
4.4399999999999995E-5     6.562536734988266
4.45E-5                   6.548754618203823
4.46E-5                   6.5349725073797265
4.4699999999999996E-5     6.521190402172334
4.48E-5                   6.507408302237528
4.49E-5                   6.493626207230716
4.4999999999999996E-5     6.479844116806841
4.51E-5                   6.4660999557631955
4.52E-5                   6.452604091816698
4.5299999999999997E-5     6.4391082325693825
4.54E-5                   6.425612377703107
4.5499999999999995E-5     6.412116526899294
4.56E-5                   6.398620679838934
4.57E-5                   6.385124836202588
4.5799999999999995E-5     6.37162899567039
4.59E-5                   6.35813315792205
4.6E-5                    6.344637322636852
4.6099999999999996E-5     6.331141489493667
4.62E-5                   6.317645658170945
4.63E-5                   6.304149828346723
4.6399999999999996E-5     6.2909478573514175
4.65E-5                   6.277829386464039
4.66E-5                   6.2647109223234345
4.67E-5                   6.251592464641248
4.68E-5                   6.238474013128746
4.6899999999999995E-5     6.225355567496837
4.7E-5                    6.212237127456069
4.71E-5                   6.199118692716628
4.7199999999999995E-5     6.18600026298835
4.73E-5                   6.1728818379807056
4.74E-5                   6.159763417402818
4.7499999999999996E-5     6.146645000963465
4.76E-5                   6.133650137804451
4.77E-5                   6.120822454148108
4.7799999999999996E-5     6.107994774453456
4.79E-5                   6.095167098441288
4.8E-5                    6.082339425832058
4.81E-5                   6.069511756345881
4.82E-5                   6.056684089702536
4.8299999999999995E-5     6.043856425621466
4.84E-5                   6.031028763821784
4.85E-5                   6.018201104022269
4.8599999999999995E-5     6.005373445941377
4.87E-5                   5.992545789297234
4.88E-5                   5.979740441577886
4.8899999999999996E-5     5.967226086940736
4.9E-5                    5.954711737354561
4.91E-5                   5.942197392583719
4.9199999999999997E-5     5.929683052392298
4.93E-5                   5.917168716544121
4.9399999999999995E-5     5.904654384802745
4.95E-5                   5.892140056931467
4.96E-5                   5.879625732693321
4.9699999999999995E-5     5.8671114118510825
4.98E-5                   5.85459709416727
4.99E-5                   5.842082779404141
4.9999999999999996E-5     5.829568467323705
5.01E-5                   5.817343981856136
5.02E-5                   5.805233650039634
5.0299999999999996E-5     5.793123324191408
5.04E-5                   5.781013004048523
5.05E-5                   5.768902689347765
5.06E-5                   5.756792379825631
5.07E-5                   5.744682075218338
5.0799999999999995E-5     5.732571775261826
5.09E-5                   5.720461479691746
5.1E-5                    5.708351188243484
5.1099999999999995E-5     5.6962409006521435
5.12E-5                   5.684130616652557
5.13E-5                   5.672017931858638
5.1399999999999996E-5     5.6599010407738
5.15E-5                   5.647784148560047
5.16E-5                   5.635667255055454
5.1699999999999996E-5     5.623550360097931
5.18E-5                   5.611433463525225
5.1899999999999994E-5     5.599316565174917
5.2E-5                    5.587199664884419
5.21E-5                   5.575082762490987
5.2199999999999995E-5     5.562965857831711
5.23E-5                   5.550848950743523
5.24E-5                   5.5387320410631915
5.2499999999999995E-5     5.526625891663528
5.26E-5                   5.515595972679551
5.27E-5                   5.504566071955617
5.2799999999999996E-5     5.493536189160953
5.29E-5                   5.482506323964465
5.3E-5                    5.4714764760347485
5.3099999999999996E-5     5.460446645040092
5.32E-5                   5.449416830648472
5.3299999999999995E-5     5.438387032527557
5.34E-5                   5.427357250344715
5.35E-5                   5.416327483767014
5.3599999999999995E-5     5.405297732461212
5.37E-5                   5.39426799609378
5.38E-5                   5.382686351593167
5.3899999999999996E-5     5.37081545027676
5.4E-5                    5.358944537969043
5.41E-5                   5.3470736145183615
5.4199999999999996E-5     5.335202679772898
5.43E-5                   5.3233317335806625
5.4399999999999994E-5     5.311460775789503
5.4499999999999997E-5     5.2995898062471
5.46E-5                   5.287718824800982
5.4699999999999995E-5     5.276083040714385
5.48E-5                   5.264597680302558
5.49E-5                   5.253112326746694
5.4999999999999995E-5     5.241626979938103
5.51E-5                   5.230141639768011
5.52E-5                   5.218656306127562
5.5299999999999996E-5     5.207775593396476
5.54E-5                   5.197309503160015
5.55E-5                   5.1868434109132355
5.5599999999999996E-5     5.176377316422119
5.57E-5                   5.165458594787939
5.5799999999999994E-5     5.154007645349304
5.59E-5                   5.14255670527645
5.6E-5                    5.131105774435782
5.6099999999999995E-5     5.120100123896711
5.62E-5                   5.1092506397984785
5.63E-5                   5.098401146364495
5.6399999999999995E-5     5.08761451263596
5.65E-5                   5.0768864185421565
5.66E-5                   5.066158340900437
5.6699999999999996E-5     5.055317374944051
5.68E-5                   5.044406515692778
5.69E-5                   5.03349797996523
5.6999999999999996E-5     5.022899482668521
5.71E-5                   5.0123009922540485
5.7199999999999994E-5     5.0016443742939005
5.73E-5                   4.990899560661528
5.74E-5                   4.98015475026967
5.7499999999999995E-5     4.969569993052559
5.76E-5                   4.9590285302573935
5.77E-5                   4.94849224168044
5.7799999999999995E-5     4.937980054768635
5.79E-5                   4.927467878757272
5.8E-5                    4.916944880990156
5.8099999999999996E-5     4.906413597092047
5.82E-5                   4.89588230608106
5.8299999999999994E-5     4.885516449623714
5.8399999999999997E-5     4.875158127064525
5.85E-5                   4.864788082128115
5.8599999999999995E-5     4.854395893623645
5.87E-5                   4.8440037027124925
5.88E-5                   4.833680508537738
5.8899999999999995E-5     4.823382053328238
5.9E-5                    4.8130917266070705
5.91E-5                   4.802857808594531
5.9199999999999996E-5     4.792623892889548
5.93E-5                   4.782402462782847
5.94E-5                   4.7721927560791135
5.9499999999999996E-5     4.761983049731
5.96E-5                   4.751852966148095
5.9699999999999994E-5     4.741731193265773
5.98E-5                   4.731619018662543
5.99E-5                   4.721529739545035
5.9999999999999995E-5     4.711440460751036
6.01E-5                   4.701395901302101
6.02E-5                   4.69137189579739
6.0299999999999995E-5     4.681351796377817
6.04E-5                   4.671379880799878
6.05E-5                   4.661407966086258
6.0599999999999996E-5     4.6514602399482925
6.07E-5                   4.641540373187688
6.08E-5                   4.631620508730961
6.0899999999999996E-5     4.621749932705829
6.1E-5                    4.611887746645727
6.11E-5                   4.602037428465195
6.12E-5                   4.592223808368245
6.13E-5                   4.582410190180773
6.14E-5                   4.57263395511205
6.149999999999999E-5      4.562879286211804
6.159999999999999E-5      4.553125740026964
6.17E-5                   4.543417851403873
6.18E-5                   4.533709964132181
6.19E-5                   4.524026393941345
6.2E-5                    4.514377275573945
6.209999999999999E-5      4.504728159229889
6.22E-5                   4.495116673558818
6.23E-5                   4.485514386383976
6.24E-5                   4.475923146757378
6.25E-5                   4.466377985023176
6.26E-5                   4.456832825673216
6.269999999999999E-5      4.4473152330048435
6.28E-5                   4.437817341482009
6.29E-5                   4.428319450405856
6.3E-5                    4.418901151850601
6.31E-5                   4.409485063947028
6.319999999999999E-5      4.400068977869088
6.33E-5                   4.390652893511402
6.34E-5                   4.381236810768532
6.35E-5                   4.3718943667488155
6.36E-5                   4.3625761292482315
6.37E-5                   4.353257892931131
6.379999999999999E-5      4.343939657695991
6.39E-5                   4.334621423441217
6.4E-5                    4.325358330463065
6.41E-5                   4.316143702758224
6.42E-5                   4.306929076693626
6.429999999999999E-5      4.297714452171019
6.44E-5                   4.288499829092091
6.45E-5                   4.279316372466963
6.46E-5                   4.270201693537482
6.47E-5                   4.26108701585476
6.48E-5                   4.25197233932369
6.489999999999999E-5      4.242857663849116
6.5E-5                    4.233751979129122
6.51E-5                   4.224735613881791
6.52E-5                   4.215719250135892
6.53E-5                   4.206702887799596
6.539999999999999E-5      4.197686526781022
6.549999999999999E-5      4.188670166988233
6.56E-5                   4.179739934637628
6.57E-5                   4.170822452876074
6.58E-5                   4.161904972290827
6.59E-5                   4.152987492792957
6.599999999999999E-5      4.144070014293491
6.61E-5                   4.135215618244376
6.62E-5                   4.126395090757166
6.63E-5                   4.117574564568779
6.64E-5                   4.108754039593251
6.65E-5                   4.099933515744572
6.659999999999999E-5      4.09115426553927
6.67E-5                   4.082429664214265
6.68E-5                   4.073705064077184
6.69E-5                   4.0649804650449095
6.7E-5                    4.056255867034276
6.709999999999999E-5      4.0475513306088695
6.72E-5                   4.038922310779483
6.73E-5                   4.030293292156488
6.74E-5                   4.021664274659505
6.75E-5                   4.013035258208118
6.76E-5                   4.004406242721871
6.769999999999999E-5      3.995916688839819
6.78E-5                   3.9874286155606073
6.79E-5                   3.9789405434288065
6.8E-5                    3.970452472367958
6.81E-5                   3.9619644023015597
6.819999999999999E-5      3.953476333153082
6.829999999999999E-5      3.9449882648459464
6.84E-5                   3.936500197303548
6.85E-5                   3.928012130449243
6.86E-5                   3.9195240642063496
6.87E-5                   3.911136748835639
6.879999999999999E-5      3.902832291760958
6.89E-5                   3.8945278359847375
6.9E-5                    3.8862233814356175
6.91E-5                   3.8779189280422006
6.92E-5                   3.86961447573306
6.929999999999999E-5      3.861310024436734
6.939999999999999E-5      3.853005574081728
6.95E-5                   3.8447011245965155
6.96E-5                   3.8363966759095356
6.97E-5                   3.828111783468974
6.98E-5                   3.8199884897991545
6.989999999999999E-5      3.8118651973021405
7.0E-5                    3.803741905911085
7.01E-5                   3.7956186155591127
7.02E-5                   3.78749532617932
7.03E-5                   3.7793720377047735
7.04E-5                   3.7712487500685077
7.049999999999999E-5      3.763125463203535
7.06E-5                   3.7550021770428272
7.07E-5                   3.7468788915193385
7.08E-5                   3.738931365067861
7.09E-5                   3.731071518703428
7.099999999999999E-5      3.7232116734796628
7.11E-5                   3.715351829336184
7.12E-5                   3.7074919862125912
7.13E-5                   3.6996321440484565
7.14E-5                   3.691772302783325
7.15E-5                   3.6839124623567203
7.159999999999999E-5      3.6760526227081396
7.17E-5                   3.6681927837770507
7.18E-5                   3.6603329455029034
7.19E-5                   3.6524731078251214
7.2E-5                    3.644613270683102
7.209999999999999E-5      3.63675343401622
7.219999999999999E-5      3.6288935977638266
7.23E-5                   3.621033761865246
7.24E-5                   3.613173926259786
7.25E-5                   3.605314090886723
7.26E-5                   3.597454255685313
7.269999999999999E-5      3.5895944205947923
7.28E-5                   3.581734585554368
7.29E-5                   3.5741404230180036
7.3E-5                    3.5666187584336617
7.31E-5                   3.559097095213212
7.319999999999999E-5      3.551575433304148
7.329999999999999E-5      3.5440537726539376
7.34E-5                   3.5365321132100322
7.35E-5                   3.529010454919862
7.36E-5                   3.5214887977308367
7.37E-5                   3.5139671415903435
7.379999999999999E-5      3.5064454864457533
7.39E-5                   3.4989238322444125
7.4E-5                    3.49140217893365
7.41E-5                   3.483880526460775
7.42E-5                   3.476358874773077
7.429999999999999E-5      3.4688372238178236
7.439999999999999E-5      3.461315573542266
7.45E-5                   3.453793923893634
7.46E-5                   3.446272274819139
7.47E-5                   3.438750626265973
7.48E-5                   3.4312289781813097
7.489999999999999E-5      3.4237073305123036
7.5E-5                    3.416481749792413
7.51E-5                   3.4092875865962022
7.52E-5                   3.4020934243725462
7.53E-5                   3.394899263075133
7.54E-5                   3.3877051026576335
7.549999999999999E-5      3.380510943073703
7.56E-5                   3.373316784276979
7.57E-5                   3.3661226262210837
7.58E-5                   3.358928468859623
7.59E-5                   3.3517343121461884
7.599999999999999E-5      3.344540156034354
7.609999999999999E-5      3.3373460004776794
7.62E-5                   3.330151845429705
7.63E-5                   3.3229576908439613
7.64E-5                   3.315763536673959
7.65E-5                   3.308569382873195
7.659999999999999E-5      3.3013752293951524
7.67E-5                   3.2941810761932953
7.68E-5                   3.2869869232210758
7.69E-5                   3.2797927704319316
7.7E-5                    3.2726055804166183
7.709999999999999E-5      3.2657206956836284
7.719999999999999E-5      3.258835811949153
7.73E-5                   3.251950929173546
7.74E-5                   3.2450660473171493
7.75E-5                   3.2381811663402926
7.76E-5                   3.2312962862032886
7.769999999999999E-5      3.224411406866443
7.78E-5                   3.217526528290043
7.79E-5                   3.2106416504343676
7.8E-5                    3.2037567732596814
7.81E-5                   3.1968718967262353
7.819999999999999E-5      3.189987020794272
7.829999999999999E-5      3.183102145424016
7.84E-5                   3.176217270575685
7.85E-5                   3.169332396209479
7.86E-5                   3.1624475222855937
7.87E-5                   3.155562648764204
7.879999999999999E-5      3.1486777756054796
7.89E-5                   3.1417929027695743
7.9E-5                    3.134908030216631
7.91E-5                   3.128066785000888
7.92E-5                   3.121491413156166
7.93E-5                   3.1149160421146527
7.939999999999999E-5      3.108340671840353
7.95E-5                   3.101765302297258
7.96E-5                   3.0951899334493556
7.97E-5                   3.088614565260616
7.98E-5                   3.0820391976950017
7.989999999999999E-5      3.075463830716466
7.999999999999999E-5      3.068888464288949
8.01E-5                   3.0623130983763813
8.02E-5                   3.0557377329426854
8.03E-5                   3.04916236795177
8.04E-5                   3.042587003367537
8.049999999999999E-5      3.036011639153877
8.06E-5                   3.02943627527467
8.07E-5                   3.022860911693785
8.08E-5                   3.0162855483750843
8.09E-5                   3.009710185282417
8.099999999999999E-5      3.003134822379627
8.109999999999999E-5      2.996559459630541
8.12E-5                   2.990053447492538
8.13E-5                   2.9837454281946822
8.14E-5                   2.9774374096180614
8.15E-5                   2.9711293917328674
8.159999999999999E-5      2.9648213745092833
8.17E-5                   2.9585133579174836
8.18E-5                   2.952205341927635
8.19E-5                   2.9458973265098964
8.2E-5                    2.939589311634418
8.209999999999999E-5      2.933281297271345
8.219999999999999E-5      2.926973283390811
8.23E-5                   2.920665269962944
8.24E-5                   2.9143572569578633
8.25E-5                   2.9080492443456807
8.26E-5                   2.901741232096503
8.269999999999999E-5      2.8954332201804243
8.28E-5                   2.889125208567536
8.29E-5                   2.882817197227919
8.3E-5                    2.876509186131647
8.31E-5                   2.870201175248789
8.319999999999999E-5      2.863893164549404
8.329999999999999E-5      2.85770042571767
8.34E-5                   2.8516974857815693
8.35E-5                   2.845694546534543
8.36E-5                   2.8396916079484886
8.37E-5                   2.8336886699952957
8.379999999999999E-5      2.8276857326468514
8.389999999999999E-5      2.8216827958750295
8.4E-5                    2.8156798596517
8.41E-5                   2.8096769239487274
8.42E-5                   2.803673988737967
8.43E-5                   2.797671053991269
8.439999999999999E-5      2.7916681196804762
8.45E-5                   2.785665185777424
8.46E-5                   2.779662252253942
8.47E-5                   2.773659319081853
8.48E-5                   2.7676563862329737
8.489999999999999E-5      2.7616534536791146
8.499999999999999E-5      2.7556505213920763
8.51E-5                   2.7496475893436587
8.52E-5                   2.7436446575056506
8.53E-5                   2.737641725849837
8.54E-5                   2.731745659309013
8.549999999999999E-5      2.7259580515043593
8.56E-5                   2.7201704440669165
8.57E-5                   2.71438283697436
8.58E-5                   2.708595230204357
8.59E-5                   2.70280762373457
8.599999999999999E-5      2.697020017542658
8.609999999999999E-5      2.6912324116062742
8.62E-5                   2.6854448059030656
8.63E-5                   2.679657200410676
8.64E-5                   2.6738695951067455
8.65E-5                   2.668081989968907
8.659999999999999E-5      2.662294384974792
8.669999999999999E-5      2.656506780102023
8.68E-5                   2.6507191753282213
8.69E-5                   2.644931570631002
8.7E-5                    2.6391439659879765
8.709999999999999E-5      2.6333563613767508
8.719999999999999E-5      2.627568756774927
8.73E-5                   2.621781152160102
8.74E-5                   2.61599354750987
8.75E-5                   2.610386077651636
8.76E-5                   2.6048914962750582
8.769999999999999E-5      2.599396915334066
8.779999999999999E-5      2.5939023348077055
8.79E-5                   2.5884077546750235
8.8E-5                    2.5829131749150576
8.81E-5                   2.577418595506844
8.82E-5                   2.5719240164294135
8.829999999999999E-5      2.566429437661795
8.84E-5                   2.560934859183009
8.85E-5                   2.5554402809720753
8.86E-5                   2.5499457030080106
8.87E-5                   2.544451125269823
8.879999999999999E-5      2.538956547736522
8.889999999999999E-5      2.5334619703871075
8.9E-5                    2.5279673932005813
8.91E-5                   2.5224728161559367
8.92E-5                   2.516978239232166
8.93E-5                   2.5114836624082555
8.939999999999999E-5      2.5061360481814776
8.95E-5                   2.500820400122123
8.96E-5                   2.495504752416951
8.97E-5                   2.4901891050464937
8.98E-5                   2.4848734579912772
8.989999999999999E-5      2.479557811231824
8.999999999999999E-5      2.4742421647486523
9.01E-5                   2.468926518522279
9.02E-5                   2.463610872533216
9.03E-5                   2.4582952267619715
9.04E-5                   2.4529795811890507
9.049999999999999E-5      2.4476639357949557
9.059999999999999E-5      2.442348290560183
9.07E-5                   2.4370326454652274
9.08E-5                   2.431717000490579
9.09E-5                   2.426401355616728
9.099999999999999E-5      2.421085710824158
9.109999999999999E-5      2.4159258556216248
9.12E-5                   2.4107819198349794
9.13E-5                   2.4056379844016647
9.14E-5                   2.4004940493057925
9.15E-5                   2.3953501145314746
9.159999999999999E-5      2.3902061800628203
9.169999999999999E-5      2.38506224588393
9.18E-5                   2.379918311978909
9.19E-5                   2.374774378331856
9.2E-5                    2.369630444926867
9.21E-5                   2.364486511748036
9.219999999999999E-5      2.3593425787794557
9.23E-5                   2.3541986460052122
9.24E-5                   2.3490547134093926
9.25E-5                   2.343910780976079
9.26E-5                   2.3388919138848174
9.269999999999999E-5      2.3339306553607124
9.279999999999999E-5      2.3289693970993546
9.29E-5                   2.32400813908527
9.3E-5                    2.319046881302983
9.31E-5                   2.314085623737017
9.32E-5                   2.3091243663718903
9.329999999999999E-5      2.304163109192122
9.34E-5                   2.299201852182224
9.35E-5                   2.294240595326709
9.36E-5                   2.2892793386100894
9.37E-5                   2.284318082016869
9.379999999999999E-5      2.279356825531556
9.389999999999999E-5      2.274395569138653
9.4E-5                    2.269434312822659
9.41E-5                   2.2645347625392476
9.42E-5                   2.259707073437874
9.43E-5                   2.25487938462619
9.439999999999999E-5      2.250051696090765
9.449999999999999E-5      2.245224007818166
9.46E-5                   2.240396319794959
9.47E-5                   2.235568632007706
9.48E-5                   2.230740944442969
9.489999999999999E-5      2.225913257087307
9.499999999999999E-5      2.221085569927277
9.51E-5                   2.216257882949434
9.52E-5                   2.2114301961403315
9.53E-5                   2.206602509486519
9.54E-5                   2.2017748229745475
9.549999999999999E-5      2.197066206340347
9.559999999999999E-5      2.19239486210297
9.57E-5                   2.187723518074048
9.58E-5                   2.1830521742407147
9.59E-5                   2.1783808305901022
9.6E-5                    2.1737094871093388
9.609999999999999E-5      2.1690381437855555
9.62E-5                   2.1643668006058756
9.63E-5                   2.159695457557426
9.64E-5                   2.1550241146273286
9.65E-5                   2.150352771802704
9.659999999999999E-5      2.1456814290706734
9.669999999999999E-5      2.141010086418353
9.68E-5                   2.1363461117013935
9.69E-5                   2.131795137437566
9.7E-5                    2.127244163416139
9.71E-5                   2.1226931896257155
9.719999999999999E-5      2.118142216054904
9.73E-5                   2.1135912426923045
9.74E-5                   2.1090402695265205
9.75E-5                   2.1044892965461512
9.76E-5                   2.0999383237397953
9.769999999999999E-5      2.09538735109605
9.779999999999999E-5      2.09083637860351
9.79E-5                   2.086285406250769
9.8E-5                    2.081734434026421
9.81E-5                   2.077183461919055
9.82E-5                   2.0726836244521554
9.829999999999999E-5      2.068274368635695
9.839999999999999E-5      2.0638651130009262
9.85E-5                   2.0594558575372393
9.86E-5                   2.0550466022340292
9.87E-5                   2.0506373470806856
9.879999999999999E-5      2.046228092066597
9.889999999999999E-5      2.0418188371811516
9.9E-5                    2.037409582413736
9.91E-5                   2.0330003277537347
9.92E-5                   2.028591073190532
9.93E-5                   2.0241818187135108
9.939999999999999E-5      2.0197725643120528
9.949999999999999E-5      2.0153633099755366
9.96E-5                   2.01103476493638
9.97E-5                   2.0067477166859287
9.98E-5                   2.002460668626901
9.989999999999999E-5      1.9981736207496552
9.999999999999999E-5      1.9938865730445514
1.001E-4                  1.989599525501948
1.002E-4                  1.9853124781122018
1.003E-4                  1.981025430865668
1.004E-4                  1.9767383837527006
1.0049999999999999E-4     1.9724513367636547
1.0059999999999999E-4     1.9681642898888807
1.007E-4                  1.9638772431187295
1.008E-4                  1.959590196443553
1.009E-4                  1.9553031498536995
1.01E-4                   1.9511378293020194
1.0109999999999999E-4     1.9469775742743538
1.012E-4                  1.9428173194019442
1.013E-4                  1.9386570646759627
1.014E-4                  1.9344968100875806
1.015E-4                  1.9303365556279692
1.0159999999999999E-4     1.9261763012882984
1.0169999999999999E-4     1.9220160470597356
1.018E-4                  1.9178557929334485
1.019E-4                  1.913695538900605
1.02E-4                   1.9095352849523697
1.021E-4                  1.9053750310799076
1.0219999999999999E-4     1.901214777274383
1.0229999999999999E-4     1.897085730660994
1.024E-4                  1.8930456605002879
1.025E-4                  1.8890055904922256
1.026E-4                  1.884965520628704
1.0269999999999999E-4     1.8809254509016176
1.0279999999999999E-4     1.876885381302859
1.029E-4                  1.872845311824323
1.03E-4                   1.8688052424579003
1.031E-4                  1.8647651731954835
1.032E-4                  1.8607251040289623
1.0329999999999999E-4     1.8566850349502273
1.0339999999999999E-4     1.8526449659511661
1.035E-4                  1.8486048970236666
1.036E-4                  1.8445648281596174
1.037E-4                  1.8405900650329363
1.0379999999999999E-4     1.8366667647556227
1.0389999999999999E-4     1.832743464623342
1.04E-4                   1.8288201646287128
1.041E-4                  1.8248968647643522
1.042E-4                  1.8209735650228784
1.043E-4                  1.8170502653969072
1.0439999999999999E-4     1.813126965879055
1.0449999999999999E-4     1.8092036664619349
1.046E-4                  1.8052803671381625
1.047E-4                  1.80135706790035
1.048E-4                  1.797433768741112
1.049E-4                  1.7935104696530588
1.0499999999999999E-4     1.7895871706288027
1.051E-4                  1.7857623764102748
1.052E-4                  1.7819537662403895
1.053E-4                  1.7781451561822161
1.054E-4                  1.774336546228964
1.0549999999999999E-4     1.770527936373842
1.0559999999999999E-4     1.7667193266100574
1.057E-4                  1.7629107169308171
1.058E-4                  1.759102107329329
1.059E-4                  1.7552934977987988
1.06E-4                   1.7514848883324308
1.0609999999999999E-4     1.7476762789234315
1.0619999999999999E-4     1.7438676695650035
1.063E-4                  1.7400590602503505
1.064E-4                  1.7362678544144372
1.065E-4                  1.7325690454574971
1.0659999999999999E-4     1.7288702366347244
1.0669999999999999E-4     1.7251714279399328
1.068E-4                  1.7214726193669363
1.069E-4                  1.7177738109095484
1.07E-4                   1.7140750025615823
1.071E-4                  1.7103761943168498
1.0719999999999999E-4     1.706677386169163
1.0729999999999999E-4     1.7029785781123319
1.074E-4                  1.6992797701401676
1.075E-4                  1.6955809622464808
1.076E-4                  1.6918821544250795
1.0769999999999999E-4     1.6881833466697749
1.0779999999999999E-4     1.6845340284459034
1.079E-4                  1.6809432496062862
1.08E-4                   1.6773524708551728
1.081E-4                  1.6737616921868814
1.082E-4                  1.6701709135957297
1.0829999999999999E-4     1.6665801350760348
1.0839999999999999E-4     1.662989356622113
1.085E-4                  1.6593985782282814
1.086E-4                  1.6558077998888547
1.087E-4                  1.6522170215981489
1.0879999999999999E-4     1.6486262433504792
1.0889999999999999E-4     1.6450354651401589
1.0899999999999999E-4     1.6414446869615027
1.091E-4                  1.6378539088088238
1.092E-4                  1.634341880733766
1.093E-4                  1.63085503208365
1.0939999999999999E-4     1.6273681835460647
1.0949999999999999E-4     1.623881335115823
1.096E-4                  1.6203944867877378
1.097E-4                  1.6169076385566197
1.098E-4                  1.6134207904172806
1.099E-4                  1.6099339423645316
1.0999999999999999E-4     1.6064470943931841
1.1009999999999999E-4     1.6029602464980461
1.102E-4                  1.599473398673929
1.103E-4                  1.5959865509156426
1.104E-4                  1.5924997032179942
1.1049999999999999E-4     1.5890187154444242
1.1059999999999999E-4     1.5856340639395259
1.107E-4                  1.5822494125197115
1.108E-4                  1.5788647611802666
1.109E-4                  1.5754801099164737
1.11E-4                   1.5720954587236182
1.1109999999999999E-4     1.568710807596982
1.1119999999999999E-4     1.565326156531849
1.113E-4                  1.5619415055235013
1.114E-4                  1.5585568545672215
1.115E-4                  1.5551722036582916
1.1159999999999999E-4     1.5517875527919935
1.1169999999999999E-4     1.5484029019636076
1.118E-4                  1.545018251168416
1.119E-4                  1.5416693486045085
1.12E-4                   1.5383848463069472
1.121E-4                  1.535100344095349
1.1219999999999999E-4     1.5318158419653924
1.1229999999999999E-4     1.5285313399127558
1.124E-4                  1.525246837933117
1.125E-4                  1.5219623360221537
1.126E-4                  1.518677834175544
1.1269999999999999E-4     1.515393332388965
1.1279999999999999E-4     1.512108830658093
1.1289999999999999E-4     1.508824328978605
1.13E-4                   1.5055398273461773
1.131E-4                  1.5022553257564855
1.132E-4                  1.4989708242052058
1.1329999999999999E-4     1.4957790199960979
1.1339999999999999E-4     1.4926357037928486
1.135E-4                  1.4894923876683401
1.136E-4                  1.4863490716187706
1.137E-4                  1.483205755640338
1.138E-4                  1.4800624397292397
1.1389999999999999E-4     1.4769191238816752
1.1399999999999999E-4     1.4737758080938392
1.141E-4                  1.4706324923619307
1.142E-4                  1.4674891766821458
1.143E-4                  1.4643458610506808
1.1439999999999999E-4     1.4612025454637338
1.1449999999999999E-4     1.4580592299174993
1.146E-4                  1.4549159144081738
1.147E-4                  1.4517725989319528
1.148E-4                  1.4486292834850312
1.149E-4                  1.4454859680636059
1.1499999999999999E-4     1.4423426526638707
1.1509999999999999E-4     1.4391993372820207
1.152E-4                  1.4360560219142497
1.153E-4                  1.4329127065567528
1.154E-4                  1.429769391205724
1.1549999999999999E-4     1.4266260758573575
1.1559999999999999E-4     1.423482760507846
1.157E-4                  1.4203394451533833
1.158E-4                  1.4171961297901627
1.159E-4                  1.4140528144143774
1.16E-4                   1.410955574300017
1.1609999999999999E-4     1.4079923877052862
1.1619999999999999E-4     1.4050292012123644
1.163E-4                  1.4020660148180784
1.164E-4                  1.3991028285192533
1.165E-4                  1.3961396423127157
1.1659999999999999E-4     1.3931764561952906
1.1669999999999999E-4     1.3902132701638024
1.1679999999999999E-4     1.3872500842150763
1.169E-4                  1.384286898345938
1.17E-4                   1.3813237125532107
1.171E-4                  1.3783605268337198
1.1719999999999999E-4     1.3753973411842897
1.1729999999999999E-4     1.3724341556017436
1.174E-4                  1.3694709700829053
1.175E-4                  1.3665077846245994
1.176E-4                  1.3635445992236483
1.177E-4                  1.3605814138768764
1.1779999999999999E-4     1.3576182285811063
1.1789999999999999E-4     1.3546550433331608
1.18E-4                   1.3516918581298625
1.181E-4                  1.3487286729680346
1.182E-4                  1.3457654878444987
1.1829999999999999E-4     1.3428023027560783
1.1839999999999999E-4     1.3398391176995943
1.185E-4                  1.336875932671869
1.186E-4                  1.333912747669724
1.187E-4                  1.3309495626899812
1.188E-4                  1.3281320367495975
1.1889999999999999E-4     1.3253392099919517
1.1899999999999999E-4     1.3225463832972186
1.191E-4                  1.3197535566627299
1.192E-4                  1.3169607300858168
1.193E-4                  1.3141679035638107
1.1939999999999999E-4     1.3113750770940429
1.1949999999999999E-4     1.3085822506738434
1.196E-4                  1.305789424300543
1.197E-4                  1.3029965979714724
1.198E-4                  1.3002037716839625
1.199E-4                  1.2974109454353429
1.1999999999999999E-4     1.2946181192229442
1.2009999999999999E-4     1.291825293044096
1.202E-4                  1.289032466896129
1.203E-4                  1.2862396407763717
1.204E-4                  1.283446814682155
1.2049999999999999E-4     1.280653988610807
1.2059999999999999E-4     1.2778611625596583
1.2069999999999999E-4     1.275068336526038
1.208E-4                  1.2722755105072747
1.209E-4                  1.2694826845006972
1.21E-4                   1.2666898585036352
1.2109999999999999E-4     1.2638970325134171
1.2119999999999999E-4     1.261104206527371
1.213E-4                  1.258311380542826
1.214E-4                  1.25551855455711
1.215E-4                  1.252798387573333
1.216E-4                  1.2501655181719908
1.2169999999999999E-4     1.2475326488353389
1.2179999999999999E-4     1.2448997795611632
1.219E-4                  1.2422669103472495
1.22E-4                   1.239634041191384
1.2209999999999999E-4     1.2370011720913532
1.222E-4                  1.2343683030449415
1.223E-4                  1.2317354340499356
1.224E-4                  1.22910256510412
1.225E-4                  1.2264696962052815
1.226E-4                  1.2238368273512035
1.227E-4                  1.2212039585396723
1.228E-4                  1.2185710897684736
1.229E-4                  1.2159382210353915
1.2299999999999998E-4     1.2133053523382114
1.2309999999999998E-4     1.2106724836747176
1.2319999999999999E-4     1.2080396150426944
1.233E-4                  1.2054067464399276
1.234E-4                  1.2027738778642005
1.235E-4                  1.2001410093132983
1.236E-4                  1.1975081407850052
1.237E-4                  1.194875272277105
1.238E-4                  1.1922424037873824
1.239E-4                  1.1896095353136211
1.24E-4                   1.1869766668536055
1.241E-4                  1.1843437984051186
1.2419999999999998E-4     1.1817190874037424
1.2429999999999999E-4     1.1792387861815854
1.244E-4                  1.1767584850084996
1.245E-4                  1.1742781838826017
1.246E-4                  1.1717978828020077
1.247E-4                  1.1693175817648342
1.248E-4                  1.1668372807691967
1.249E-4                  1.1643569798132116
1.25E-4                   1.1618766788949944
1.251E-4                  1.159396378012662
1.252E-4                  1.1569160771643285
1.2529999999999998E-4     1.1544357763481117
1.2539999999999999E-4     1.1519554755621253
1.255E-4                  1.1494751748044858
1.256E-4                  1.1469948740733082
1.257E-4                  1.1445145733667084
1.258E-4                  1.1420342726828019
1.259E-4                  1.1395539720197025
1.26E-4                   1.1370736713755274
1.261E-4                  1.1345933707483902
1.262E-4                  1.1321130701364068
1.263E-4                  1.129632769537692
1.2639999999999998E-4     1.1271524689503607
1.2649999999999998E-4     1.1246721683725274
1.266E-4                  1.1221918678023068
1.267E-4                  1.1197115672378142
1.268E-4                  1.1172312666771635
1.269E-4                  1.1147509661184698
1.27E-4                   1.1123621125061118
1.271E-4                  1.110021919007872
1.272E-4                  1.1076817255511935
1.273E-4                  1.1053415321345337
1.274E-4                  1.1030013387563498
1.2749999999999998E-4     1.100661145415098
1.2759999999999998E-4     1.0983209521092352
1.277E-4                  1.095980758837218
1.278E-4                  1.093640565597503
1.279E-4                  1.0913003723885473
1.28E-4                   1.0889601792088064
1.281E-4                  1.0866199860567374
1.282E-4                  1.0842797929307968
1.283E-4                  1.0819395998294403
1.284E-4                  1.0795994067511248
1.285E-4                  1.0772592136943069
1.2859999999999998E-4     1.0749190206574422
1.2869999999999998E-4     1.0725788276389863
1.288E-4                  1.070238634637396
1.289E-4                  1.067898441651127
1.29E-4                   1.0655582486786355
1.291E-4                  1.063218055718377
1.292E-4                  1.060877862768808
1.293E-4                  1.0585376698283837
1.294E-4                  1.0561974768955602
1.295E-4                  1.0538572839687932
1.296E-4                  1.0515170910465383
1.2969999999999998E-4     1.0492116187459508
1.2979999999999998E-4     1.0470092502842596
1.2989999999999999E-4     1.0448068818607812
1.3E-4                    1.0426045134741888
1.301E-4                  1.0404021451231547
1.302E-4                  1.0381997768063511
1.303E-4                  1.0359974085224515
1.304E-4                  1.0337950402701275
1.305E-4                  1.031592672048052
1.306E-4                  1.0293903038548973
1.307E-4                  1.027187935689336
1.3079999999999998E-4     1.0249855675500408
1.3089999999999998E-4     1.0227831994356826
1.3099999999999999E-4     1.0205808313449343
1.311E-4                  1.0183784632764685
1.312E-4                  1.0161760952289571
1.313E-4                  1.013973727201072
1.314E-4                  1.011771359191486
1.315E-4                  1.0095689911988703
1.316E-4                  1.0073666232218974
1.317E-4                  1.0051642552592388
1.318E-4                  1.0029618873095667
1.3189999999999998E-4     1.0007595193715537
1.3199999999999998E-4     0.9985571514438704
1.3209999999999999E-4     0.9963547835251889
1.322E-4                  0.9941524156141811
1.323E-4                  0.9919500477095188
1.324E-4                  0.9897476798098741
1.325E-4                  0.9876492136613889
1.326E-4                  0.9855689187175907
1.327E-4                  0.9834886237955036
1.328E-4                  0.9814083288940479
1.329E-4                  0.9793280340121447
1.33E-4                   0.9772477391487144
1.3309999999999998E-4     0.9751674443026784
1.3319999999999999E-4     0.9730871494729563
1.333E-4                  0.9710068546584686
1.334E-4                  0.9689265598581366
1.335E-4                  0.9668462650708806
1.336E-4                  0.964765970295621
1.337E-4                  0.962685675531278
1.338E-4                  0.9606053807767726
1.339E-4                  0.9585250860310248
1.34E-4                   0.9564447912929555
1.341E-4                  0.954364496561484
1.3419999999999998E-4     0.952284201835532
1.3429999999999998E-4     0.950203907114019
1.344E-4                  0.9481236123958646
1.345E-4                  0.9460433176799903
1.346E-4                  0.9439630229653155
1.347E-4                  0.9418827282507609
1.348E-4                  0.9398024335352464
1.349E-4                  0.9377221388176918
1.35E-4                   0.9356418440970179
1.351E-4                  0.9335615493721443
1.352E-4                  0.9315373862444084
1.3529999999999998E-4     0.9295817258099692
1.3539999999999998E-4     0.927626065412479
1.355E-4                  0.9256704050510092
1.356E-4                  0.9237147447246316
1.357E-4                  0.921759084432418
1.358E-4                  0.91980342417344
1.359E-4                  0.9178477639467693
1.36E-4                   0.9158921037514771
1.361E-4                  0.9139364435866353
1.362E-4                  0.9119807834513151
1.363E-4                  0.9100251233445882
1.3639999999999998E-4     0.9080694632655265
1.3649999999999998E-4     0.9061138032132005
1.3659999999999999E-4     0.9041581431866818
1.367E-4                  0.902202483185042
1.368E-4                  0.9002468232073528
1.369E-4                  0.8982911632526849
1.37E-4                   0.89633550332011
1.371E-4                  0.8943798434086992
1.372E-4                  0.8924241835175242
1.373E-4                  0.8904685236456557
1.374E-4                  0.8885128637921649
1.3749999999999998E-4     0.8865572039561241
1.3759999999999998E-4     0.884601544136603
1.3769999999999999E-4     0.8826458843326734
1.378E-4                  0.8806902245434065
1.379E-4                  0.8787398820280617
1.38E-4                   0.8768914332896686
1.381E-4                  0.8750429845523557
1.382E-4                  0.8731945358153551
1.383E-4                  0.8713460870779008
1.384E-4                  0.8694976383392257
1.385E-4                  0.8676491895985633
1.3859999999999998E-4     0.8658007408551471
1.3869999999999998E-4     0.8639522921082093
1.3879999999999999E-4     0.8621038433569836
1.389E-4                  0.8602553946007033
1.39E-4                   0.8584069458386014
1.391E-4                  0.8565584970699108
1.392E-4                  0.8547100482938651
1.393E-4                  0.8528615995096972
1.394E-4                  0.85101315071664
1.395E-4                  0.8491647019139266
1.396E-4                  0.8473162531007902
1.3969999999999998E-4     0.8454678042764644
1.3979999999999998E-4     0.843619355440181
1.3989999999999999E-4     0.8417709065911737
1.4E-4                    0.8399224577286752
1.401E-4                  0.8380740088519191
1.402E-4                  0.8362255599601377
1.403E-4                  0.834377111052564
1.404E-4                  0.8325286621284314
1.405E-4                  0.8306802131869726
1.406E-4                  0.8288317642274206
1.407E-4                  0.8270545144064454
1.408E-4                  0.8253158015227384
1.4089999999999998E-4     0.8235770886829256
1.4099999999999998E-4     0.8218383758863753
1.411E-4                  0.820099663132459
1.412E-4                  0.818360950420546
1.413E-4                  0.8166222377500066
1.414E-4                  0.8148835251202109
1.415E-4                  0.813144812530529
1.416E-4                  0.8114060999803304
1.417E-4                  0.8096673874689855
1.418E-4                  0.8079286749958642
1.419E-4                  0.8061899625603363
1.4199999999999998E-4     0.8044512501617724
1.4209999999999998E-4     0.8027125377995414
1.422E-4                  0.8009738254730133
1.423E-4                  0.7992351131815584
1.424E-4                  0.7974964009245464
1.425E-4                  0.7957576887013476
1.426E-4                  0.7940189765113312
1.427E-4                  0.7922802643538673
1.428E-4                  0.7905415522283257
1.429E-4                  0.7888028401340761
1.43E-4                   0.7870641280704885
1.4309999999999998E-4     0.7853254160369332
1.4319999999999998E-4     0.7835867040327784
1.433E-4                  0.7818479920573954
1.434E-4                  0.7801342680120671
1.435E-4                  0.778496294415446
1.436E-4                  0.776858320796728
1.437E-4                  0.7752203471553395
1.438E-4                  0.7735823734907069
1.439E-4                  0.7719443998022568
1.44E-4                   0.7703064260894154
1.441E-4                  0.7686684523516091
1.4419999999999998E-4     0.7670304785882647
1.4429999999999998E-4     0.7653925047988078
1.4439999999999999E-4     0.7637545309826652
1.445E-4                  0.7621165571392633
1.446E-4                  0.7604785832680282
1.447E-4                  0.7588406093683866
1.448E-4                  0.7572026354397645
1.449E-4                  0.7555646614815884
1.45E-4                   0.7539266874932848
1.451E-4                  0.7522887134742798
1.452E-4                  0.7506507394239997
1.4529999999999998E-4     0.7490127653418711
1.4539999999999998E-4     0.7473747912273199
1.4549999999999999E-4     0.7457368170797722
1.456E-4                  0.7440988428986548
1.457E-4                  0.7424608686833938
1.458E-4                  0.7408228944334156
1.459E-4                  0.7391849201481462
1.46E-4                   0.737546945827012
1.461E-4                  0.7359089714694389
1.462E-4                  0.7343423568052044
1.463E-4                  0.7327886052645703
1.4639999999999998E-4     0.7312348537760314
1.4649999999999998E-4     0.7296811023391956
1.4659999999999999E-4     0.7281273509536716
1.467E-4                  0.7265735996190681
1.468E-4                  0.7250198483349944
1.469E-4                  0.7234660971010586
1.47E-4                   0.7219123459168694
1.471E-4                  0.7203585947820355
1.472E-4                  0.7188048436961654
1.473E-4                  0.7172510926588679
1.474E-4                  0.7156973416697515
1.4749999999999998E-4     0.7141435907284251
1.4759999999999998E-4     0.7125898398344969
1.4769999999999999E-4     0.7110360889875754
1.478E-4                  0.7094823381872695
1.479E-4                  0.7079285874331875
1.48E-4                   0.706374836724938
1.481E-4                  0.7048210860621297
1.482E-4                  0.7032673354443711
1.483E-4                  0.7017135848712707
1.484E-4                  0.7001598343424371
1.485E-4                  0.6986060838574787
1.4859999999999998E-4     0.6970523334160045
1.4869999999999998E-4     0.6954985830176219
1.4879999999999998E-4     0.6939448326619402
1.489E-4                  0.692442618841684
1.49E-4                   0.691004292073743
1.491E-4                  0.6895659652664329
1.492E-4                  0.6881276384192702
1.493E-4                  0.6866893115317722
1.494E-4                  0.6852509846034557
1.495E-4                  0.6838126576338378
1.496E-4                  0.6823743306224351
1.497E-4                  0.6809360035687649
1.4979999999999998E-4     0.6794976764723443
1.4989999999999998E-4     0.6780593493326893
1.5E-4                    0.6766210221493174
1.501E-4                  0.6751826949217455
1.502E-4                  0.6737443676494905
1.503E-4                  0.672306040332069
1.504E-4                  0.6708677129689983
1.505E-4                  0.669429385559795
1.506E-4                  0.667991058103976
1.507E-4                  0.6665527306010588
1.508E-4                  0.6651144030505592
1.5089999999999998E-4     0.6636760754519954
1.5099999999999998E-4     0.6622377478048831
1.511E-4                  0.6607994201087396
1.512E-4                  0.6593610923630815
1.513E-4                  0.6579227645674263
1.514E-4                  0.6564844367212904
1.515E-4                  0.6550461088241908
1.516E-4                  0.6536088262042531
1.517E-4                  0.6521933596736131
1.518E-4                  0.6507778931857895
1.519E-4                  0.6493624267405073
1.5199999999999998E-4     0.6479469603374917
1.5209999999999998E-4     0.6465314939764664
1.5219999999999999E-4     0.6451160276571571
1.523E-4                  0.6437005613792888
1.524E-4                  0.6422850951425859
1.525E-4                  0.6408696289467735
1.526E-4                  0.6394541627915762
1.527E-4                  0.638038696676719
1.528E-4                  0.6366232306019266
1.529E-4                  0.6352077645669238
1.53E-4                   0.6337922985714357
1.5309999999999998E-4     0.6323768326151871
1.5319999999999998E-4     0.6309613666979023
1.5329999999999999E-4     0.6295459008193064
1.534E-4                  0.6281304349791241
1.535E-4                  0.6267635088013892
1.536E-4                  0.6254232288279995
1.537E-4                  0.6240829488235488
1.538E-4                  0.6227426687877806
1.539E-4                  0.6214023887204402
1.54E-4                   0.6200621086212713
1.541E-4                  0.6187218284900187
1.5419999999999998E-4     0.6173815483264271
1.5429999999999998E-4     0.6160412681302403
1.5439999999999999E-4     0.6147009879012028
1.545E-4                  0.6133607076390593
1.546E-4                  0.612020427343554
1.547E-4                  0.6106801470144314
1.548E-4                  0.6093732485368331
1.549E-4                  0.6080731562736508
1.55E-4                   0.6067730640384176
1.551E-4                  0.605472971830843
1.552E-4                  0.6041728796506364
1.5529999999999998E-4     0.6028727874975076
1.5539999999999998E-4     0.6015726953711654
1.5549999999999999E-4     0.6002726032713196
1.556E-4                  0.5989725111976798
1.557E-4                  0.5976724191499554
1.558E-4                  0.5963723271278556
1.559E-4                  0.5950767909155759
1.56E-4                   0.5937880478562834
1.561E-4                  0.592499304792529
1.562E-4                  0.5912105617240813
1.563E-4                  0.5899218186507093
1.5639999999999998E-4     0.5886330755721816
1.5649999999999998E-4     0.5873443324882662
1.5659999999999998E-4     0.5860555893987325
1.567E-4                  0.5847668463033483
1.568E-4                  0.583479883221931
1.569E-4                  0.5822388741523821
1.57E-4                   0.580997865080017
1.571E-4                  0.5797568560045813
1.572E-4                  0.5785158469258201
1.573E-4                  0.5772748378434784
1.574E-4                  0.5760338287573017
1.5749999999999998E-4     0.5747928196670354
1.5759999999999998E-4     0.5735521981693493
1.5769999999999998E-4     0.5723131300620091
1.578E-4                  0.5710740619788222
1.579E-4                  0.5698349939195663
1.58E-4                   0.5685959258840203
1.581E-4                  0.5673568578719625
1.582E-4                  0.5661177898831711
1.583E-4                  0.5648890406034888
1.584E-4                  0.5636752819275896
1.585E-4                  0.5624615232259179
1.586E-4                  0.5612477644982525
1.5869999999999998E-4     0.5600340057443733
1.5879999999999998E-4     0.5588202469640592
1.5889999999999999E-4     0.5576102607783733
1.59E-4                   0.5564091290163177
1.591E-4                  0.555207997290714
1.592E-4                  0.5540068656013466
1.593E-4                  0.552805733948
1.594E-4                  0.5516046023304582
1.595E-4                  0.5504124846116282
1.596E-4                  0.5492226099726538
1.597E-4                  0.5480327353052028
1.5979999999999998E-4     0.5468428606090748
1.5989999999999998E-4     0.5456529858840693
1.5999999999999999E-4     0.5444784686550823
1.601E-4                  0.5433066085456141
1.602E-4                  0.5421347484629351
1.603E-4                  0.5409628884068455
1.604E-4                  0.5397910283771462
1.605E-4                  0.5386285532932095
1.606E-4                  0.5374670717258162
1.607E-4                  0.5363055901454981
1.608E-4                  0.5351441085520647
1.6089999999999998E-4     0.533982626945326
1.6099999999999998E-4     0.5328330408726016
1.6109999999999999E-4     0.5316840018237875
1.612E-4                  0.5305349627859411
1.613E-4                  0.5293859237588776
1.614E-4                  0.528236984586199
1.615E-4                  0.5271007399700791
1.616E-4                  0.5259644953538041
1.617E-4                  0.5248282507371942
1.618E-4                  0.5236920061200699
1.619E-4                  0.5225564528635729
1.6199999999999998E-4     0.5214318140116013
1.6209999999999998E-4     0.5203071751610988
1.6219999999999999E-4     0.5191825363118925
1.623E-4                  0.5180578974638096
1.624E-4                  0.5169346158034904
1.625E-4                  0.5158221668265397
1.626E-4                  0.514709717855567
1.627E-4                  0.5135972688904044
1.628E-4                  0.5124848199308837
1.629E-4                  0.5113742904977235
1.63E-4                   0.5102736102307609
1.6309999999999998E-4     0.5091729299614016
1.6319999999999998E-4     0.5080722496894828
1.6329999999999998E-4     0.5069715694148422
1.634E-4                  0.5058734195525487
1.635E-4                  0.5047845157236935
1.636E-4                  0.5036956119023088
1.637E-4                  0.5026067080882375
1.638E-4                  0.5015178042813213
1.639E-4                  0.5004319594006891
1.64E-4                   0.49935452779597467
1.641E-4                  0.4982770961885226
1.6419999999999998E-4     0.4971996645781808
1.6429999999999998E-4     0.4961222329647959
1.6439999999999998E-4     0.4950502783624819
1.645E-4                  0.4939900481839665
1.646E-4                  0.49292981800975677
1.647E-4                  0.4918695878397075
1.648E-4                  0.49080935767367356
1.649E-4                  0.4897491275115092
1.65E-4                   0.48868889735306953
1.651E-4                  0.4876286671982089
1.652E-4                  0.48656843704678227
1.6529999999999998E-4     0.48550820689864466
1.6539999999999998E-4     0.4844574411353934
1.6549999999999998E-4     0.48341964172914753
1.656E-4                  0.482381842323774
1.657E-4                  0.481344042919136
1.658E-4                  0.4803062435150971
1.659E-4                  0.4792684441115213
1.66E-4                   0.4782306447082718
1.661E-4                  0.4771928453052125
1.662E-4                  0.47615504590220664
1.663E-4                  0.4751172464991182
1.6639999999999998E-4     0.47409100469387117
1.6649999999999998E-4     0.47307520000599707
1.6659999999999998E-4     0.4720593953213569
1.6669999999999999E-4     0.47104359063982276
1.668E-4                  0.47002778596126693
1.669E-4                  0.46901198128556143
1.67E-4                   0.46799617661257864
1.671E-4                  0.4669803719421906
1.672E-4                  0.4659645672742696
1.673E-4                  0.4649487626086876
1.674E-4                  0.4639464587186573
1.675E-4                  0.46295211774676415
1.6759999999999998E-4     0.46195777677614824
1.6769999999999998E-4     0.46096343580668914
1.6779999999999999E-4     0.459969094838267
1.679E-4                  0.45897475387076214
1.68E-4                   0.45798041290405445
1.681E-4                  0.45698607193802415
1.682E-4                  0.4559917309725513
1.683E-4                  0.45499739000751566
1.684E-4                  0.45402597257486543
1.685E-4                  0.45306292487799393
1.686E-4                  0.45209987718333616
1.6869999999999998E-4     0.4511368294907833
1.6879999999999998E-4     0.4501737818002259
1.6889999999999999E-4     0.4492107341115554
1.69E-4                   0.4482476864246627
1.691E-4                  0.4472846387394391
1.692E-4                  0.44632159105577557
1.693E-4                  0.44535854337356306
1.694E-4                  0.4443954956926929
1.695E-4                  0.44343244801305565
1.696E-4                  0.44246940033454296
1.697E-4                  0.4415063526570456
1.6979999999999998E-4     0.440543304980455
1.6989999999999998E-4     0.43958025730466155
1.6999999999999999E-4     0.4386172096295566
1.701E-4                  0.4376541619550313
1.702E-4                  0.4366911142809767
1.703E-4                  0.4357280666072838
1.704E-4                  0.43480292088465944
1.705E-4                  0.43388021134562094
1.706E-4                  0.4329575018088203
1.707E-4                  0.4320347922741618
1.708E-4                  0.43111208274154944
1.7089999999999998E-4     0.43018937321088785
1.7099999999999998E-4     0.42926666368208066
1.7109999999999998E-4     0.42834395415503235
1.712E-4                  0.42742124462964703
1.713E-4                  0.4264985351058289
1.714E-4                  0.42557582558348234
1.715E-4                  0.4246531160625111
1.716E-4                  0.42373040654281985
1.717E-4                  0.4228076970243124
1.718E-4                  0.4218849875068932
1.719E-4                  0.42096227799046615
1.7199999999999998E-4     0.42003956847493595
1.7209999999999998E-4     0.41911685896020623
1.7219999999999998E-4     0.41819414944618133
1.723E-4                  0.4172771136466151
1.724E-4                  0.416393086831951
1.725E-4                  0.41550906001914795
1.726E-4                  0.41462503320812205
1.727E-4                  0.4137410063987889
1.728E-4                  0.4128569795910642
1.729E-4                  0.4119729527848639
1.73E-4                   0.41108892598010344
1.7309999999999998E-4     0.4102048991766991
1.7319999999999998E-4     0.409320872374566
1.7329999999999998E-4     0.40843684557362014
1.7339999999999999E-4     0.40755281877377736
1.735E-4                  0.4066687919749533
1.736E-4                  0.40578476517706386
1.737E-4                  0.4049007383800245
1.738E-4                  0.40401671158375135
1.739E-4                  0.40313268478815995
1.74E-4                   0.402248657993166
1.741E-4                  0.4013646311986854
1.7419999999999998E-4     0.40048060440463396
1.7429999999999998E-4     0.39960968266205826
1.7439999999999998E-4     0.3987627029618442
1.7449999999999999E-4     0.39791572326335445
1.746E-4                  0.3970687435665147
1.747E-4                  0.39622176387125096
1.748E-4                  0.39537478417748906
1.749E-4                  0.39452780448515484
1.75E-4                   0.3936808247941742
1.751E-4                  0.3928338451044731
1.752E-4                  0.39198686541597744
1.753E-4                  0.39113988572861286
1.7539999999999998E-4     0.3902929060423058
1.7549999999999998E-4     0.3894459263569815
1.7559999999999999E-4     0.3885989466725661
1.757E-4                  0.38775196698898545
1.758E-4                  0.38690498730616546
1.759E-4                  0.38605800762403203
1.76E-4                   0.38521102794251105
1.761E-4                  0.38436404826152826
1.762E-4                  0.38351706858100976
1.763E-4                  0.38268999920376884
1.764E-4                  0.3818785224420974
1.7649999999999998E-4     0.381067045681847
1.7659999999999998E-4     0.3802555689229518
1.7669999999999999E-4     0.3794440921653471
1.768E-4                  0.3786326154089674
1.769E-4                  0.37782113865374806
1.77E-4                   0.3770096618996236
1.771E-4                  0.3761981851465289
1.772E-4                  0.375386708394399
1.773E-4                  0.3745752316431688
1.774E-4                  0.37376375489277286
1.775E-4                  0.3729522781431463
1.7759999999999998E-4     0.37214080139422395
1.7769999999999998E-4     0.37132932464594054
1.7779999999999998E-4     0.370517847898231
1.779E-4                  0.36970637115103017
1.78E-4                   0.3688948944042729
1.781E-4                  0.36808341765789426
1.782E-4                  0.3672719409118288
1.783E-4                  0.36649881796928896
1.784E-4                  0.36573728922224
1.785E-4                  0.364975760476418
1.786E-4                  0.36421423173176926
1.7869999999999998E-4     0.3634527029882399
1.7879999999999998E-4     0.36269117424577574
1.7889999999999998E-4     0.3619296455043231
1.79E-4                   0.36116811676382815
1.791E-4                  0.36040658802423686
1.792E-4                  0.35964505928549556
1.793E-4                  0.3588835305475502
1.794E-4                  0.358122001810347
1.795E-4                  0.35736047307383206
1.796E-4                  0.3565989443379516
1.797E-4                  0.3558374156026515
1.7979999999999998E-4     0.3550758868678783
1.7989999999999998E-4     0.35431435813357764
1.7999999999999998E-4     0.3535528293996959
1.801E-4                  0.3527913006661791
1.802E-4                  0.35202977193297347
1.803E-4                  0.35126824320002503
1.804E-4                  0.35050671446727993
1.805E-4                  0.3497451857346845
1.806E-4                  0.34898365700218464
1.807E-4                  0.34822212826972626
1.808E-4                  0.34746059953725594
1.8089999999999998E-4     0.3466990708047198
1.8099999999999998E-4     0.3459375420720635
1.8109999999999998E-4     0.34517601333923353
1.8119999999999999E-4     0.3444144846061757
1.813E-4                  0.3436529558728365
1.814E-4                  0.34289142713916176
1.815E-4                  0.3421298984050978
1.816E-4                  0.3413683696705906
1.817E-4                  0.34060684093558635
1.818E-4                  0.3398453122000313
1.819E-4                  0.3390837834638712
1.8199999999999998E-4     0.33832225472705274
1.8209999999999998E-4     0.33756072598952147
1.8219999999999998E-4     0.3368105779840445
1.8229999999999999E-4     0.33611157763980054
1.824E-4                  0.33541257729742596
1.825E-4                  0.33471357695687914
1.826E-4                  0.33401457661811873
1.827E-4                  0.33331557628110275
1.828E-4                  0.33261657594578986
1.829E-4                  0.3319175756121384
1.83E-4                   0.33121857528010656
1.8309999999999998E-4     0.33051957494965306
1.8319999999999998E-4     0.3298205746207359
1.8329999999999998E-4     0.3291215742933136
1.8339999999999999E-4     0.3284225739673446
1.835E-4                  0.3277235736427872
1.836E-4                  0.3270245733195998
1.837E-4                  0.3263255729977408
1.838E-4                  0.32562657267716855
1.839E-4                  0.3249275723578415
1.84E-4                   0.3242285720397178
1.841E-4                  0.32352957172275615
1.842E-4                  0.32283057140691473
1.8429999999999998E-4     0.3221315710921521
1.8439999999999998E-4     0.32143257077842635
1.8449999999999999E-4     0.320733570465696
1.846E-4                  0.3200345701539194
1.847E-4                  0.319335569843055
1.848E-4                  0.3186365695330611
1.849E-4                  0.31793756922389604
1.85E-4                   0.3172385689155184
1.851E-4                  0.3165395686078862
1.852E-4                  0.31584056830095814
1.853E-4                  0.3151415679946925
1.8539999999999998E-4     0.31444256768904777
1.8549999999999998E-4     0.31374356738398207
1.8559999999999998E-4     0.3130445670794539
1.857E-4                  0.3123455667754215
1.858E-4                  0.31164656647184347
1.859E-4                  0.31094756616867814
1.86E-4                   0.31024856586588373
1.861E-4                  0.3095495655634187
1.862E-4                  0.30888479356585413
1.863E-4                  0.3082432094923608
1.864E-4                  0.3076016254197651
1.8649999999999998E-4     0.30696004134803506
1.8659999999999998E-4     0.30631845727713786
1.8669999999999998E-4     0.3056768732070416
1.868E-4                  0.30503528913771416
1.869E-4                  0.30439370506912306
1.87E-4                   0.30375212100123616
1.871E-4                  0.3031105369340212
1.872E-4                  0.3024689528674459
1.873E-4                  0.30182736880147815
1.874E-4                  0.30118578473608565
1.875E-4                  0.30054420067123605
1.8759999999999998E-4     0.2999026166068975
1.8769999999999998E-4     0.29926103254303715
1.8779999999999998E-4     0.29861944847962313
1.879E-4                  0.2979778644166231
1.88E-4                   0.29733628035400494
1.881E-4                  0.2966946962917362
1.882E-4                  0.2960531122297849
1.883E-4                  0.2954115281681185
1.884E-4                  0.29476994410670504
1.885E-4                  0.29412836004551207
1.886E-4                  0.2934867759845075
1.8869999999999998E-4     0.29284519192365915
1.8879999999999998E-4     0.2922036078629346
1.8889999999999998E-4     0.2915620238023015
1.8899999999999999E-4     0.2909204397417278
1.891E-4                  0.2902788556811813
1.892E-4                  0.28963727162062963
1.893E-4                  0.2889956875600405
1.894E-4                  0.2883541034993819
1.895E-4                  0.2877125194386213
1.896E-4                  0.2870709353777268
1.897E-4                  0.28642935131666586
1.8979999999999998E-4     0.28578776725540656
1.8989999999999998E-4     0.28514618319391616
1.8999999999999998E-4     0.2845045991321628
1.9009999999999999E-4     0.28386355616997555
1.902E-4                  0.2832746198771855
1.903E-4                  0.2826856835853829
1.904E-4                  0.28209674729454287
1.905E-4                  0.28150781100464056
1.906E-4                  0.2809188747156511
1.907E-4                  0.2803299384275498
1.908E-4                  0.27974100214031156
1.9089999999999998E-4     0.2791520658539118
1.9099999999999998E-4     0.27856312956832524
1.9109999999999998E-4     0.2779741932835274
1.9119999999999999E-4     0.2773852569994933
1.913E-4                  0.2767963207161981
1.914E-4                  0.27620738443361686
1.915E-4                  0.27561844815172487
1.916E-4                  0.27502951187049723
1.917E-4                  0.27444057558990914
1.918E-4                  0.2738516393099356
1.919E-4                  0.27326270303055183
1.92E-4                   0.27267376675173294
1.9209999999999998E-4     0.2720848304734543
1.9219999999999998E-4     0.2714958941956907
1.9229999999999999E-4     0.27090695791841757
1.924E-4                  0.27031802164160973
1.925E-4                  0.2697290853652427
1.926E-4                  0.2691401490892914
1.927E-4                  0.268551212813731
1.928E-4                  0.26796227653853666
1.929E-4                  0.2673733402636836
1.93E-4                   0.26678440398914693
1.931E-4                  0.2661954677149017
1.9319999999999998E-4     0.26560653144092333
1.9329999999999998E-4     0.2650175951671866
1.9339999999999998E-4     0.2644286588936668
1.935E-4                  0.2638397226203391
1.936E-4                  0.26325078634717863
1.937E-4                  0.2626618500741606
1.938E-4                  0.26207291380125997
1.939E-4                  0.26148397752845204
1.94E-4                   0.26089504125571195
1.941E-4                  0.26032666486340206
1.942E-4                  0.2597861717933428
1.9429999999999998E-4     0.2592456787238906
1.9439999999999998E-4     0.2587051856550259
1.9449999999999998E-4     0.2581646925867297
1.946E-4                  0.25762419951898247
1.947E-4                  0.2570837064517649
1.948E-4                  0.2565432133850579
1.949E-4                  0.2560027203188418
1.95E-4                   0.25546222725309753
1.951E-4                  0.2549217341878057
1.952E-4                  0.2543812411229471
1.953E-4                  0.25384074805850226
1.9539999999999998E-4     0.2533002549944519
1.9549999999999998E-4     0.25275976193077676
1.9559999999999998E-4     0.2522192688674574
1.9569999999999999E-4     0.25167877580447456
1.958E-4                  0.251138282741809
1.959E-4                  0.2505977896794412
1.96E-4                   0.25005729661735204
1.961E-4                  0.24951680355552225
1.962E-4                  0.2489763104939323
1.963E-4                  0.248435817432563
1.964E-4                  0.24789532437139497
1.9649999999999998E-4     0.24735483131040906
1.9659999999999998E-4     0.2468143382495857
1.9669999999999998E-4     0.2462738451889057
1.9679999999999999E-4     0.2457333521283498
1.969E-4                  0.24519285906789845
1.97E-4                   0.2446523660075325
1.971E-4                  0.24411187294723272
1.972E-4                  0.24357137988697958
1.973E-4                  0.24303088682675397
1.974E-4                  0.24249039376653644
1.975E-4                  0.2419499007063077
1.9759999999999998E-4     0.24140940764604857
1.9769999999999998E-4     0.24086891458573942
1.9779999999999998E-4     0.2403284215253611
1.9789999999999999E-4     0.23978792846489436
1.98E-4                   0.23924743540431978
1.981E-4                  0.2387440447407861
1.982E-4                  0.2382477977661158
1.983E-4                  0.23775155079195678
1.984E-4                  0.23725530381829407
1.985E-4                  0.236759056845113
1.986E-4                  0.2362628098723986
1.9869999999999998E-4     0.23576656290013623
1.9879999999999998E-4     0.23527031592831074
1.9889999999999998E-4     0.23477406895690744
1.9899999999999999E-4     0.23427782198591152
1.991E-4                  0.23378157501530808
1.992E-4                  0.2332853280450823
1.993E-4                  0.23278908107521937
1.994E-4                  0.23229283410570448
1.995E-4                  0.2317965871365227
1.996E-4                  0.23130034016765932
1.997E-4                  0.23080409319909942
1.9979999999999998E-4     0.23030784623082823
1.9989999999999998E-4     0.22981159926283073
1.9999999999999998E-4     0.22931535229509223
