% Model:              20230225_JW_4_00.mph
% Version:            COMSOL 5.6.0.401
% Date:               Feb 25 2023, 20:10
% Dimension:          1
% Nodes:              2001
% Expressions:        1
% Description:        点图
% X                       Height
0                         0.41713762204078075
1.0E-7                    0.41694807655329386
2.0E-7                    0.4167585312317499
3.0E-7                    0.41577439670574734
4.0E-7                    0.41472802268872705
5.0E-7                    0.4135852392116363
6.0E-7                    0.4155283986889515
7.0E-7                    0.41891460899168187
8.0E-7                    0.4250731076693769
9.0E-7                    0.4284699943902135
1.0E-6                    0.4295289034685115
1.1E-6                    0.4288052338983498
1.2E-6                    0.43181636970373954
1.2999999999999998E-6     0.43569312967162344
1.4E-6                    0.4372745930868264
1.5E-6                    0.4360779441657759
1.6E-6                    0.4395752423123683
1.6999999999999998E-6     0.44136095377589757
1.8E-6                    0.44058017371318003
1.9E-6                    0.4428867828022425
2.0E-6                    0.44369967547881267
2.1E-6                    0.4433432729920234
2.2E-6                    0.44520444720778884
2.3E-6                    0.4451135259319481
2.4E-6                    0.445615829159587
2.4999999999999998E-6     0.44592945252256466
2.5999999999999997E-6     0.446261417020155
2.7E-6                    0.4464273711674262
2.8E-6                    0.44632589582155807
2.8999999999999998E-6     0.44662129116999844
3.0E-6                    0.44640936839117823
3.1E-6                    0.4463852771629196
3.2E-6                    0.44622473325809164
3.2999999999999997E-6     0.44597912374325066
3.3999999999999996E-6     0.4457231960247107
3.5E-6                    0.4454457967035247
3.6E-6                    0.44510584328908037
3.6999999999999997E-6     0.44471531284744004
3.8E-6                    0.4442822151829552
3.9E-6                    0.4438260162664961
4.0E-6                    0.4433573815206647
4.1E-6                    0.4428340372487566
4.2E-6                    0.44228415065132004
4.2999999999999995E-6     0.4416971061628034
4.4E-6                    0.4411091498101108
4.5E-6                    0.44052081940541105
4.6E-6                    0.4398542051829325
4.7E-6                    0.4391818123935227
4.8E-6                    0.438495457494529
4.9E-6                    0.43780910743477236
4.9999999999999996E-6     0.43712276218345963
5.0999999999999995E-6     0.43638733389565576
5.199999999999999E-6      0.4356447572242541
5.3E-6                    0.43490218558825544
5.4E-6                    0.4341461289161694
5.5E-6                    0.433373936238935
5.6E-6                    0.43260174908451227
5.7E-6                    0.4318284499876941
5.7999999999999995E-6     0.4310266447666333
5.899999999999999E-6      0.4302248452632826
6.0E-6                    0.4294230514381035
6.1E-6                    0.4286051961241908
6.2E-6                    0.4277775060947384
6.3E-6                    0.42694982201279974
6.4E-6                    0.42612085497906166
6.5E-6                    0.4252868217447463
6.5999999999999995E-6     0.4244527944230772
6.699999999999999E-6      0.42361877297176853
6.799999999999999E-6      0.4227716927191224
6.9E-6                    0.42192104192689445
7.0E-6                    0.4210703972708097
7.1E-6                    0.4202187311267517
7.2E-6                    0.4193653026097681
7.2999999999999996E-6     0.41851188001675343
7.3999999999999995E-6     0.4176584633043265
7.499999999999999E-6      0.4168004528748285
7.6E-6                    0.4159422063864674
7.699999999999999E-6      0.41508396599846714
7.8E-6                    0.4142230632690993
7.899999999999999E-6      0.41335982326925436
8.0E-6                    0.4124965892976263
8.1E-6                    0.41163336131121403
8.2E-6                    0.41077013926699096
8.3E-6                    0.4099069231219055
8.4E-6                    0.40904371283288116
8.5E-6                    0.40818838223447623
8.599999999999999E-6      0.40733647487296437
8.7E-6                    0.40648457322518067
8.8E-6                    0.4056326772496462
8.9E-6                    0.40478078690485936
9.0E-6                    0.4039289021492944
9.1E-6                    0.4030770229414035
9.2E-6                    0.40222627178375503
9.299999999999999E-6      0.4013757057174532
9.4E-6                    0.40052514537820383
9.499999999999999E-6      0.39967459072602657
9.6E-6                    0.39882404172091745
9.7E-6                    0.3979734983228504
9.8E-6                    0.39712296049177664
9.9E-6                    0.39627242818762476
9.999999999999999E-6      0.39542190137030153
1.01E-5                   0.39457137999969133
1.0199999999999999E-5     0.3937208640356565
1.03E-5                   0.3928703534380377
1.0399999999999999E-5     0.3920198481666539
1.05E-5                   0.3911747539774383
1.06E-5                   0.3903524064344271
1.07E-5                   0.389530063943511
1.08E-5                   0.3887077264678429
1.0899999999999999E-5     0.3878853939705568
1.1E-5                    0.38706306641476723
1.1099999999999999E-5     0.3862407437635705
1.12E-5                   0.3854184259800436
1.13E-5                   0.3845961130272454
1.14E-5                   0.3837738048682157
1.15E-5                   0.3829515014659766
1.1599999999999999E-5     0.3821292027835314
1.17E-5                   0.38130690878386553
1.1799999999999999E-5     0.3804846194299462
1.19E-5                   0.37967076748358386
1.2E-5                    0.378864646586134
1.21E-5                   0.378058530647569
1.22E-5                   0.3772524196349288
1.2299999999999999E-5     0.37644631351523605
1.24E-5                   0.3756402122554963
1.2499999999999999E-5     0.37483411582269804
1.26E-5                   0.3740280241838127
1.2699999999999999E-5     0.37322193730579495
1.28E-5                   0.3724158551555828
1.29E-5                   0.37160977770009707
1.3E-5                    0.37080370490624265
1.31E-5                   0.3699976367409075
1.3199999999999999E-5     0.36919157317096346
1.33E-5                   0.3684042464719738
1.3399999999999999E-5     0.3676201863424928
1.35E-5                   0.36683613041532503
1.3599999999999999E-5     0.3660520786582367
1.37E-5                   0.36526803103898
1.38E-5                   0.3644839875252923
1.3899999999999999E-5     0.36369994808489675
1.4E-5                    0.3629159126855022
1.4099999999999999E-5     0.3621318812948032
1.42E-5                   0.3613478538804802
1.4299999999999999E-5     0.36056383041019985
1.44E-5                   0.35977981085161476
1.45E-5                   0.35899579517236363
1.4599999999999999E-5     0.3582102633721208
1.47E-5                   0.3574178806871824
1.4799999999999999E-5     0.3566255023868973
1.49E-5                   0.35583312844140397
1.4999999999999999E-5     0.35504075882082703
1.51E-5                   0.3542483934952767
1.52E-5                   0.35345603243484885
1.53E-5                   0.3526636756096252
1.5399999999999998E-5     0.3518713229896738
1.55E-5                   0.3510789745450482
1.56E-5                   0.3502866302457887
1.57E-5                   0.34949429006192145
1.5799999999999998E-5     0.3487019539634588
1.59E-5                   0.3479814753698837
1.6E-5                    0.347270954724585
1.61E-5                   0.34656043745362386
1.62E-5                   0.3458499235338042
1.63E-5                   0.34513941294192085
1.64E-5                   0.3444289056547593
1.6499999999999998E-5     0.34371840164909573
1.66E-5                   0.34300790090169697
1.67E-5                   0.34229740338932113
1.68E-5                   0.34158690908871703
1.69E-5                   0.3408799839484126
1.7E-5                    0.34019062604480316
1.71E-5                   0.339501271348358
1.7199999999999998E-5     0.33881191983614806
1.73E-5                   0.33812257148523567
1.74E-5                   0.3374332262726744
1.75E-5                   0.33674388417550966
1.76E-5                   0.336054545170778
1.77E-5                   0.3353652092355081
1.78E-5                   0.3346758763467198
1.7899999999999998E-5     0.33394333454504677
1.8E-5                    0.33319671431337594
1.81E-5                   0.3324500974745931
1.82E-5                   0.33170348400383615
1.8299999999999998E-5     0.33095687387623285
1.84E-5                   0.3302102670669015
1.85E-5                   0.3294636635509501
1.8599999999999998E-5     0.32871706330347705
1.87E-5                   0.32798912896978294
1.88E-5                   0.32730892036767756
1.89E-5                   0.3266287146507064
1.8999999999999998E-5     0.32594851179816914
1.91E-5                   0.3252683117893578
1.92E-5                   0.3245881146035573
1.9299999999999998E-5     0.3239079202200454
1.94E-5                   0.32322772861809257
1.95E-5                   0.32254753977696216
1.96E-5                   0.3218595631191187
1.9699999999999998E-5     0.3211697386324256
1.98E-5                   0.3204799171283479
1.99E-5                   0.31979009858587926
1.9999999999999998E-5     0.3191002829840061
2.01E-5                   0.3184104703017067
2.02E-5                   0.31772066051795217
2.03E-5                   0.3170308536117059
2.0399999999999998E-5     0.3163441035166936
2.05E-5                   0.31566341997399044
2.06E-5                   0.3149827390264659
2.07E-5                   0.3143020606545198
2.0799999999999997E-5     0.31362138483854596
2.09E-5                   0.3129407115589314
2.1E-5                    0.3122600407960567
2.1099999999999998E-5     0.3115793725302963
2.12E-5                   0.31089870674201825
2.13E-5                   0.31024471441959867
2.14E-5                   0.30959499987237277
2.1499999999999997E-5     0.3089452879562175
2.16E-5                   0.30829557865299206
2.17E-5                   0.30764587194454973
2.1799999999999998E-5     0.3069961678127379
2.19E-5                   0.30634646623939765
2.2E-5                    0.3056967672063643
2.21E-5                   0.3050384357771473
2.2199999999999998E-5     0.3043665303202371
2.23E-5                   0.30369462725262625
2.24E-5                   0.303022726555937
2.2499999999999998E-5     0.30235082821178516
2.26E-5                   0.30167893220178144
2.27E-5                   0.30100703850753063
2.28E-5                   0.30033514711063175
2.2899999999999998E-5     0.2996632579926783
2.3E-5                    0.29903839652993525
2.31E-5                   0.29841786829291533
2.3199999999999998E-5     0.2977973423752461
2.33E-5                   0.29717681876136964
2.34E-5                   0.2965562974357231
2.35E-5                   0.29593577838273866
2.3599999999999998E-5     0.295315261586844
2.37E-5                   0.2946947470324619
2.38E-5                   0.29406544564334247
2.3899999999999998E-5     0.2934250767199515
2.4E-5                    0.29278470994015254
2.41E-5                   0.2921443452872666
2.42E-5                   0.29150398274460937
2.4299999999999998E-5     0.2908636222954923
2.44E-5                   0.2902232639232215
2.45E-5                   0.2895829076110989
2.4599999999999998E-5     0.2889425533424215
2.4699999999999997E-5     0.28832659343578354
2.48E-5                   0.2877114032663143
2.49E-5                   0.2870962151119581
2.4999999999999998E-5     0.2864810289585553
2.51E-5                   0.2858658447919423
2.52E-5                   0.2852506625979515
2.53E-5                   0.28463548236241115
2.5399999999999997E-5     0.284020304071146
2.55E-5                   0.28341469705778627
2.56E-5                   0.2828188003843125
2.5699999999999998E-5     0.2822229057606994
2.58E-5                   0.2816270131723238
2.59E-5                   0.2810311226045584
2.6E-5                    0.28043523404277226
2.6099999999999997E-5     0.2798393474723302
2.62E-5                   0.2792434628785929
2.63E-5                   0.27860098999206784
2.6399999999999998E-5     0.2779515948942066
2.65E-5                   0.2773022015853506
2.66E-5                   0.2766528100506632
2.67E-5                   0.2760034202753043
2.6799999999999998E-5     0.27535403224442984
2.69E-5                   0.2747055224453426
2.7E-5                    0.2741744314276303
2.7099999999999998E-5     0.27364334218744957
2.7199999999999997E-5     0.27311225471438105
2.73E-5                   0.27258116899800244
2.74E-5                   0.27205008502788924
2.7499999999999998E-5     0.271519002793614
2.76E-5                   0.2709803479914461
2.77E-5                   0.27039674484899107
2.7799999999999998E-5     0.26981314327146866
2.7899999999999997E-5     0.269229543245616
2.8E-5                    0.2686459447581672
2.81E-5                   0.2680623477958535
2.8199999999999998E-5     0.26747875234540275
2.83E-5                   0.26688916988015754
2.84E-5                   0.26628426624443047
2.8499999999999998E-5     0.26567936430485695
2.8599999999999997E-5     0.2650744640492904
2.87E-5                   0.26446956546558104
2.88E-5                   0.2638646685415761
2.8899999999999998E-5     0.2632597732651196
2.9E-5                    0.2626916518469002
2.91E-5                   0.2621747742144518
2.9199999999999998E-5     0.26165789813304996
2.9299999999999997E-5     0.26114102359267527
2.94E-5                   0.2606241505833055
2.95E-5                   0.2601072790949164
2.9599999999999998E-5     0.25959040911748144
2.97E-5                   0.25903481135488
2.98E-5                   0.25844811064076567
2.99E-5                   0.25786141126714895
2.9999999999999997E-5     0.2572747132220653
3.01E-5                   0.2566880164935475
3.02E-5                   0.25610132106962613
3.0299999999999998E-5     0.2555273557980247
3.04E-5                   0.2549743632303932
3.05E-5                   0.2544213722352623
3.06E-5                   0.2538683828023591
3.07E-5                   0.253315394921408
3.0799999999999996E-5     0.2527624085821305
3.09E-5                   0.2522153390878359
3.1E-5                    0.2516918104792107
3.11E-5                   0.25116828311910155
3.12E-5                   0.25064475699807415
3.13E-5                   0.2501212321066921
3.14E-5                   0.24959770843551735
3.15E-5                   0.24907378615422598
3.1599999999999996E-5     0.24853356611011565
3.17E-5                   0.24799334741074755
3.18E-5                   0.2474531300464635
3.1899999999999996E-5     0.2469129140076033
3.2E-5                    0.24637269928450486
3.21E-5                   0.24583248586750392
3.22E-5                   0.24530620975680242
3.23E-5                   0.24478245110163505
3.24E-5                   0.2442586936771154
3.25E-5                   0.2437349374741413
3.26E-5                   0.24321118248360876
3.2699999999999995E-5     0.24268742869641238
3.28E-5                   0.2421681272486977
3.29E-5                   0.24165101759454796
3.2999999999999996E-5     0.24113390911286686
3.31E-5                   0.2406168017950096
3.32E-5                   0.24009969563232983
3.3299999999999996E-5     0.2395825906161795
3.34E-5                   0.23906656360083245
3.35E-5                   0.23855164391806227
3.36E-5                   0.2380367254288438
3.37E-5                   0.23752180812458834
3.38E-5                   0.2370068919967059
3.39E-5                   0.23649197703660463
3.4E-5                    0.23597925767516947
3.4099999999999995E-5     0.23547128043592794
3.42E-5                   0.23496330426779968
3.43E-5                   0.23445532916272172
3.4399999999999996E-5     0.23394735511262935
3.45E-5                   0.2334393821094565
3.46E-5                   0.23293307042707379
3.4699999999999996E-5     0.23243699905560178
3.48E-5                   0.2319409287879981
3.49E-5                   0.23144485961650493
3.5E-5                    0.23094879153336312
3.51E-5                   0.23045272453081178
3.52E-5                   0.22995665860108894
3.53E-5                   0.2294608850998341
3.54E-5                   0.22896512389531698
3.5499999999999996E-5     0.22846936367146445
3.56E-5                   0.22797360442079023
3.57E-5                   0.22747784613580693
3.5799999999999996E-5     0.2269820888090256
3.59E-5                   0.2264968079943562
3.6E-5                    0.22601438440875088
3.6099999999999997E-5     0.22553196182288074
3.62E-5                   0.2250495402296336
3.63E-5                   0.22456711962189657
3.64E-5                   0.22408469999255531
3.65E-5                   0.22360279699780528
3.6599999999999995E-5     0.22312122619448452
3.67E-5                   0.22263965632129265
3.68E-5                   0.22215808737129888
3.6899999999999996E-5     0.22167651933757107
3.7E-5                    0.22119495221317587
3.71E-5                   0.2207169326249271
3.7199999999999996E-5     0.22024357727573726
3.73E-5                   0.21977022282096323
3.74E-5                   0.21929686925397796
3.75E-5                   0.21882351656815358
3.76E-5                   0.21835016475686078
3.77E-5                   0.21787802256066804
3.78E-5                   0.21740941069088776
3.79E-5                   0.21694079971034042
3.7999999999999995E-5     0.21647218961262685
3.81E-5                   0.21600358039134734
3.82E-5                   0.2155349720401008
3.8299999999999996E-5     0.21506691145187404
3.84E-5                   0.21460529627811198
3.85E-5                   0.2141436819239053
3.8599999999999996E-5     0.21368206838314616
3.87E-5                   0.21322045564972586
3.88E-5                   0.21275884371753476
3.89E-5                   0.21229723258046246
3.9E-5                    0.21184081204063976
3.9099999999999995E-5     0.21138496039584237
3.92E-5                   0.210929109571011
3.93E-5                   0.21047325956021823
3.9399999999999995E-5     0.21001741035753613
3.95E-5                   0.2095615619570356
3.96E-5                   0.20910866794369398
3.9699999999999996E-5     0.20865689807722904
3.98E-5                   0.20820512896453558
3.99E-5                   0.20775336059995578
3.9999999999999996E-5     0.20730159297783088
4.01E-5                   0.20684982609250108
4.02E-5                   0.2064046037643694
4.03E-5                   0.20596478895923548
4.04E-5                   0.20552497490612864
4.0499999999999995E-5     0.20508516159974494
4.06E-5                   0.20464534903477943
4.07E-5                   0.20420553720592644
4.0799999999999996E-5     0.20376572610787946
4.09E-5                   0.20332591573533143
4.1E-5                    0.20288610608297428
4.1099999999999996E-5     0.20244629714549953
4.12E-5                   0.20200648891759754
4.13E-5                   0.2015666813939583
4.14E-5                   0.20112897911921018
4.15E-5                   0.20070003202912207
4.1599999999999995E-5     0.20027108559832654
4.17E-5                   0.1998421398219234
4.18E-5                   0.19941319469501176
4.1899999999999995E-5     0.19898425021269023
4.2E-5                    0.19855530637005658
4.21E-5                   0.1981263631622081
4.2199999999999996E-5     0.19769742058424145
4.23E-5                   0.19726847863125255
4.24E-5                   0.19683953729833678
4.2499999999999996E-5     0.19641059658058893
4.26E-5                   0.1959816564731031
4.27E-5                   0.19556275742765292
4.28E-5                   0.19514577094693947
4.29E-5                   0.19472878511475744
4.2999999999999995E-5     0.1943117999266017
4.31E-5                   0.1938948153779661
4.32E-5                   0.19347783146434427
4.3299999999999995E-5     0.19306084818122912
4.34E-5                   0.19264386552411278
4.35E-5                   0.1922268834884872
4.3599999999999996E-5     0.19180990206984347
4.37E-5                   0.19139292126367205
4.38E-5                   0.19097594106546312
4.3899999999999996E-5     0.19056247746906116
4.4E-5                    0.19015272898126734
4.41E-5                   0.18974298106823814
4.42E-5                   0.1893332337257317
4.43E-5                   0.18892348694950536
4.4399999999999995E-5     0.1885137407353163
4.45E-5                   0.18810399507892075
4.46E-5                   0.18769424997607476
4.4699999999999996E-5     0.1872845054225339
4.48E-5                   0.18687476141405301
4.49E-5                   0.18646501794638662
4.4999999999999996E-5     0.18605527501528873
4.51E-5                   0.18564761867146345
4.52E-5                   0.18525362008310176
4.5299999999999997E-5     0.18485962203601033
4.54E-5                   0.18446562452640547
4.5499999999999995E-5     0.18407162755050316
4.56E-5                   0.1836776311045188
4.57E-5                   0.18328363518466742
4.5799999999999995E-5     0.18288963978716358
4.59E-5                   0.18249564490822148
4.6E-5                    0.18210165054405486
4.6099999999999996E-5     0.18170765669087705
4.62E-5                   0.18131366334490087
4.63E-5                   0.18091967050233887
4.6399999999999996E-5     0.18053171796137402
4.65E-5                   0.18014548200762912
4.66E-5                   0.17975924654933284
4.67E-5                   0.17937301158289112
4.68E-5                   0.17898677710470925
4.6899999999999995E-5     0.17860054311119233
4.7E-5                    0.1782143095987449
4.71E-5                   0.17782807656377136
4.7199999999999995E-5     0.1774418440026755
4.73E-5                   0.17705561191186078
4.74E-5                   0.17666938028773038
4.7499999999999996E-5     0.17628314912668708
4.76E-5                   0.17590095226949173
4.77E-5                   0.17552421408310076
4.7799999999999996E-5     0.1751474763445587
4.79E-5                   0.17477073905061358
4.8E-5                    0.1743940021980133
4.81E-5                   0.17401726578350543
4.82E-5                   0.17364052980383715
4.8299999999999995E-5     0.1732637942557553
4.84E-5                   0.17288705913600638
4.85E-5                   0.1725103244413368
4.8599999999999995E-5     0.17213359016849225
4.87E-5                   0.17175685631421847
4.88E-5                   0.17138119503009278
4.8899999999999996E-5     0.17101951971259183
4.9E-5                    0.17065784483562865
4.91E-5                   0.1702961703962003
4.9199999999999997E-5     0.16993449639130334
4.93E-5                   0.16957282281793407
4.9399999999999995E-5     0.1692111496730886
4.95E-5                   0.1688494769537625
4.96E-5                   0.1684878046569513
4.9699999999999995E-5     0.16812613277965005
4.98E-5                   0.1677644613188536
4.99E-5                   0.16740279027155652
4.9999999999999996E-5     0.16704111963475302
5.01E-5                   0.1666783622914139
5.02E-5                   0.16631517715418914
5.0299999999999996E-5     0.16595199237697728
5.04E-5                   0.16558880795692812
5.05E-5                   0.1652256238911912
5.06E-5                   0.16486244017691576
5.07E-5                   0.16449925681125097
5.0799999999999995E-5     0.16413607379134545
5.09E-5                   0.1637728911143479
5.1E-5                    0.16340970877740651
5.1099999999999995E-5     0.16304652677766943
5.12E-5                   0.1626833451122844
5.13E-5                   0.16233112987789344
5.1399999999999996E-5     0.16199810299473688
5.15E-5                   0.1616650765013772
5.16E-5                   0.1613320503953988
5.1699999999999996E-5     0.1609990246743858
5.18E-5                   0.16066599933592202
5.1899999999999994E-5     0.16033297437759114
5.2E-5                    0.15999994979697651
5.21E-5                   0.15966692559166148
5.2199999999999995E-5     0.15933390175922896
5.23E-5                   0.15900087829726176
5.24E-5                   0.15866785520334226
5.2499999999999995E-5     0.15833456016192243
5.26E-5                   0.15797403619309353
5.27E-5                   0.157613512525624
5.2799999999999996E-5     0.1572529891568456
5.29E-5                   0.15689246608408974
5.3E-5                    0.15653194330468784
5.3099999999999996E-5     0.15617142081597113
5.32E-5                   0.1558108986152704
5.3299999999999995E-5     0.15545037669991646
5.34E-5                   0.15508985506723977
5.35E-5                   0.1547293337145708
5.3599999999999995E-5     0.1543688126392396
5.37E-5                   0.15400829183857603
5.38E-5                   0.15370329825507997
5.3899999999999996E-5     0.1534274054041193
5.4E-5                    0.1531515128673541
5.41E-5                   0.15287562064345037
5.4199999999999996E-5     0.15259972873107427
5.43E-5                   0.15232383712889155
5.4399999999999994E-5     0.15204794583556808
5.4499999999999997E-5     0.1517720548497693
5.46E-5                   0.15149616417016087
5.4699999999999995E-5     0.15122893309175095
5.48E-5                   0.15096723994204964
5.49E-5                   0.15070554691632995
5.4999999999999995E-5     0.15044385401254975
5.51E-5                   0.1501821612286669
5.52E-5                   0.14992046856263902
5.5299999999999996E-5     0.1495151480595363
5.54E-5                   0.14901133312093506
5.55E-5                   0.14850751864333187
5.5599999999999996E-5     0.14800370462189644
5.57E-5                   0.14758325182451817
5.5799999999999994E-5     0.14726082197400206
5.59E-5                   0.1469383924540869
5.6E-5                    0.1466159632632884
5.6099999999999995E-5     0.14640029215002648
5.62E-5                   0.1462220651518916
5.63E-5                   0.1460438383052918
5.6399999999999995E-5     0.14571780595591857
5.65E-5                   0.14525417135892243
5.66E-5                   0.14479053724545696
5.6699999999999996E-5     0.14442285368585736
5.68E-5                   0.14411456502754105
5.69E-5                   0.1438069189173689
5.6999999999999996E-5     0.1435847016478674
5.71E-5                   0.14336248474382263
5.7199999999999994E-5     0.1430679307342306
5.73E-5                   0.14266362820083756
5.74E-5                   0.14225932590975093
5.7499999999999995E-5     0.1419650443492687
5.76E-5                   0.1417005262535064
5.77E-5                   0.14143076790164757
5.7799999999999995E-5     0.1411366236910714
5.79E-5                   0.14084247987628692
5.8E-5                    0.14051795348715748
5.8099999999999996E-5     0.14017019519614532
5.82E-5                   0.13982243696567218
5.8299999999999994E-5     0.13955972552565862
5.8399999999999997E-5     0.13930088280125524
5.85E-5                   0.1390200526347847
5.8599999999999995E-5     0.13869771691638727
5.87E-5                   0.1383753813693921
5.88E-5                   0.13806821373392578
5.8899999999999995E-5     0.13776648394689603
5.9E-5                    0.13746770290424362
5.91E-5                   0.13718939126972612
5.9199999999999996E-5     0.13691107993054988
5.93E-5                   0.13661353290500586
5.94E-5                   0.13629792252194697
5.9499999999999996E-5     0.1359823122482573
5.96E-5                   0.13569896089590874
5.9699999999999994E-5     0.13541897553940754
5.98E-5                   0.13513448159343736
5.99E-5                   0.13483922937895254
5.9999999999999995E-5     0.13454397731204878
6.01E-5                   0.13424955160039587
6.02E-5                   0.13395550579659038
6.0299999999999995E-5     0.13366248386294882
6.04E-5                   0.1333820980520308
6.05E-5                   0.13310171245373317
6.0599999999999996E-5     0.13281438771708734
6.07E-5                   0.13251907101995772
6.08E-5                   0.1322237544845588
6.0899999999999996E-5     0.13194348793399324
6.1E-5                    0.13166578314760147
6.11E-5                   0.13138543372244801
6.12E-5                   0.13109690559637688
6.13E-5                   0.13080837762544928
6.14E-5                   0.1305256018912179
6.149999999999999E-5      0.1302461446188955
6.159999999999999E-5      0.12996667809634052
6.17E-5                   0.12968682662212347
6.18E-5                   0.1294069753177793
6.19E-5                   0.12912644811137325
6.2E-5                    0.1288449632459482
6.209999999999999E-5      0.12856347856196182
6.22E-5                   0.12828913358115485
6.23E-5                   0.12801653389185766
6.24E-5                   0.12774237753541104
6.25E-5                   0.12746172776778275
6.26E-5                   0.1271810781630007
6.269999999999999E-5      0.12690706319417042
6.28E-5                   0.12663779005687636
6.29E-5                   0.12636851710227262
6.3E-5                    0.1260950174226458
6.31E-5                   0.125821400606442
6.319999999999999E-5      0.1255477839520699
6.33E-5                   0.1252741674582957
6.34E-5                   0.1250005511238861
6.35E-5                   0.12473160927854408
6.36E-5                   0.1244642040918443
6.37E-5                   0.12419679906863856
6.379999999999999E-5      0.12392939420773637
6.39E-5                   0.12366198950794724
6.4E-5                    0.12339548034844963
6.41E-5                   0.12312975830756118
6.42E-5                   0.12286403641908644
6.429999999999999E-5      0.12259831468187203
6.44E-5                   0.12233259309476432
6.45E-5                   0.12206767418743875
6.46E-5                   0.12180452648979845
6.47E-5                   0.12154137894694214
6.48E-5                   0.12127823155775473
6.489999999999999E-5      0.12101508432112117
6.5E-5                    0.12075231194569469
6.51E-5                   0.12049326265130184
6.52E-5                   0.12023421350045035
6.53E-5                   0.11997516449206293
6.539999999999999E-5      0.11971611562506217
6.549999999999999E-5      0.11945706689837067
6.56E-5                   0.11919951809681233
6.57E-5                   0.11894219145261388
6.58E-5                   0.11868486495070293
6.59E-5                   0.11842753859003922
6.599999999999999E-5      0.11817021236958257
6.61E-5                   0.11791536545896535
6.62E-5                   0.1176618497046018
6.63E-5                   0.11740833408578658
6.64E-5                   0.11715481860151071
6.65E-5                   0.1169013032507654
6.659999999999999E-5      0.11664871198313742
6.67E-5                   0.11639734422043031
6.68E-5                   0.11614597658929023
6.69E-5                   0.11589460908874674
6.7E-5                    0.11564324171782968
6.709999999999999E-5      0.11539259487884325
6.72E-5                   0.11514466002526871
6.73E-5                   0.11489672530019251
6.74E-5                   0.11464879070267132
6.75E-5                   0.11440085623176172
6.76E-5                   0.11415292188652015
6.769999999999999E-5      0.11390852119030297
6.78E-5                   0.11366415810162439
6.79E-5                   0.11341979513642757
6.8E-5                    0.11317543229381935
6.81E-5                   0.11293106957290658
6.819999999999999E-5      0.11268670697279595
6.829999999999999E-5      0.11244234449259422
6.84E-5                   0.112197982131408
6.85E-5                   0.11195361988834401
6.86E-5                   0.1117092577625088
6.87E-5                   0.11146822579772718
6.879999999999999E-5      0.11122993257712653
6.89E-5                   0.11099163946877916
6.9E-5                    0.11075334647184966
6.91E-5                   0.1105150535855025
6.92E-5                   0.11027676080890218
6.929999999999999E-5      0.1100384681412132
6.939999999999999E-5      0.10980017558159991
6.95E-5                   0.10956188312922664
6.96E-5                   0.10932359078325785
6.97E-5                   0.1090858168001264
6.98E-5                   0.1088523255639599
6.989999999999999E-5      0.1086188344377338
7.0E-5                    0.10838534342066874
7.01E-5                   0.1081518525119855
7.02E-5                   0.10791836171090474
7.03E-5                   0.10768487101664712
7.04E-5                   0.10745138042843327
7.049999999999999E-5      0.10721788994548383
7.06E-5                   0.10698439956701929
7.07E-5                   0.10675090929226022
7.08E-5                   0.10652265820599054
7.09E-5                   0.10629702079520753
7.099999999999999E-5      0.10607138348547149
7.11E-5                   0.10584574627607647
7.12E-5                   0.10562010916631655
7.13E-5                   0.10539447215548572
7.14E-5                   0.10516883524287801
7.15E-5                   0.10494319842778732
7.159999999999999E-5      0.10471756170950768
7.17E-5                   0.10449192508733293
7.18E-5                   0.10426628856055696
7.19E-5                   0.10404065212847363
7.2E-5                    0.1038150157903768
7.209999999999999E-5      0.10358937954556031
7.219999999999999E-5      0.10336374339331786
7.23E-5                   0.10313810733294324
7.24E-5                   0.10291247136373018
7.25E-5                   0.10268683548497243
7.26E-5                   0.10246119969596366
7.269999999999999E-5      0.10223556399599751
7.28E-5                   0.10200992838436762
7.29E-5                   0.10179215754127811
7.3E-5                    0.10157653289698697
7.31E-5                   0.10136090833717887
7.319999999999999E-5      0.10114528386123808
7.329999999999999E-5      0.10092965946854879
7.34E-5                   0.10071403515849532
7.35E-5                   0.10049841093046177
7.36E-5                   0.10028278678383241
7.37E-5                   0.10006716271799145
7.379999999999999E-5      0.09985153873232303
7.39E-5                   0.09963591482621117
7.4E-5                    0.09942029099904012
7.41E-5                   0.09920466725019389
7.42E-5                   0.09898904357905661
7.429999999999999E-5      0.09877341998501232
7.439999999999999E-5      0.09855779646744503
7.45E-5                   0.09834217302573876
7.46E-5                   0.09812654965927757
7.47E-5                   0.09791092636744536
7.48E-5                   0.09769530314962613
7.489999999999999E-5      0.09747968000520382
7.5E-5                    0.09727268432171295
7.51E-5                   0.09706660419884361
7.52E-5                   0.09686052415777856
7.53E-5                   0.0966544441979809
7.54E-5                   0.09644836431891371
7.549999999999999E-5      0.09624228452004012
7.56E-5                   0.09603620480082307
7.57E-5                   0.09583012516072571
7.58E-5                   0.095624045599211
7.59E-5                   0.09541796611574196
7.599999999999999E-5      0.09521188670978165
7.609999999999999E-5      0.09500580738079295
7.62E-5                   0.09479972812823886
7.63E-5                   0.09459364895158229
7.64E-5                   0.09438756985028617
7.65E-5                   0.09418149082381341
7.659999999999999E-5      0.09397541187162693
7.67E-5                   0.09376933299318956
7.68E-5                   0.09356325418796414
7.69E-5                   0.09335717545541353
7.7E-5                    0.09315128672304238
7.709999999999999E-5      0.09295364437937816
7.719999999999999E-5      0.09275600209963838
7.73E-5                   0.09255835988335027
7.74E-5                   0.09236071773004104
7.75E-5                   0.09216307563923791
7.76E-5                   0.09196543361046802
7.769999999999999E-5      0.09176779164325863
7.78E-5                   0.09157014973713677
7.79E-5                   0.0913725078916297
7.8E-5                    0.09117486610626446
7.81E-5                   0.09097722438056823
7.819999999999999E-5      0.09077958271406814
7.829999999999999E-5      0.09058194110629121
7.84E-5                   0.09038429955676457
7.85E-5                   0.09018665806501529
7.86E-5                   0.0899890166305704
7.87E-5                   0.089791375252957
7.879999999999999E-5      0.0895937339317021
7.89E-5                   0.0893960926663327
7.9E-5                    0.0891984514563758
7.91E-5                   0.08900223391419645
7.92E-5                   0.08881469223083349
7.93E-5                   0.08862715060935746
7.939999999999999E-5      0.08843960904936327
7.95E-5                   0.08825206755044586
7.96E-5                   0.0880645261122001
7.97E-5                   0.08787698473422091
7.98E-5                   0.08768944341610319
7.989999999999999E-5      0.08750190215744175
7.999999999999999E-5      0.08731436095783147
8.01E-5                   0.08712681981686726
8.02E-5                   0.08693927873414388
8.03E-5                   0.08675173770925618
8.04E-5                   0.08656419674179898
8.049999999999999E-5      0.0863766558313671
8.06E-5                   0.08618911497755534
8.07E-5                   0.08600157417995845
8.08E-5                   0.08581403343817123
8.09E-5                   0.08562649275178845
8.099999999999999E-5      0.08543895212040487
8.109999999999999E-5      0.08525141154361518
8.12E-5                   0.08506568270872776
8.13E-5                   0.08488512620676061
8.14E-5                   0.08470456975427162
8.15E-5                   0.08452401335089946
8.159999999999999E-5      0.08434345699628261
8.17E-5                   0.08416290069005965
8.18E-5                   0.08398234443186912
8.19E-5                   0.08380178822134958
8.2E-5                    0.08362123205813957
8.209999999999999E-5      0.08344067594187764
8.219999999999999E-5      0.08326011987220222
8.23E-5                   0.0830795638487519
8.24E-5                   0.08289900787116515
8.25E-5                   0.08271845193908045
8.26E-5                   0.08253789605213631
8.269999999999999E-5      0.08235734020997124
8.28E-5                   0.08217678441222363
8.29E-5                   0.08199622865853201
8.3E-5                    0.08181567294853476
8.31E-5                   0.0816351172818704
8.319999999999999E-5      0.08145456165817737
8.329999999999999E-5      0.08127738074807475
8.34E-5                   0.08110575638082693
8.35E-5                   0.08093413205956482
8.36E-5                   0.08076250778398007
8.37E-5                   0.08059088355376436
8.379999999999999E-5      0.08041925936860933
8.389999999999999E-5      0.08024763522820665
8.4E-5                    0.0800760111322479
8.41E-5                   0.07990438708042476
8.42E-5                   0.07973276307242884
8.43E-5                   0.07956113910795178
8.439999999999999E-5      0.07938951518668518
8.45E-5                   0.0792178913083206
8.46E-5                   0.07904626747254974
8.47E-5                   0.07887464367906409
8.48E-5                   0.07870301992755531
8.489999999999999E-5      0.07853139621771495
8.499999999999999E-5      0.07835977254923455
8.51E-5                   0.0781881489218057
8.52E-5                   0.07801652533511999
8.53E-5                   0.07784490178886896
8.54E-5                   0.07767701066807023
8.549999999999999E-5      0.07751290762513073
8.56E-5                   0.07734880462111592
8.57E-5                   0.07718470165575173
8.58E-5                   0.07702059872876396
8.59E-5                   0.07685649583987851
8.599999999999999E-5      0.07669239298882129
8.609999999999999E-5      0.07652829017531806
8.62E-5                   0.0763641873990947
8.63E-5                   0.07620008465987706
8.64E-5                   0.07603598195739097
8.65E-5                   0.07587187929136228
8.659999999999999E-5      0.07570777666151683
8.669999999999999E-5      0.07554367406758036
8.68E-5                   0.07537957150927876
8.69E-5                   0.07521546898633781
8.7E-5                    0.0750513664984833
8.709999999999999E-5      0.0748872640454411
8.719999999999999E-5      0.07472316162693692
8.73E-5                   0.07455905924269658
8.74E-5                   0.0743949568924459
8.75E-5                   0.07423320323143229
8.76E-5                   0.07407292147615023
8.769999999999999E-5      0.07391263975521349
8.779999999999999E-5      0.07375235806837478
8.79E-5                   0.07359207641538704
8.8E-5                    0.07343179479600297
8.81E-5                   0.07327151320997545
8.82E-5                   0.07311123165705725
8.829999999999999E-5      0.07295095013700116
8.84E-5                   0.07279066864955996
8.85E-5                   0.07263038719448643
8.86E-5                   0.07247010577153341
8.87E-5                   0.07230982438045355
8.879999999999999E-5      0.0721495430209998
8.889999999999999E-5      0.07198926169292476
8.9E-5                    0.07182898039598125
8.91E-5                   0.07166869912992206
8.92E-5                   0.07150841789449994
8.93E-5                   0.07134813668946759
8.939999999999999E-5      0.0711982855575049
8.95E-5                   0.07105070309128077
8.96E-5                   0.0709031206513265
8.97E-5                   0.07075553823744168
8.98E-5                   0.07060795584942585
8.989999999999999E-5      0.07046037348707865
8.999999999999999E-5      0.07031279115019962
9.01E-5                   0.07016520883858832
9.02E-5                   0.07001762655204434
9.03E-5                   0.06987004429036726
9.04E-5                   0.06972246205335662
9.049999999999999E-5      0.06957487984081202
9.059999999999999E-5      0.06942729765253297
9.07E-5                   0.06927971548831906
9.08E-5                   0.06913213334796979
9.09E-5                   0.06898455123128482
9.099999999999999E-5      0.06883696913806359
9.109999999999999E-5      0.06869029057211014
9.12E-5                   0.0685437043596021
9.13E-5                   0.06839711817784179
9.14E-5                   0.06825053202663409
9.15E-5                   0.06810394590578382
9.159999999999999E-5      0.06795735981509599
9.169999999999999E-5      0.06781077375437537
9.18E-5                   0.06766418772342686
9.19E-5                   0.06751760172205536
9.2E-5                    0.06737101575006572
9.21E-5                   0.06722442980726284
9.219999999999999E-5      0.06707784389345155
9.23E-5                   0.06693125800843669
9.24E-5                   0.06678467215202318
9.25E-5                   0.0666380863240158
9.26E-5                   0.06649328330886711
9.269999999999999E-5      0.06634930151429907
9.279999999999999E-5      0.06620531974181522
9.29E-5                   0.06606133799123712
9.3E-5                    0.06591735626238632
9.31E-5                   0.06577337455508435
9.32E-5                   0.06562939286915279
9.329999999999999E-5      0.06548541120441312
9.34E-5                   0.06534142956068692
9.35E-5                   0.0651974479377957
9.36E-5                   0.06505346633556099
9.37E-5                   0.06490948475380431
9.379999999999999E-5      0.0647655031923472
9.389999999999999E-5      0.06462152165101118
9.4E-5                    0.06447754012961775
9.41E-5                   0.06433781049372726
9.42E-5                   0.06420303247754065
9.43E-5                   0.06406825448503972
9.439999999999999E-5      0.06393347651607079
9.449999999999999E-5      0.06379869857047997
9.46E-5                   0.06366392064811353
9.47E-5                   0.06352914274881766
9.48E-5                   0.0633943648724386
9.489999999999999E-5      0.06325958701882252
9.499999999999999E-5      0.06312480918781563
9.51E-5                   0.06299003137926414
9.52E-5                   0.06285525359301423
9.53E-5                   0.0627204758289121
9.54E-5                   0.06258569808680396
9.549999999999999E-5      0.062450750803365346
9.559999999999999E-5      0.06231575046184501
9.57E-5                   0.0621807501399143
9.58E-5                   0.06204574983742477
9.59E-5                   0.06191074955422788
9.6E-5                    0.06177574929017518
9.609999999999999E-5      0.061640749045118154
9.62E-5                   0.06150574881890832
9.63E-5                   0.061370748611397144
9.64E-5                   0.06123574842243617
9.65E-5                   0.06110074825187686
9.659999999999999E-5      0.06096574809957076
9.669999999999999E-5      0.06083074796536932
9.68E-5                   0.06069615655453486
9.69E-5                   0.060567833437571175
9.7E-5                    0.060439510339006054
9.71E-5                   0.060311187258709084
9.719999999999999E-5      0.060182864196549946
9.73E-5                   0.06005454115239828
9.74E-5                   0.05992621812612371
9.75E-5                   0.05979789511759584
9.76E-5                   0.05966957212668434
9.769999999999999E-5      0.059541249153258875
9.779999999999999E-5      0.059412926197189
9.79E-5                   0.05928460325834436
9.8E-5                    0.05915628033659461
9.81E-5                   0.05902795743180937
9.82E-5                   0.05890048524575376
9.829999999999999E-5      0.05877452003990834
9.839999999999999E-5      0.05864855485159885
9.85E-5                   0.058522589680702584
9.86E-5                   0.058396624527096784
9.87E-5                   0.05827065939065877
9.879999999999999E-5      0.05814469427126582
9.889999999999999E-5      0.058018729168795136
9.9E-5                    0.05789276408312406
9.91E-5                   0.05776679901412981
9.92E-5                   0.057640833961689696
9.93E-5                   0.05751486892568094
9.939999999999999E-5      0.05738890390598086
9.949999999999999E-5      0.05726293890246665
9.96E-5                   0.057139422993731495
9.97E-5                   0.05701716629260072
9.98E-5                   0.05689490960627209
9.989999999999999E-5      0.0567726529346346
9.999999999999999E-5      0.056650396277577245
1.001E-4                  0.05652813963498905
1.002E-4                  0.05640588300675904
1.003E-4                  0.056283626392776204
1.004E-4                  0.05616136979292957
1.0049999999999999E-4     0.05603911320710817
1.0059999999999999E-4     0.05591685663520097
1.007E-4                  0.05579460007709698
1.008E-4                  0.05567234353268523
1.009E-4                  0.05555008700185472
1.01E-4                   0.05543207010251365
1.0109999999999999E-4     0.055314229640548475
1.012E-4                  0.05519638919338111
1.013E-4                  0.05507854876091016
1.014E-4                  0.05496070834303419
1.015E-4                  0.05484286793965175
1.0159999999999999E-4     0.05472502755066144
1.0169999999999999E-4     0.05460718717596181
1.018E-4                  0.0544893468154514
1.019E-4                  0.05437150646902882
1.02E-4                   0.05425366613659262
1.021E-4                  0.054135825818041355
1.0219999999999999E-4     0.054017985513273595
1.0229999999999999E-4     0.05390071569418312
1.024E-4                  0.0537850723913223
1.025E-4                  0.05366942910092461
1.026E-4                  0.05355378582289647
1.0269999999999999E-4     0.0534381425571443
1.0279999999999999E-4     0.05332249930357449
1.029E-4                  0.05320685606209346
1.03E-4                   0.05309121283260762
1.031E-4                  0.05297556961502337
1.032E-4                  0.05285992640924713
1.0329999999999999E-4     0.05274428321518532
1.0339999999999999E-4     0.05262864003274431
1.035E-4                  0.052512996861830516
1.036E-4                  0.05239735370235035
1.037E-4                  0.0522843079209586
1.0379999999999999E-4     0.05217330894995754
1.0389999999999999E-4     0.052062309991221856
1.04E-4                   0.05195131104466687
1.041E-4                  0.05184031211020796
1.042E-4                  0.0517293131877604
1.043E-4                  0.05161831427723954
1.0439999999999999E-4     0.05150731537856075
1.0449999999999999E-4     0.051396316491639275
1.046E-4                  0.0512853176163905
1.047E-4                  0.0511743187527297
1.048E-4                  0.05106331990057224
1.049E-4                  0.05095232105983343
1.0499999999999999E-4     0.050841322230428594
1.051E-4                  0.05073218498438294
1.052E-4                  0.05062335359786348
1.053E-4                  0.05051452222192901
1.054E-4                  0.05040569085650122
1.0549999999999999E-4     0.05029685950150187
1.0559999999999999E-4     0.05018802815685259
1.057E-4                  0.0500791968224751
1.058E-4                  0.049970365498291126
1.059E-4                  0.049861534184222345
1.06E-4                   0.049752702880190444
1.0609999999999999E-4     0.04964387158611717
1.0619999999999999E-4     0.04953504030192417
1.063E-4                  0.04942620902753313
1.064E-4                  0.049318006515668596
1.065E-4                  0.04921314213148418
1.0659999999999999E-4     0.04910827775740252
1.0669999999999999E-4     0.04900341339335252
1.068E-4                  0.04889854903926321
1.069E-4                  0.048793684695063545
1.07E-4                   0.04868882036068248
1.071E-4                  0.04858395603604901
1.0719999999999999E-4     0.048479091721092125
1.0729999999999999E-4     0.04837422741574071
1.074E-4                  0.04826936311992383
1.075E-4                  0.04816449883357041
1.076E-4                  0.04805963455660941
1.0769999999999999E-4     0.04795477028896983
1.0779999999999999E-4     0.047851073979805196
1.079E-4                  0.04774875920454626
1.08E-4                   0.04764644443832922
1.081E-4                  0.04754412968108872
1.082E-4                  0.04744181493275936
1.0829999999999999E-4     0.04733950019327579
1.0839999999999999E-4     0.047237185462572606
1.085E-4                  0.047134870740584416
1.086E-4                  0.04703255602724586
1.087E-4                  0.04693024132249156
1.0879999999999999E-4     0.046827926626256136
1.0889999999999999E-4     0.04672561193847419
1.0899999999999999E-4     0.04662329725908034
1.091E-4                  0.04652098258800921
1.092E-4                  0.04642114304427881
1.093E-4                  0.046322094896453954
1.0939999999999999E-4     0.046223046756951276
1.0949999999999999E-4     0.0461239986257112
1.096E-4                  0.04602495050267412
1.097E-4                  0.04592590238778046
1.098E-4                  0.045826854280970636
1.099E-4                  0.04572780618218502
1.0999999999999999E-4     0.045628758091364074
1.1009999999999999E-4     0.045529710008448195
1.102E-4                  0.04543066193337775
1.103E-4                  0.04533161386609317
1.104E-4                  0.04523256580653488
1.1049999999999999E-4     0.04513366799825035
1.1059999999999999E-4     0.04503724020141533
1.107E-4                  0.04494081241220862
1.108E-4                  0.04484438463057535
1.109E-4                  0.0447479568564607
1.11E-4                   0.044651529089809815
1.1109999999999999E-4     0.04455510133056783
1.1119999999999999E-4     0.04445867357867989
1.113E-4                  0.04436224583409115
1.114E-4                  0.04426581809674677
1.115E-4                  0.04416939036659187
1.1159999999999999E-4     0.044072962643571634
1.1169999999999999E-4     0.043976534927631164
1.118E-4                  0.04388010721871564
1.119E-4                  0.04378468156467595
1.12E-4                   0.04369106110170936
1.121E-4                  0.04359744064587302
1.1219999999999999E-4     0.04350382019711685
1.1229999999999999E-4     0.043410199755390746
1.124E-4                  0.04331657932064465
1.125E-4                  0.04322295889282844
1.126E-4                  0.04312933847189204
1.1269999999999999E-4     0.043035718057785395
1.1279999999999999E-4     0.042942097650458366
1.1289999999999999E-4     0.0428484772498609
1.13E-4                   0.04275485685594288
1.131E-4                  0.042661236468654246
1.132E-4                  0.04256761608794489
1.1329999999999999E-4     0.042476824496384145
1.1339999999999999E-4     0.04238751258545999
1.135E-4                  0.042298200680853444
1.136E-4                  0.0422088887825209
1.137E-4                  0.04211957689041867
1.138E-4                  0.042030265004503096
1.1389999999999999E-4     0.04194095312473055
1.1399999999999999E-4     0.04185164125105735
1.141E-4                  0.04176232938343985
1.142E-4                  0.0416730175218344
1.143E-4                  0.04158370566619733
1.1439999999999999E-4     0.041494393816485
1.1449999999999999E-4     0.041405081972653746
1.146E-4                  0.04131577013465989
1.147E-4                  0.04122645830245983
1.148E-4                  0.04113714647600984
1.149E-4                  0.04104783465526632
1.1499999999999999E-4     0.040958522840185585
1.1509999999999999E-4     0.040869211030723974
1.152E-4                  0.04077989922683783
1.153E-4                  0.0406905874284835
1.154E-4                  0.040601275635617315
1.1549999999999999E-4     0.04051196384819565
1.1559999999999999E-4     0.040422652066174805
1.157E-4                  0.04033334028951113
1.158E-4                  0.04024402851816097
1.159E-4                  0.04015471675208068
1.16E-4                   0.04006669533921656
1.1609999999999999E-4     0.03998242812737752
1.1619999999999999E-4     0.03989816092076012
1.163E-4                  0.03981389371932781
1.164E-4                  0.039729626523043966
1.165E-4                  0.03964535933187197
1.1659999999999999E-4     0.039561092145775245
1.1669999999999999E-4     0.039476824964717154
1.1679999999999999E-4     0.03939255778866109
1.169E-4                  0.03930829061757046
1.17E-4                   0.03922402345140866
1.171E-4                  0.039139756290139084
1.1719999999999999E-4     0.03905548913372513
1.1729999999999999E-4     0.038971221982130155
1.174E-4                  0.03888695483531759
1.175E-4                  0.03880268769325081
1.176E-4                  0.03871842055589321
1.177E-4                  0.03863415342320818
1.1779999999999999E-4     0.03854988629515914
1.1789999999999999E-4     0.038465619171709445
1.18E-4                   0.03838135205282247
1.181E-4                  0.038297084938461644
1.182E-4                  0.03821281782859036
1.1829999999999999E-4     0.038128550723172
1.1839999999999999E-4     0.038044283622169946
1.185E-4                  0.03796001652554759
1.186E-4                  0.037875749433268324
1.187E-4                  0.037791482345295536
1.188E-4                  0.03771144088337461
1.1889999999999999E-4     0.03763211595680826
1.1899999999999999E-4     0.037552791035025374
1.191E-4                  0.0374734661179954
1.192E-4                  0.037394141205687764
1.193E-4                  0.037314816298071915
1.1939999999999999E-4     0.0372354913951173
1.1949999999999999E-4     0.03715616649679334
1.196E-4                  0.03707684160306946
1.197E-4                  0.036997516713915116
1.198E-4                  0.03691819182929975
1.199E-4                  0.036838866949192785
1.1999999999999999E-4     0.03675954207356366
1.2009999999999999E-4     0.036680217202381814
1.202E-4                  0.036600892335616676
1.203E-4                  0.0365215674732377
1.204E-4                  0.03644224261521429
1.2049999999999999E-4     0.03636291776151593
1.2059999999999999E-4     0.036283592912112
1.2069999999999999E-4     0.036204268066971974
1.208E-4                  0.03612494322606526
1.209E-4                  0.03604561838936133
1.21E-4                   0.035966293556829586
1.2109999999999999E-4     0.035886968728439494
1.2119999999999999E-4     0.03580764390416044
1.213E-4                  0.035728319083961894
1.214E-4                  0.035648994267813296
1.215E-4                  0.03557167233458487
1.216E-4                  0.03549675680172782
1.2169999999999999E-4     0.03542184127239233
1.2179999999999999E-4     0.035346925746552675
1.219E-4                  0.035272010224183144
1.22E-4                   0.03519709470525799
1.2209999999999999E-4     0.03512217918975152
1.222E-4                  0.035047263677637996
1.223E-4                  0.034972348168891686
1.224E-4                  0.03489743266348689
1.225E-4                  0.034822517161397865
1.226E-4                  0.03474760166259891
1.227E-4                  0.03467268616706428
1.228E-4                  0.03459777067476826
1.229E-4                  0.03452285518568513
1.2299999999999998E-4     0.03444793969978919
1.2309999999999998E-4     0.03437302421705467
1.2319999999999999E-4     0.03429810873745586
1.233E-4                  0.034223193260967046
1.234E-4                  0.0341482777875625
1.235E-4                  0.034073362317216506
1.236E-4                  0.03399844684990334
1.237E-4                  0.03392353138559726
1.238E-4                  0.03384861592427255
1.239E-4                  0.033773700465903514
1.24E-4                   0.03369878501046438
1.241E-4                  0.03362386955792946
1.2419999999999998E-4     0.03354919686951203
1.2429999999999999E-4     0.03347882174560484
1.244E-4                  0.033408446625067284
1.245E-4                  0.033338071507878
1.246E-4                  0.033267696394015715
1.247E-4                  0.033197321283459064
1.248E-4                  0.03312694617618671
1.249E-4                  0.033056571072177354
1.25E-4                   0.03298619597140966
1.251E-4                  0.03291582087386228
1.252E-4                  0.032845445779513906
1.2529999999999998E-4     0.03277507068834323
1.2539999999999999E-4     0.03270469560032888
1.255E-4                  0.032634320515449546
1.256E-4                  0.03256394543368391
1.257E-4                  0.03249357035501063
1.258E-4                  0.03242319527940837
1.259E-4                  0.032352820206855835
1.26E-4                   0.03228244513733167
1.261E-4                  0.03221207007081455
1.262E-4                  0.03214169500728315
1.263E-4                  0.03207131994671613
1.2639999999999998E-4     0.0320009448890922
1.2649999999999998E-4     0.03193056983438997
1.266E-4                  0.031860194782588155
1.267E-4                  0.031789819733665424
1.268E-4                  0.031719444687600414
1.269E-4                  0.03164906964437183
1.27E-4                   0.03158121650941764
1.271E-4                  0.03151470531488325
1.272E-4                  0.03144819412285488
1.273E-4                  0.03138168293331452
1.274E-4                  0.031315171746244125
1.2749999999999998E-4     0.031248660561625667
1.2759999999999998E-4     0.031182149379441106
1.277E-4                  0.031115638199672398
1.278E-4                  0.031049127022301518
1.279E-4                  0.030982615847310418
1.28E-4                   0.03091610467468109
1.281E-4                  0.030849593504395475
1.282E-4                  0.030783082336435542
1.283E-4                  0.03071657117078325
1.284E-4                  0.030650060007420578
1.285E-4                  0.030583548846329484
1.2859999999999998E-4     0.03051703768749194
1.2869999999999998E-4     0.03045052653088989
1.288E-4                  0.030384015376505303
1.289E-4                  0.030317504224320155
1.29E-4                   0.03025099307431641
1.291E-4                  0.030184481926476013
1.292E-4                  0.03011797078078095
1.293E-4                  0.03005145963721316
1.294E-4                  0.029984948495754636
1.295E-4                  0.02991843735638732
1.296E-4                  0.029851926219093182
1.2969999999999998E-4     0.029786402744313815
1.2979999999999998E-4     0.029723812156105877
1.2989999999999999E-4     0.02966122157018154
1.3E-4                    0.02959863098652583
1.301E-4                  0.029536040405123788
1.302E-4                  0.029473449825960448
1.303E-4                  0.029410859249020857
1.304E-4                  0.029348268674290055
1.305E-4                  0.02928567810175307
1.306E-4                  0.029223087531394947
1.307E-4                  0.029160496963200718
1.3079999999999998E-4     0.02909790639715544
1.3089999999999998E-4     0.02903531583324411
1.3099999999999999E-4     0.02897272527145181
1.311E-4                  0.02891013471176354
1.312E-4                  0.028847544154164368
1.313E-4                  0.028784953598639314
1.314E-4                  0.028722363045173414
1.315E-4                  0.02865977249375172
1.316E-4                  0.028597181944359264
1.317E-4                  0.02853459139698108
1.318E-4                  0.0284720008516022
1.3189999999999998E-4     0.028409410308207695
1.3199999999999998E-4     0.02834681976678255
1.3209999999999999E-4     0.028284229227311834
1.322E-4                  0.028221638689780577
1.323E-4                  0.02815904815417381
1.324E-4                  0.02809645762047659
1.325E-4                  0.028036981515908284
1.326E-4                  0.027978050089581544
1.327E-4                  0.02791911866509397
1.328E-4                  0.027860187242432995
1.329E-4                  0.02780125582158602
1.33E-4                   0.027742324402540458
1.3309999999999998E-4     0.02768339298528374
1.3319999999999999E-4     0.02762446156980326
1.333E-4                  0.02756553015608644
1.334E-4                  0.027506598744120685
1.335E-4                  0.02744766733389343
1.336E-4                  0.02738873592539207
1.337E-4                  0.02732980451860403
1.338E-4                  0.027270873113516714
1.339E-4                  0.027211941710117555
1.34E-4                   0.02715301030839395
1.341E-4                  0.02709407890833332
1.3419999999999998E-4     0.027035147509923085
1.3429999999999998E-4     0.026976216113150646
1.344E-4                  0.026917284718003417
1.345E-4                  0.026858353324468814
1.346E-4                  0.02679942193253426
1.347E-4                  0.02674049054218716
1.348E-4                  0.026681559153414938
1.349E-4                  0.02662262776620499
1.35E-4                   0.02656369638054475
1.351E-4                  0.026504764996421605
1.352E-4                  0.026447252890978996
1.3529999999999998E-4     0.02639147286429132
1.3539999999999998E-4     0.026335692839103926
1.355E-4                  0.02627991281540628
1.356E-4                  0.02622413279318781
1.357E-4                  0.026168352772437963
1.358E-4                  0.026112572753146178
1.359E-4                  0.026056792735301898
1.36E-4                   0.026001012718894552
1.361E-4                  0.02594523270391358
1.362E-4                  0.025889452690348428
1.363E-4                  0.025833672678188542
1.3639999999999998E-4     0.02577789266742336
1.3649999999999998E-4     0.025722112658042303
1.3659999999999999E-4     0.025666332650034818
1.367E-4                  0.025610552643390346
1.368E-4                  0.025554772638098328
1.369E-4                  0.025498992634148204
1.37E-4                   0.025443212631529412
1.371E-4                  0.025387432630231386
1.372E-4                  0.025331652630243576
1.373E-4                  0.025275872631555413
1.374E-4                  0.025220092634156335
1.3749999999999998E-4     0.025164312638035796
1.3759999999999998E-4     0.02510853264318321
1.3769999999999999E-4     0.02505275264958803
1.378E-4                  0.024996972657239692
1.379E-4                  0.02494137428516598
1.38E-4                   0.02488925624973877
1.381E-4                  0.02483713821569935
1.382E-4                  0.024785020183038995
1.383E-4                  0.024732902151749
1.384E-4                  0.02468078412182064
1.385E-4                  0.02462866609324522
1.3859999999999998E-4     0.024576548066014014
1.3869999999999998E-4     0.0245244300401183
1.3879999999999999E-4     0.02447231201554936
1.389E-4                  0.02442019399229849
1.39E-4                   0.024368075970356975
1.391E-4                  0.02431595794971609
1.392E-4                  0.024263839930367133
1.393E-4                  0.02421172191230138
1.394E-4                  0.02415960389551011
1.395E-4                  0.024107485879984625
1.396E-4                  0.024055367865716198
1.3969999999999998E-4     0.024003249852696133
1.3979999999999998E-4     0.02395113184091568
1.3989999999999999E-4     0.023899013830366144
1.4E-4                    0.02384689582103881
1.401E-4                  0.02379477781292496
1.402E-4                  0.02374265980601588
1.403E-4                  0.02369054180030285
1.404E-4                  0.023638423795777158
1.405E-4                  0.023586305792430092
1.406E-4                  0.023534187790252934
1.407E-4                  0.023483574673571123
1.408E-4                  0.02343377608415055
1.4089999999999998E-4     0.0233839774956967
1.4099999999999998E-4     0.023334178908202004
1.411E-4                  0.023284380321658932
1.412E-4                  0.023234581736059964
1.413E-4                  0.023184783151397548
1.414E-4                  0.023134984567664153
1.415E-4                  0.02308518598485224
1.416E-4                  0.023035387402954285
1.417E-4                  0.022985588821962735
1.418E-4                  0.022935790241870067
1.419E-4                  0.022885991662668737
1.4199999999999998E-4     0.02283619308435123
1.4209999999999998E-4     0.02278639450690997
1.422E-4                  0.022736595930337444
1.423E-4                  0.02268679735462612
1.424E-4                  0.022636998779768446
1.425E-4                  0.0225872002057569
1.426E-4                  0.022537401632583942
1.427E-4                  0.02248760306024203
1.428E-4                  0.022437804488723633
1.429E-4                  0.022388005918021207
1.43E-4                   0.022338207348127234
1.4309999999999998E-4     0.022288408779034166
1.4319999999999998E-4     0.022238610210734467
1.433E-4                  0.022188811643220594
1.434E-4                  0.022139939169613234
1.435E-4                  0.022093874134437
1.436E-4                  0.022047809100283536
1.437E-4                  0.022001744067146903
1.438E-4                  0.02195567903502114
1.439E-4                  0.021909614003900298
1.44E-4                   0.021863548973778416
1.441E-4                  0.021817483944649545
1.4419999999999998E-4     0.02177141891650775
1.4429999999999998E-4     0.02172535388934704
1.4439999999999999E-4     0.021679288863161478
1.445E-4                  0.021633223837945106
1.446E-4                  0.021587158813691977
1.447E-4                  0.021541093790396135
1.448E-4                  0.021495028768051632
1.449E-4                  0.021448963746652498
1.45E-4                   0.021402898726192797
1.451E-4                  0.021356833706666557
1.452E-4                  0.021310768688067843
1.4529999999999998E-4     0.021264703670390694
1.4539999999999998E-4     0.02121863865362915
1.4549999999999999E-4     0.021172573637777258
1.456E-4                  0.021126508622829065
1.457E-4                  0.021080443608778615
1.458E-4                  0.021034378595619966
1.459E-4                  0.020988313583347153
1.46E-4                   0.02094224857195422
1.461E-4                  0.020896183561435216
1.462E-4                  0.020851561620589435
1.463E-4                  0.020807199803419295
1.4639999999999998E-4     0.02076283798691239
1.4649999999999998E-4     0.02071847617106326
1.4659999999999999E-4     0.020674114355866465
1.467E-4                  0.020629752541316545
1.468E-4                  0.02058539072740805
1.469E-4                  0.020541028914135534
1.47E-4                   0.02049666710149353
1.471E-4                  0.020452305289476592
1.472E-4                  0.020407943478079272
1.473E-4                  0.02036358166729611
1.474E-4                  0.020319219857121658
1.4749999999999998E-4     0.02027485804755048
1.4759999999999998E-4     0.020230496238577082
1.4769999999999999E-4     0.020186134430196043
1.478E-4                  0.0201417726224019
1.479E-4                  0.020097410815189204
1.48E-4                   0.020053049008552495
1.481E-4                  0.020008687202486324
1.482E-4                  0.01996432539698524
1.483E-4                  0.0199199635920438
1.484E-4                  0.01987560178765653
1.485E-4                  0.01983123998381799
1.4859999999999998E-4     0.019786878180522743
1.4869999999999998E-4     0.0197425163777653
1.4879999999999998E-4     0.01969815457554023
1.489E-4                  0.019655273287935114
1.49E-4                   0.019614227316091443
1.491E-4                  0.01957318134491075
1.492E-4                  0.01953213537438901
1.493E-4                  0.01949108940452219
1.494E-4                  0.01945004343530626
1.495E-4                  0.019408997466737205
1.496E-4                  0.01936795149881099
1.497E-4                  0.019326905531523594
1.4979999999999998E-4     0.019285859564870993
1.4989999999999998E-4     0.019244813598849143
1.5E-4                    0.01920376763345402
1.501E-4                  0.019162721668681607
1.502E-4                  0.019121675704527878
1.503E-4                  0.019080629740988796
1.504E-4                  0.019039583778060348
1.505E-4                  0.018998537815738497
1.506E-4                  0.018957491854019213
1.507E-4                  0.018916445892898474
1.508E-4                  0.018875399932372253
1.5089999999999998E-4     0.01883435397243654
1.5099999999999998E-4     0.018793308013087276
1.511E-4                  0.018752262054320446
1.512E-4                  0.018711216096132025
1.513E-4                  0.018670170138517992
1.514E-4                  0.018629124181474308
1.515E-4                  0.018588078224996953
1.516E-4                  0.018547263946690692
1.517E-4                  0.018511284799138272
1.518E-4                  0.018475305652154324
1.519E-4                  0.018439326505735546
1.5199999999999998E-4     0.018403347359878624
1.5209999999999998E-4     0.018367368214580234
1.5219999999999999E-4     0.018331389069837077
1.523E-4                  0.018295409925645836
1.524E-4                  0.018259430782003205
1.525E-4                  0.018223451638905878
1.526E-4                  0.018187472496350537
1.527E-4                  0.018151493354333866
1.528E-4                  0.018115514212852565
1.529E-4                  0.018079535071903317
1.53E-4                   0.018043555931482814
1.5309999999999998E-4     0.018007576791587755
1.5319999999999998E-4     0.0179715976522148
1.5329999999999999E-4     0.017935618513360667
1.534E-4                  0.017899639375022033
1.535E-4                  0.017858285617932866
1.536E-4                  0.017813981419579357
1.537E-4                  0.01776967722093133
1.538E-4                  0.017725373021984066
1.539E-4                  0.017681068822732834
1.54E-4                   0.017636764623172933
1.541E-4                  0.017592460423299604
1.5419999999999998E-4     0.017548156223108163
1.5429999999999998E-4     0.01750385202259385
1.5439999999999999E-4     0.017459547821751954
1.545E-4                  0.017415243620577753
1.546E-4                  0.01737093941906652
1.547E-4                  0.017326635217213532
1.548E-4                  0.01728837172532318
1.549E-4                  0.017251339867703837
1.55E-4                   0.017214308011526742
1.551E-4                  0.01717727615678893
1.552E-4                  0.01714024430348745
1.5529999999999998E-4     0.01710321245161935
1.5539999999999998E-4     0.017066180601181653
1.5549999999999999E-4     0.01702914875217142
1.556E-4                  0.01699211690458568
1.557E-4                  0.016955085058421485
1.558E-4                  0.016918053213675868
1.559E-4                  0.016882380873971297
1.56E-4                   0.01684873569554647
1.561E-4                  0.016815090516504542
1.562E-4                  0.0167814453368428
1.563E-4                  0.016747800156558537
1.5639999999999998E-4     0.016714154975649053
1.5649999999999998E-4     0.016680509794111627
1.5659999999999998E-4     0.016646864611943552
1.567E-4                  0.016613219429142144
1.568E-4                  0.016579358145878572
1.569E-4                  0.01653991790618807
1.57E-4                   0.016500477667769218
1.571E-4                  0.01646103743061883
1.572E-4                  0.01642159719473369
1.573E-4                  0.016382156960110583
1.574E-4                  0.016342716726746323
1.5749999999999998E-4     0.01630327649463769
1.5759999999999998E-4     0.016265267547719033
1.5769999999999998E-4     0.016232994777661814
1.578E-4                  0.01620072200746876
1.579E-4                  0.016168449237137568
1.58E-4                   0.016136176466665944
1.581E-4                  0.016103903696051577
1.582E-4                  0.01607163092529217
1.583E-4                  0.016038240144755758
1.584E-4                  0.016003225160472544
1.585E-4                  0.015968210176713366
1.586E-4                  0.01593319519347561
1.5869999999999998E-4     0.015898180210756674
1.5879999999999998E-4     0.015863165228553945
1.5889999999999999E-4     0.015828101330176522
1.59E-4                   0.0157929226239551
1.591E-4                  0.015757743918214787
1.592E-4                  0.015722565212953083
1.593E-4                  0.01568738650816749
1.594E-4                  0.015652207803855497
1.595E-4                  0.015619405991012487
1.596E-4                  0.015587195667936243
1.597E-4                  0.015554985344725172
1.5979999999999998E-4     0.015522775021377047
1.5989999999999998E-4     0.015490564697889623
1.5999999999999999E-4     0.015456654599234603
1.601E-4                  0.015422450413247697
1.602E-4                  0.015388246228183673
1.603E-4                  0.015354042044040207
1.604E-4                  0.015319837860814986
1.605E-4                  0.015287024588052098
1.606E-4                  0.015254358562629156
1.607E-4                  0.015221692536896638
1.608E-4                  0.015189026510852376
1.6089999999999998E-4     0.015156360484494195
1.6099999999999998E-4     0.015123840509972921
1.6109999999999999E-4     0.015091327252367863
1.612E-4                  0.015058813995535008
1.613E-4                  0.015026300739472248
1.614E-4                  0.01499378759840237
1.615E-4                  0.014961288980721408
1.616E-4                  0.014928790363007021
1.617E-4                  0.014896291745257131
1.618E-4                  0.014863793127469665
1.619E-4                  0.014831342372896367
1.6199999999999998E-4     0.014799647227595226
1.6209999999999998E-4     0.014767952082691636
1.6219999999999999E-4     0.014736256938183622
1.623E-4                  0.014704561794069222
1.624E-4                  0.014672862776469627
1.625E-4                  0.014641132839017445
1.626E-4                  0.014609402901848862
1.627E-4                  0.014577672964961945
1.628E-4                  0.01454594302835476
1.629E-4                  0.014514303458385704
1.63E-4                   0.014483127563281633
1.6309999999999998E-4     0.014451951668308538
1.6319999999999998E-4     0.014420775773464527
1.6329999999999998E-4     0.014389599878747755
1.634E-4                  0.014358479710845713
1.635E-4                  0.014327563166204125
1.636E-4                  0.01429664662197414
1.637E-4                  0.014265730078153951
1.638E-4                  0.014234813534741758
1.639E-4                  0.014203976516838322
1.64E-4                   0.014173358225579805
1.641E-4                  0.014142739934390703
1.6419999999999998E-4     0.014112121643269268
1.6429999999999998E-4     0.014081503352213734
1.6439999999999998E-4     0.014051059018011056
1.645E-4                  0.014020987066261365
1.646E-4                  0.013990915114811814
1.647E-4                  0.013960843163660738
1.648E-4                  0.013930771212806472
1.649E-4                  0.01390069926224735
1.65E-4                   0.013870627311981697
1.651E-4                  0.013840555362007857
1.652E-4                  0.013810483412324161
1.6529999999999998E-4     0.013780411462928946
1.6539999999999998E-4     0.013750587472261381
1.6549999999999998E-4     0.013721103188849424
1.656E-4                  0.013691618905598559
1.657E-4                  0.01366213462250722
1.658E-4                  0.01363265033957384
1.659E-4                  0.013603166056796848
1.66E-4                   0.013573681774174692
1.661E-4                  0.013544197491705792
1.662E-4                  0.01351471320938859
1.663E-4                  0.013485228927221515
1.6639999999999998E-4     0.013456095280468252
1.6649999999999998E-4     0.013427278275894771
1.6659999999999998E-4     0.013398461271557017
1.6669999999999999E-4     0.01336964426745353
1.668E-4                  0.013340827263582843
1.669E-4                  0.01331201025994349
1.67E-4                   0.013283193256534005
1.671E-4                  0.013254376253352922
1.672E-4                  0.013225559250398774
1.673E-4                  0.013196742247670095
1.674E-4                  0.013168290467214471
1.675E-4                  0.013140054099248347
1.6759999999999998E-4     0.01311181773145514
1.6769999999999998E-4     0.013083581363833464
1.6779999999999999E-4     0.013055344996381937
1.679E-4                  0.013027108629099195
1.68E-4                   0.012998872261983856
1.681E-4                  0.01297063589503455
1.682E-4                  0.012942399528249887
1.683E-4                  0.0129141631616285
1.684E-4                  0.012886587324217687
1.685E-4                  0.01285925265628988
1.686E-4                  0.012831917988543143
1.6869999999999998E-4     0.012804583320976233
1.6879999999999998E-4     0.012777248653587887
1.6889999999999999E-4     0.012749913986376857
1.69E-4                   0.0127225793193419
1.691E-4                  0.012695244652481763
1.692E-4                  0.012667909985795195
1.693E-4                  0.012640575319280952
1.694E-4                  0.012613240652937775
1.695E-4                  0.012585905986764423
1.696E-4                  0.012558571320759633
1.697E-4                  0.01253123665492217
1.6979999999999998E-4     0.012503901989250788
1.6989999999999998E-4     0.012476567323744218
1.6999999999999999E-4     0.01244923265840122
1.701E-4                  0.012421897993220543
1.702E-4                  0.01239456332820094
1.703E-4                  0.01236722866334115
1.704E-4                  0.01234096671985885
1.705E-4                  0.012314773726630906
1.706E-4                  0.012288580733553574
1.707E-4                  0.012262387740625751
1.708E-4                  0.012236194747846338
1.7089999999999998E-4     0.012210001755214243
1.7099999999999998E-4     0.012183808762728354
1.7109999999999998E-4     0.01215761577038758
1.712E-4                  0.012131422778190818
1.713E-4                  0.01210522978613697
1.714E-4                  0.012079036794224939
1.715E-4                  0.01205284380245362
1.716E-4                  0.01202665081082192
1.717E-4                  0.012000457819328732
1.718E-4                  0.011974264827972963
1.719E-4                  0.011948071836753511
1.7199999999999998E-4     0.011921878845669287
1.7209999999999998E-4     0.01189568585471917
1.7219999999999998E-4     0.011869492863902077
1.723E-4                  0.011843461530996647
1.724E-4                  0.011818370703714928
1.725E-4                  0.01179327987657706
1.726E-4                  0.011768189049582075
1.727E-4                  0.011743098222729014
1.728E-4                  0.0117180073960169
1.729E-4                  0.011692916569444774
1.73E-4                   0.01166782574301167
1.7309999999999998E-4     0.011642734916716623
1.7319999999999998E-4     0.011617644090558656
1.7329999999999998E-4     0.011592553264536808
1.7339999999999999E-4     0.011567462438650113
1.735E-4                  0.011542371612897605
1.736E-4                  0.011517280787278315
1.737E-4                  0.011492189961791278
1.738E-4                  0.011467099136435531
1.739E-4                  0.0114420083112101
1.74E-4                   0.011416917486114023
1.741E-4                  0.011391826661146333
1.7419999999999998E-4     0.01136673583630607
1.7429999999999998E-4     0.011342014186788433
1.7439999999999998E-4     0.011317966995478863
1.7449999999999999E-4     0.011293919804288606
1.746E-4                  0.011269872613216816
1.747E-4                  0.011245825422262636
1.748E-4                  0.01122177823142522
1.749E-4                  0.011197731040703715
1.75E-4                   0.011173683850097274
1.751E-4                  0.011149636659605047
1.752E-4                  0.011125589469226174
1.753E-4                  0.011101542278959818
1.7539999999999998E-4     0.011077495088805124
1.7549999999999998E-4     0.011053447898761233
1.7559999999999999E-4     0.011029400708827304
1.757E-4                  0.011005353519002482
1.758E-4                  0.010981306329285918
1.759E-4                  0.010957259139676757
1.76E-4                   0.010933211950174156
1.761E-4                  0.01090916476077726
1.762E-4                  0.01088511757148522
1.763E-4                  0.010861643416066331
1.764E-4                  0.01083861802813932
1.7649999999999998E-4     0.010815592640319194
1.7659999999999998E-4     0.010792567252605183
1.7669999999999999E-4     0.010769541864996554
1.768E-4                  0.010746516477492555
1.769E-4                  0.010723491090092444
1.77E-4                   0.010700465702795469
1.771E-4                  0.01067744031560088
1.772E-4                  0.010654414928507935
1.773E-4                  0.01063138954151589
1.774E-4                  0.010608364154623991
1.775E-4                  0.01058533876783149
1.7759999999999998E-4     0.010562313381137656
1.7769999999999998E-4     0.01053928799454172
1.7779999999999998E-4     0.01051626260804294
1.779E-4                  0.010493237221640578
1.78E-4                   0.010470211835333879
1.781E-4                  0.010447186449122098
1.782E-4                  0.010424161063004487
1.783E-4                  0.010402215767004862
1.784E-4                  0.010380596977796823
1.785E-4                  0.010358978188682404
1.786E-4                  0.010337359399660984
1.7869999999999998E-4     0.01031574061073195
1.7879999999999998E-4     0.010294121821894672
1.7889999999999998E-4     0.010272503033148537
1.79E-4                   0.010250884244492926
1.791E-4                  0.010229265455927226
1.792E-4                  0.01020764666745082
1.793E-4                  0.010186027879063081
1.794E-4                  0.0101644090907634
1.795E-4                  0.010142790302551148
1.796E-4                  0.010121171514425717
1.797E-4                  0.010099552726386487
1.7979999999999998E-4     0.010077933938432843
1.7989999999999998E-4     0.010056315150564155
1.7999999999999998E-4     0.010034696362779814
1.801E-4                  0.010013077575079202
1.802E-4                  0.0099914587874617
1.803E-4                  0.009969839999926683
1.804E-4                  0.009948221212473542
1.805E-4                  0.009926602425101655
1.806E-4                  0.009904983637810408
1.807E-4                  0.009883364850599178
1.808E-4                  0.009861746063467347
1.8089999999999998E-4     0.009840127276414307
1.8099999999999998E-4     0.009818508489439421
1.8109999999999998E-4     0.009796889702542088
1.8119999999999999E-4     0.00977527091572168
1.813E-4                  0.00975365212897758
1.814E-4                  0.009732033342309177
1.815E-4                  0.009710414555715845
1.816E-4                  0.009688795769196965
1.817E-4                  0.00966717698275193
1.818E-4                  0.009645558196380112
1.819E-4                  0.009623939410080896
1.8199999999999998E-4     0.009602320623853668
1.8209999999999998E-4     0.0095807018376978
1.8219999999999998E-4     0.009559407000967
1.8229999999999999E-4     0.009539568068054468
1.824E-4                  0.009519729135211145
1.825E-4                  0.009499890202436552
1.826E-4                  0.009480051269730205
1.827E-4                  0.009460212337091637
1.828E-4                  0.00944037340452036
1.829E-4                  0.009420534472015905
1.83E-4                   0.009400695539577786
1.8309999999999998E-4     0.009380856607205538
1.8319999999999998E-4     0.009361017674898666
1.8329999999999998E-4     0.0093411787426567
1.8339999999999999E-4     0.009321339810479164
1.835E-4                  0.00930150087836558
1.836E-4                  0.009281661946315467
1.837E-4                  0.00926182301432835
1.838E-4                  0.009241984082403752
1.839E-4                  0.009222145150541193
1.84E-4                   0.009202306218740196
1.841E-4                  0.009182467287000283
1.842E-4                  0.009162628355320975
1.8429999999999998E-4     0.009142789423701803
1.8439999999999998E-4     0.009122950492142276
1.8449999999999999E-4     0.009103111560641922
1.846E-4                  0.009083272629200266
1.847E-4                  0.009063433697816826
1.848E-4                  0.00904359476649112
1.849E-4                  0.009023755835222684
1.85E-4                   0.00900391690401103
1.851E-4                  0.008984077972855681
1.852E-4                  0.008964239041756162
1.853E-4                  0.008944400110711995
1.8539999999999998E-4     0.008924561179722705
1.8549999999999998E-4     0.008904722248787805
1.8559999999999998E-4     0.008884883317906822
1.857E-4                  0.008865044387079279
1.858E-4                  0.008845205456304699
1.859E-4                  0.008825366525582605
1.86E-4                   0.008805527594912512
1.861E-4                  0.00878568866429395
1.862E-4                  0.008766820680676071
1.863E-4                  0.008748610463948921
1.864E-4                  0.008730400247286366
1.8649999999999998E-4     0.008712190030688047
1.8659999999999998E-4     0.008693979814153582
1.8669999999999998E-4     0.00867576959768261
1.868E-4                  0.00865755938127475
1.869E-4                  0.008639349164929646
1.87E-4                   0.00862113894864692
1.871E-4                  0.008602928732426207
1.872E-4                  0.008584718516267131
1.873E-4                  0.008566508300169336
1.874E-4                  0.008548298084132436
1.875E-4                  0.008530087868156074
1.8759999999999998E-4     0.008511877652239881
1.8769999999999998E-4     0.008493667436383478
1.8779999999999998E-4     0.008475457220586501
1.879E-4                  0.008457247004848574
1.88E-4                   0.008439036789169338
1.881E-4                  0.008420826573548418
1.882E-4                  0.008402616357985447
1.883E-4                  0.008384406142480053
1.884E-4                  0.008366195927031864
1.885E-4                  0.008347985711640521
1.886E-4                  0.008329775496305645
1.8869999999999998E-4     0.008311565281026872
1.8879999999999998E-4     0.008293355065803826
1.8889999999999998E-4     0.00827514485063614
1.8899999999999999E-4     0.008256934635523445
1.891E-4                  0.00823872442046538
1.892E-4                  0.008220514205461557
1.893E-4                  0.008202303990511627
1.894E-4                  0.008184093775615206
1.895E-4                  0.008165883560771931
1.896E-4                  0.008147673345981434
1.897E-4                  0.008129463131243334
1.8979999999999998E-4     0.008111252916557284
1.8989999999999998E-4     0.008093042701922895
1.8999999999999998E-4     0.008074832487339801
1.9009999999999999E-4     0.008056637602761645
1.902E-4                  0.00803991895745249
1.903E-4                  0.008023200312180496
1.904E-4                  0.008006481666945378
1.905E-4                  0.007989763021746851
1.906E-4                  0.007973044376584625
1.907E-4                  0.007956325731458424
1.908E-4                  0.00793960708636795
1.9089999999999998E-4     0.007922888441312928
1.9099999999999998E-4     0.007906169796293062
1.9109999999999998E-4     0.007889451151308074
1.9119999999999999E-4     0.007872732506357671
1.913E-4                  0.007856013861441575
1.914E-4                  0.007839295216559497
1.915E-4                  0.007822576571711147
1.916E-4                  0.007805857926896244
1.917E-4                  0.007789139282114498
1.918E-4                  0.007772420637365628
1.919E-4                  0.007755701992649345
1.92E-4                   0.007738983347965367
1.9209999999999998E-4     0.007722264703313405
1.9219999999999998E-4     0.007705546058693172
1.9229999999999999E-4     0.007688827414104382
1.924E-4                  0.00767210876954675
1.925E-4                  0.0076553901250199915
1.926E-4                  0.007638671480523818
1.927E-4                  0.007621952836057946
1.928E-4                  0.0076052341916220895
1.929E-4                  0.00758851554721596
1.93E-4                   0.007571796902839277
1.931E-4                  0.007555078258491747
1.9319999999999998E-4     0.007538359614173096
1.9329999999999998E-4     0.007521640969883027
1.9339999999999998E-4     0.007504922325621255
1.935E-4                  0.007488203681387496
1.936E-4                  0.0074714850371814644
1.937E-4                  0.0074547663930028775
1.938E-4                  0.007438047748851443
1.939E-4                  0.0074213291047268825
1.94E-4                   0.007404610460628906
1.941E-4                  0.0073884786528850286
1.942E-4                  0.007373142712948039
1.9429999999999998E-4     0.007357806773051006
1.9439999999999998E-4     0.007342470833193703
1.9449999999999998E-4     0.00732713489337591
1.946E-4                  0.007311798953597408
1.947E-4                  0.007296463013857978
1.948E-4                  0.007281127074157396
1.949E-4                  0.007265791134495441
1.95E-4                   0.007250455194871896
1.951E-4                  0.0072351192552865375
1.952E-4                  0.007219783315739148
1.953E-4                  0.007204447376229502
1.9539999999999998E-4     0.007189111436757385
1.9549999999999998E-4     0.00717377549732257
1.9559999999999998E-4     0.007158439557924838
1.9569999999999999E-4     0.007143103618563969
1.958E-4                  0.007127767679239743
1.959E-4                  0.007112431739951938
1.96E-4                   0.007097095800700333
1.961E-4                  0.007081759861484709
1.962E-4                  0.007066423922304845
1.963E-4                  0.007051087983160518
1.964E-4                  0.007035752044051512
1.9649999999999998E-4     0.007020416104977605
1.9659999999999998E-4     0.007005080165938572
1.9669999999999998E-4     0.006989744226934193
1.9679999999999999E-4     0.006974408287964251
1.969E-4                  0.006959072349028522
1.97E-4                   0.006943736410126789
1.971E-4                  0.006928400471258827
1.972E-4                  0.006913064532424416
1.973E-4                  0.006897728593623339
1.974E-4                  0.006882392654855372
1.975E-4                  0.006867056716120297
1.9759999999999998E-4     0.006851720777417893
1.9769999999999998E-4     0.006836384838747935
1.9779999999999998E-4     0.006821048900110205
1.9789999999999999E-4     0.006805712961504481
1.98E-4                   0.006790377022930545
1.981E-4                  0.006776087001426297
1.982E-4                  0.006761998360609683
1.983E-4                  0.006747909719815088
1.984E-4                  0.006733821079042345
1.985E-4                  0.00671973243829128
1.986E-4                  0.006705643797561721
1.9869999999999998E-4     0.006691555156853505
1.9879999999999998E-4     0.006677466516166451
1.9889999999999998E-4     0.006663377875500389
1.9899999999999999E-4     0.0066492892348551545
1.991E-4                  0.006635200594230568
1.992E-4                  0.006621111953626464
1.993E-4                  0.006607023313042671
1.994E-4                  0.006592934672479019
1.995E-4                  0.006578846031935333
1.996E-4                  0.006564757391411445
1.997E-4                  0.006550668750907182
1.9979999999999998E-4     0.006536580110422377
1.9989999999999998E-4     0.006522491469956855
1.9999999999999998E-4     0.006508402829510445
