% Model:              20230225_JW_4_00.mph
% Version:            COMSOL 5.6.0.401
% Date:               Feb 25 2023, 20:06
% Dimension:          1
% Nodes:              2001
% Expressions:        1
% Description:        点图
% X                       Height
0                         22.45435525019599
1.0E-7                    22.43684040984431
2.0E-7                    22.419386100927937
3.0E-7                    22.37807097649441
4.0E-7                    22.338546359927985
5.0E-7                    22.301815084637244
6.0E-7                    22.269226018131054
7.0E-7                    22.23737139455213
8.0E-7                    22.203603341674523
9.0E-7                    22.171991026187378
1.0E-6                    22.141851169323516
1.1E-6                    22.11050853747883
1.2E-6                    22.079056880255333
1.2999999999999998E-6     22.04700668834562
1.4E-6                    22.013966632216523
1.5E-6                    21.980684167135628
1.6E-6                    21.94777696476195
1.6999999999999998E-6     21.914504251799976
1.8E-6                    21.88062105369205
1.9E-6                    21.84625331804193
2.0E-6                    21.81212606521526
2.1E-6                    21.7780061770516
2.2E-6                    21.743192404005423
2.3E-6                    21.70821576510824
2.4E-6                    21.673471413097307
2.4999999999999998E-6     21.638295373502224
2.5999999999999997E-6     21.603096822576234
2.7E-6                    21.56794143462698
2.8E-6                    21.532336753912162
2.8999999999999998E-6     21.496961265049094
3.0E-6                    21.461418248630093
3.1E-6                    21.42574503415079
3.2E-6                    21.390097390794455
3.2999999999999997E-6     21.35440662593637
3.3999999999999996E-6     21.31858616064166
3.5E-6                    21.2827622130345
3.6E-6                    21.24694383604495
3.6999999999999997E-6     21.211065740814583
3.8E-6                    21.175137307805947
3.9E-6                    21.13923142179413
4.0E-6                    21.103320413996325
4.1E-6                    21.067341970331803
4.2E-6                    21.031376702380616
4.2999999999999995E-6     20.99542991235694
4.4E-6                    20.959456365665012
4.5E-6                    20.923471789474117
4.6E-6                    20.887504827463324
4.7E-6                    20.851547721989412
4.8E-6                    20.81561466463372
4.9E-6                    20.77968163463478
4.9999999999999996E-6     20.743748625637057
5.0999999999999995E-6     20.707815919844887
5.199999999999999E-6      20.671883271901613
5.3E-6                    20.635950634860464
5.4E-6                    20.60004256404173
5.5E-6                    20.56416390274305
5.6E-6                    20.528285265674185
5.7E-6                    20.4924088518385
5.7999999999999995E-6     20.456588698003355
5.899999999999999E-6      20.42076855266127
6.0E-6                    20.38494841111351
6.1E-6                    20.34917236406597
6.2E-6                    20.31342334672553
6.3E-6                    20.277674353789603
6.4E-6                    20.24193779102493
6.5E-6                    20.206250077285215
6.5999999999999995E-6     20.170562364034616
6.699999999999999E-6      20.134874647044658
6.799999999999999E-6      20.099271274331855
6.9E-6                    20.06369102047718
7.0E-6                    20.02811079269831
7.1E-6                    19.99254950003056
7.2E-6                    19.95702076070914
7.2999999999999996E-6     19.921492016827198
7.3999999999999995E-6     19.88596326446015
7.499999999999999E-6      19.850557304224807
7.6E-6                    19.815157838404687
7.699999999999999E-6      19.77975839763312
7.8E-6                    19.74443702189203
7.899999999999999E-6      19.709184194192183
8.0E-6                    19.67393137245213
8.1E-6                    19.638678552873742
8.2E-6                    19.603425731619726
8.3E-6                    19.568172904813874
8.4E-6                    19.532920068541227
8.5E-6                    19.497790180866293
8.599999999999999E-6      19.46271368095562
8.7E-6                    19.427637202830322
8.8E-6                    19.392560742955467
8.9E-6                    19.357484297760347
9.0E-6                    19.32240786363864
9.1E-6                    19.28733143694863
9.2E-6                    19.252598017896112
9.299999999999999E-6      19.217919415890684
9.4E-6                    19.18324082822577
9.499999999999999E-6      19.148562251543428
9.6E-6                    19.11388368245406
9.7E-6                    19.079205117536553
9.8E-6                    19.044526553338425
9.9E-6                    19.009847986376005
9.999999999999999E-6      18.975169413134577
1.01E-5                   18.940490830068555
1.0199999999999999E-5     18.905812233601594
1.03E-5                   18.871133620126802
1.0399999999999999E-5     18.836454986006892
1.05E-5                   18.80185924011145
1.06E-5                   18.767612306251994
1.07E-5                   18.733365404435272
1.08E-5                   18.699118531858186
1.0899999999999999E-5     18.664871685692102
1.1E-5                    18.630624863082932
1.1099999999999999E-5     18.59637806115128
1.12E-5                   18.562131276992538
1.13E-5                   18.527884507677015
1.14E-5                   18.49363775025007
1.15E-5                   18.459391001732218
1.1599999999999999E-5     18.42514425911925
1.17E-5                   18.390897519382392
1.1799999999999999E-5     18.356650779468357
1.19E-5                   18.322587311391487
1.2E-5                    18.28869177514651
1.21E-5                   18.25479625688146
1.22E-5                   18.22090075333236
1.2299999999999999E-5     18.18700526120858
1.24E-5                   18.153109777193087
1.2499999999999999E-5     18.119214297942484
1.26E-5                   18.08531882008718
1.2699999999999999E-5     18.051423340231572
1.28E-5                   18.017527854954135
1.29E-5                   17.983632360807587
1.3E-5                    17.94973685431904
1.31E-5                   17.915841331990126
1.3199999999999999E-5     17.881945790297188
1.33E-5                   17.848873908134465
1.3399999999999999E-5     17.81594549709117
1.35E-5                   17.783017111472557
1.3599999999999999E-5     17.75008874956359
1.37E-5                   17.717160409636318
1.38E-5                   17.684232089949898
1.3899999999999999E-5     17.65130378875071
1.4E-5                    17.61837550427234
1.4099999999999999E-5     17.585447234735685
1.42E-5                   17.552518978348985
1.4299999999999999E-5     17.51959073330789
1.44E-5                   17.486662497795514
1.45E-5                   17.45373426998246
1.4599999999999999E-5     17.420863595603706
1.47E-5                   17.38825246141382
1.4799999999999999E-5     17.35564132257651
1.49E-5                   17.32303017563559
1.4999999999999999E-5     17.290419017112484
1.51E-5                   17.257807843506345
1.52E-5                   17.22519665129418
1.53E-5                   17.192585436931008
1.5399999999999998E-5     17.159974196849994
1.55E-5                   17.12736292746257
1.56E-5                   17.0947516251586
1.57E-5                   17.06214028630651
1.5799999999999998E-5     17.02952890725343
1.59E-5                   16.996947446077414
1.6E-5                    16.96437017645489
1.61E-5                   16.931792950990914
1.62E-5                   16.89921576749391
1.63E-5                   16.86663862375615
1.64E-5                   16.83406151755385
1.6499999999999998E-5     16.80148444664722
1.66E-5                   16.768907408780574
1.67E-5                   16.73633040168239
1.68E-5                   16.70375342306538
1.69E-5                   16.67132259627968
1.7E-5                    16.639611508403203
1.71E-5                   16.607900407340416
1.7199999999999998E-5     16.57618929072268
1.73E-5                   16.544478156168537
1.74E-5                   16.5127670012838
1.75E-5                   16.481055823661617
1.76E-5                   16.449344620882552
1.77E-5                   16.417633390514663
1.78E-5                   16.385922130113574
1.7899999999999998E-5     16.354374358381516
1.8E-5                    16.322879901409035
1.81E-5                   16.29138547787724
1.82E-5                   16.25989108568013
1.8299999999999998E-5     16.22839672269871
1.84E-5                   16.19690238680106
1.85E-5                   16.165408075842397
1.8599999999999998E-5     16.133913787665136
1.87E-5                   16.10253974958929
1.88E-5                   16.07147315679181
1.89E-5                   16.040406557651917
1.8999999999999998E-5     16.00933995014211
1.91E-5                   15.978273332224573
1.92E-5                   15.947206701851238
1.9299999999999998E-5     15.916140056963835
1.94E-5                   15.885073395493945
1.95E-5                   15.854006715363086
1.96E-5                   15.823248374601473
1.9699999999999998E-5     15.792563308438538
1.98E-5                   15.761878261953733
1.99E-5                   15.731193233169364
1.9999999999999998E-5     15.700508220097197
2.01E-5                   15.669823220738564
2.02E-5                   15.639138233084404
2.03E-5                   15.608453255115291
2.0399999999999998E-5     15.577873423690882
2.05E-5                   15.547502358413656
2.06E-5                   15.517131295538027
2.07E-5                   15.486760233210806
2.0799999999999997E-5     15.456389169569809
2.09E-5                   15.42601810274389
2.1E-5                    15.395647030852997
2.1099999999999998E-5     15.365275952008233
2.12E-5                   15.334904864311873
2.13E-5                   15.304984169438367
2.14E-5                   15.275135677894351
2.1499999999999997E-5     15.245287193611015
2.16E-5                   15.215438714982279
2.17E-5                   15.185590240394701
2.1799999999999998E-5     15.15574176822752
2.19E-5                   15.125893296852691
2.2E-5                    15.096044824634923
2.21E-5                   15.066272469986545
2.2199999999999998E-5     15.036619810895047
2.23E-5                   15.006967171629784
2.24E-5                   14.977314550059988
2.2499999999999998E-5     14.94766194404476
2.26E-5                   14.918009351433147
2.27E-5                   14.888356770064211
2.28E-5                   14.85870419776706
2.2899999999999998E-5     14.829051632360954
2.3E-5                    14.799915422215669
2.31E-5                   14.770826762025628
2.3199999999999998E-5     14.741738096122175
2.33E-5                   14.7126494234703
2.34E-5                   14.683560743030792
2.35E-5                   14.654472053760314
2.3599999999999998E-5     14.625383354611383
2.37E-5                   14.596294644532415
2.38E-5                   14.56732673564103
2.3899999999999998E-5     14.538511004012564
2.4E-5                    14.509695295471323
2.41E-5                   14.48087960749926
2.42E-5                   14.452063937567496
2.4299999999999998E-5     14.423248283136385
2.44E-5                   14.39443264165558
2.45E-5                   14.365617010564144
2.4599999999999998E-5     14.336801387290578
2.4699999999999997E-5     14.308495347662005
2.48E-5                   14.280205343957547
2.49E-5                   14.251915337351345
2.4999999999999998E-5     14.223625327243257
2.51E-5                   14.19533531303081
2.52E-5                   14.167045294109215
2.53E-5                   14.13875526987138
2.5399999999999997E-5     14.110465239707898
2.55E-5                   14.082411230036355
2.56E-5                   14.05459667982125
2.5699999999999998E-5     14.026782136461051
2.58E-5                   13.998967597599812
2.59E-5                   13.971153060873121
2.6E-5                    13.94333852390818
2.6099999999999997E-5     13.915523984323842
2.62E-5                   13.887709439730697
2.63E-5                   13.859714362288369
2.6399999999999998E-5     13.831692474641743
2.65E-5                   13.803670606331686
2.66E-5                   13.775648756135707
2.67E-5                   13.747626922826166
2.6799999999999998E-5     13.719605105170292
2.69E-5                   13.691588997286605
2.7E-5                    13.664335846498638
2.7099999999999998E-5     13.63708268538479
2.7199999999999997E-5     13.609829512744907
2.73E-5                   13.582576327375184
2.74E-5                   13.555323128068203
2.7499999999999998E-5     13.528069913612967
2.76E-5                   13.50084514657187
2.77E-5                   13.473789299492866
2.7799999999999998E-5     13.446733465062948
2.7899999999999997E-5     13.419677642022775
2.8E-5                    13.392621829108519
2.81E-5                   13.36556602505191
2.8199999999999998E-5     13.338510228580263
2.83E-5                   13.31151704942778
2.84E-5                   13.28468408552565
2.8499999999999998E-5     13.257851137075777
2.8599999999999997E-5     13.231018202712182
2.87E-5                   13.204185281064172
2.88E-5                   13.177352370756338
2.8899999999999998E-5     13.150519470408634
2.9E-5                    13.12387645752342
2.91E-5                   13.097498032680939
2.9199999999999998E-5     13.07111959157442
2.9299999999999997E-5     13.044741133375036
2.94E-5                   13.018362657251718
2.95E-5                   12.991984162371157
2.9599999999999998E-5     12.965605647897835
2.97E-5                   12.939421992435204
2.98E-5                   12.91339486724468
2.99E-5                   12.887367770523849
2.9999999999999997E-5     12.86134070098169
3.01E-5                   12.835313657322853
3.02E-5                   12.809286638247684
3.0299999999999998E-5     12.78328104830593
3.04E-5                   12.757310726967367
3.05E-5                   12.731340397115613
3.06E-5                   12.705370057656234
3.07E-5                   12.67939970749173
3.0799999999999996E-5     12.653429345521545
3.09E-5                   12.627541038702617
3.1E-5                    12.601979318230995
3.11E-5                   12.576417611090864
3.12E-5                   12.550855916343627
3.13E-5                   12.525294233047896
3.14E-5                   12.499732560259464
3.15E-5                   12.474176813074568
3.1599999999999996E-5     12.448862239933494
3.17E-5                   12.42354766039875
3.18E-5                   12.398233073420695
3.1899999999999996E-5     12.372918477946932
3.2E-5                    12.347603872922356
3.21E-5                   12.322289257289153
3.22E-5                   12.297181355639523
3.23E-5                   12.272110790207153
3.24E-5                   12.247040236742903
3.25E-5                   12.221969694333241
3.26E-5                   12.196899162062028
3.2699999999999995E-5     12.171828639010545
3.28E-5                   12.146976695092492
3.29E-5                   12.12223231995451
3.2999999999999996E-5     12.097487942564584
3.31E-5                   12.072743562012331
3.32E-5                   12.047999177385107
3.3299999999999996E-5     12.023254787768032
3.34E-5                   11.998638000640627
3.35E-5                   11.974152295656284
3.36E-5                   11.949666596611777
3.37E-5                   11.925180902646916
3.38E-5                   11.900695212899297
3.39E-5                   11.876209526504296
3.4E-5                    11.851814242859948
3.4099999999999995E-5     11.82761426806049
3.42E-5                   11.80341429440953
3.43E-5                   11.77921432105238
3.4399999999999996E-5     11.75501434713232
3.45E-5                   11.73081437179058
3.46E-5                   11.706648338603822
3.4699999999999996E-5     11.68269164754858
3.48E-5                   11.658734960080483
3.49E-5                   11.634778275396998
3.5E-5                    11.610821592693647
3.51E-5                   11.586864911164026
3.52E-5                   11.562908229999824
3.53E-5                   11.539224394551553
3.54E-5                   11.515551151260269
3.5499999999999996E-5     11.491877910755937
3.56E-5                   11.468204672248866
3.57E-5                   11.44453143494758
3.5799999999999996E-5     11.4208581980588
3.59E-5                   11.397391270612676
3.6E-5                    11.373980596492816
3.6099999999999997E-5     11.350569923591864
3.62E-5                   11.327159251164995
3.63E-5                   11.303748578465722
3.64E-5                   11.280337904745922
3.65E-5                   11.257093638857075
3.6599999999999995E-5     11.233956275788687
3.67E-5                   11.210818919469496
3.68E-5                   11.187681569193964
3.6899999999999996E-5     11.164544224254955
3.7E-5                    11.141406883943802
3.71E-5                   11.1183799676555
3.7199999999999996E-5     11.095498236922523
3.73E-5                   11.072616501664717
3.74E-5                   11.04973476116969
3.75E-5                   11.026853014723633
3.76E-5                   11.003971261611307
3.77E-5                   10.981156393136354
3.78E-5                   10.958536846854466
3.79E-5                   10.935917309383939
3.7999999999999995E-5     10.913297780070554
3.81E-5                   10.890678258258689
3.82E-5                   10.868058743291328
3.8299999999999996E-5     10.845461438830263
3.84E-5                   10.823125788410925
3.85E-5                   10.800790136168327
3.8599999999999996E-5     10.778454481459955
3.87E-5                   10.75611882364204
3.88E-5                   10.733783162069614
3.89E-5                   10.71144749609648
3.9E-5                    10.68934062999624
3.9099999999999995E-5     10.667258813326987
3.92E-5                   10.64517700126047
3.93E-5                   10.623095193189759
3.9399999999999995E-5     10.60101338850672
3.95E-5                   10.578931586602044
3.96E-5                   10.557023777339218
3.9699999999999996E-5     10.535182145684349
3.98E-5                   10.513340514585328
3.99E-5                   10.491498883427578
3.9999999999999996E-5     10.469657251595374
4.01E-5                   10.447815618471859
4.02E-5                   10.426192088146536
4.03E-5                   10.404748766829092
4.04E-5                   10.383305448413823
4.0499999999999995E-5     10.361862132348636
4.06E-5                   10.340418818080416
4.07E-5                   10.318975505055077
4.0799999999999996E-5     10.29753219271753
4.09E-5                   10.276088880511688
4.1E-5                    10.254645567880496
4.1099999999999996E-5     10.233202254265935
4.12E-5                   10.211758939109004
4.13E-5                   10.190315621849743
4.14E-5                   10.168966718443228
4.15E-5                   10.148010570640118
4.1599999999999995E-5     10.127054427335874
4.17E-5                   10.10609828800591
4.18E-5                   10.085142152124707
4.1899999999999995E-5     10.06418601916586
4.2E-5                    10.043229888602019
4.21E-5                   10.022273759904966
4.2199999999999996E-5     10.001317632545565
4.23E-5                   9.98036150599379
4.24E-5                   9.959405379718737
4.2499999999999996E-5     9.938449253188613
4.26E-5                   9.917493125870754
4.27E-5                   9.896968153608645
4.28E-5                   9.876525285031578
4.29E-5                   9.85608241872896
4.2999999999999995E-5     9.835639554244644
4.31E-5                   9.81519669112174
4.32E-5                   9.79475382890264
4.3299999999999995E-5     9.774310967129008
4.34E-5                   9.753868105341784
4.35E-5                   9.733425243081198
4.3599999999999996E-5     9.712982379886776
4.37E-5                   9.692539515297323
4.38E-5                   9.672096648850953
4.3899999999999996E-5     9.651887289915035
4.4E-5                    9.631924628027397
4.41E-5                   9.611961969865954
4.42E-5                   9.591999314961928
4.43E-5                   9.572036662845793
4.4399999999999995E-5     9.55207401304732
4.45E-5                   9.53211136509555
4.46E-5                   9.512148718518795
4.4699999999999996E-5     9.492186072844675
4.48E-5                   9.472223427600083
4.49E-5                   9.452260782311223
4.4999999999999996E-5     9.432298136503595
4.51E-5                   9.412397715800052
4.52E-5                   9.392904684864192
4.5299999999999997E-5     9.373411656403105
4.54E-5                   9.35391863003752
4.5499999999999995E-5     9.334425605387619
4.56E-5                   9.31493258207304
4.57E-5                   9.295439559712877
4.5799999999999995E-5     9.275946537925684
4.59E-5                   9.256453516329483
4.6E-5                    9.23696049454175
4.6099999999999996E-5     9.217467472179447
4.62E-5                   9.197974448859009
4.63E-5                   9.178481424196333
4.6399999999999996E-5     9.159365861057442
4.65E-5                   9.140357549395977
4.66E-5                   9.121349240815873
4.67E-5                   9.102340934906442
4.68E-5                   9.083332631256445
4.6899999999999995E-5     9.06432432945408
4.7E-5                    9.045316029086974
4.71E-5                   9.026307729742214
4.7199999999999995E-5     9.007299431006322
4.73E-5                   8.988291132465283
4.74E-5                   8.969282833704527
4.7499999999999996E-5     8.950274534308956
4.76E-5                   8.931448339843138
4.77E-5                   8.91286855463428
4.7799999999999996E-5     8.894288770511666
4.79E-5                   8.87570898715174
4.8E-5                    8.857129204230535
4.81E-5                   8.838549421423668
4.82E-5                   8.819969638406343
4.8299999999999995E-5     8.801389854853362
4.84E-5                   8.78281007043911
4.85E-5                   8.764230284837573
4.8599999999999995E-5     8.745650497722334
4.87E-5                   8.72707070876658
4.88E-5                   8.708527337758483
4.8899999999999996E-5     8.690459044650906
4.9E-5                    8.672390757153103
4.91E-5                   8.654322474926587
4.9199999999999997E-5     8.636254197632441
4.93E-5                   8.618185924931325
4.9399999999999995E-5     8.600117656483489
4.95E-5                   8.582049391948763
4.96E-5                   8.563981130986555
4.9699999999999995E-5     8.545912873255883
4.98E-5                   8.527844618415335
4.99E-5                   8.509776366123104
4.9999999999999996E-5     8.491708116036985
5.01E-5                   8.473855246965403
5.02E-5                   8.456087201366737
5.0299999999999996E-5     8.438319150348205
5.04E-5                   8.420551093582356
5.05E-5                   8.402783030741384
5.06E-5                   8.38501496149711
5.07E-5                   8.367246885521011
5.0799999999999995E-5     8.3494788024842
5.09E-5                   8.33171071205744
5.1E-5                    8.31394261391114
5.1099999999999995E-5     8.296174507715367
5.12E-5                   8.27840639313984
5.13E-5                   8.260912645644744
5.1399999999999996E-5     8.243898996225814
5.15E-5                   8.226885362363705
5.16E-5                   8.20987174388695
5.1699999999999996E-5     8.192858140623882
5.18E-5                   8.17584455240262
5.1899999999999994E-5     8.158830979051078
5.2E-5                    8.14181742039696
5.21E-5                   8.124803876267766
5.2199999999999995E-5     8.107790346490798
5.23E-5                   8.090776830893136
5.24E-5                   8.073763329301672
5.2499999999999995E-5     8.056746709747705
5.26E-5                   8.039416916784289
5.27E-5                   8.022087075238238
5.2799999999999996E-5     8.004757184322685
5.29E-5                   7.987427243250127
5.3E-5                    7.970097251232478
5.3099999999999996E-5     7.952767207481048
5.32E-5                   7.9354371112065625
5.3299999999999995E-5     7.918106961619177
5.34E-5                   7.9007767579284796
5.35E-5                   7.883446499343507
5.3599999999999995E-5     7.866116185072745
5.37E-5                   7.848785814324143
5.38E-5                   7.831952625646424
5.3899999999999996E-5     7.815380050490548
5.4E-5                    7.798807513288608
5.41E-5                   7.782235013999033
5.4199999999999996E-5     7.765662552580155
5.43E-5                   7.749090128990212
5.4399999999999994E-5     7.732517743187366
5.4499999999999997E-5     7.715945395129672
5.46E-5                   7.699373084775112
5.4699999999999995E-5     7.683361219156204
5.48E-5                   7.667707695279082
5.49E-5                   7.652054102227407
5.4999999999999995E-5     7.636400439754248
5.51E-5                   7.6207467076127395
5.52E-5                   7.605092905556083
5.5299999999999996E-5     7.589066043034494
5.54E-5                   7.572783445919687
5.55E-5                   7.556500927477294
5.5599999999999996E-5     7.540218487383235
5.57E-5                   7.524160105969456
5.5799999999999994E-5     7.508365092609443
5.59E-5                   7.49257004050013
5.6E-5                    7.47677494953096
5.6099999999999995E-5     7.461081834157731
5.62E-5                   7.445424517695771
5.63E-5                   7.429767228172429
5.6399999999999995E-5     7.414035946196455
5.65E-5                   7.398235756670583
5.66E-5                   7.382435561273706
5.6699999999999996E-5     7.36682831416279
5.68E-5                   7.35134050121537
5.69E-5                   7.335852045148216
5.6999999999999996E-5     7.320279209987444
5.71E-5                   7.30470639320149
5.7199999999999994E-5     7.289186647031579
5.73E-5                   7.273747384912658
5.74E-5                   7.258308106364181
5.7499999999999995E-5     7.242939818032374
5.76E-5                   7.227590752005665
5.77E-5                   7.212249847967227
5.7799999999999995E-5     7.196946849451342
5.79E-5                   7.181643840624442
5.8E-5                    7.166407394564
5.8099999999999996E-5     7.151221856726657
5.82E-5                   7.136036326309127
5.8299999999999994E-5     7.120900283025818
5.8399999999999997E-5     7.105766486378881
5.85E-5                   7.090665715705913
5.8599999999999995E-5     7.075627296350486
5.87E-5                   7.0605888800996786
5.88E-5                   7.045607406782597
5.8899999999999995E-5     7.030646346037493
5.9E-5                    7.015694121598128
5.91E-5                   7.000803247724408
5.9199999999999996E-5     6.985912374424501
5.93E-5                   6.971071801437526
5.94E-5                   6.956278463420544
5.9499999999999996E-5     6.941485126378694
5.96E-5                   6.926741984929775
5.9699999999999994E-5     6.912004079806109
5.98E-5                   6.897296294993309
5.99E-5                   6.882660382031826
5.9999999999999995E-5     6.868024470653812
6.01E-5                   6.853429387497895
6.02E-5                   6.838853066637606
6.0299999999999995E-5     6.824283424776367
6.04E-5                   6.809796238995845
6.05E-5                   6.7953090544839645
6.0599999999999996E-5     6.780856160195865
6.07E-5                   6.766442757062674
6.08E-5                   6.752029353349098
6.0899999999999996E-5     6.737680392079695
6.1E-5                    6.723342400367495
6.11E-5                   6.70902439801548
6.12E-5                   6.694768206714448
6.13E-5                   6.680512014800149
6.14E-5                   6.666300467854467
6.149999999999999E-5      6.6521146769933654
6.159999999999999E-5      6.63793086271161
6.17E-5                   6.62382749054672
6.18E-5                   6.609724117991475
6.19E-5                   6.5956495715673045
6.2E-5                    6.581615866343564
6.209999999999999E-5      6.567582161833612
6.22E-5                   6.553613895610044
6.23E-5                   6.539661624478531
6.24E-5                   6.525722748979204
6.25E-5                   6.511839746519831
6.26E-5                   6.4979567442516215
6.269999999999999E-5      6.484120460682714
6.28E-5                   6.470317567400273
6.29E-5                   6.456514674647994
6.3E-5                    6.442816396306886
6.31E-5                   6.429121021252663
6.319999999999999E-5      6.4154256462296315
6.33E-5                   6.401730271101943
6.34E-5                   6.388034895733674
6.35E-5                   6.374451782343347
6.36E-5                   6.3609055711628715
6.37E-5                   6.347359360558497
6.379999999999999E-5      6.333813150398549
6.39E-5                   6.320266940551268
6.4E-5                    6.3067978810103
6.41E-5                   6.293396630184104
6.42E-5                   6.279995379555841
6.429999999999999E-5      6.26659412899813
6.44E-5                   6.253192878383498
6.45E-5                   6.239836674435487
6.46E-5                   6.226579881981645
6.47E-5                   6.213323090075202
6.48E-5                   6.200066298592828
6.489999999999999E-5      6.186809507411127
6.5E-5                    6.173565833479154
6.51E-5                   6.160452484629735
6.52E-5                   6.1473391360484175
6.53E-5                   6.134225787616174
6.539999999999999E-5      6.12111243921391
6.549999999999999E-5      6.107999090722459
6.56E-5                   6.095008802838409
6.57E-5                   6.0820367322103355
6.58E-5                   6.069064661998989
6.59E-5                   6.056092592089099
6.599999999999999E-5      6.043120522365344
6.61E-5                   6.030239975586234
6.62E-5                   6.01740856595621
6.63E-5                   6.004577156544499
6.64E-5                   5.991745747239522
6.65E-5                   5.978914337929639
6.659999999999999E-5      5.966142437385766
6.67E-5                   5.9534493309053245
6.68E-5                   5.940756224833103
6.69E-5                   5.9280631190615445
6.7E-5                    5.915370013483024
6.709999999999999E-5      5.902705900149849
6.72E-5                   5.890150923943446
6.73E-5                   5.877595948016656
6.74E-5                   5.865040972264979
6.75E-5                   5.852485996583865
6.76E-5                   5.8399310208687005
6.769999999999999E-5      5.827577363981612
6.78E-5                   5.815225843091278
6.79E-5                   5.802874322536767
6.8E-5                    5.7905228022189945
6.81E-5                   5.778171282038829
6.819999999999999E-5      5.765819761897089
6.829999999999999E-5      5.753468241694534
6.84E-5                   5.741116721331886
6.85E-5                   5.728765200709803
6.86E-5                   5.716413679728906
6.87E-5                   5.704208060332408
6.879999999999999E-5      5.692122431305284
6.89E-5                   5.680036802930331
6.9E-5                    5.667951175115059
6.91E-5                   5.655865547766931
6.92E-5                   5.643779920793365
6.929999999999999E-5      5.631694294101728
6.939999999999999E-5      5.619608667599348
6.95E-5                   5.6075230411935
6.96E-5                   5.595437414791422
6.97E-5                   5.583379865283881
6.98E-5                   5.571554331226369
6.989999999999999E-5      5.559728797613982
7.0E-5                    5.547903264359957
7.01E-5                   5.536077731377497
7.02E-5                   5.524252198579762
7.03E-5                   5.51242666587987
7.04E-5                   5.500601133190901
7.049999999999999E-5      5.488775600425893
7.06E-5                   5.476950067497841
7.07E-5                   5.465124534319705
7.08E-5                   5.453554808486448
7.09E-5                   5.442112695521462
7.099999999999999E-5      5.430670583137983
7.11E-5                   5.419228471257728
7.12E-5                   5.407786359802381
7.13E-5                   5.39634424869359
7.14E-5                   5.384902137852967
7.15E-5                   5.373460027202091
7.159999999999999E-5      5.362017916662506
7.17E-5                   5.350575806155717
7.18E-5                   5.339133695603202
7.19E-5                   5.3276915849264
7.2E-5                    5.316249474046719
7.209999999999999E-5      5.3048073628855335
7.219999999999999E-5      5.2933652513641825
7.23E-5                   5.281923139403972
7.24E-5                   5.270481026926177
7.25E-5                   5.259038913852039
7.26E-5                   5.247596800102768
7.269999999999999E-5      5.236154685599542
7.28E-5                   5.224712570263501
7.29E-5                   5.213656840576442
7.3E-5                    5.202706548863403
7.31E-5                   5.19175625814168
7.319999999999999E-5      5.18080596834331
7.329999999999999E-5      5.169855679400305
7.34E-5                   5.158905391244644
7.35E-5                   5.147955103808281
7.36E-5                   5.137004817023137
7.37E-5                   5.126054530821115
7.379999999999999E-5      5.11510424513408
7.39E-5                   5.104153959893868
7.4E-5                    5.093203675032294
7.41E-5                   5.082253390481145
7.42E-5                   5.0713031061721745
7.429999999999999E-5      5.060352822037118
7.439999999999999E-5      5.049402538007675
7.45E-5                   5.038452254015522
7.46E-5                   5.02750196999231
7.47E-5                   5.01655168586966
7.48E-5                   5.005601401579172
7.489999999999999E-5      4.994651117052416
7.5E-5                    4.984122472865454
7.51E-5                   4.973638570805789
7.52E-5                   4.963154669269561
7.53E-5                   4.9526707681965005
7.54E-5                   4.9421868675263125
7.549999999999999E-5      4.931702967198679
7.56E-5                   4.9212190671532605
7.57E-5                   4.910735167329694
7.58E-5                   4.900251267667594
7.59E-5                   4.889767368106553
7.599999999999999E-5      4.879283468586147
7.609999999999999E-5      4.868799569045917
7.62E-5                   4.858315669425398
7.63E-5                   4.84783176966409
7.64E-5                   4.837347869701484
7.65E-5                   4.826863969477034
7.659999999999999E-5      4.816380068930191
7.67E-5                   4.805896168000367
7.68E-5                   4.795412266626968
7.69E-5                   4.784928364749371
7.7E-5                    4.774455094610976
7.709999999999999E-5      4.764443459356025
7.719999999999999E-5      4.754431824848045
7.73E-5                   4.74442019103616
7.74E-5                   4.734408557869472
7.75E-5                   4.72439692529707
7.76E-5                   4.7143852932680215
7.769999999999999E-5      4.70437366173138
7.78E-5                   4.694362030636177
7.79E-5                   4.684350399931429
7.8E-5                    4.674338769566137
7.81E-5                   4.66432713948928
7.819999999999999E-5      4.654315509649828
7.829999999999999E-5      4.644303879996723
7.84E-5                   4.6342922504789
7.85E-5                   4.624280621045272
7.86E-5                   4.614268991644739
7.87E-5                   4.604257362226175
7.879999999999999E-5      4.594245732738454
7.89E-5                   4.5842341031304175
7.9E-5                    4.5742224733509
7.91E-5                   4.564267493438941
7.92E-5                   4.554657751377235
7.93E-5                   4.545048009707186
7.939999999999999E-5      4.535438268381156
7.95E-5                   4.525828527351487
7.96E-5                   4.516218786570513
7.97E-5                   4.506609045990548
7.98E-5                   4.496999305563894
7.989999999999999E-5      4.487389565242838
7.999999999999999E-5      4.477779824979649
8.01E-5                   4.468170084726586
8.02E-5                   4.458560344435891
8.03E-5                   4.4489506040597915
8.04E-5                   4.439340863550502
8.049999999999999E-5      4.42973112286022
8.06E-5                   4.420121381941132
8.07E-5                   4.4105116407454075
8.08E-5                   4.400901899225209
8.09E-5                   4.391292157332675
8.099999999999999E-5      4.381682415019937
8.109999999999999E-5      4.372072672239111
8.12E-5                   4.36258165878908
8.13E-5                   4.353429613614186
8.14E-5                   4.344277569130617
8.15E-5                   4.335125525301114
8.159999999999999E-5      4.325973482088413
8.17E-5                   4.316821439455233
8.18E-5                   4.307669397364284
8.19E-5                   4.2985173557782685
8.2E-5                    4.289365314659873
8.209999999999999E-5      4.280213273971781
8.219999999999999E-5      4.2710612336766545
8.23E-5                   4.261909193737155
8.24E-5                   4.25275715411593
8.25E-5                   4.243605114775612
8.26E-5                   4.2344530756788314
8.269999999999999E-5      4.225301036788205
8.28E-5                   4.216148998066337
8.29E-5                   4.206996959475821
8.3E-5                    4.197844920979243
8.31E-5                   4.188692882539182
8.319999999999999E-5      4.179540844118201
8.329999999999999E-5      4.170518394405734
8.34E-5                   4.1617093165017325
8.35E-5                   4.1529002386587575
8.36E-5                   4.144091160838022
8.37E-5                   4.135282083000729
8.379999999999999E-5      4.126473005108072
8.389999999999999E-5      4.117663927121228
8.4E-5                    4.108854849001376
8.41E-5                   4.100045770709675
8.42E-5                   4.091236692207278
8.43E-5                   4.082427613455329
8.439999999999999E-5      4.073618534414963
8.45E-5                   4.0648094550473
8.46E-5                   4.056000375313457
8.47E-5                   4.047191295174538
8.48E-5                   4.038382214591637
8.489999999999999E-5      4.029573133525844
8.499999999999999E-5      4.020764051938233
8.51E-5                   4.011954969789873
8.52E-5                   4.00314588704182
8.53E-5                   3.9943368036551274
8.54E-5                   3.9857496455630153
8.549999999999999E-5      3.977387722983897
8.56E-5                   3.969025801189717
8.57E-5                   3.960663880154538
8.58E-5                   3.952301959852415
8.59E-5                   3.9439400402573974
8.599999999999999E-5      3.9355781213435295
8.609999999999999E-5      3.9272162030848445
8.62E-5                   3.918854285455374
8.63E-5                   3.910492368429143
8.64E-5                   3.9021304519801676
8.65E-5                   3.8937685360824603
8.659999999999999E-5      3.8854066207100253
8.669999999999999E-5      3.8770447058368593
8.68E-5                   3.868682791436959
8.69E-5                   3.8603208774843076
8.7E-5                    3.8519589639528866
8.709999999999999E-5      3.8435970508166712
8.719999999999999E-5      3.8352351380496263
8.73E-5                   3.826873225625717
8.74E-5                   3.8185113135188997
8.75E-5                   3.8103412863483586
8.76E-5                   3.8022915105171413
8.769999999999999E-5      3.7942417343073425
8.779999999999999E-5      3.7861919576884664
8.79E-5                   3.778142180630015
8.8E-5                    3.7700924031014833
8.81E-5                   3.762042625072358
8.82E-5                   3.7539928465121224
8.829999999999999E-5      3.7459430673902525
8.84E-5                   3.7378932876762168
8.85E-5                   3.729843507339481
8.86E-5                   3.7217937263495044
8.87E-5                   3.7137439446757368
8.879999999999999E-5      3.7056941622876285
8.889999999999999E-5      3.6976443791546156
8.9E-5                    3.6895945952461378
8.91E-5                   3.6815448105316224
8.92E-5                   3.6734950249804936
8.93E-5                   3.665445238562171
8.939999999999999E-5      3.657613432563209
8.95E-5                   3.649829040098108
8.96E-5                   3.6420446481512103
8.97E-5                   3.6342602566989446
8.98E-5                   3.626475865717737
8.989999999999999E-5      3.6186914751840082
8.999999999999999E-5      3.6109070850741714
9.01E-5                   3.6031226953646387
9.02E-5                   3.5953383060318127
9.03E-5                   3.5875539170520963
9.04E-5                   3.579769528401884
9.049999999999999E-5      3.5719851400575657
9.059999999999999E-5      3.5642007519955285
9.07E-5                   3.556416364192151
9.08E-5                   3.548631976623812
9.09E-5                   3.5408475892668814
9.099999999999999E-5      3.533063202097728
9.109999999999999E-5      3.5255674667945693
9.12E-5                   3.518101226786424
9.13E-5                   3.5106349867084394
9.14E-5                   3.5031687465391412
9.15E-5                   3.4957025062570537
9.159999999999999E-5      3.4882362658406953
9.169999999999999E-5      3.480770025268582
9.18E-5                   3.473303784519225
9.19E-5                   3.4658375435711335
9.2E-5                    3.45837130240281
9.21E-5                   3.4509050609927563
9.219999999999999E-5      3.443438819319471
9.23E-5                   3.4359725773614453
9.24E-5                   3.4285063350971687
9.25E-5                   3.42104009250513
9.26E-5                   3.4137177591315413
9.269999999999999E-5      3.4064617144854044
9.279999999999999E-5      3.399205670129579
9.29E-5                   3.391949626044493
9.3E-5                    3.384693582210564
9.31E-5                   3.377437538608213
9.32E-5                   3.3701814952178495
9.329999999999999E-5      3.3629254520198866
9.34E-5                   3.355669408994729
9.35E-5                   3.3484133661227804
9.36E-5                   3.341157323384441
9.37E-5                   3.333901280760105
9.379999999999999E-5      3.3266452382301686
9.389999999999999E-5      3.319389195775019
9.4E-5                    3.3121331533750413
9.41E-5                   3.3049851628300697
9.42E-5                   3.2979630063051144
9.43E-5                   3.29094084985045
9.439999999999999E-5      3.28391869344833
9.449999999999999E-5      3.2768965370810066
9.46E-5                   3.2698743807307267
9.47E-5                   3.2628522243797367
9.48E-5                   3.2558300680102805
9.489999999999999E-5      3.2488079116045983
9.499999999999999E-5      3.241785755144925
9.51E-5                   3.2347635986134984
9.52E-5                   3.2277414419925474
9.53E-5                   3.220719285264303
9.54E-5                   3.2136971284109914
9.549999999999999E-5      3.2068186490094632
9.559999999999999E-5      3.199985144866643
9.57E-5                   3.1931516408665637
9.58E-5                   3.1863181369925955
9.59E-5                   3.1794846332281086
9.6E-5                    3.1726511295564706
9.609999999999999E-5      3.165817625961044
9.62E-5                   3.158984122425189
9.63E-5                   3.1521506189322643
9.64E-5                   3.1453171154656285
9.65E-5                   3.138483612008632
9.659999999999999E-5      3.13165010854463
9.669999999999999E-5      3.1248166050569677
9.68E-5                   3.1179957273854906
9.69E-5                   3.111368491305296
9.7E-5                    3.104741255338154
9.71E-5                   3.098114019469292
9.719999999999999E-5      3.091486783683938
9.73E-5                   3.0848595479673127
9.74E-5                   3.0782323123046407
9.75E-5                   3.0716050766811405
9.76E-5                   3.064977841082029
9.769999999999999E-5      3.058350605492525
9.779999999999999E-5      3.051723369897838
9.79E-5                   3.04509613428318
9.8E-5                    3.0384688986337625
9.81E-5                   3.031841662934791
9.82E-5                   3.025282451695028
9.829999999999999E-5      3.0188437414963594
9.839999999999999E-5      3.0124050313792554
9.85E-5                   3.005966321329909
9.86E-5                   2.99952761133451
9.87E-5                   2.9930889013792483
9.879999999999999E-5      2.986650191450313
9.889999999999999E-5      2.980211481533885
9.9E-5                    2.9737727716161504
9.91E-5                   2.9673340616832897
9.92E-5                   2.960895351721484
9.93E-5                   2.95445664171691
9.939999999999999E-5      2.948017931655745
9.949999999999999E-5      2.941579221524162
9.96E-5                   2.935264034516958
9.97E-5                   2.9290123569959983
9.98E-5                   2.9227606795961756
9.989999999999999E-5      2.916509002305019
9.999999999999999E-5      2.9102573251100528
1.001E-4                  2.9040056479988037
1.002E-4                  2.8977539709587923
1.003E-4                  2.8915022939775423
1.004E-4                  2.885250617042571
1.0049999999999999E-4     2.8789989401413996
1.0059999999999999E-4     2.872747263261542
1.007E-4                  2.866495586390513
1.008E-4                  2.860243909515827
1.009E-4                  2.8539922326249973
1.01E-4                   2.8479149217114568
1.0109999999999999E-4     2.8418448667084197
1.012E-4                  2.835774811743087
1.013E-4                  2.8297047568039724
1.014E-4                  2.823634701879585
1.015E-4                  2.8175646469584334
1.0159999999999999E-4     2.8114945920290264
1.0169999999999999E-4     2.8054245370798676
1.018E-4                  2.799354482099464
1.019E-4                  2.7932844270763195
1.02E-4                   2.7872143719989335
1.021E-4                  2.7811443168558094
1.0219999999999999E-4     2.7750742616354462
1.0229999999999999E-4     2.769049544087219
1.024E-4                  2.7631540915039134
1.025E-4                  2.757258639038631
1.026E-4                  2.751363186680873
1.0269999999999999E-4     2.745467734420143
1.0279999999999999E-4     2.739572282245941
1.029E-4                  2.733676830147767
1.03E-4                   2.7277813781151203
1.031E-4                  2.7218859261374964
1.032E-4                  2.7159904742043945
1.0329999999999999E-4     2.7100950223053073
1.0339999999999999E-4     2.7041995704297284
1.035E-4                  2.698304118567151
1.036E-4                  2.6924086667070677
1.037E-4                  2.686609502401903
1.0379999999999999E-4     2.68088621544277
1.0389999999999999E-4     2.6751629285172016
1.04E-4                   2.669439641615601
1.041E-4                  2.6637163547283684
1.042E-4                  2.6579930678459065
1.043E-4                  2.6522697809586138
1.0439999999999999E-4     2.6465464940568895
1.0449999999999999E-4     2.64082320713113
1.046E-4                  2.6350999201717333
1.047E-4                  2.6293766331690946
1.048E-4                  2.6236533461136085
1.049E-4                  2.6179300589956687
1.0499999999999999E-4     2.612206771805668
1.051E-4                  2.60662489178578
1.052E-4                  2.60106624449194
1.053E-4                  2.595507597284458
1.054E-4                  2.5899489501545307
1.0549999999999999E-4     2.584390303093355
1.0559999999999999E-4     2.5788316560921225
1.057E-4                  2.573273009142026
1.058E-4                  2.56771436223426
1.059E-4                  2.5621557153600136
1.06E-4                   2.5565970685104795
1.0609999999999999E-4     2.5510384216768474
1.0619999999999999E-4     2.545479774850303
1.063E-4                  2.5399211280220366
1.064E-4                  2.534388187173441
1.065E-4                  2.528991722274035
1.0659999999999999E-4     2.523595257418755
1.0669999999999999E-4     2.5181987925995646
1.068E-4                  2.512802327808427
1.069E-4                  2.5074058630373055
1.07E-4                   2.502009398278162
1.071E-4                  2.4966129335229597
1.0719999999999999E-4     2.4912164687636573
1.0729999999999999E-4     2.485820003992215
1.074E-4                  2.4804235392005918
1.075E-4                  2.4750270743807468
1.076E-4                  2.4696306095246365
1.0769999999999999E-4     2.464234144624221
1.0779999999999999E-4     2.4589090780015854
1.079E-4                  2.453668465907157
1.08E-4                   2.448427853872938
1.081E-4                  2.4431872418915526
1.082E-4                  2.4379466299556296
1.0829999999999999E-4     2.4327060180577935
1.0839999999999999E-4     2.427465406190668
1.085E-4                  2.422224794346879
1.086E-4                  2.4169841825190477
1.087E-4                  2.4117435706997985
1.0879999999999999E-4     2.4065029588817533
1.0889999999999999E-4     2.401262347057532
1.0899999999999999E-4     2.3960217352197586
1.091E-4                  2.3907811233610494
1.092E-4                  2.38565596823077
1.093E-4                  2.380567728958004
1.0939999999999999E-4     2.375479489731175
1.0949999999999999E-4     2.370391250543548
1.096E-4                  2.36530301138839
1.097E-4                  2.3602147722589644
1.098E-4                  2.3551265331485385
1.099E-4                  2.3500382940503743
1.0999999999999999E-4     2.344950054957737
1.1009999999999999E-4     2.3398618158638893
1.102E-4                  2.3347735767620925
1.103E-4                  2.329685337645609
1.104E-4                  2.3245970985077
1.1049999999999999E-4     2.319517614087136
1.1059999999999999E-4     2.314582057637989
1.107E-4                  2.309646501250124
1.108E-4                  2.3047109449174394
1.109E-4                  2.2997753886338343
1.11E-4                   2.294839832393208
1.1109999999999999E-4     2.2899042761894584
1.1119999999999999E-4     2.2849687200164834
1.113E-4                  2.280033163868179
1.114E-4                  2.275097607738443
1.115E-4                  2.2701620516211714
1.1159999999999999E-4     2.2652264955102597
1.1169999999999999E-4     2.2602909393996025
1.118E-4                  2.2553553832830953
1.119E-4                  2.250471167116807
1.12E-4                   2.245679439638575
1.121E-4                  2.2408877121912165
1.1219999999999999E-4     2.236095984769117
1.1229999999999999E-4     2.2313042573666566
1.124E-4                  2.226512529978222
1.125E-4                  2.221720802598193
1.126E-4                  2.2169290752209543
1.1269999999999999E-4     2.2121373478408857
1.1279999999999999E-4     2.20734562045237
1.1289999999999999E-4     2.2025538930497874
1.13E-4                   2.1977621656275197
1.131E-4                  2.1929704381799455
1.132E-4                  2.188178710701446
1.1329999999999999E-4     2.183520997189028
1.1339999999999999E-4     2.1789333835046953
1.135E-4                  2.1743457698692836
1.136E-4                  2.169758156277861
1.137E-4                  2.165170542725496
1.138E-4                  2.160582929207253
1.1389999999999999E-4     2.1559953157181995
1.1399999999999999E-4     2.151407702253401
1.141E-4                  2.1468200888079223
1.142E-4                  2.1422324753768303
1.143E-4                  2.137644861955188
1.1439999999999999E-4     2.133057248538062
1.1449999999999999E-4     2.128469635120515
1.146E-4                  2.12388202169761
1.147E-4                  2.119294408264413
1.148E-4                  2.114706794815985
1.149E-4                  2.1101191813473905
1.1499999999999999E-4     2.105531567853692
1.1509999999999999E-4     2.1009439543299506
1.152E-4                  2.0963563407712296
1.153E-4                  2.091768727172589
1.154E-4                  2.087181113529091
1.1549999999999999E-4     2.082593499835798
1.1559999999999999E-4     2.078005886087768
1.157E-4                  2.073418272280063
1.158E-4                  2.068830658407743
1.159E-4                  2.064243044465867
1.16E-4                   2.0597228534949226
1.1609999999999999E-4     2.055398826154596
1.1619999999999999E-4     2.051074798897656
1.163E-4                  2.046750771719983
1.164E-4                  2.042426744617458
1.165E-4                  2.038102717585964
1.1659999999999999E-4     2.033778690621381
1.1669999999999999E-4     2.029454663719589
1.1679999999999999E-4     2.025130636876467
1.169E-4                  2.020806610087898
1.17E-4                   2.0164825833497577
1.171E-4                  2.0121585566579285
1.1719999999999999E-4     2.007834530008289
1.1729999999999999E-4     2.003510503396717
1.174E-4                  1.999186476819092
1.175E-4                  1.9948624502712922
1.176E-4                  1.9905384237491954
1.177E-4                  1.9862143972486797
1.1779999999999999E-4     1.981890370765623
1.1789999999999999E-4     1.9775663442959026
1.18E-4                   1.9732423178353953
1.181E-4                  1.9689182913799772
1.182E-4                  1.9645942649255268
1.1829999999999999E-4     1.9602702384679196
1.1839999999999999E-4     1.9559462120030318
1.185E-4                  1.9516221855267388
1.186E-4                  1.947298159034916
1.187E-4                  1.942974132523441
1.188E-4                  1.9388611032005416
1.1889999999999999E-4     1.934783852308259
1.1899999999999999E-4     1.9307066014555552
1.191E-4                  1.9266293506389647
1.192E-4                  1.9225520998550214
1.193E-4                  1.9184748491002588
1.1939999999999999E-4     1.9143975983712116
1.1949999999999999E-4     1.9103203476644113
1.196E-4                  1.9062430969763915
1.197E-4                  1.902165846303685
1.198E-4                  1.8980885956428257
1.199E-4                  1.8940113449903442
1.1999999999999999E-4     1.8899340943427747
1.2009999999999999E-4     1.8858568436966479
1.202E-4                  1.8817795930484957
1.203E-4                  1.8777023423948505
1.204E-4                  1.8736250917322437
1.2049999999999999E-4     1.869547841057208
1.2059999999999999E-4     1.865470590366272
1.2069999999999999E-4     1.8613933396559688
1.208E-4                  1.8573160889228282
1.209E-4                  1.8532388381633815
1.21E-4                   1.8491615873741587
1.2109999999999999E-4     1.8450843365516911
1.2119999999999999E-4     1.8410070856925076
1.213E-4                  1.836929834793139
1.214E-4                  1.8328525838501148
1.215E-4                  1.8288831219295716
1.216E-4                  1.8250431652512347
1.2169999999999999E-4     1.8212032086269825
1.2179999999999999E-4     1.817363252053946
1.219E-4                  1.81352329552926
1.22E-4                   1.8096833390500566
1.2209999999999999E-4     1.8058433826134697
1.222E-4                  1.8020034262166302
1.223E-4                  1.7981634698566715
1.224E-4                  1.794323513530726
1.225E-4                  1.7904835572359257
1.226E-4                  1.786643600969403
1.227E-4                  1.7828036447282893
1.228E-4                  1.7789636885097166
1.229E-4                  1.7751237323108167
1.2299999999999998E-4     1.7712837761287221
1.2309999999999998E-4     1.7674438199605618
1.2319999999999999E-4     1.7636038638034683
1.233E-4                  1.7597639076545728
1.234E-4                  1.7559239515110063
1.235E-4                  1.7520839953698988
1.236E-4                  1.7482440392283822
1.237E-4                  1.744404083083587
1.238E-4                  1.7405641269326426
1.239E-4                  1.7367241707726797
1.24E-4                   1.732884214600829
1.241E-4                  1.72904425841422
1.2419999999999998E-4     1.7252158126661576
1.2429999999999999E-4     1.721591134594285
1.244E-4                  1.7179664565515096
1.245E-4                  1.7143417785353763
1.246E-4                  1.7107171005434267
1.247E-4                  1.7070924225732056
1.248E-4                  1.7034677446222557
1.249E-4                  1.6998430666881208
1.25E-4                   1.696218388768343
1.251E-4                  1.6925937108604665
1.252E-4                  1.688969032962033
1.2529999999999998E-4     1.6853443550705869
1.2539999999999999E-4     1.6817196771836684
1.255E-4                  1.6780949992988212
1.256E-4                  1.6744703214135883
1.257E-4                  1.6708456435255112
1.258E-4                  1.6672209656321326
1.259E-4                  1.6635962877309944
1.26E-4                   1.6599716098196386
1.261E-4                  1.6563469318956077
1.262E-4                  1.652722253956443
1.263E-4                  1.649097575999686
1.2639999999999998E-4     1.64547289802288
1.2649999999999998E-4     1.6418482200235647
1.266E-4                  1.6382235419992812
1.267E-4                  1.6345988639475721
1.268E-4                  1.630974185865978
1.269E-4                  1.6273495077520408
1.27E-4                   1.6238646832825985
1.271E-4                  1.6204542767563372
1.272E-4                  1.6170438702702563
1.273E-4                  1.6136334638223688
1.274E-4                  1.6102230574106873
1.2749999999999998E-4     1.6068126510332257
1.2759999999999998E-4     1.603402244687994
1.277E-4                  1.5999918383730072
1.278E-4                  1.5965814320862775
1.279E-4                  1.5931710258258165
1.28E-4                   1.5897606195896372
1.281E-4                  1.5863502133757519
1.282E-4                  1.5829398071821728
1.283E-4                  1.579529401006912
1.284E-4                  1.5761189948479817
1.285E-4                  1.572708588703394
1.2859999999999998E-4     1.5692981825711616
1.2869999999999998E-4     1.565887776449294
1.288E-4                  1.562477370335805
1.289E-4                  1.5590669642287058
1.29E-4                   1.555656558126008
1.291E-4                  1.552246152025723
1.292E-4                  1.5488357459258626
1.293E-4                  1.5454253398244384
1.294E-4                  1.5420149337194613
1.295E-4                  1.5386045276089426
1.296E-4                  1.5351941214908935
1.2969999999999998E-4     1.5318313018508454
1.2979999999999998E-4     1.528609791575338
1.2989999999999999E-4     1.5253882813153394
1.3E-4                    1.5221667710691036
1.301E-4                  1.518945260834887
1.302E-4                  1.5157237506109438
1.303E-4                  1.512502240395529
1.304E-4                  1.5092807301868982
1.305E-4                  1.506059219983306
1.306E-4                  1.5028377097830072
1.307E-4                  1.4996161995842565
1.3079999999999998E-4     1.4963946893853097
1.3089999999999998E-4     1.4931731791844196
1.3099999999999999E-4     1.4899516689798418
1.311E-4                  1.4867301587698305
1.312E-4                  1.4835086485526412
1.313E-4                  1.480287138326527
1.314E-4                  1.4770656280897432
1.315E-4                  1.473844117840544
1.316E-4                  1.4706226075771829
1.317E-4                  1.4674010972979155
1.318E-4                  1.464179587000995
1.3189999999999998E-4     1.4609580766846764
1.3199999999999998E-4     1.4577365663472124
1.3209999999999999E-4     1.4545150559868578
1.322E-4                  1.4512935456018667
1.323E-4                  1.4480720351904925
1.324E-4                  1.4448505247509893
1.325E-4                  1.44179214415336
1.326E-4                  1.4387622930630826
1.327E-4                  1.4357324420035873
1.328E-4                  1.4327025909734985
1.329E-4                  1.4296727399714422
1.33E-4                   1.4266428889960427
1.3309999999999998E-4     1.4236130380459262
1.3319999999999999E-4     1.4205831871197154
1.333E-4                  1.4175533362160364
1.334E-4                  1.4145234853335134
1.335E-4                  1.4114936344707716
1.336E-4                  1.4084637836264353
1.337E-4                  1.4054339327991294
1.338E-4                  1.4024040819874783
1.339E-4                  1.3993742311901074
1.34E-4                   1.3963443804056392
1.341E-4                  1.3933145296327
1.3419999999999998E-4     1.3902846788699141
1.3429999999999998E-4     1.3872548281159052
1.344E-4                  1.3842249773692972
1.345E-4                  1.3811951266287155
1.346E-4                  1.3781652758927831
1.347E-4                  1.3751354251601258
1.348E-4                  1.3721055744293664
1.349E-4                  1.3690757236991298
1.35E-4                   1.3660458729680405
1.351E-4                  1.3630160222347212
1.352E-4                  1.3600620641863987
1.3529999999999998E-4     1.3572007251224925
1.3539999999999998E-4     1.3543393860688488
1.355E-4                  1.3514780470242311
1.356E-4                  1.3486167079874032
1.357E-4                  1.3457553689571289
1.358E-4                  1.3428940299321708
1.359E-4                  1.3400326909112927
1.36E-4                   1.3371713518932578
1.361E-4                  1.3343100128768297
1.362E-4                  1.3314486738607705
1.363E-4                  1.3285873348438446
1.3639999999999998E-4     1.325725995824816
1.3649999999999998E-4     1.3228646568024454
1.3659999999999999E-4     1.3200033177754973
1.367E-4                  1.3171419787427345
1.368E-4                  1.314280639702921
1.369E-4                  1.3114193006548176
1.37E-4                   1.3085579615971894
1.371E-4                  1.3056966225287983
1.372E-4                  1.302835283448408
1.373E-4                  1.2999739443547806
1.374E-4                  1.2971126052466795
1.3749999999999998E-4     1.2942512661228678
1.3759999999999998E-4     1.2913899269821072
1.3769999999999999E-4     1.2885285878231607
1.378E-4                  1.2856672486447918
1.379E-4                  1.2828141602034648
1.38E-4                   1.2801191796541564
1.381E-4                  1.2774241991211792
1.382E-4                  1.2747292186035697
1.383E-4                  1.2720342381003649
1.384E-4                  1.2693392576106015
1.385E-4                  1.2666442771333173
1.3859999999999998E-4     1.2639492966675492
1.3869999999999998E-4     1.2612543162123326
1.3879999999999999E-4     1.2585593357667053
1.389E-4                  1.2558643553297042
1.39E-4                   1.2531693749003658
1.391E-4                  1.2504743944777272
1.392E-4                  1.2477794140608247
1.393E-4                  1.2450844336486957
1.394E-4                  1.2423894532403763
1.395E-4                  1.2396944728349033
1.396E-4                  1.236999492431314
1.3969999999999998E-4     1.234304512028645
1.3979999999999998E-4     1.2316095316259317
1.3989999999999999E-4     1.2289145512222115
1.4E-4                    1.2262195708165207
1.401E-4                  1.2235245904078966
1.402E-4                  1.2208296099953748
1.403E-4                  1.2181346295779927
1.404E-4                  1.2154396491547859
1.405E-4                  1.2127446687247916
1.406E-4                  1.210049688287046
1.407E-4                  1.207458147473892
1.408E-4                  1.2049225939031893
1.4089999999999998E-4     1.202387040355354
1.4099999999999998E-4     1.1998514868295365
1.411E-4                  1.197315933324889
1.412E-4                  1.194780379840563
1.413E-4                  1.1922448263757115
1.414E-4                  1.1897092729294851
1.415E-4                  1.1871737195010368
1.416E-4                  1.1846381660895176
1.417E-4                  1.1821026126940792
1.418E-4                  1.1795670593138738
1.419E-4                  1.1770315059480527
1.4199999999999998E-4     1.1744959525957686
1.4209999999999998E-4     1.1719603992561722
1.422E-4                  1.1694248459284147
1.423E-4                  1.1668892926116483
1.424E-4                  1.164353739305025
1.425E-4                  1.1618181860076962
1.426E-4                  1.1592826327188135
1.427E-4                  1.1567470794375285
1.428E-4                  1.1542115261629924
1.429E-4                  1.1516759728943573
1.43E-4                   1.1491404196307744
1.4309999999999998E-4     1.146604866371396
1.4319999999999998E-4     1.144069313115372
1.433E-4                  1.1415337598618547
1.434E-4                  1.1390302627212774
1.435E-4                  1.136623943191249
1.436E-4                  1.1342176236400054
1.437E-4                  1.131811304066822
1.438E-4                  1.1294049844709757
1.439E-4                  1.126998664851743
1.44E-4                   1.1245923452083992
1.441E-4                  1.1221860255402214
1.4419999999999998E-4     1.1197797058464858
1.4429999999999998E-4     1.1173733861264676
1.4439999999999999E-4     1.1149670663794438
1.445E-4                  1.1125607466046898
1.446E-4                  1.1101544268014822
1.447E-4                  1.107748106969097
1.448E-4                  1.105341787106811
1.449E-4                  1.1029354672138991
1.45E-4                   1.1005291472896384
1.451E-4                  1.0981228273333046
1.452E-4                  1.0957165073441733
1.4529999999999998E-4     1.0933101873215219
1.4539999999999998E-4     1.0909038672646252
1.4549999999999999E-4     1.088497547172759
1.456E-4                  1.0860912270452001
1.457E-4                  1.0836849068812242
1.458E-4                  1.0812785866801078
1.459E-4                  1.0788722664411263
1.46E-4                   1.0764659461635557
1.461E-4                  1.0740596258466724
1.462E-4                  1.0718003431688858
1.463E-4                  1.0695675650964644
1.4639999999999998E-4     1.0673347870930252
1.4649999999999998E-4     1.06510200915806
1.4659999999999999E-4     1.0628692312910633
1.467E-4                  1.0606364534915282
1.468E-4                  1.0584036757589481
1.469E-4                  1.0561708980928166
1.47E-4                   1.0539381204926273
1.471E-4                  1.051705342957873
1.472E-4                  1.049472565488048
1.473E-4                  1.0472397880826443
1.474E-4                  1.0450070107411567
1.4749999999999998E-4     1.0427742334630776
1.4759999999999998E-4     1.0405414562479003
1.4769999999999999E-4     1.0383086790951188
1.478E-4                  1.0360759020042256
1.479E-4                  1.0338431249747146
1.48E-4                   1.0316103480060783
1.481E-4                  1.0293775710978108
1.482E-4                  1.0271447942494052
1.483E-4                  1.0249120174603543
1.484E-4                  1.0226792407301517
1.485E-4                  1.0204464640582906
1.4859999999999998E-4     1.0182136874442649
1.4869999999999998E-4     1.0159809108875661
1.4879999999999998E-4     1.0137481343876884
1.489E-4                  1.0115443127314536
1.49E-4                   1.0093763847257198
1.491E-4                  1.0072084566008759
1.492E-4                  1.005040528356245
1.493E-4                  1.0028725999911512
1.494E-4                  1.000704671504918
1.495E-4                  0.9985367428968687
1.496E-4                  0.996368814166327
1.497E-4                  0.9942008853126173
1.4979999999999998E-4     0.9920329563350626
1.4989999999999998E-4     0.9898650272329861
1.5E-4                    0.9876970980057121
1.501E-4                  0.9855291686525638
1.502E-4                  0.9833612391728644
1.503E-4                  0.9811933095659388
1.504E-4                  0.9790253798311097
1.505E-4                  0.9768574499677009
1.506E-4                  0.9746895199750358
1.507E-4                  0.9725215898524384
1.508E-4                  0.9703536595992317
1.5089999999999998E-4     0.9681857292147408
1.5099999999999998E-4     0.9660177986982873
1.511E-4                  0.9638498680491959
1.512E-4                  0.9616819372667902
1.513E-4                  0.9595140063503933
1.514E-4                  0.957346075299329
1.515E-4                  0.9551781441129215
1.516E-4                  0.9530171842008829
1.517E-4                  0.9510017181908003
1.518E-4                  0.9489862523254194
1.519E-4                  0.94697078660443
1.5199999999999998E-4     0.9449553210275219
1.5209999999999998E-4     0.9429398555943839
1.5219999999999999E-4     0.9409243903047052
1.523E-4                  0.9389089251581759
1.524E-4                  0.9368934601544852
1.525E-4                  0.9348779952933225
1.526E-4                  0.9328625305743776
1.527E-4                  0.9308470659973394
1.528E-4                  0.9288316015618971
1.529E-4                  0.9268161372677411
1.53E-4                   0.9248006731145596
1.5309999999999998E-4     0.9227852091020433
1.5319999999999998E-4     0.9207697452298802
1.5329999999999999E-4     0.9187542814977605
1.534E-4                  0.9167388179053728
1.535E-4                  0.9147800893433282
1.536E-4                  0.9128525057627287
1.537E-4                  0.9109249220302461
1.538E-4                  0.9089973381455363
1.539E-4                  0.9070697541082561
1.54E-4                   0.905142169918061
1.541E-4                  0.9032145855746081
1.5419999999999998E-4     0.9012870010775533
1.5429999999999998E-4     0.8993594164265523
1.5439999999999999E-4     0.8974318316212617
1.545E-4                  0.8955042466613381
1.546E-4                  0.8935766615464374
1.547E-4                  0.8916490762762157
1.548E-4                  0.8897300827223583
1.549E-4                  0.8878128410578578
1.55E-4                   0.8858955995201144
1.551E-4                  0.8839783581087444
1.552E-4                  0.8820611168233649
1.5529999999999998E-4     0.880143875663593
1.5539999999999998E-4     0.8782266346290447
1.5549999999999999E-4     0.8763093937193369
1.556E-4                  0.8743921529340866
1.557E-4                  0.8724749122729106
1.558E-4                  0.8705576717354252
1.559E-4                  0.8686659829470391
1.56E-4                   0.8668123942621432
1.561E-4                  0.8649588054847498
1.562E-4                  0.8631052166145773
1.563E-4                  0.8612516276513441
1.5639999999999998E-4     0.8593980385947694
1.5649999999999998E-4     0.8575444494445703
1.5659999999999998E-4     0.8556908602004659
1.567E-4                  0.8538372708621748
1.568E-4                  0.8519844250154778
1.569E-4                  0.8501507760066103
1.57E-4                   0.8483171270747127
1.571E-4                  0.84648347821943
1.572E-4                  0.8446498294404081
1.573E-4                  0.8428161807372917
1.574E-4                  0.8409825321097267
1.5749999999999998E-4     0.8391488835573583
1.5759999999999998E-4     0.8373225553250258
1.5769999999999998E-4     0.8355255645438784
1.578E-4                  0.8337285737181245
1.579E-4                  0.8319315828474904
1.58E-4                   0.8301345919317021
1.581E-4                  0.828337600970486
1.582E-4                  0.8265406099635678
1.583E-4                  0.8247522125516286
1.584E-4                  0.8229762996748528
1.585E-4                  0.8212003868221974
1.586E-4                  0.819424473993371
1.5869999999999998E-4     0.8176485611880819
1.5879999999999998E-4     0.8158726484060383
1.5889999999999999E-4     0.8141024306082293
1.59E-4                   0.8123455789917229
1.591E-4                  0.8105887273717912
1.592E-4                  0.8088318757481529
1.593E-4                  0.8070750241205256
1.594E-4                  0.8053181724886285
1.595E-4                  0.8035808546781268
1.596E-4                  0.8018483978563538
1.597E-4                  0.800115941025874
1.5979999999999998E-4     0.7983834841864306
1.5989999999999998E-4     0.7966510273377656
1.5999999999999999E-4     0.7949346320704855
1.601E-4                  0.7932210157301759
1.602E-4                  0.7915073994073182
1.603E-4                  0.7897937831016525
1.604E-4                  0.7880801668129187
1.605E-4                  0.7863832494441092
1.606E-4                  0.7846880998758924
1.607E-4                  0.7829929502895976
1.608E-4                  0.7812978006849782
1.6089999999999998E-4     0.7796026510617877
1.6099999999999998E-4     0.7779247658339516
1.6109999999999999E-4     0.7762476745229924
1.612E-4                  0.7745705832304166
1.613E-4                  0.7728934919559847
1.614E-4                  0.7712165381247711
1.615E-4                  0.7695570571172671
1.616E-4                  0.7678975760953467
1.617E-4                  0.7662380950587779
1.618E-4                  0.7645786140073288
1.619E-4                  0.7629202042062357
1.6199999999999998E-4     0.7612787062913188
1.6209999999999998E-4     0.7596372083892022
1.6219999999999999E-4     0.757995710499661
1.623E-4                  0.756354212622469
1.624E-4                  0.7547146303895966
1.625E-4                  0.753090338189618
1.626E-4                  0.7514660459814921
1.627E-4                  0.7498417537650016
1.628E-4                  0.7482174615399299
1.629E-4                  0.7465960176803783
1.63E-4                   0.7449891889834753
1.6309999999999998E-4     0.7433823602933267
1.6319999999999998E-4     0.7417755316097195
1.6329999999999998E-4     0.7401687029324424
1.634E-4                  0.7385655301993962
1.635E-4                  0.7369757161097369
1.636E-4                  0.7353859020168568
1.637E-4                  0.7337960879205516
1.638E-4                  0.7322062738206175
1.639E-4                  0.7306209757978424
1.64E-4                   0.7290480988392897
1.641E-4                  0.7274752218835897
1.6419999999999998E-4     0.7259023449305448
1.6429999999999998E-4     0.7243294679799565
1.6439999999999998E-4     0.7227645564299623
1.645E-4                  0.7212166960855628
1.646E-4                  0.7196688357412322
1.647E-4                  0.7181209753967818
1.648E-4                  0.7165731150520226
1.649E-4                  0.715025254706766
1.65E-4                   0.7134773943608229
1.651E-4                  0.7119295340140045
1.652E-4                  0.710381673666122
1.6529999999999998E-4     0.7088338133169871
1.6539999999999998E-4     0.7072997552398571
1.6549999999999998E-4     0.7057846065004062
1.656E-4                  0.7042694577625068
1.657E-4                  0.7027543090259821
1.658E-4                  0.701239160290655
1.659E-4                  0.6997240115563487
1.66E-4                   0.6982088628228865
1.661E-4                  0.6966937140900915
1.662E-4                  0.6951785653577869
1.663E-4                  0.6936634166257958
1.6639999999999998E-4     0.6921651435172931
1.6649999999999998E-4     0.6906821099789248
1.6659999999999998E-4     0.6891990764411303
1.6669999999999999E-4     0.6877160429037436
1.668E-4                  0.6862330093665983
1.669E-4                  0.6847499758295282
1.67E-4                   0.6832669422923676
1.671E-4                  0.68178390875495
1.672E-4                  0.6803008752171095
1.673E-4                  0.6788178416786794
1.674E-4                  0.677354552314515
1.675E-4                  0.6759029083002702
1.6759999999999998E-4     0.6744512642870306
1.6769999999999998E-4     0.67299962027464
1.6779999999999999E-4     0.6715479762629434
1.679E-4                  0.6700963322517853
1.68E-4                   0.6686446882410104
1.681E-4                  0.6671930442304633
1.682E-4                  0.6657414002199886
1.683E-4                  0.664289756209431
1.684E-4                  0.6628715404976178
1.685E-4                  0.6614655299721481
1.686E-4                  0.660059519447537
1.6869999999999998E-4     0.6586535089236429
1.6879999999999998E-4     0.6572474984003241
1.6889999999999999E-4     0.6558414878774391
1.69E-4                   0.6544354773548465
1.691E-4                  0.653029466832405
1.692E-4                  0.6516234563099728
1.693E-4                  0.6502174457874084
1.694E-4                  0.6488114352645703
1.695E-4                  0.6474054247413172
1.696E-4                  0.6459994142175074
1.697E-4                  0.6445934036929993
1.6979999999999998E-4     0.6431873931676522
1.6989999999999998E-4     0.6417813826413232
1.6999999999999999E-4     0.6403753721138715
1.701E-4                  0.6389693615851555
1.702E-4                  0.6375633510550338
1.703E-4                  0.6361573405233649
1.704E-4                  0.6348066830032393
1.705E-4                  0.633459583348634
1.706E-4                  0.6321124836957902
1.707E-4                  0.6307653840445835
1.708E-4                  0.6294182843948898
1.7089999999999998E-4     0.628071184746585
1.7099999999999998E-4     0.626724085099544
1.7109999999999998E-4     0.6253769854536434
1.712E-4                  0.6240298858087585
1.713E-4                  0.6226827861647649
1.714E-4                  0.6213356865215388
1.715E-4                  0.6199885868789553
1.716E-4                  0.6186414872368907
1.717E-4                  0.61729438759522
1.718E-4                  0.61594728795382
1.719E-4                  0.6146001883125654
1.7199999999999998E-4     0.6132530886713324
1.7209999999999998E-4     0.6119059890299965
1.7219999999999998E-4     0.6105588893884334
1.723E-4                  0.609220069469775
1.724E-4                  0.6079294199838208
1.725E-4                  0.6066387704988083
1.726E-4                  0.6053481210146282
1.727E-4                  0.6040574715311708
1.728E-4                  0.6027668220483267
1.729E-4                  0.6014761725659866
1.73E-4                   0.600185523084041
1.7309999999999998E-4     0.5988948736023806
1.7319999999999998E-4     0.5976042241208952
1.7329999999999998E-4     0.5963135746394758
1.7339999999999999E-4     0.595022925158013
1.735E-4                  0.5937322756763972
1.736E-4                  0.5924416261945187
1.737E-4                  0.5911509767122685
1.738E-4                  0.589860327229537
1.739E-4                  0.5885696777462144
1.74E-4                   0.5872790282621914
1.741E-4                  0.5859883787773583
1.7419999999999998E-4     0.5846977292916063
1.7429999999999998E-4     0.5834262185962328
1.7439999999999998E-4     0.5821896731773989
1.7449999999999999E-4     0.5809531277598174
1.746E-4                  0.5797165823433924
1.747E-4                  0.5784800369280279
1.748E-4                  0.5772434915136277
1.749E-4                  0.5760069461000958
1.75E-4                   0.5747704006873364
1.751E-4                  0.573533855275253
1.752E-4                  0.5722973098637498
1.753E-4                  0.5710607644527306
1.7539999999999998E-4     0.5698242190421
1.7549999999999998E-4     0.568587673631761
1.7559999999999999E-4     0.5673511282216182
1.757E-4                  0.566114582811575
1.758E-4                  0.564878037401536
1.759E-4                  0.5636414919914047
1.76E-4                   0.562404946581085
1.761E-4                  0.5611684011704812
1.762E-4                  0.5599318557594973
1.763E-4                  0.5587243717406765
1.764E-4                  0.5575396469486525
1.7649999999999998E-4     0.5563549221574388
1.7659999999999998E-4     0.555170197366949
1.7669999999999999E-4     0.5539854725770991
1.768E-4                  0.5528007477878044
1.769E-4                  0.5516160229989799
1.77E-4                   0.5504312982105412
1.771E-4                  0.5492465734224032
1.772E-4                  0.5480618486344813
1.773E-4                  0.5468771238466907
1.774E-4                  0.5456923990589468
1.775E-4                  0.5445076742711646
1.7759999999999998E-4     0.5433229494832597
1.7769999999999998E-4     0.5421382246951472
1.7779999999999998E-4     0.540953499906742
1.779E-4                  0.5397687751179595
1.78E-4                   0.5385840503287153
1.781E-4                  0.5373993255389242
1.782E-4                  0.5362146007485017
1.783E-4                  0.5350858579523076
1.784E-4                  0.5339740382797453
1.785E-4                  0.5328622186079803
1.786E-4                  0.5317503989369426
1.7869999999999998E-4     0.5306385792665628
1.7879999999999998E-4     0.5295267595967703
1.7889999999999998E-4     0.5284149399274959
1.79E-4                   0.5273031202586692
1.791E-4                  0.5261913005902209
1.792E-4                  0.5250794809220807
1.793E-4                  0.523967661254179
1.794E-4                  0.5228558415864458
1.795E-4                  0.5217440219188115
1.796E-4                  0.520632202251206
1.797E-4                  0.5195203825835595
1.7979999999999998E-4     0.5184085629158025
1.7989999999999998E-4     0.5172967432478646
1.7999999999999998E-4     0.5161849235796759
1.801E-4                  0.5150731039111671
1.802E-4                  0.5139612842422681
1.803E-4                  0.5128494645729087
1.804E-4                  0.5117376449030193
1.805E-4                  0.5106258252325302
1.806E-4                  0.5095140055613716
1.807E-4                  0.5084021858894734
1.808E-4                  0.5072903662167658
1.8089999999999998E-4     0.5061785465431791
1.8099999999999998E-4     0.5050667268686433
1.8109999999999998E-4     0.5039549071930882
1.8119999999999999E-4     0.5028430875164445
1.813E-4                  0.5017312678386422
1.814E-4                  0.5006194481596111
1.815E-4                  0.4995076284792818
1.816E-4                  0.4983958087975842
1.817E-4                  0.4972839891144486
1.818E-4                  0.496172169429805
1.819E-4                  0.4950603497435834
1.8199999999999998E-4     0.49394853005571454
1.8209999999999998E-4     0.49283671036612803
1.8219999999999998E-4     0.49174151464525595
1.8229999999999999E-4     0.49072103091488195
1.824E-4                  0.48970054718633194
1.825E-4                  0.4886800634595519
1.826E-4                  0.4876595797344875
1.827E-4                  0.48663909601108507
1.828E-4                  0.4856186122892904
1.829E-4                  0.4845981285690493
1.83E-4                   0.4835776448503077
1.8309999999999998E-4     0.4825571611330119
1.8319999999999998E-4     0.4815366774171071
1.8329999999999998E-4     0.4805161937025398
1.8339999999999999E-4     0.4794957099892556
1.835E-4                  0.4784752262772005
1.836E-4                  0.47745474256632053
1.837E-4                  0.4764342588565615
1.838E-4                  0.4754137751478693
1.839E-4                  0.4743932914401901
1.84E-4                   0.4733728077334695
1.841E-4                  0.4723523240276536
1.842E-4                  0.4713318403226882
1.8429999999999998E-4     0.47031135661851964
1.8439999999999998E-4     0.46929087291509314
1.8449999999999999E-4     0.468270389212355
1.846E-4                  0.46724990551025103
1.847E-4                  0.4662294218087272
1.848E-4                  0.4652089381077296
1.849E-4                  0.4641884544072037
1.85E-4                   0.4631679707070959
1.851E-4                  0.462147487007352
1.852E-4                  0.4611270033079176
1.853E-4                  0.460106519608739
1.8539999999999998E-4     0.45908603590976205
1.8549999999999998E-4     0.4580655522109325
1.8559999999999998E-4     0.4570450685121963
1.857E-4                  0.4560245848134993
1.858E-4                  0.4550041011147876
1.859E-4                  0.45398361741600707
1.86E-4                   0.45296313371710345
1.861E-4                  0.45194265001802286
1.862E-4                  0.45097205799768786
1.863E-4                  0.4500352650349616
1.864E-4                  0.4490984720728173
1.8649999999999998E-4     0.4481616791112132
1.8659999999999998E-4     0.447224886150107
1.8669999999999998E-4     0.4462880931894573
1.868E-4                  0.44535130022922204
1.869E-4                  0.44441450726935966
1.87E-4                   0.4434777143098281
1.871E-4                  0.4425409213505858
1.872E-4                  0.4416041283915908
1.873E-4                  0.44066733543280123
1.874E-4                  0.4397305424741754
1.875E-4                  0.4387937495156714
1.8759999999999998E-4     0.4378569565572478
1.8769999999999998E-4     0.43692016359886204
1.8779999999999998E-4     0.4359833706404728
1.879E-4                  0.43504657768203814
1.88E-4                   0.4341097847235162
1.881E-4                  0.43317299176486523
1.882E-4                  0.4322361988060435
1.883E-4                  0.43129940584700904
1.884E-4                  0.43036261288772015
1.885E-4                  0.4294258199281349
1.886E-4                  0.4284890269682115
1.8869999999999998E-4     0.4275522340079085
1.8879999999999998E-4     0.4266154410471835
1.8889999999999998E-4     0.4256786480859949
1.8899999999999999E-4     0.42474185512430096
1.891E-4                  0.42380506216205976
1.892E-4                  0.4228682691992295
1.893E-4                  0.42193147623576854
1.894E-4                  0.4209946832716348
1.895E-4                  0.4200578903067866
1.896E-4                  0.419121097341182
1.897E-4                  0.41818430437477955
1.8979999999999998E-4     0.41724751140753724
1.8989999999999998E-4     0.41631071843941286
1.8999999999999998E-4     0.41537392547036495
1.9009999999999999E-4     0.41443792531851825
1.902E-4                  0.41357827172813183
1.903E-4                  0.412718618138764
1.904E-4                  0.4118589645503827
1.905E-4                  0.4109993109629552
1.906E-4                  0.41013965737644986
1.907E-4                  0.409280003790834
1.908E-4                  0.4084203502060754
1.9089999999999998E-4     0.40756069662214195
1.9099999999999998E-4     0.40670104303900106
1.9109999999999998E-4     0.4058413894566206
1.9119999999999999E-4     0.40498173587496844
1.913E-4                  0.40412208229401186
1.914E-4                  0.40326242871371903
1.915E-4                  0.4024027751340576
1.916E-4                  0.40154312155499516
1.917E-4                  0.4006834679764994
1.918E-4                  0.3998238143985381
1.919E-4                  0.39896416082107916
1.92E-4                   0.3981045072440899
1.9209999999999998E-4     0.39724485366753876
1.9219999999999998E-4     0.39638520009139244
1.9229999999999999E-4     0.3955255465156195
1.924E-4                  0.39466589294018717
1.925E-4                  0.39380623936506337
1.926E-4                  0.39294658579021585
1.927E-4                  0.3920869322156123
1.928E-4                  0.3912272786412203
1.929E-4                  0.39036762506700784
1.93E-4                   0.3895079714929423
1.931E-4                  0.38864831791899174
1.9319999999999998E-4     0.3877886643451239
1.9329999999999998E-4     0.38692901077130604
1.9339999999999998E-4     0.38606935719750624
1.935E-4                  0.38520970362369206
1.936E-4                  0.38435005004983125
1.937E-4                  0.38349039647589167
1.938E-4                  0.3826307429018409
1.939E-4                  0.38177108932764675
1.94E-4                   0.3809114357532768
1.941E-4                  0.3800816025138369
1.942E-4                  0.3792922116305474
1.9429999999999998E-4     0.37850282074761776
1.9439999999999998E-4     0.3777134298650225
1.9449999999999998E-4     0.37692403898273696
1.946E-4                  0.37613464810073577
1.947E-4                  0.375345257218994
1.948E-4                  0.3745558663374865
1.949E-4                  0.3737664754561884
1.95E-4                   0.37297708457507434
1.951E-4                  0.3721876936941194
1.952E-4                  0.37139830281329844
1.953E-4                  0.37060891193258644
1.9539999999999998E-4     0.3698195210519585
1.9549999999999998E-4     0.3690301301713891
1.9559999999999998E-4     0.3682407392908533
1.9569999999999999E-4     0.36745134841032623
1.958E-4                  0.36666195752978264
1.959E-4                  0.36587256664919754
1.96E-4                   0.36508317576854576
1.961E-4                  0.36429378488780223
1.962E-4                  0.36350439400694207
1.963E-4                  0.36271500312593996
1.964E-4                  0.3619256122447708
1.9649999999999998E-4     0.36113622136341
1.9659999999999998E-4     0.3603468304818318
1.9669999999999998E-4     0.35955743960001135
1.9679999999999999E-4     0.3587680487179237
1.969E-4                  0.3579786578355436
1.97E-4                   0.35718926695284625
1.971E-4                  0.35639987606980617
1.972E-4                  0.3556104851863987
1.973E-4                  0.3548210943025985
1.974E-4                  0.3540317034183805
1.975E-4                  0.35324231253371974
1.9759999999999998E-4     0.35245292164859116
1.9769999999999998E-4     0.35166353076296947
1.9779999999999998E-4     0.3508741398768297
1.9789999999999999E-4     0.3500847489901468
1.98E-4                   0.34929535810289564
1.981E-4                  0.34856064333313375
1.982E-4                  0.34783645589310297
1.983E-4                  0.3471122684536571
1.984E-4                  0.34638808101477686
1.985E-4                  0.34566389357644317
1.986E-4                  0.34493970613863656
1.9869999999999998E-4     0.34421551870133815
1.9879999999999998E-4     0.34349133126452824
1.9889999999999998E-4     0.34276714382818785
1.9899999999999999E-4     0.3420429563922976
1.991E-4                  0.3413187689568383
1.992E-4                  0.34059458152179084
1.993E-4                  0.3398703940871358
1.994E-4                  0.339146206652854
1.995E-4                  0.3384220192189262
1.996E-4                  0.3376978317853331
1.997E-4                  0.3369736443520555
1.9979999999999998E-4     0.3362494569190744
1.9989999999999998E-4     0.3355252694863701
1.9999999999999998E-4     0.33480108205392356
