% Model:              20230225_JW_4_00.mph
% Version:            COMSOL 5.6.0.401
% Date:               Feb 25 2023, 20:08
% Dimension:          1
% Nodes:              2001
% Expressions:        1
% Description:        点图
% X                       Height
0                         5.939069019540126
1.0E-7                    5.939097262459145
2.0E-7                    5.93912556212963
3.0E-7                    5.9428889953212
4.0E-7                    5.950957632463231
5.0E-7                    5.9656941020245995
6.0E-7                    5.983390702519116
7.0E-7                    6.000378748848405
8.0E-7                    6.010284914855747
9.0E-7                    6.019838196790053
1.0E-6                    6.029112480176534
1.1E-6                    6.038300507996163
1.2E-6                    6.0432522751387046
1.2999999999999998E-6     6.04736441626733
1.4E-6                    6.0533785904835495
1.5E-6                    6.0587974439281735
1.6E-6                    6.058543680687193
1.6999999999999998E-6     6.060460379164007
1.8E-6                    6.062041126419516
1.9E-6                    6.061257854154264
2.0E-6                    6.060497838122764
2.1E-6                    6.05937978570538
2.2E-6                    6.056955840475344
2.3E-6                    6.05387596356789
2.4E-6                    6.050757750433647
2.4999999999999998E-6     6.0465084076767575
2.5999999999999997E-6     6.042108781550745
2.7E-6                    6.03715736410466
2.8E-6                    6.031644672303966
2.8999999999999998E-6     6.0258107683108175
3.0E-6                    6.019539460351254
3.1E-6                    6.012922439614931
3.2E-6                    6.005837338237819
3.2999999999999997E-6     5.998650767668512
3.3999999999999996E-6     5.990990094452274
3.5E-6                    5.983176353918705
3.6E-6                    5.974965299583139
3.6999999999999997E-6     5.966594910025126
3.8E-6                    5.958090450908431
3.9E-6                    5.9492107720675955
4.0E-6                    5.940224552485187
4.1E-6                    5.931014871381856
4.2E-6                    5.921686548248779
4.2999999999999995E-6     5.912192081866839
4.4E-6                    5.90251305425596
4.5E-6                    5.892757933197955
4.6E-6                    5.882821457569185
4.7E-6                    5.872801452246723
4.8E-6                    5.862577511419804
4.9E-6                    5.852353674378276
4.9999999999999996E-6     5.842129939539365
5.0999999999999995E-6     5.831682631978068
5.199999999999999E-6      5.821202829985915
5.3E-6                    5.810723127416431
5.4E-6                    5.800149982370469
5.5E-6                    5.789465008358706
5.6E-6                    5.778780128729232
5.7E-6                    5.768089103075892
5.7999999999999995E-6     5.757238981000801
5.899999999999999E-6      5.746388949877493
6.0E-6                    5.735539008206
6.1E-6                    5.724630050699808
6.2E-6                    5.713684981007781
6.3E-6                    5.702739997109195
6.4E-6                    5.691781364871043
6.5E-6                    5.680768774219487
6.5999999999999995E-6     5.669756267885927
6.699999999999999E-6      5.658743844438497
6.799999999999999E-6      5.647698417301396
6.9E-6                    5.636644012863395
7.0E-6                    5.62558968741611
7.1E-6                    5.6145314493037555
7.2E-6                    5.60346642357662
7.2999999999999996E-6     5.592401477103342
7.3999999999999995E-6     5.5813366085166525
7.499999999999999E-6      5.5702687065395295
7.6E-6                    5.559200715375505
7.699999999999999E-6      5.548132797422335
7.8E-6                    5.537077572554839
7.899999999999999E-6      5.526033505747849
8.0E-6                    5.51498951321022
8.1E-6                    5.503945593650634
8.2E-6                    5.492901745771134
8.3E-6                    5.4818579682671675
8.4E-6                    5.470814259827612
8.5E-6                    5.459838430390951
8.599999999999999E-6      5.44889210361204
8.7E-6                    5.437945847058473
8.8E-6                    5.426999659485918
8.9E-6                    5.416053539643889
9.0E-6                    5.4051074862757655
9.1E-6                    5.3941614981188355
9.2E-6                    5.383310735153229
9.299999999999999E-6      5.3724752443449635
9.4E-6                    5.361639821379752
9.499999999999999E-6      5.350804465099991
9.6E-6                    5.339969174342511
9.7E-6                    5.329133947938616
9.8E-6                    5.318298784714099
9.9E-6                    5.307463683489282
9.999999999999999E-6      5.296628643079043
1.01E-5                   5.285793662292845
1.0199999999999999E-5     5.274958739934769
1.03E-5                   5.264123874803542
1.0399999999999999E-5     5.253289065692568
1.05E-5                   5.242499585469829
1.06E-5                   5.231900628163646
1.07E-5                   5.221301735191014
1.08E-5                   5.210702905491934
1.0899999999999999E-5     5.200104138001585
1.1E-5                    5.189505431650341
1.1099999999999999E-5     5.1789067853637984
1.12E-5                   5.168308198062808
1.13E-5                   5.157709668663492
1.14E-5                   5.147111196077281
1.15E-5                   5.136512779210926
1.1599999999999999E-5     5.125914416966534
1.17E-5                   5.115316108241598
1.1799999999999999E-5     5.104717851929008
1.19E-5                   5.0942807615651065
1.2E-5                    5.083991343045698
1.21E-5                   5.073701984121947
1.22E-5                   5.063412683833352
1.2299999999999999E-5     5.053123441215379
1.24E-5                   5.042834255299486
1.2499999999999999E-5     5.03254512511314
1.26E-5                   5.022256049679852
1.2699999999999999E-5     5.01196702801918
1.28E-5                   5.001678059146767
1.29E-5                   4.991389142074349
1.3E-5                    4.981100275809789
1.31E-5                   4.970811459357092
1.3199999999999999E-5     4.960522691716428
1.33E-5                   4.950287378325745
1.3399999999999999E-5     4.940061417260746
1.35E-5                   4.9298355069796225
1.3599999999999999E-5     4.919609646539377
1.37E-5                   4.909383834993346
1.38E-5                   4.899158071391224
1.3899999999999999E-5     4.8889323547790875
1.4E-5                    4.878706684199404
1.4099999999999999E-5     4.868481058691065
1.42E-5                   4.8582554772894015
1.4299999999999999E-5     4.8480299390262065
1.44E-5                   4.837804442929754
1.45E-5                   4.827578988024819
1.4599999999999999E-5     4.817403633339782
1.47E-5                   4.807454093746136
1.4799999999999999E-5     4.797504601469488
1.49E-5                   4.787555155719357
1.4999999999999999E-5     4.777605755702388
1.51E-5                   4.767656400622379
1.52E-5                   4.757707089680292
1.53E-5                   4.747757822074258
1.5399999999999998E-5     4.737808596999612
1.55E-5                   4.727859413648887
1.56E-5                   4.71791027121185
1.57E-5                   4.707961168875503
1.5799999999999998E-5     4.6980121058241044
1.59E-5                   4.688625206064677
1.6E-5                    4.679316228134587
1.61E-5                   4.670007295507821
1.62E-5                   4.660698407413201
1.63E-5                   4.651389563077042
1.64E-5                   4.642080761723152
1.6499999999999998E-5     4.632772002572861
1.66E-5                   4.6234632848450214
1.67E-5                   4.6141546077560385
1.68E-5                   4.6048459705198646
1.69E-5                   4.59552073380716
1.7E-5                    4.586113587598214
1.71E-5                   4.576706486771463
1.7199999999999998E-5     4.567299430539381
1.73E-5                   4.557892418111852
1.74E-5                   4.548485448696191
1.75E-5                   4.539078521497158
1.76E-5                   4.529671635716966
1.77E-5                   4.520264790555307
1.78E-5                   4.510857985209355
1.7899999999999998E-5     4.501474933117408
1.8E-5                    4.492099643899683
1.81E-5                   4.482724388488963
1.82E-5                   4.473349166223612
1.8299999999999998E-5     4.463973976440051
1.84E-5                   4.454598818472784
1.85E-5                   4.445223691654394
1.8599999999999998E-5     4.435848595315562
1.87E-5                   4.4265608164079
1.88E-5                   4.417496279250609
1.89E-5                   4.408431782361089
1.8999999999999998E-5     4.39936732504859
1.91E-5                   4.390302906620319
1.92E-5                   4.381238526381464
1.9299999999999998E-5     4.372174183635197
1.94E-5                   4.363109877682685
1.95E-5                   4.354045607823112
1.96E-5                   4.344994313829353
1.9699999999999998E-5     4.3359461271943776
1.98E-5                   4.326897972842999
1.99E-5                   4.31784985014632
1.9999999999999998E-5     4.3088017584737175
2.01E-5                   4.29975369719285
2.02E-5                   4.2907056656696625
2.03E-5                   4.28165766326841
2.0399999999999998E-5     4.272687693427288
2.05E-5                   4.26387263875551
2.06E-5                   4.255057617592395
2.07E-5                   4.246242629340245
2.0799999999999997E-5     4.2374276733997815
2.09E-5                   4.2286127491701615
2.1E-5                    4.219797856048976
2.1099999999999998E-5     4.210982993432269
2.12E-5                   4.202168160714536
2.13E-5                   4.193417283269461
2.14E-5                   4.184676684006318
2.1499999999999997E-5     4.175936115730954
2.16E-5                   4.16719557785092
2.17E-5                   4.158455069772256
2.1799999999999998E-5     4.149714590899479
2.19E-5                   4.1409741406356035
2.2E-5                    4.1322337183821585
2.21E-5                   4.1235522834084435
2.2199999999999998E-5     4.11496357790642
2.23E-5                   4.106374900908903
2.24E-5                   4.0977862519056325
2.2499999999999998E-5     4.089197630385113
2.26E-5                   4.080609035834621
2.27E-5                   4.072020467740212
2.28E-5                   4.063431925586728
2.2899999999999998E-5     4.0548434088578
2.3E-5                    4.046452992804503
2.31E-5                   4.038080847883847
2.3199999999999998E-5     4.02970873157675
2.33E-5                   4.021336643331583
2.34E-5                   4.012964582595427
2.35E-5                   4.004592548814087
2.3599999999999998E-5     3.9962205414320966
2.37E-5                   3.987848559892726
2.38E-5                   3.979475140861097
2.3899999999999998E-5     3.971099904535531
2.4E-5                    3.9627246929146214
2.41E-5                   3.954349505539056
2.42E-5                   3.9459743419484905
2.4299999999999998E-5     3.9375992016815506
2.44E-5                   3.929224084275845
2.45E-5                   3.9208489892679625
2.4599999999999998E-5     3.9124739161934836
2.4699999999999997E-5     3.9043840282575077
2.48E-5                   3.8963031432702717
2.49E-5                   3.8882222857955364
2.4999999999999998E-5     3.8801414553409814
2.51E-5                   3.8720606514132254
2.52E-5                   3.8639798735178292
2.53E-5                   3.855899121159308
2.5399999999999997E-5     3.8478183938411257
2.55E-5                   3.839686730769973
2.56E-5                   3.8315033892118033
2.5699999999999998E-5     3.823320068304963
2.58E-5                   3.8151367675981978
2.59E-5                   3.80695348663932
2.6E-5                    3.798770224975211
2.6099999999999997E-5     3.790586982151834
2.62E-5                   3.7824037577142327
2.63E-5                   3.7744775269219537
2.6399999999999998E-5     3.766589506665058
2.65E-5                   3.75870150623915
2.66E-5                   3.7508135252895687
2.67E-5                   3.7429255634609775
2.6799999999999998E-5     3.735037620397365
2.69E-5                   3.7271519853555652
2.7E-5                    3.7195730914773306
2.7099999999999998E-5     3.711994223939794
2.7199999999999997E-5     3.7044153822703527
2.73E-5                   3.696836565995471
2.74E-5                   3.689257774640701
2.7499999999999998E-5     3.6816790077306742
2.76E-5                   3.6740615481255294
2.77E-5                   3.6662143429882077
2.7799999999999998E-5     3.6583671552082633
2.7899999999999997E-5     3.650519984418782
2.8E-5                    3.6426728302521636
2.81E-5                   3.6348256923401183
2.8199999999999998E-5     3.6269785703136765
2.83E-5                   3.6192185105018213
2.84E-5                   3.611681195724198
2.8499999999999998E-5     3.6041439014377437
2.8599999999999997E-5     3.596606627290176
2.87E-5                   3.5890693729285936
2.88E-5                   3.581532137999482
2.8899999999999998E-5     3.573994922148713
2.9E-5                    3.5664999213781616
2.91E-5                   3.5590637396215685
2.9199999999999998E-5     3.5516275756941758
2.9299999999999997E-5     3.5441914292008354
2.94E-5                   3.5367552997457166
2.95E-5                   3.529319186932307
2.9599999999999998E-5     3.5218830903634153
2.97E-5                   3.5144100052195357
2.98E-5                   3.506907219373959
2.99E-5                   3.499404452387804
2.9999999999999997E-5     3.4919017039419735
3.01E-5                   3.484398973716822
3.02E-5                   3.476896261392152
3.0299999999999998E-5     3.469475541949159
3.04E-5                   3.4621898953745878
3.05E-5                   3.454904263707523
3.06E-5                   3.4476186466221344
3.07E-5                   3.440333043792078
3.0799999999999996E-5     3.4330474548905032
3.09E-5                   3.4257903760153448
3.1E-5                    3.418646712836614
3.11E-5                   3.4115030678599707
3.12E-5                   3.4043594407638227
3.13E-5                   3.3972158312260667
3.14E-5                   3.3900722389240725
3.15E-5                   3.382928634749077
3.1599999999999996E-5     3.3757838732429852
3.17E-5                   3.368639127137587
3.18E-5                   3.361494396128428
3.1899999999999996E-5     3.354349679910589
3.2E-5                    3.3472049781786835
3.21E-5                   3.340060290626861
3.22E-5                   3.3330290332786587
3.23E-5                   3.3260182682305253
3.24E-5                   3.3190075174136
3.25E-5                   3.3119967805386765
3.26E-5                   3.3049860573161203
3.2699999999999995E-5     3.2979753474558824
3.28E-5                   3.2910157690428954
3.29E-5                   3.284081363778642
3.2999999999999996E-5     3.277146974219116
3.31E-5                   3.270212600076492
3.32E-5                   3.2632782410625194
3.3299999999999996E-5     3.256343896888527
3.34E-5                   3.249435269138421
3.35E-5                   3.2425530554100055
3.36E-5                   3.2356708542106314
3.37E-5                   3.2287886652736204
3.38E-5                   3.221906488331928
3.39E-5                   3.2150243231181426
3.4E-5                    3.208181468647406
3.4099999999999995E-5     3.2014235326112472
3.42E-5                   3.1946656110871503
3.43E-5                   3.1879077038121526
3.4399999999999996E-5     3.181149810522922
3.45E-5                   3.174391930955764
3.46E-5                   3.167642909925579
3.4699999999999996E-5     3.1609484506422145
3.48E-5                   3.154254003394855
3.49E-5                   3.147559567934821
3.5E-5                    3.140865144013105
3.51E-5                   3.134170731380369
3.52E-5                   3.1274763297869543
3.53E-5                   3.1208840813811802
3.54E-5                   3.114295809928684
3.5499999999999996E-5     3.107707551270616
3.56E-5                   3.101119305165308
3.57E-5                   3.094531071370776
3.5799999999999996E-5     3.087942849644728
3.59E-5                   3.081404703486584
3.6E-5                    3.0748802191902085
3.6099999999999997E-5     3.0683557463317084
3.62E-5                   3.061831284678671
3.63E-5                   3.0553068339983924
3.64E-5                   3.0487823940578815
3.65E-5                   3.0423112031019715
3.6599999999999995E-5     3.035874222404429
3.67E-5                   3.0294372529176297
3.68E-5                   3.023000294417383
3.6899999999999996E-5     3.0165633466792308
3.7E-5                    3.0101264094784397
3.71E-5                   3.003720632186233
3.7199999999999996E-5     2.997355823453039
3.73E-5                   2.990991025990862
3.74E-5                   2.9846262395859022
3.75E-5                   2.9782614640241007
3.76E-5                   2.971896699091144
3.77E-5                   2.96555352312884
3.78E-5                   2.9592733651033845
3.79E-5                   2.9529932172402216
3.7999999999999995E-5     2.9467130793334313
3.81E-5                   2.9404329511768537
3.82E-5                   2.9341528325641
3.8299999999999996E-5     2.927878736101871
3.84E-5                   2.9216755036164246
3.85E-5                   2.915472281587976
3.8599999999999996E-5     2.909269069817309
3.87E-5                   2.903065868104979
3.88E-5                   2.896862676251317
3.89E-5                   2.8906594940564347
3.9E-5                    2.8845197941136247
3.9099999999999995E-5     2.8783870513821563
3.92E-5                   2.8722543180179256
3.93E-5                   2.866121593831069
3.9399999999999995E-5     2.8599888786315177
3.95E-5                   2.8538561722290012
3.96E-5                   2.847789672047924
3.9699999999999996E-5     2.841748359110257
3.98E-5                   2.8357070554533212
3.99E-5                   2.829665760894266
3.9999999999999996E-5     2.82362447525005
4.01E-5                   2.8175831983374353
4.02E-5                   2.8116038307684943
4.03E-5                   2.805675617167546
4.04E-5                   2.799747412624844
4.0499999999999995E-5     2.7938192169679814
4.06E-5                   2.7878910300243716
4.07E-5                   2.781962851621254
4.0799999999999996E-5     2.7760346815856938
4.09E-5                   2.7701065197445796
4.1E-5                    2.764178365924627
4.1099999999999996E-5     2.7582502199523815
4.12E-5                   2.752322081654218
4.13E-5                   2.7463939508563384
4.14E-5                   2.7404952550437836
4.15E-5                   2.734718980583216
4.1599999999999995E-5     2.728942714787482
4.17E-5                   2.723166457497626
4.18E-5                   2.717390208554536
4.1899999999999995E-5     2.7116139677989444
4.2E-5                    2.7058377350714298
4.21E-5                   2.7000615102124166
4.2199999999999996E-5     2.694285293062181
4.23E-5                   2.688509083460844
4.24E-5                   2.682732881248377
4.2499999999999996E-5     2.676956686264605
4.26E-5                   2.6711804983491994
4.27E-5                   2.665524144678416
4.28E-5                   2.6598906166938314
4.29E-5                   2.6542570966913557
4.2999999999999995E-5     2.6486235845229826
4.31E-5                   2.6429900800405646
4.32E-5                   2.6373565830958206
4.3299999999999995E-5     2.631723093540331
4.34E-5                   2.6260896112255465
4.35E-5                   2.62045613600278
4.3599999999999996E-5     2.6148226677232143
4.37E-5                   2.6091892062378954
4.38E-5                   2.603555751397744
4.3899999999999996E-5     2.5979847768895854
4.4E-5                    2.592479810788996
4.41E-5                   2.5869748518725793
4.42E-5                   2.58146990000575
4.43E-5                   2.5759649550538
4.4399999999999995E-5     2.5704600168819085
4.45E-5                   2.5649550853551357
4.46E-5                   2.559450160338429
4.4699999999999996E-5     2.553945241696621
4.48E-5                   2.548440329294429
4.49E-5                   2.5429354229964565
4.4999999999999996E-5     2.5374305226672
4.51E-5                   2.5319488601303144
4.52E-5                   2.526619301639739
4.5299999999999997E-5     2.5212897500622464
4.54E-5                   2.515960205271567
4.5499999999999995E-5     2.5106306671413305
4.56E-5                   2.505301135545061
4.57E-5                   2.4999716103561798
4.5799999999999995E-5     2.494642091448004
4.59E-5                   2.489312578693751
4.6E-5                    2.4839830719665352
4.6099999999999996E-5     2.478653571139372
4.62E-5                   2.4733240760851727
4.63E-5                   2.467994586676754
4.6399999999999996E-5     2.4627425327312054
4.65E-5                   2.45751248508235
4.66E-5                   2.452282443540829
4.67E-5                   2.44705240799067
4.68E-5                   2.441822378315813
4.6899999999999995E-5     2.4365923544001085
4.7E-5                    2.431362336127316
4.71E-5                   2.4261323233811067
4.7199999999999995E-5     2.420902316045067
4.73E-5                   2.415672314002689
4.74E-5                   2.410442317137384
4.7499999999999996E-5     2.405212325332474
4.76E-5                   2.4000543663335097
4.77E-5                   2.3949938742871364
4.7799999999999996E-5     2.389933388090911
4.79E-5                   2.3848729076388477
4.8E-5                    2.3798124328248846
4.81E-5                   2.37475196354288
4.82E-5                   2.3696914996866143
4.8299999999999995E-5     2.364631041149793
4.84E-5                   2.3595705878260445
4.85E-5                   2.3545101396089194
4.8599999999999995E-5     2.3494496963918947
4.87E-5                   2.3443892580683734
4.88E-5                   2.3393359387490396
4.8899999999999996E-5     2.334375424677553
4.9E-5                    2.3294149159181488
4.91E-5                   2.3244544123687154
4.9199999999999997E-5     2.319493913927073
4.93E-5                   2.314533420490969
4.9399999999999995E-5     2.3095729319580833
4.95E-5                   2.3046124482260217
4.96E-5                   2.2996519691923223
4.9699999999999995E-5     2.294691494754454
4.98E-5                   2.2897310248098184
4.99E-5                   2.284770559255746
4.9999999999999996E-5     2.2798100979895017
5.01E-5                   2.274957731653494
5.02E-5                   2.2701479418835553
5.0299999999999996E-5     2.2653381568861954
5.04E-5                   2.260528376576533
5.05E-5                   2.2557186008696335
5.06E-5                   2.250908829680507
5.07E-5                   2.2460990629241064
5.0799999999999995E-5     2.241289300515332
5.09E-5                   2.236479542369027
5.1E-5                    2.231669788399981
5.1099999999999995E-5     2.2268600385229336
5.12E-5                   2.222050292652564
5.13E-5                   2.2172814825323397
5.1399999999999996E-5     2.212584297734724
5.15E-5                   2.207887117916644
5.16E-5                   2.2031899429790807
5.1699999999999996E-5     2.1984927728229486
5.18E-5                   2.193795607349104
5.1899999999999994E-5     2.18909844645834
5.2E-5                    2.184401290051388
5.21E-5                   2.179704138028923
5.2199999999999995E-5     2.1750069902915534
5.23E-5                   2.1703098467398325
5.24E-5                   2.1656127072742533
5.2499999999999995E-5     2.1609167826840063
5.26E-5                   2.1563419414694334
5.27E-5                   2.15176710355651
5.2799999999999996E-5     2.147192268891404
5.29E-5                   2.1426174374202502
5.3E-5                    2.1380426090891542
5.3099999999999996E-5     2.1334677838441887
5.32E-5                   2.1288929616313963
5.3299999999999995E-5     2.1243181423967856
5.34E-5                   2.1197433260863385
5.35E-5                   2.115168512646004
5.3599999999999995E-5     2.1105937020216996
5.37E-5                   2.106018894159314
5.38E-5                   2.1018082731422703
5.3899999999999996E-5     2.09778851781261
5.4E-5                    2.0937687678267562
5.41E-5                   2.089749023083621
5.4199999999999996E-5     2.0857292834820607
5.43E-5                   2.081709548920884
5.4399999999999994E-5     2.0776898192988433
5.4499999999999997E-5     2.073670094514645
5.46E-5                   2.069650374466941
5.4699999999999995E-5     2.0651781331545744
5.48E-5                   2.06041649739697
5.49E-5                   2.0556548649288415
5.4999999999999995E-5     2.0508932356558547
5.51E-5                   2.046131609483607
5.52E-5                   2.041369986317645
5.5299999999999996E-5     2.03653737109759
5.54E-5                   2.0316560719987216
5.55E-5                   2.0267747745121203
5.5599999999999996E-5     2.0218934786077973
5.57E-5                   2.0173971828072235
5.5799999999999994E-5     2.0133536031432757
5.59E-5                   2.00931002636093
5.6E-5                    2.0052664523715134
5.6099999999999995E-5     2.0009276880710583
5.62E-5                   1.9964853951173673
5.63E-5                   1.9920431092678532
5.6399999999999995E-5     1.9876184366216552
5.65E-5                   1.9832101551936834
5.66E-5                   1.9788018720273313
5.6699999999999996E-5     1.974522346232577
5.68E-5                   1.9703225303197716
5.69E-5                   1.966121940387089
5.6999999999999996E-5     1.9618174422370045
5.71E-5                   1.9575129453836633
5.7199999999999994E-5     1.9532780227907791
5.73E-5                   1.9491486566348817
5.74E-5                   1.9450192924716911
5.7499999999999995E-5     1.940826342944984
5.76E-5                   1.9366161969503737
5.77E-5                   1.9324121268400345
5.7799999999999995E-5     1.9282363052032772
5.79E-5                   1.9240604823524503
5.8E-5                    1.919943695403973
5.8099999999999996E-5     1.9158720555479483
5.82E-5                   1.911800422261449
5.8299999999999994E-5     1.9076498063958711
5.8399999999999997E-5     1.9034955977808712
5.85E-5                   1.8993758334960782
5.8599999999999995E-5     1.895321091600978
5.87E-5                   1.8912663534637177
5.88E-5                   1.8872141850577469
5.8899999999999995E-5     1.883162939688298
5.9E-5                    1.8791111617720435
5.91E-5                   1.8750556681656982
5.9199999999999996E-5     1.8710001757311856
5.93E-5                   1.866982024594683
5.94E-5                   1.8629989412610513
5.9499999999999996E-5     1.8590158622516206
5.96E-5                   1.8550105239931176
5.9699999999999994E-5     1.8510028638953577
5.98E-5                   1.8470106684968688
5.99E-5                   1.8430553735115174
5.9999999999999995E-5     1.839100082153967
6.01E-5                   1.8351536879221266
6.02E-5                   1.8312113829460475
6.0299999999999995E-5     1.827270161669433
6.04E-5                   1.8233422981559404
6.05E-5                   1.8194144371870113
6.0599999999999996E-5     1.8155048261204862
6.07E-5                   1.8116162332920025
6.08E-5                   1.8077276428937716
6.0899999999999996E-5     1.8038399932342613
6.1E-5                    1.7999525053473795
6.11E-5                   1.7960748947259197
6.12E-5                   1.7922278243652636
6.13E-5                   1.7883807565630674
6.14E-5                   1.7845384176830277
6.149999999999999E-5      1.7806988073956105
6.159999999999999E-5      1.776859890317277
6.17E-5                   1.7730491264716406
6.18E-5                   1.7692383651087291
6.19E-5                   1.7654359665794521
6.2E-5                    1.761645414856501
6.209999999999999E-5      1.757854864981952
6.22E-5                   1.754077475325484
6.23E-5                   1.750303304265515
6.24E-5                   1.7465348281180941
6.25E-5                   1.7427900977962874
6.26E-5                   1.7390453693731291
6.269999999999999E-5      1.7353068011206592
6.28E-5                   1.7315726362744868
6.29E-5                   1.7278384735170806
6.3E-5                    1.72414103791264
6.31E-5                   1.720444623473114
6.319999999999999E-5      1.7167482110077994
6.33E-5                   1.713051800475502
6.34E-5                   1.7093553918350153
6.35E-5                   1.7056886862313818
6.36E-5                   1.7020317456258767
6.37E-5                   1.6983748069495326
6.379999999999999E-5      1.694717870162717
6.39E-5                   1.6910609352257837
6.4E-5                    1.6874257222608255
6.41E-5                   1.6838096014024386
6.42E-5                   1.680193482466164
6.429999999999999E-5      1.676577365413595
6.44E-5                   1.6729612502063107
6.45E-5                   1.6693571591003376
6.46E-5                   1.665779601067905
6.47E-5                   1.6622020448173391
6.48E-5                   1.658624490311602
6.489999999999999E-5      1.655046937513644
6.5E-5                    1.6514731723947333
6.51E-5                   1.6479370249790526
6.52E-5                   1.6444008794066327
6.53E-5                   1.6408647356415975
6.539999999999999E-5      1.6373285936480597
6.549999999999999E-5      1.6337924533901176
6.56E-5                   1.630289183906221
6.57E-5                   1.6267907817137348
6.58E-5                   1.6232923811453712
6.59E-5                   1.6197939821664475
6.599999999999999E-5      1.6162955847422715
6.61E-5                   1.612822864224872
6.62E-5                   1.6093639300362652
6.63E-5                   1.6059049975639075
6.64E-5                   1.6024460667743101
6.65E-5                   1.59898713763397
6.659999999999999E-5      1.5955446670923572
6.67E-5                   1.5921239882681155
6.68E-5                   1.5887033109709463
6.69E-5                   1.5852826351683935
6.7E-5                    1.58186196082799
6.709999999999999E-5      1.5784491889996288
6.72E-5                   1.575066161230796
6.73E-5                   1.5716831350765441
6.74E-5                   1.568300110505598
6.75E-5                   1.5649170874866747
6.76E-5                   1.5615340659884789
6.769999999999999E-5      1.558206551070584
6.78E-5                   1.5548796264392337
6.79E-5                   1.5515527032740293
6.8E-5                    1.5482257815451632
6.81E-5                   1.5448988612228174
6.819999999999999E-5      1.5415719422771668
6.829999999999999E-5      1.5382450246783754
6.84E-5                   1.5349181083966004
6.85E-5                   1.531591193401989
6.86E-5                   1.5282642796646821
6.87E-5                   1.5249778832689276
6.879999999999999E-5      1.5217248087743425
6.89E-5                   1.5184717357458544
6.9E-5                    1.5152186641556455
6.91E-5                   1.5119655939758898
6.92E-5                   1.5087125251787532
6.929999999999999E-5      1.5054594577363944
6.939999999999999E-5      1.5022063916209614
6.95E-5                   1.4989533268045978
6.96E-5                   1.4957002632594374
6.97E-5                   1.4924549582925293
6.98E-5                   1.4892737576707606
6.989999999999999E-5      1.4860925584069913
7.0E-5                    1.4829113604751898
7.01E-5                   1.4797301638493188
7.02E-5                   1.4765489685033324
7.03E-5                   1.4733677744111782
7.04E-5                   1.4701865815467963
7.049999999999999E-5      1.467005389884122
7.06E-5                   1.4638241993970802
7.07E-5                   1.4606430100595906
7.08E-5                   1.4575309215738281
7.09E-5                   1.4544533054879116
7.099999999999999E-5      1.451375690675562
7.11E-5                   1.4482980771132759
7.12E-5                   1.4452204647775464
7.13E-5                   1.4421428536448595
7.14E-5                   1.439065243691695
7.15E-5                   1.4359876348945273
7.159999999999999E-5      1.4329100272298243
7.17E-5                   1.4298324206740474
7.18E-5                   1.426754815203653
7.19E-5                   1.4236772107950924
7.2E-5                    1.4205996074248084
7.209999999999999E-5      1.4175220050692412
7.219999999999999E-5      1.4144444037048223
7.23E-5                   1.4113668033079798
7.24E-5                   1.4082892038551336
7.25E-5                   1.4052116053227013
7.26E-5                   1.4021340076870918
7.269999999999999E-5      1.3990564109247106
7.28E-5                   1.3959788150119554
7.29E-5                   1.3930067960579322
7.3E-5                    1.3900635878977992
7.31E-5                   1.3871203809503505
7.319999999999999E-5      1.3841771751950476
7.329999999999999E-5      1.381233970611347
7.34E-5                   1.3782907671787015
7.35E-5                   1.3753475648765572
7.36E-5                   1.3724043636843573
7.37E-5                   1.3694611635815386
7.379999999999999E-5      1.366517964547534
7.39E-5                   1.3635747665617706
7.4E-5                    1.360631569603671
7.41E-5                   1.3576883736526535
7.42E-5                   1.3547451786881315
7.429999999999999E-5      1.3518019846895142
7.439999999999999E-5      1.3488587916362043
7.45E-5                   1.3459155995076015
7.46E-5                   1.342972408283101
7.47E-5                   1.3400292179420918
7.48E-5                   1.3370860284639603
7.489999999999999E-5      1.3341428398280877
7.5E-5                    1.3313176140852734
7.51E-5                   1.3285049066908765
7.52E-5                   1.3256922003191784
7.53E-5                   1.3228794949522762
7.54E-5                   1.3200667905722623
7.549999999999999E-5      1.3172540871612268
7.56E-5                   1.3144413847012546
7.57E-5                   1.3116286831744273
7.58E-5                   1.3088159825628225
7.59E-5                   1.3060032828485144
7.599999999999999E-5      1.303190584013573
7.609999999999999E-5      1.300377886040064
7.62E-5                   1.297565188910051
7.63E-5                   1.294752492605591
7.64E-5                   1.2919397971087414
7.65E-5                   1.2891271024015518
7.659999999999999E-5      1.2863144084660714
7.67E-5                   1.2835017152843424
7.68E-5                   1.2806890228384067
7.69E-5                   1.2778763311103007
7.7E-5                    1.2750662677776337
7.709999999999999E-5      1.272370294886079
7.719999999999999E-5      1.2696743229064984
7.73E-5                   1.2669783518231794
7.74E-5                   1.2642823816204056
7.75E-5                   1.2615864122824574
7.76E-5                   1.2588904437936121
7.769999999999999E-5      1.256194476138145
7.78E-5                   1.2534985093003255
7.79E-5                   1.250802543264422
7.8E-5                    1.2481065780147005
7.81E-5                   1.2454106135354222
7.819999999999999E-5      1.2427146498108466
7.829999999999999E-5      1.2400186868252285
7.84E-5                   1.2373227245628213
7.85E-5                   1.2346267630078749
7.86E-5                   1.2319308021446365
7.87E-5                   1.2292348419573498
7.879999999999999E-5      1.2265388824302559
7.89E-5                   1.2238429235475932
7.9E-5                    1.2211469652935967
7.91E-5                   1.218469650800943
7.92E-5                   1.2159059523432483
7.93E-5                   1.2133422546789847
7.939999999999999E-5      1.210778557794569
7.95E-5                   1.2082148616764143
7.96E-5                   1.2056511663109324
7.97E-5                   1.2030874716845321
7.98E-5                   1.2005237777836202
7.989999999999999E-5      1.1979600845946008
7.999999999999999E-5      1.1953963921038753
8.01E-5                   1.192832700297843
8.02E-5                   1.1902690091629005
8.03E-5                   1.1877053186854425
8.04E-5                   1.1851416288518615
8.049999999999999E-5      1.1825779396485465
8.06E-5                   1.1800142510618852
8.07E-5                   1.1774505630782626
8.08E-5                   1.1748868756840616
8.09E-5                   1.1723231888656622
8.099999999999999E-5      1.169759502609444
8.109999999999999E-5      1.167195816901781
8.12E-5                   1.1646568182099286
8.13E-5                   1.1621882988790826
8.14E-5                   1.1597197802470998
8.15E-5                   1.1572512623018767
8.159999999999999E-5      1.1547827450313104
8.17E-5                   1.1523142284232948
8.18E-5                   1.1498457124657209
8.19E-5                   1.1473771971464795
8.2E-5                    1.1449086824534584
8.209999999999999E-5      1.1424401683745438
8.219999999999999E-5      1.1399716548976193
8.23E-5                   1.1375031420105666
8.24E-5                   1.1350346297012663
8.25E-5                   1.1325661179575959
8.26E-5                   1.1300976067674326
8.269999999999999E-5      1.12762909611865
8.28E-5                   1.1251605859991207
8.29E-5                   1.1226920763967145
8.3E-5                    1.1202235672993013
8.31E-5                   1.1177550586947476
8.319999999999999E-5      1.1152865505709175
8.329999999999999E-5      1.1128666937571645
8.34E-5                   1.1105269425772357
8.35E-5                   1.1081871919821433
8.36E-5                   1.1058474419616466
8.37E-5                   1.103507692505503
8.379999999999999E-5      1.1011679436034691
8.389999999999999E-5      1.0988281952452978
8.4E-5                    1.0964884474207433
8.41E-5                   1.0941487001195558
8.42E-5                   1.091808953331486
8.43E-5                   1.0894692070462826
8.439999999999999E-5      1.0871294612536921
8.45E-5                   1.0847897159434585
8.46E-5                   1.082449971105328
8.47E-5                   1.0801102267290412
8.48E-5                   1.0777704828043395
8.489999999999999E-5      1.0754307393209632
8.499999999999999E-5      1.073090996268649
8.51E-5                   1.0707512536371349
8.52E-5                   1.0684115114161552
8.53E-5                   1.0660717695954447
8.54E-5                   1.063772942778027
8.549999999999999E-5      1.0615156411733555
8.56E-5                   1.0592583401347784
8.57E-5                   1.0570010396529006
8.58E-5                   1.0547437397183264
8.59E-5                   1.0524864403216558
8.599999999999999E-5      1.0502291414534912
8.609999999999999E-5      1.0479718431044307
8.62E-5                   1.0457145452650725
8.63E-5                   1.0434572479260138
8.64E-5                   1.04119995107785
8.65E-5                   1.0389426547111744
8.659999999999999E-5      1.0366853588165812
8.669999999999999E-5      1.034428063384661
8.68E-5                   1.032170768406004
8.69E-5                   1.0299134738712
8.7E-5                    1.0276561797708363
8.709999999999999E-5      1.0253988860954997
8.719999999999999E-5      1.0231415928357754
8.73E-5                   1.0208842999822476
8.74E-5                   1.0186270075254988
8.75E-5                   1.0164266695972743
8.76E-5                   1.014262024400578
8.769999999999999E-5      1.0120973795074928
8.779999999999999E-5      1.009932734910215
8.79E-5                   1.0077680906009407
8.8E-5                    1.0056034465718657
8.81E-5                   1.0034388028151842
8.82E-5                   1.0012741593230894
8.829999999999999E-5      0.9991095160877739
8.84E-5                   0.9969448731014294
8.85E-5                   0.9947802303562466
8.86E-5                   0.9926155878444155
8.87E-5                   0.990450945558125
8.879999999999999E-5      0.9882863034895631
8.889999999999999E-5      0.9861216616309174
8.9E-5                    0.9839570199743742
8.91E-5                   0.9817923785121189
8.92E-5                   0.979627737236336
8.93E-5                   0.9774630961392102
8.939999999999999E-5      0.9754004188162588
8.95E-5                   0.9733599200667824
8.96E-5                   0.9713194218068353
8.97E-5                   0.9692789240292127
8.98E-5                   0.967238426726708
8.989999999999999E-5      0.9651979298921145
8.999999999999999E-5      0.9631574335182235
9.01E-5                   0.9611169375978262
9.02E-5                   0.9590764421237133
9.03E-5                   0.9570359470886739
9.04E-5                   0.954995452485497
9.049999999999999E-5      0.9529549583069702
9.059999999999999E-5      0.9509144645458795
9.07E-5                   0.9488739711950122
9.08E-5                   0.9468334782471527
9.09E-5                   0.9447929856950855
9.099999999999999E-5      0.9427524935315951
9.109999999999999E-5      0.94073268689698
9.12E-5                   0.9387149942456683
9.13E-5                   0.9366973018948481
9.14E-5                   0.9346796098379686
9.15E-5                   0.9326619180684774
9.159999999999999E-5      0.9306442265798224
9.169999999999999E-5      0.9286265353654504
9.18E-5                   0.926608844418807
9.19E-5                   0.924591153733338
9.2E-5                    0.9225734633024886
9.21E-5                   0.9205557731197024
9.219999999999999E-5      0.9185380831784232
9.23E-5                   0.916520393472093
9.24E-5                   0.9145027039941547
9.25E-5                   0.9124850147380494
9.26E-5                   0.9105207507870867
9.269999999999999E-5      0.9085810961592805
9.279999999999999E-5      0.9066414418715899
9.29E-5                   0.9047017879183058
9.3E-5                    0.9027621342937191
9.31E-5                   0.9008224809921191
9.32E-5                   0.8988828280077948
9.329999999999999E-5      0.8969431753350354
9.34E-5                   0.8950035229681285
9.35E-5                   0.8930638709013614
9.36E-5                   0.8911242191290212
9.37E-5                   0.8891845676453937
9.379999999999999E-5      0.8872449164447657
9.389999999999999E-5      0.8853052655214214
9.4E-5                    0.8833656148696456
9.41E-5                   0.8814564454713123
9.42E-5                   0.8795827735965789
9.43E-5                   0.8777091019866029
9.439999999999999E-5      0.8758354306359262
9.449999999999999E-5      0.8739617595390892
9.46E-5                   0.8720880886906321
9.47E-5                   0.8702144180850953
9.48E-5                   0.8683407477170174
9.489999999999999E-5      0.866467077580938
9.499999999999999E-5      0.8645934076713943
9.51E-5                   0.8627197379829248
9.52E-5                   0.8608460685100666
9.53E-5                   0.8589723992473568
9.54E-5                   0.8570987301893312
9.549999999999999E-5      0.8552598860602596
9.559999999999999E-5      0.8534319433156228
9.57E-5                   0.8516040008377507
9.58E-5                   0.8497760586218678
9.59E-5                   0.8479481166631982
9.6E-5                    0.8461201749569659
9.609999999999999E-5      0.8442922334983944
9.62E-5                   0.842464292282706
9.63E-5                   0.8406363513051234
9.64E-5                   0.8388084105608686
9.65E-5                   0.8369804700451631
9.659999999999999E-5      0.8351525297532285
9.669999999999999E-5      0.8333245896802853
9.68E-5                   0.831500407496997
9.69E-5                   0.8297338566469642
9.7E-5                    0.8279673060319888
9.71E-5                   0.8262007556475468
9.719999999999999E-5      0.8244342054891133
9.73E-5                   0.8226676555521623
9.74E-5                   0.8209011058321687
9.75E-5                   0.8191345563246061
9.76E-5                   0.8173680070249483
9.769999999999999E-5      0.8156014579286688
9.779999999999999E-5      0.8138349090312397
9.79E-5                   0.8120683603281337
9.8E-5                    0.8103018118148233
9.81E-5                   0.8085352634867796
9.82E-5                   0.8067844032776199
9.829999999999999E-5      0.8050613334350506
9.839999999999999E-5      0.8033382638121629
9.85E-5                   0.801615194404902
9.86E-5                   0.7998921252092118
9.87E-5                   0.7981690562210372
9.879999999999999E-5      0.7964459874363214
9.889999999999999E-5      0.794722918851008
9.9E-5                    0.7929998504610399
9.91E-5                   0.7912767822623599
9.92E-5                   0.7895537142509107
9.93E-5                   0.7878306464226345
9.939999999999999E-5      0.7861075787734733
9.949999999999999E-5      0.7843845112993683
9.96E-5                   0.782697929317057
9.97E-5                   0.7810301064381457
9.98E-5                   0.7793622837564002
9.989999999999999E-5      0.7776944612680794
9.999999999999999E-5      0.776026638969442
1.001E-4                  0.7743588168567469
1.002E-4                  0.7726909949262523
1.003E-4                  0.7710231731742162
1.004E-4                  0.7693553515968962
1.0049999999999999E-4     0.7676875301905501
1.0059999999999999E-4     0.7660197089514352
1.007E-4                  0.7643518878758078
1.008E-4                  0.7626840669599255
1.009E-4                  0.7610162462000442
1.01E-4                   0.7593925267879295
1.0109999999999999E-4     0.7577706427339955
1.012E-4                  0.7561487588599184
1.013E-4                  0.7545268751622709
1.014E-4                  0.7529049916376253
1.015E-4                  0.7512831082825538
1.0159999999999999E-4     0.7496612250936282
1.0169999999999999E-4     0.7480393420674198
1.018E-4                  0.7464174592005
1.019E-4                  0.7447955764894406
1.02E-4                   0.7431736939308113
1.021E-4                  0.7415518115211835
1.0219999999999999E-4     0.7399299292571277
1.0229999999999999E-4     0.738320547432394
1.024E-4                  0.7367468060345403
1.025E-4                  0.7351730648049866
1.026E-4                  0.7335993237406165
1.0269999999999999E-4     0.7320255828383142
1.0279999999999999E-4     0.7304518420949634
1.029E-4                  0.7288781015074475
1.03E-4                   0.72730436107265
1.031E-4                  0.7257306207874541
1.032E-4                  0.7241568806487427
1.0329999999999999E-4     0.7225831406533987
1.0339999999999999E-4     0.7210094007983042
1.035E-4                  0.7194356610803422
1.036E-4                  0.7178619214963942
1.037E-4                  0.7163138013949789
1.0379999999999999E-4     0.7147858702126013
1.0389999999999999E-4     0.7132579391798677
1.04E-4                   0.7117300082939025
1.041E-4                  0.7102020775518298
1.042E-4                  0.7086741469507737
1.043E-4                  0.7071462164878579
1.0439999999999999E-4     0.7056182861602064
1.0449999999999999E-4     0.7040903559649421
1.046E-4                  0.7025624258991885
1.047E-4                  0.7010344959600686
1.048E-4                  0.6995065661447059
1.049E-4                  0.6979786364502224
1.0499999999999999E-4     0.6964507068737413
1.051E-4                  0.6949607246088855
1.052E-4                  0.6934769770578892
1.053E-4                  0.6919932296482667
1.054E-4                  0.6905094823774082
1.0549999999999999E-4     0.6890257352427044
1.0559999999999999E-4     0.687541988241544
1.057E-4                  0.686058241371318
1.058E-4                  0.6845744946294159
1.059E-4                  0.6830907480132269
1.06E-4                   0.6816070015201408
1.0609999999999999E-4     0.6801232551475466
1.0619999999999999E-4     0.6786395088928336
1.063E-4                  0.6771557627533907
1.064E-4                  0.6756789209090532
1.065E-4                  0.6742387342478633
1.0659999999999999E-4     0.672798547711087
1.0669999999999999E-4     0.6713583612963198
1.068E-4                  0.6699181750011568
1.069E-4                  0.6684779888231933
1.07E-4                   0.6670378027600243
1.071E-4                  0.6655976168092449
1.0719999999999999E-4     0.6641574309684498
1.0729999999999999E-4     0.6627172452352332
1.074E-4                  0.6612770596071899
1.075E-4                  0.6598368740819142
1.076E-4                  0.6583966886570002
1.0769999999999999E-4     0.6569565033300427
1.0779999999999999E-4     0.6555353999653264
1.079E-4                  0.6541368679634719
1.08E-4                   0.6527383360822662
1.081E-4                  0.6513398043195203
1.082E-4                  0.6499412726730451
1.0829999999999999E-4     0.6485427411406516
1.0839999999999999E-4     0.6471442097201501
1.085E-4                  0.6457456784093513
1.086E-4                  0.6443471472060657
1.087E-4                  0.6429486161081034
1.0879999999999999E-4     0.6415500851132752
1.0889999999999999E-4     0.6401515542193904
1.0899999999999999E-4     0.6387530234242591
1.091E-4                  0.6373544927256919
1.092E-4                  0.6359870164748728
1.093E-4                  0.6346294695574983
1.0939999999999999E-4     0.6332719227422391
1.0949999999999999E-4     0.6319143760270846
1.096E-4                  0.6305568294100249
1.097E-4                  0.6291992828890497
1.098E-4                  0.6278417364621485
1.099E-4                  0.6264841901273106
1.0999999999999999E-4     0.625126643882526
1.1009999999999999E-4     0.6237690977257834
1.102E-4                  0.6224115516550721
1.103E-4                  0.6210540056683815
1.104E-4                  0.6196964597637004
1.1049999999999999E-4     0.6183411011445954
1.1059999999999999E-4     0.6170217002610598
1.107E-4                  0.6157022994798889
1.108E-4                  0.6143828987992483
1.109E-4                  0.6130634982173043
1.11E-4                   0.611744097732223
1.1109999999999999E-4     0.6104246973421702
1.1119999999999999E-4     0.6091052970453111
1.113E-4                  0.6077858968398122
1.114E-4                  0.6064664967238386
1.115E-4                  0.6051470966955559
1.1159999999999999E-4     0.60382769675313
1.1169999999999999E-4     0.6025082968947255
1.118E-4                  0.6011888971185084
1.119E-4                  0.5998835419256214
1.12E-4                   0.5986034879156873
1.121E-4                  0.5973234339928095
1.1219999999999999E-4     0.5960433801553118
1.1229999999999999E-4     0.5947633264015177
1.124E-4                  0.5934832727297513
1.125E-4                  0.5922032191383357
1.126E-4                  0.5909231656255953
1.1269999999999999E-4     0.5896431121898533
1.1279999999999999E-4     0.5883630588294331
1.1289999999999999E-4     0.5870830055426578
1.13E-4                   0.5858029523278512
1.131E-4                  0.5845228991833363
1.132E-4                  0.5832428461074364
1.1329999999999999E-4     0.5819998140153321
1.1339999999999999E-4     0.5807761468360118
1.135E-4                  0.5795524797403271
1.136E-4                  0.5783288127268094
1.137E-4                  0.5771051457939889
1.138E-4                  0.5758814789403964
1.1389999999999999E-4     0.5746578121645629
1.1399999999999999E-4     0.5734341454650185
1.141E-4                  0.5722104788402939
1.142E-4                  0.5709868122889198
1.143E-4                  0.5697631458094262
1.1439999999999999E-4     0.5685394794003439
1.1449999999999999E-4     0.5673158130602027
1.146E-4                  0.5660921467875333
1.147E-4                  0.5648684805808655
1.148E-4                  0.5636448144387296
1.149E-4                  0.5624211483596556
1.1499999999999999E-4     0.5611974823421739
1.1509999999999999E-4     0.559973816384814
1.152E-4                  0.5587501504861059
1.153E-4                  0.5575264846445793
1.154E-4                  0.5563028188587646
1.1549999999999999E-4     0.5550791531271907
1.1559999999999999E-4     0.553855487448388
1.157E-4                  0.5526318218208855
1.158E-4                  0.5514081562432133
1.159E-4                  0.5501844907139007
1.16E-4                   0.5489787034651491
1.1609999999999999E-4     0.5478249320111264
1.1619999999999999E-4     0.5466711606356904
1.163E-4                  0.5455173893376113
1.164E-4                  0.5443636181156594
1.165E-4                  0.5432098469686047
1.1659999999999999E-4     0.5420560758952175
1.1669999999999999E-4     0.5409023048942678
1.1679999999999999E-4     0.5397485339645258
1.169E-4                  0.5385947631047612
1.17E-4                   0.5374409923137441
1.171E-4                  0.5362872215902446
1.1719999999999999E-4     0.5351334509330323
1.1729999999999999E-4     0.5339796803408772
1.174E-4                  0.5328259098125488
1.175E-4                  0.5316721393468171
1.176E-4                  0.5305183689424516
1.177E-4                  0.529364598598222
1.1779999999999999E-4     0.5282108283128983
1.1789999999999999E-4     0.5270570580852494
1.18E-4                   0.5259032879140451
1.181E-4                  0.5247495177980549
1.182E-4                  0.5235957477360483
1.1829999999999999E-4     0.5224419777267948
1.1839999999999999E-4     0.5212882077690634
1.185E-4                  0.5201344378616236
1.186E-4                  0.5189806680032445
1.187E-4                  0.5178268981926956
1.188E-4                  0.5167304082995952
1.1889999999999999E-4     0.5156436313061901
1.1899999999999999E-4     0.5145568543748702
1.191E-4                  0.5134700775046063
1.192E-4                  0.5123833006943691
1.193E-4                  0.5112965239431297
1.1939999999999999E-4     0.5102097472498588
1.1949999999999999E-4     0.509122970613527
1.196E-4                  0.5080361940331048
1.197E-4                  0.5069494175075635
1.198E-4                  0.505862641035873
1.199E-4                  0.5047758646170042
1.1999999999999999E-4     0.5036890882499276
1.2009999999999999E-4     0.5026023119336138
1.202E-4                  0.5015155356670332
1.203E-4                  0.5004287594491563
1.204E-4                  0.4993419832789534
1.2049999999999999E-4     0.4982552071553952
1.2059999999999999E-4     0.49716843107745184
1.2069999999999999E-4     0.4960816550440934
1.208E-4                  0.4949948790542907
1.209E-4                  0.4939081031070135
1.21E-4                   0.4928213272012324
1.2109999999999999E-4     0.49173455133591776
1.2119999999999999E-4     0.4906477755100394
1.213E-4                  0.4895609997225674
1.214E-4                  0.4884742239724723
1.215E-4                  0.48741516206017166
1.216E-4                  0.48638939746705884
1.2169999999999999E-4     0.48536363292683293
1.2179999999999999E-4     0.48433786843863147
1.219E-4                  0.4833121040015921
1.22E-4                   0.48228633961485257
1.2209999999999999E-4     0.48126057527755034
1.222E-4                  0.4802348109888229
1.223E-4                  0.47920904674780757
1.224E-4                  0.4781832825536422
1.225E-4                  0.4771575184054641
1.226E-4                  0.47613175430241056
1.227E-4                  0.4751059902436191
1.228E-4                  0.4740802262282272
1.229E-4                  0.4730544622553721
1.2299999999999998E-4     0.4720286983241914
1.2309999999999998E-4     0.4710029344338218
1.2319999999999999E-4     0.4699771705834012
1.233E-4                  0.46895140677206654
1.234E-4                  0.46792564299895506
1.235E-4                  0.46689987926320425
1.236E-4                  0.4658741155639511
1.237E-4                  0.46484835190033263
1.238E-4                  0.4638225882714863
1.239E-4                  0.46279682467654915
1.24E-4                   0.46177106111465815
1.241E-4                  0.4607452975849506
1.2419999999999998E-4     0.45972282811537374
1.2429999999999999E-4     0.45875867232197226
1.244E-4                  0.4577945165731848
1.245E-4                  0.45683036086829154
1.246E-4                  0.45586620520657267
1.247E-4                  0.4549020495873084
1.248E-4                  0.4539378940097787
1.249E-4                  0.45297373847326367
1.25E-4                   0.45200958297704374
1.251E-4                  0.45104542752039867
1.252E-4                  0.4500812721026087
1.2529999999999998E-4     0.4491171167229539
1.2539999999999999E-4     0.44815296138071414
1.255E-4                  0.44718880607516936
1.256E-4                  0.4462246508055998
1.257E-4                  0.44526049557128533
1.258E-4                  0.44429634037150595
1.259E-4                  0.44333218520554146
1.26E-4                   0.4423680300726719
1.261E-4                  0.44140387497217726
1.262E-4                  0.4404397199033373
1.263E-4                  0.43947556486543193
1.2639999999999998E-4     0.43851140985774123
1.2649999999999998E-4     0.43754725487954466
1.266E-4                  0.4365830999301221
1.267E-4                  0.43561894500875353
1.268E-4                  0.43465479011471864
1.269E-4                  0.43369063524729723
1.27E-4                   0.4327606914669369
1.271E-4                  0.43184895186097616
1.272E-4                  0.430937212291804
1.273E-4                  0.4300254727588141
1.274E-4                  0.4291137332614002
1.2749999999999998E-4     0.4282019937989565
1.2759999999999998E-4     0.4272902543708762
1.277E-4                  0.42637851497655327
1.278E-4                  0.4254667756153816
1.279E-4                  0.42455503628675473
1.28E-4                   0.4236432969900665
1.281E-4                  0.4227315577247106
1.282E-4                  0.4218198184900808
1.283E-4                  0.4209080792855706
1.284E-4                  0.4199963401105738
1.285E-4                  0.41908460096448413
1.2859999999999998E-4     0.41817286184669533
1.2869999999999998E-4     0.41726112275660054
1.288E-4                  0.41634938369359376
1.289E-4                  0.4154376446570684
1.29E-4                   0.4145259056464182
1.291E-4                  0.41361416666103673
1.292E-4                  0.41270242770031745
1.293E-4                  0.4117906887636541
1.294E-4                  0.41087894985043993
1.295E-4                  0.40996721096006894
1.296E-4                  0.4090554720919341
1.2969999999999998E-4     0.40815770042003013
1.2979999999999998E-4     0.4073014046771511
1.2989999999999999E-4     0.4064451089649196
1.3E-4                    0.40558881328283297
1.301E-4                  0.40473251763038853
1.302E-4                  0.4038762220070837
1.303E-4                  0.4030199264124156
1.304E-4                  0.40216363084588164
1.305E-4                  0.40130733530697915
1.306E-4                  0.40045103979520524
1.307E-4                  0.3995947443100574
1.3079999999999998E-4     0.3987384488510329
1.3089999999999998E-4     0.39788215341762856
1.3099999999999999E-4     0.3970258580093419
1.311E-4                  0.39616956262567016
1.312E-4                  0.3953132672661105
1.313E-4                  0.3944569719301602
1.314E-4                  0.39360067661731635
1.315E-4                  0.3927443813270762
1.316E-4                  0.39188808605893694
1.317E-4                  0.39103179081239564
1.318E-4                  0.39017549558694953
1.3189999999999998E-4     0.389319200382096
1.3199999999999998E-4     0.3884629051973317
1.3209999999999999E-4     0.3876066100321539
1.322E-4                  0.38675031488605993
1.323E-4                  0.38589401975854676
1.324E-4                  0.38503772464911146
1.325E-4                  0.38422129213152645
1.326E-4                  0.38341183113169613
1.327E-4                  0.3826023701584405
1.328E-4                  0.38179290921133285
1.329E-4                  0.3809834482899468
1.33E-4                   0.3801739873938556
1.3309999999999998E-4     0.3793645265226329
1.3319999999999999E-4     0.3785550656758519
1.333E-4                  0.37774560485308595
1.334E-4                  0.37693614405390863
1.335E-4                  0.3761266832778932
1.336E-4                  0.37531722252461325
1.337E-4                  0.37450776179364187
1.338E-4                  0.37369830108455254
1.339E-4                  0.3728888403969188
1.34E-4                   0.3720793797303137
1.341E-4                  0.37126991908431073
1.3419999999999998E-4     0.3704604584584834
1.3429999999999998E-4     0.36965099785240474
1.344E-4                  0.36884153726564817
1.345E-4                  0.368032076697787
1.346E-4                  0.36722261614839463
1.347E-4                  0.3664131556170443
1.348E-4                  0.3656036951033092
1.349E-4                  0.3647942346067627
1.35E-4                   0.36398477412697827
1.351E-4                  0.36317531366352884
1.352E-4                  0.3623873096787536
1.3529999999999998E-4     0.3616254910498645
1.3539999999999998E-4     0.3608636724405373
1.355E-4                  0.3601018538504209
1.356E-4                  0.35934003527916436
1.357E-4                  0.35857821672641604
1.358E-4                  0.3578163981918249
1.359E-4                  0.3570545796750398
1.36E-4                   0.3562927611757094
1.361E-4                  0.35553094269348234
1.362E-4                  0.35476912422800727
1.363E-4                  0.3540073057789333
1.3639999999999998E-4     0.35324548734590894
1.3649999999999998E-4     0.35248366892858274
1.3659999999999999E-4     0.35172185052660354
1.367E-4                  0.35096003213962007
1.368E-4                  0.350198213767281
1.369E-4                  0.34943639540923493
1.37E-4                   0.3486745770651307
1.371E-4                  0.347912758734617
1.372E-4                  0.3471509404173425
1.373E-4                  0.3463891221129558
1.374E-4                  0.34562730382110557
1.3749999999999998E-4     0.34486548554144064
1.3759999999999998E-4     0.3441036672736094
1.3769999999999999E-4     0.3433418490172607
1.378E-4                  0.3425800307720431
1.379E-4                  0.34182044739250284
1.38E-4                   0.34110369018099584
1.381E-4                  0.34038693299114825
1.382E-4                  0.33967017582266085
1.383E-4                  0.3389534186752345
1.384E-4                  0.3382366615485702
1.385E-4                  0.3375199044423687
1.3859999999999998E-4     0.336803147356331
1.3869999999999998E-4     0.33608639029015747
1.3879999999999999E-4     0.33536963324354935
1.389E-4                  0.3346528762162074
1.39E-4                   0.33393611920783245
1.391E-4                  0.3332193622181252
1.392E-4                  0.33250260524678665
1.393E-4                  0.3317858482935176
1.394E-4                  0.3310690913580187
1.395E-4                  0.33035233443999085
1.396E-4                  0.3296355775391348
1.3969999999999998E-4     0.3289188206551516
1.3979999999999998E-4     0.32820206378774175
1.3989999999999999E-4     0.32748530693660616
1.4E-4                    0.3267685501014455
1.401E-4                  0.32605179328196066
1.402E-4                  0.3253350364778524
1.403E-4                  0.3246182796888215
1.404E-4                  0.3239015229145687
1.405E-4                  0.32318476615479486
1.406E-4                  0.3224680094092006
1.407E-4                  0.32177464851996557
1.408E-4                  0.32109395075909614
1.4089999999999998E-4     0.3204132530075964
1.4099999999999998E-4     0.3197325552652183
1.411E-4                  0.31905185753171444
1.412E-4                  0.318371159806837
1.413E-4                  0.3176904620903382
1.414E-4                  0.3170097643819703
1.415E-4                  0.3163290666814858
1.416E-4                  0.31564836898863674
1.417E-4                  0.31496767130317554
1.418E-4                  0.31428697362485425
1.419E-4                  0.3136062759534253
1.4199999999999998E-4     0.3129255782886411
1.4209999999999998E-4     0.31224488063025346
1.422E-4                  0.3115641829780149
1.423E-4                  0.31088348533167776
1.424E-4                  0.310202787690994
1.425E-4                  0.3095220900557162
1.426E-4                  0.30884139242559644
1.427E-4                  0.30816069480038677
1.428E-4                  0.3074799971798398
1.429E-4                  0.3067992995637075
1.43E-4                   0.30611860195174223
1.4309999999999998E-4     0.30543790434369633
1.4319999999999998E-4     0.3047572067393218
1.433E-4                  0.30407650913837075
1.434E-4                  0.30340825128304505
1.435E-4                  0.3027777043355255
1.436E-4                  0.30214715740877385
1.437E-4                  0.3015166105025846
1.438E-4                  0.30088606361675196
1.439E-4                  0.3002555167510704
1.44E-4                   0.2996249699053339
1.441E-4                  0.29899442307933694
1.4419999999999998E-4     0.29836387627287403
1.4429999999999998E-4     0.2977333294857391
1.4439999999999999E-4     0.29710278271772667
1.445E-4                  0.2964722359686308
1.446E-4                  0.29584168923824605
1.447E-4                  0.2952111425263665
1.448E-4                  0.2945805958327865
1.449E-4                  0.2939500491573003
1.45E-4                   0.2933195024997022
1.451E-4                  0.2926889558597865
1.452E-4                  0.2920584092373475
1.4529999999999998E-4     0.2914278626321795
1.4539999999999998E-4     0.2907973160440765
1.4549999999999999E-4     0.29016676947283304
1.456E-4                  0.2895362229182432
1.457E-4                  0.28890567638010134
1.458E-4                  0.2882751298582017
1.459E-4                  0.2876445833523386
1.46E-4                   0.28701403686230603
1.461E-4                  0.28638349038789856
1.462E-4                  0.2857672899052388
1.463E-4                  0.28515367538312625
1.4639999999999998E-4     0.28454006086010575
1.4649999999999998E-4     0.28392644633599595
1.4659999999999999E-4     0.2833128318106157
1.467E-4                  0.2826992172837836
1.468E-4                  0.28208560275531874
1.469E-4                  0.28147198822503977
1.47E-4                   0.2808583736927657
1.471E-4                  0.280244759158315
1.472E-4                  0.27963114462150673
1.473E-4                  0.2790175300821596
1.474E-4                  0.2784039155400923
1.4749999999999998E-4     0.2777903009951239
1.4759999999999998E-4     0.2771766864470729
1.4769999999999999E-4     0.2765630718957582
1.478E-4                  0.27594945734099857
1.479E-4                  0.27533584278261286
1.48E-4                   0.2747222282204198
1.481E-4                  0.27410861365423816
1.482E-4                  0.27349499908388675
1.483E-4                  0.2728813845091845
1.484E-4                  0.27226776992994983
1.485E-4                  0.27165415534600196
1.4859999999999998E-4     0.27104054075715944
1.4869999999999998E-4     0.27042692616324115
1.4879999999999998E-4     0.26981331156406557
1.489E-4                  0.26922889721041177
1.49E-4                   0.2686806808803716
1.491E-4                  0.2681324645724944
1.492E-4                  0.2675842482866474
1.493E-4                  0.2670360320226984
1.494E-4                  0.2664878157805144
1.495E-4                  0.2659395995599628
1.496E-4                  0.2653913833609112
1.497E-4                  0.2648431671832268
1.4979999999999998E-4     0.2642949510267773
1.4989999999999998E-4     0.2637467348914296
1.5E-4                    0.2631985187770512
1.501E-4                  0.26265030268350953
1.502E-4                  0.2621020866106721
1.503E-4                  0.26155387055840607
1.504E-4                  0.26100565452657887
1.505E-4                  0.2604574385150579
1.506E-4                  0.25990922252371057
1.507E-4                  0.259361006552404
1.508E-4                  0.2588127906010058
1.5089999999999998E-4     0.2582645746693834
1.5099999999999998E-4     0.2577163587574039
1.511E-4                  0.25716814286493467
1.512E-4                  0.25661992699184316
1.513E-4                  0.2560717111379967
1.514E-4                  0.2555234953032627
1.515E-4                  0.2549752794875084
1.516E-4                  0.2544275098816151
1.517E-4                  0.25388905231646597
1.518E-4                  0.2533505947315504
1.519E-4                  0.2528121371267194
1.5199999999999998E-4     0.252273679501824
1.5209999999999998E-4     0.2517352218567148
1.5219999999999999E-4     0.25119676419124315
1.523E-4                  0.2506583065052596
1.524E-4                  0.2501198487986156
1.525E-4                  0.24958139107116173
1.526E-4                  0.24904293332274915
1.527E-4                  0.2485044755532288
1.528E-4                  0.24796601776245158
1.529E-4                  0.24742755995026855
1.53E-4                   0.2468891021165306
1.5309999999999998E-4     0.24635064426108885
1.5319999999999998E-4     0.24581218638379396
1.5329999999999999E-4     0.24527372848449708
1.534E-4                  0.24473527056304917
1.535E-4                  0.2441833133352838
1.536E-4                  0.24362394558367476
1.537E-4                  0.24306457785904387
1.538E-4                  0.24250521016128804
1.539E-4                  0.2419458424903043
1.54E-4                   0.2413864748459895
1.541E-4                  0.24082710722824055
1.5419999999999998E-4     0.2402677396369546
1.5429999999999998E-4     0.23970837207202808
1.5439999999999999E-4     0.2391490045333582
1.545E-4                  0.23858963702084174
1.546E-4                  0.2380302695343757
1.547E-4                  0.237470902073857
1.548E-4                  0.236962551246805
1.549E-4                  0.23646460212678982
1.55E-4                   0.23596665299751984
1.551E-4                  0.23546870385889204
1.552E-4                  0.2349707547108036
1.5529999999999998E-4     0.23447280555315161
1.5539999999999998E-4     0.23397485638583276
1.5549999999999999E-4     0.23347690720874437
1.556E-4                  0.23297895802178353
1.557E-4                  0.23248100882484715
1.558E-4                  0.23198305961783236
1.559E-4                  0.23148512834997584
1.56E-4                   0.23098722385470907
1.561E-4                  0.23048931937551295
1.562E-4                  0.22999141491228023
1.563E-4                  0.22949351046490335
1.5639999999999998E-4     0.22899560603327507
1.5649999999999998E-4     0.22849770161728777
1.5659999999999998E-4     0.22799979721683414
1.567E-4                  0.22750189283180683
1.568E-4                  0.22700411512993957
1.569E-4                  0.2265096075640932
1.57E-4                   0.2260150999966508
1.571E-4                  0.22552059242752984
1.572E-4                  0.22502608485664805
1.573E-4                  0.2245315772839228
1.574E-4                  0.22403706970927184
1.5749999999999998E-4     0.22354256213261278
1.5759999999999998E-4     0.22305258704481495
1.5769999999999998E-4     0.22258077688638403
1.578E-4                  0.2221089667337479
1.579E-4                  0.22163715658681127
1.58E-4                   0.221165346445479
1.581E-4                  0.22069353630965574
1.582E-4                  0.2202217261792462
1.583E-4                  0.21974828827264628
1.584E-4                  0.21927248559130816
1.585E-4                  0.21879668291839677
1.586E-4                  0.21832088025382942
1.5869999999999998E-4     0.21784507759752325
1.5879999999999998E-4     0.21736927494939545
1.5889999999999999E-4     0.2168957950703956
1.59E-4                   0.21642776675244335
1.591E-4                  0.2159597384294675
1.592E-4                  0.21549171010138762
1.593E-4                  0.2150236817681233
1.594E-4                  0.21455565342959415
1.595E-4                  0.2140936817662461
1.596E-4                  0.21363321732343085
1.597E-4                  0.2131727528969863
1.5979999999999998E-4     0.2127122884868313
1.5989999999999998E-4     0.2122518240928841
1.5999999999999999E-4     0.21179429461521654
1.601E-4                  0.21133727291565185
1.602E-4                  0.21088025120781043
1.603E-4                  0.21042322949161738
1.604E-4                  0.20996620776699795
1.605E-4                  0.20951404147264627
1.606E-4                  0.20906238920820577
1.607E-4                  0.20861073695730561
1.608E-4                  0.20815908471987174
1.6089999999999998E-4     0.20770743249583043
1.6099999999999998E-4     0.2072605761865469
1.6109999999999999E-4     0.2068139404123385
1.612E-4                  0.20636730463462935
1.613E-4                  0.20592066885334756
1.614E-4                  0.2054740667895937
1.615E-4                  0.20503175217674963
1.616E-4                  0.20458943757106127
1.617E-4                  0.20414712297245982
1.618E-4                  0.20370480838087662
1.619E-4                  0.20326278920553142
1.6199999999999998E-4     0.20282543361108832
1.6209999999999998E-4     0.20238807801897757
1.6219999999999999E-4     0.20195072242913192
1.623E-4                  0.20151336684148402
1.624E-4                  0.20107652432089645
1.625E-4                  0.20064377694091595
1.626E-4                  0.20021102956296932
1.627E-4                  0.1997782821869919
1.628E-4                  0.19934553481291892
1.629E-4                  0.19891352938274828
1.63E-4                   0.19848533090133608
1.6309999999999998E-4     0.19805713242544465
1.6319999999999998E-4     0.19762893395501088
1.6329999999999998E-4     0.19720073548997202
1.634E-4                  0.19677352426505726
1.635E-4                  0.19634992035633983
1.636E-4                  0.19592631644763353
1.637E-4                  0.1955027125388774
1.638E-4                  0.19507910863001057
1.639E-4                  0.19465671373469345
1.64E-4                   0.194237644123585
1.641E-4                  0.19381857451824275
1.6419999999999998E-4     0.19339950491860805
1.6429999999999998E-4     0.1929804353246218
1.6439999999999998E-4     0.19256346986651524
1.645E-4                  0.19215100863766726
1.646E-4                  0.19173854741045493
1.647E-4                  0.1913260861848219
1.648E-4                  0.19091362496071207
1.649E-4                  0.19050116373806913
1.65E-4                   0.1900887025168369
1.651E-4                  0.18967624129695917
1.652E-4                  0.18926378007837966
1.6529999999999998E-4     0.18885131886104234
1.6539999999999998E-4     0.1884425511254956
1.6549999999999998E-4     0.18803884352075292
1.656E-4                  0.18763513591956063
1.657E-4                  0.1872314283218662
1.658E-4                  0.18682772072761705
1.659E-4                  0.18642401313676038
1.66E-4                   0.18602030554924376
1.661E-4                  0.1856165979650144
1.662E-4                  0.18521289038401978
1.663E-4                  0.18480918280620726
1.6639999999999998E-4     0.18440997037241016
1.6649999999999998E-4     0.18401481728798044
1.6659999999999998E-4     0.18361966420554887
1.6669999999999999E-4     0.18322451112506596
1.668E-4                  0.18282935804648243
1.669E-4                  0.18243420496974871
1.67E-4                   0.18203905189481537
1.671E-4                  0.18164389882163304
1.672E-4                  0.18124874575015223
1.673E-4                  0.18085359268032355
1.674E-4                  0.18046370749497134
1.675E-4                  0.18007692937205813
1.6759999999999998E-4     0.17969015125180876
1.6769999999999998E-4     0.1793033731341768
1.6779999999999999E-4     0.17891659501911597
1.679E-4                  0.17852981690658
1.68E-4                   0.17814303879652263
1.681E-4                  0.17775626068889758
1.682E-4                  0.17736948258365842
1.683E-4                  0.17698270448075892
1.684E-4                  0.17660482078472733
1.685E-4                  0.17623018457467501
1.686E-4                  0.17585554836679768
1.6869999999999998E-4     0.1754809121610533
1.6879999999999998E-4     0.17510627595739967
1.6889999999999999E-4     0.17473163975579467
1.69E-4                   0.17435700355619632
1.691E-4                  0.17398236735856246
1.692E-4                  0.17360773116285097
1.693E-4                  0.17323309496901976
1.694E-4                  0.1728584587770268
1.695E-4                  0.1724838225868299
1.696E-4                  0.172109186398387
1.697E-4                  0.17173455021165598
1.6979999999999998E-4     0.1713599140265949
1.6989999999999998E-4     0.1709852778431614
1.6999999999999999E-4     0.17061064166131346
1.701E-4                  0.17023600548100903
1.702E-4                  0.169861369302206
1.703E-4                  0.16948673312486226
1.704E-4                  0.1691268613496338
1.705E-4                  0.1687679385714468
1.706E-4                  0.1684090157954117
1.707E-4                  0.16805009302149146
1.708E-4                  0.16769117024964914
1.7089999999999998E-4     0.16733224747984773
1.7099999999999998E-4     0.16697332471205012
1.7109999999999998E-4     0.16661440194621935
1.712E-4                  0.16625547918231842
1.713E-4                  0.16589655642031031
1.714E-4                  0.16553763366015808
1.715E-4                  0.1651787109018246
1.716E-4                  0.16481978814527287
1.717E-4                  0.16446086539046595
1.718E-4                  0.16410194263736677
1.719E-4                  0.16374301988593837
1.7199999999999998E-4     0.1633840971361438
1.7209999999999998E-4     0.16302517438794584
1.7219999999999998E-4     0.1626662516413076
1.723E-4                  0.1623095342996443
1.724E-4                  0.16196564773126976
1.725E-4                  0.16162176116476784
1.726E-4                  0.161277874600106
1.727E-4                  0.16093398803725165
1.728E-4                  0.1605901014761723
1.729E-4                  0.16024621491683536
1.73E-4                   0.15990232835920823
1.7309999999999998E-4     0.15955844180325843
1.7319999999999998E-4     0.1592145552489533
1.7329999999999998E-4     0.15887066869626032
1.7339999999999999E-4     0.1585267821451469
1.735E-4                  0.15818289559558052
1.736E-4                  0.15783900904752857
1.737E-4                  0.15749512250095857
1.738E-4                  0.15715123595583788
1.739E-4                  0.15680734941213395
1.74E-4                   0.15646346286981425
1.741E-4                  0.15611957632884615
1.7419999999999998E-4     0.15577568978919729
1.7429999999999998E-4     0.1554369035286733
1.7439999999999998E-4     0.1551074351319136
1.7449999999999999E-4     0.15477796673674002
1.746E-4                  0.15444849834312394
1.747E-4                  0.1541190299510368
1.748E-4                  0.15378956156044987
1.749E-4                  0.15346009317133466
1.75E-4                   0.15313062478366252
1.751E-4                  0.1528011563974048
1.752E-4                  0.15247168801253286
1.753E-4                  0.1521422196290181
1.7539999999999998E-4     0.15181275124683202
1.7549999999999998E-4     0.15148328286594584
1.7559999999999999E-4     0.15115381448633097
1.757E-4                  0.1508243461079589
1.758E-4                  0.15049487773080078
1.759E-4                  0.15016540935482825
1.76E-4                   0.14983594098001254
1.761E-4                  0.14950647260632507
1.762E-4                  0.14917700423373725
1.763E-4                  0.14885528656354707
1.764E-4                  0.14853963880225546
1.7649999999999998E-4     0.14822399104244816
1.7659999999999998E-4     0.14790834328409988
1.7669999999999999E-4     0.1475926955271855
1.768E-4                  0.14727704777167985
1.769E-4                  0.14696140001755767
1.77E-4                   0.14664575226479384
1.771E-4                  0.14633010451336312
1.772E-4                  0.14601445676324037
1.773E-4                  0.14569880901440035
1.774E-4                  0.14538316126681788
1.775E-4                  0.14506751352046784
1.7759999999999998E-4     0.14475186577532495
1.7769999999999998E-4     0.14443621803136403
1.7779999999999998E-4     0.14412057028855982
1.779E-4                  0.14380492254688723
1.78E-4                   0.14348927480632104
1.781E-4                  0.14317362706683603
1.782E-4                  0.14285797932840702
1.783E-4                  0.14255724589140537
1.784E-4                  0.14226102098622578
1.785E-4                  0.1419647960822316
1.786E-4                  0.141668571179402
1.7869999999999998E-4     0.14137234627771628
1.7879999999999998E-4     0.14107612137715356
1.7889999999999998E-4     0.140779896477693
1.79E-4                   0.14048367157931388
1.791E-4                  0.1401874466819954
1.792E-4                  0.13989122178571667
1.793E-4                  0.13959499689045696
1.794E-4                  0.13929877199619542
1.795E-4                  0.13900254710291132
1.796E-4                  0.13870632221058377
1.797E-4                  0.13841009731919207
1.7979999999999998E-4     0.13811387242871542
1.7989999999999998E-4     0.1378176475391329
1.7999999999999998E-4     0.13752142265042375
1.801E-4                  0.13722519776256717
1.802E-4                  0.1369289728755424
1.803E-4                  0.1366327479893286
1.804E-4                  0.13633652310390496
1.805E-4                  0.1360402982192507
1.806E-4                  0.13574407333534502
1.807E-4                  0.13544784845216715
1.808E-4                  0.13515162356969623
1.8089999999999998E-4     0.13485539868791155
1.8099999999999998E-4     0.13455917380679216
1.8109999999999998E-4     0.1342629489263173
1.8119999999999999E-4     0.13396672404646626
1.813E-4                  0.13367049916721807
1.814E-4                  0.1333742742885521
1.815E-4                  0.13307804941044749
1.816E-4                  0.1327818245328834
1.817E-4                  0.13248559965583906
1.818E-4                  0.13218937477929368
1.819E-4                  0.13189314990322643
1.8199999999999998E-4     0.13159692502761655
1.8209999999999998E-4     0.13130070015244316
1.8219999999999998E-4     0.13100890171171514
1.8229999999999999E-4     0.1307369966960067
1.824E-4                  0.13046509168154558
1.825E-4                  0.13019318666831567
1.826E-4                  0.12992128165630087
1.827E-4                  0.12964937664548506
1.828E-4                  0.12937747163585225
1.829E-4                  0.12910556662738623
1.83E-4                   0.1288336616200709
1.8309999999999998E-4     0.12856175661389038
1.8319999999999998E-4     0.12828985160882828
1.8329999999999998E-4     0.12801794660486862
1.8339999999999999E-4     0.12774604160199537
1.835E-4                  0.1274741366001923
1.836E-4                  0.1272022315994435
1.837E-4                  0.12693032659973275
1.838E-4                  0.12665842160104393
1.839E-4                  0.12638651660336103
1.84E-4                   0.12611461160666793
1.841E-4                  0.12584270661094846
1.842E-4                  0.12557080161618667
1.8429999999999998E-4     0.1252988966223664
1.8439999999999998E-4     0.12502699162947153
1.8449999999999999E-4     0.1247550866374859
1.846E-4                  0.1244831816463935
1.847E-4                  0.12421127665617829
1.848E-4                  0.12393937166682407
1.849E-4                  0.12366746667831477
1.85E-4                   0.12339556169063434
1.851E-4                  0.12312365670376663
1.852E-4                  0.12285175171769556
1.853E-4                  0.12257984673240509
1.8539999999999998E-4     0.1223079417478791
1.8549999999999998E-4     0.12203603676410145
1.8559999999999998E-4     0.12176413178105602
1.857E-4                  0.12149222679872675
1.858E-4                  0.12122032181709758
1.859E-4                  0.12094841683615239
1.86E-4                   0.1206765118558751
1.861E-4                  0.1204046068762496
1.862E-4                  0.12014603233749059
1.863E-4                  0.11989648849000546
1.864E-4                  0.11964694464331871
1.8649999999999998E-4     0.11939740079741792
1.8659999999999998E-4     0.11914785695229058
1.8669999999999998E-4     0.11889831310792431
1.868E-4                  0.11864876926430665
1.869E-4                  0.11839922542142517
1.87E-4                   0.11814968157926742
1.871E-4                  0.11790013773782099
1.872E-4                  0.11765059389707341
1.873E-4                  0.11740105005701226
1.874E-4                  0.11715150621762511
1.875E-4                  0.11690196237889952
1.8759999999999998E-4     0.11665241854082309
1.8769999999999998E-4     0.11640287470338324
1.8779999999999998E-4     0.11615333086656769
1.879E-4                  0.11590378703036389
1.88E-4                   0.11565424319475948
1.881E-4                  0.11540469935974197
1.882E-4                  0.11515515552529898
1.883E-4                  0.11490561169141797
1.884E-4                  0.11465606785808663
1.885E-4                  0.11440652402529244
1.886E-4                  0.11415698019302298
1.8869999999999998E-4     0.11390743636126584
1.8879999999999998E-4     0.11365789253000856
1.8889999999999998E-4     0.11340834869923865
1.8899999999999999E-4     0.11315880486894371
1.891E-4                  0.11290926103911132
1.892E-4                  0.11265971720972903
1.893E-4                  0.11241017338078442
1.894E-4                  0.11216062955226502
1.895E-4                  0.11191108572415837
1.896E-4                  0.11166154189645212
1.897E-4                  0.11141199806913374
1.8979999999999998E-4     0.11116245424219087
1.8989999999999998E-4     0.11091291041561105
1.8999999999999998E-4     0.11066336658938176
1.9009999999999999E-4     0.110414032671356
1.902E-4                  0.1101849123972923
1.903E-4                  0.10995579212391828
1.904E-4                  0.10972667185122428
1.905E-4                  0.10949755157920073
1.906E-4                  0.10926843130783793
1.907E-4                  0.10903931103712632
1.908E-4                  0.10881019076705624
1.9089999999999998E-4     0.10858107049761812
1.9099999999999998E-4     0.10835195022880223
1.9109999999999998E-4     0.10812282996059895
1.9119999999999999E-4     0.10789370969299872
1.913E-4                  0.10766458942599191
1.914E-4                  0.10743546915956886
1.915E-4                  0.10720634889371992
1.916E-4                  0.10697722862843553
1.917E-4                  0.10674810836370602
1.918E-4                  0.10651898809952176
1.919E-4                  0.10628986783587314
1.92E-4                   0.10606074757275054
1.9209999999999998E-4     0.10583162731014435
1.9219999999999998E-4     0.10560250704804487
1.9229999999999999E-4     0.10537338678644252
1.924E-4                  0.10514426652532761
1.925E-4                  0.1049151462646906
1.926E-4                  0.10468602600452187
1.927E-4                  0.10445690574481174
1.928E-4                  0.10422778548555059
1.929E-4                  0.10399866522672876
1.93E-4                   0.10376954496833674
1.931E-4                  0.10354042471036473
1.9319999999999998E-4     0.10331130445280333
1.9329999999999998E-4     0.10308218419564268
1.9339999999999998E-4     0.10285306393887327
1.935E-4                  0.10262394368248545
1.936E-4                  0.10239482342646959
1.937E-4                  0.10216570317081608
1.938E-4                  0.10193658291551529
1.939E-4                  0.10170746266055754
1.94E-4                   0.10147834240593331
1.941E-4                  0.10125725874597982
1.942E-4                  0.10104707432042907
1.9429999999999998E-4     0.10083688989537808
1.9439999999999998E-4     0.1006267054708193
1.9449999999999998E-4     0.1004165210467454
1.946E-4                  0.1002063366231488
1.947E-4                  0.09999615220002225
1.948E-4                  0.09978596777735817
1.949E-4                  0.09957578335514922
1.95E-4                   0.0993655989333879
1.951E-4                  0.09915541451206683
1.952E-4                  0.09894523009117855
1.953E-4                  0.09873504567071563
1.9539999999999998E-4     0.09852486125067066
1.9549999999999998E-4     0.09831467683103615
1.9559999999999998E-4     0.09810449241180468
1.9569999999999999E-4     0.09789430799296885
1.958E-4                  0.09768412357452116
1.959E-4                  0.09747393915645425
1.96E-4                   0.09726375473876063
1.961E-4                  0.0970535703214329
1.962E-4                  0.09684338590446363
1.963E-4                  0.09663320148784535
1.964E-4                  0.09642301707157064
1.9649999999999998E-4     0.09621283265563214
1.9659999999999998E-4     0.09600264824002228
1.9669999999999998E-4     0.09579246382473369
1.9679999999999999E-4     0.09558227940975894
1.969E-4                  0.09537209499509058
1.97E-4                   0.09516191058072121
1.971E-4                  0.09495172616664335
1.972E-4                  0.09474154175284963
1.973E-4                  0.09453135733933253
1.974E-4                  0.09432117292608465
1.975E-4                  0.09411098851309857
1.9759999999999998E-4     0.09390080410036691
1.9769999999999998E-4     0.09369061968788213
1.9779999999999998E-4     0.09348043527563682
1.9789999999999999E-4     0.09327025086362356
1.98E-4                   0.09306006645183493
1.981E-4                  0.09286423156625451
1.982E-4                  0.09267115953602421
1.983E-4                  0.09247808750618816
1.984E-4                  0.09228501547674059
1.985E-4                  0.09209194344767573
1.986E-4                  0.09189887141898781
1.9869999999999998E-4     0.09170579939067118
1.9879999999999998E-4     0.09151272736271991
1.9889999999999998E-4     0.09131965533512829
1.9899999999999999E-4     0.09112658330789063
1.991E-4                  0.09093351128100108
1.992E-4                  0.09074043925445394
1.993E-4                  0.09054736722824344
1.994E-4                  0.0903542952023638
1.995E-4                  0.09016122317680926
1.996E-4                  0.08996815115157407
1.997E-4                  0.08977507912665246
1.9979999999999998E-4     0.08958200710203874
1.9989999999999998E-4     0.08938893507772704
1.9999999999999998E-4     0.08919586305371165
