% Model:              20230225_JW_4_00.mph
% Version:            COMSOL 5.6.0.401
% Date:               Feb 25 2023, 20:07
% Dimension:          1
% Nodes:              2001
% Expressions:        1
% Description:        点图
% X                       Height
0                         11.969620968161424
1.0E-7                    11.973786462871354
2.0E-7                    11.977951824428207
3.0E-7                    11.990937917737178
4.0E-7                    12.002524390002936
5.0E-7                    12.011943340489026
6.0E-7                    12.011826844287755
7.0E-7                    12.00957196706391
8.0E-7                    12.009562141980181
9.0E-7                    12.009935412771418
1.0E-6                    12.009929728374825
1.1E-6                    12.005127598155816
1.2E-6                    12.000987597003618
1.2999999999999998E-6     11.996065122123088
1.4E-6                    11.989173180254863
1.5E-6                    11.981821957862275
1.6E-6                    11.974584593343721
1.6999999999999998E-6     11.964153869768248
1.8E-6                    11.954163052981334
1.9E-6                    11.94417154964345
2.0E-6                    11.932738268736381
2.1E-6                    11.92022992612583
2.2E-6                    11.907841220933712
2.3E-6                    11.894706473735834
2.4E-6                    11.880541251439547
2.4999999999999998E-6     11.866425824517831
2.5999999999999997E-6     11.851505187466033
2.7E-6                    11.83622281846628
2.8E-6                    11.820660119224424
2.8999999999999998E-6     11.804490566286317
3.0E-6                    11.788033814549673
3.1E-6                    11.77126971638845
3.2E-6                    11.75410171059597
3.2999999999999997E-6     11.736782053701482
3.3999999999999996E-6     11.718999911591633
3.5E-6                    11.7011134647099
3.6E-6                    11.68297308034127
3.6999999999999997E-6     11.664573870383332
3.8E-6                    11.645956829164748
3.9E-6                    11.627155054304644
4.0E-6                    11.608274650612342
4.1E-6                    11.589101140836581
4.2E-6                    11.569829037327665
4.2999999999999995E-6     11.550418816991757
4.4E-6                    11.530870387130143
4.5E-6                    11.511265023047674
4.6E-6                    11.491451770836688
4.7E-6                    11.471575949360545
4.8E-6                    11.451547435372564
4.9E-6                    11.431519050539086
4.9999999999999996E-6     11.411490791058903
5.0999999999999995E-6     11.39126512653643
5.199999999999999E-6      11.371010799345932
5.3E-6                    11.350756591338087
5.4E-6                    11.330420686783908
5.5E-6                    11.309987000183773
5.6E-6                    11.289553419140612
5.7E-6                    11.269115658709092
5.7999999999999995E-6     11.248568752769806
5.899999999999999E-6      11.22802194966778
6.0E-6                    11.207475246279033
6.1E-6                    11.186887272111868
6.2E-6                    11.166274053910566
6.3E-6                    11.145660924651196
6.4E-6                    11.125041043647942
6.5E-6                    11.104394343617566
6.5999999999999995E-6     11.083747734941147
6.699999999999999E-6      11.063101214719138
6.799999999999999E-6      11.04244120223253
6.9E-6                    11.021777552722899
7.0E-6                    11.001113980299564
7.1E-6                    10.980462075843151
7.2E-6                    10.959830203776532
7.2999999999999996E-6     10.939198414160458
7.3999999999999995E-6     10.918566704267315
7.499999999999999E-6      10.8979458623968
7.6E-6                    10.877325662520548
7.699999999999999E-6      10.856705533817381
7.8E-6                    10.83613762693701
7.899999999999999E-6      10.815615593671637
8.0E-6                    10.795093634060962
8.1E-6                    10.774571745588533
8.2E-6                    10.754049925716794
8.3E-6                    10.733528171887183
8.4E-6                    10.71300648152024
8.5E-6                    10.692569556138329
8.599999999999999E-6      10.67216946598986
8.7E-6                    10.651769447092487
8.8E-6                    10.631369497057994
8.9E-6                    10.610969613478677
9.0E-6                    10.590569793927415
9.1E-6                    10.570170035957815
9.2E-6                    10.549977073920685
9.299999999999999E-6      10.529817210026692
9.4E-6                    10.50965741330209
9.499999999999999E-6      10.489497681538051
9.6E-6                    10.469338012508581
9.7E-6                    10.44917840397061
9.8E-6                    10.429018853664065
9.9E-6                    10.408859359311975
9.999999999999999E-6      10.388699918620544
1.01E-5                   10.36854052927924
1.0199999999999999E-5     10.348381188960897
1.03E-5                   10.32822189532177
1.0399999999999999E-5     10.308062646001675
1.05E-5                   10.287965547095567
1.06E-5                   10.26812978864032
1.07E-5                   10.24829409869179
1.08E-5                   10.22845847527292
1.0899999999999999E-5     10.208622916391995
1.1E-5                    10.188787420042738
1.1099999999999999E-5     10.16895198420436
1.12E-5                   10.14911660684165
1.13E-5                   10.129281285905037
1.14E-5                   10.109446019330674
1.15E-5                   10.089610805040493
1.1599999999999999E-5     10.069775640942304
1.17E-5                   10.049940524929848
1.1799999999999999E-5     10.030105454882877
1.19E-5                   10.010527328393332
1.2E-5                    9.991184633466311
1.21E-5                   9.971842001325218
1.22E-5                   9.952499430055623
1.2299999999999999E-5     9.933156917730239
1.24E-5                   9.913814462408984
1.2499999999999999E-5     9.894472062139046
1.26E-5                   9.875129714954953
1.2699999999999999E-5     9.855787418878634
1.28E-5                   9.83644517191949
1.29E-5                   9.81710297207446
1.3E-5                    9.797760817328083
1.31E-5                   9.778418705652582
1.3199999999999999E-5     9.75907663500791
1.33E-5                   9.739826652526622
1.3399999999999999E-5     9.72059275108855
1.35E-5                   9.701358899326603
1.3599999999999999E-5     9.682125095580174
1.37E-5                   9.662891338178392
1.38E-5                   9.643657625440184
1.3899999999999999E-5     9.624423955674333
1.4E-5                    9.60519032717952
1.4099999999999999E-5     9.585956738244372
1.42E-5                   9.566723187147542
1.4299999999999999E-5     9.547489672157727
1.44E-5                   9.528256191533753
1.45E-5                   9.509022743524591
1.4599999999999999E-5     9.489907959220321
1.47E-5                   9.471328246799368
1.4799999999999999E-5     9.452748576665368
1.49E-5                   9.434168947266226
1.4999999999999999E-5     9.415589357041226
1.51E-5                   9.397009804421101
1.52E-5                   9.378430287828044
1.53E-5                   9.359850805675782
1.5399999999999998E-5     9.341271356369608
1.55E-5                   9.322691938306432
1.56E-5                   9.304112549874818
1.57E-5                   9.285533189455045
1.5799999999999998E-5     9.26695385541914
1.59E-5                   9.248899008704324
1.6E-5                    9.230916886382559
1.61E-5                   9.212934830923517
1.62E-5                   9.194952840590641
1.63E-5                   9.17697091363804
1.64E-5                   9.158989048310536
1.6499999999999998E-5     9.141007242843699
1.66E-5                   9.123025495463922
1.67E-5                   9.105043804388453
1.68E-5                   9.08706216782546
1.69E-5                   9.069056022640593
1.7E-5                    9.050928941877665
1.71E-5                   9.032801892119243
1.7199999999999998E-5     9.014674871947927
1.73E-5                   8.996547879939026
1.74E-5                   8.978420914660637
1.75E-5                   8.960293974673638
1.76E-5                   8.942167058531755
1.77E-5                   8.924040164781601
1.78E-5                   8.9059132919627
1.7899999999999998E-5     8.888152763163117
1.8E-5                    8.870511654954246
1.81E-5                   8.852870592607067
1.82E-5                   8.835229574711931
1.8299999999999998E-5     8.817588599852852
1.84E-5                   8.79994766660749
1.85E-5                   8.782306773547248
1.8599999999999998E-5     8.764665919237252
1.87E-5                   8.747054252486528
1.88E-5                   8.729517163026081
1.89E-5                   8.711980109162816
1.8999999999999998E-5     8.694443089560874
1.91E-5                   8.676906102878117
1.92E-5                   8.65936914776618
1.9299999999999998E-5     8.641832222870477
1.94E-5                   8.624295326830278
1.95E-5                   8.6067584582787
1.96E-5                   8.589461973593577
1.9699999999999998E-5     8.572222624759473
1.98E-5                   8.554983309625591
1.99E-5                   8.537744026933503
1.9999999999999998E-5     8.520504775419571
2.01E-5                   8.503265553814975
2.02E-5                   8.486026360845743
2.03E-5                   8.468787195232773
2.0399999999999998E-5     8.451639462208867
2.05E-5                   8.434673257452085
2.06E-5                   8.417707089360375
2.07E-5                   8.4007409567043
2.0799999999999997E-5     8.383774858249236
2.09E-5                   8.366808792755402
2.1E-5                    8.349842758977909
2.1099999999999998E-5     8.332876755666764
2.12E-5                   8.315910781566902
2.13E-5                   8.299047258548041
2.14E-5                   8.28220018133549
2.1499999999999997E-5     8.265353131335301
2.16E-5                   8.248506107415853
2.17E-5                   8.231659108441148
2.1799999999999998E-5     8.214812133270799
2.19E-5                   8.197965180760093
2.2E-5                    8.18111824975999
2.21E-5                   8.164447711879212
2.2199999999999998E-5     8.148054510890017
2.23E-5                   8.131661344193883
2.24E-5                   8.115268210716286
2.2499999999999998E-5     8.098875109378703
2.26E-5                   8.082482039098625
2.27E-5                   8.066088998789589
2.28E-5                   8.049695987361194
2.2899999999999998E-5     8.033303003719125
2.3E-5                    8.016935983615006
2.31E-5                   8.000571378007583
2.3199999999999998E-5     7.984206797099707
2.33E-5                   7.967842239785543
2.34E-5                   7.951477704955225
2.35E-5                   7.935113191494891
2.3599999999999998E-5     7.918748698286676
2.37E-5                   7.902384224208773
2.38E-5                   7.886206181678607
2.3899999999999998E-5     7.87026295170865
2.4E-5                    7.854319751876027
2.41E-5                   7.8383765812950426
2.42E-5                   7.822433439076993
2.4299999999999998E-5     7.806490324330203
2.44E-5                   7.790547236160029
2.45E-5                   7.774604173668893
2.4599999999999998E-5     7.7586611359562685
2.4699999999999997E-5     7.742775947664281
2.48E-5                   7.726892600951853
2.49E-5                   7.711009274767044
2.4999999999999998E-5     7.695125968036444
2.51E-5                   7.679242679683041
2.52E-5                   7.663359408626256
2.53E-5                   7.647476153781946
2.5399999999999997E-5     7.63159291406244
2.55E-5                   7.615814830132445
2.56E-5                   7.600143433382503
2.5699999999999998E-5     7.5844720562954535
2.58E-5                   7.568800698131709
2.59E-5                   7.553129358149405
2.6E-5                    7.537458035604413
2.6099999999999997E-5     7.521786729750355
2.62E-5                   7.50611543983861
2.63E-5                   7.491047430538757
2.6399999999999998E-5     7.476069109021593
2.65E-5                   7.461090821183894
2.66E-5                   7.446112566073908
2.67E-5                   7.4311343427371
2.6799999999999998E-5     7.416156150216164
2.69E-5                   7.401175404262788
2.7E-5                    7.385848621851724
2.7099999999999998E-5     7.370521856126865
2.7199999999999997E-5     7.355195106220539
2.73E-5                   7.339868371262366
2.74E-5                   7.324541650379259
2.7499999999999998E-5     7.3092149426954585
2.76E-5                   7.293945715690147
2.77E-5                   7.279017554813022
2.7799999999999998E-5     7.264089415435444
2.7899999999999997E-5     7.249161296835216
2.8E-5                    7.234233198288171
2.81E-5                   7.219305119068178
2.8199999999999998E-5     7.204377058447147
2.83E-5                   7.18952251968378
2.84E-5                   7.1748560757872655
2.8499999999999998E-5     7.160189653226285
2.8599999999999997E-5     7.145523251177798
2.87E-5                   7.130856868816547
2.88E-5                   7.116190505315095
2.8899999999999998E-5     7.101524159843823
2.9E-5                    7.086843729444618
2.91E-5                   7.07214366581414
2.9199999999999998E-5     7.0574436203010515
2.9299999999999997E-5     7.042743592197485
2.94E-5                   7.028043580793588
2.95E-5                   7.013343585377534
2.9599999999999998E-5     6.998643605235542
2.97E-5                   6.984096181512767
2.98E-5                   6.969671283479262
2.99E-5                   6.955246401360397
2.9999999999999997E-5     6.940821534463842
3.01E-5                   6.9263966820956036
3.02E-5                   6.911971843560033
3.0299999999999998E-5     6.897648294504747
3.04E-5                   6.883491619163624
3.05E-5                   6.869334963095513
3.06E-5                   6.855178325640574
3.07E-5                   6.841021706137306
3.0799999999999996E-5     6.82686510392257
3.09E-5                   6.812720659030481
3.1E-5                    6.79862454435014
3.11E-5                   6.784528447117288
3.12E-5                   6.770432366644378
3.13E-5                   6.7563363022422065
3.14E-5                   6.742240253219915
3.15E-5                   6.728148673837133
3.1599999999999996E-5     6.714238718893419
3.17E-5                   6.700328778263234
3.18E-5                   6.686418851344704
3.1899999999999996E-5     6.672508937534567
3.2E-5                    6.658599036228169
3.21E-5                   6.644689146819489
3.22E-5                   6.630946146292771
3.23E-5                   6.617233294082759
3.24E-5                   6.603520459618303
3.25E-5                   6.589807642272595
3.26E-5                   6.5760948414174
3.2699999999999995E-5     6.562382056423085
3.28E-5                   6.548726703729109
3.29E-5                   6.535099621837594
3.2999999999999996E-5     6.521472552341973
3.31E-5                   6.507845494670322
3.32E-5                   6.494218448249473
3.3299999999999996E-5     6.480591412505015
3.34E-5                   6.467072257364285
3.35E-5                   6.45366392101515
3.36E-5                   6.44025560053255
3.37E-5                   6.4268472953536735
3.38E-5                   6.413439004914529
3.39E-5                   6.400030728649925
3.4E-5                    6.386660705106562
3.4099999999999995E-5     6.373373308894153
3.42E-5                   6.3600859249846575
3.43E-5                   6.346798552843441
3.4399999999999996E-5     6.33351119193476
3.45E-5                   6.320223841721773
3.46E-5                   6.306963708680618
3.4699999999999996E-5     6.29387137840813
3.48E-5                   6.280779062463883
3.49E-5                   6.267686760327157
3.5E-5                    6.254594471476193
3.51E-5                   6.2415021953881915
3.52E-5                   6.22840993153933
3.53E-5                   6.215446872471475
3.54E-5                   6.202488839398291
3.5499999999999996E-5     6.189530818087129
3.56E-5                   6.1765728080367515
3.57E-5                   6.163614808744963
3.5799999999999996E-5     6.150656819708585
3.59E-5                   6.13782338127462
3.6E-5                    6.125023912145848
3.6099999999999997E-5     6.11222445536335
3.62E-5                   6.099425010447592
3.63E-5                   6.086625576918147
3.64E-5                   6.073826154293688
3.65E-5                   6.061113121948176
3.6599999999999995E-5     6.048455588757033
3.67E-5                   6.035798066260887
3.68E-5                   6.023140553994805
3.6899999999999996E-5     6.010483051493016
3.7E-5                    5.997825558288888
3.71E-5                   5.985234785954544
3.7199999999999996E-5     5.972731742146416
3.73E-5                   5.960228710349292
3.74E-5                   5.9477256901203885
3.75E-5                   5.9352226810161355
3.76E-5                   5.922719682592156
3.77E-5                   5.910257761541233
3.78E-5                   5.897915763554811
3.79E-5                   5.88557377583484
3.7999999999999995E-5     5.873231797951564
3.81E-5                   5.8608898294744725
3.82E-5                   5.848547869972331
3.8299999999999996E-5     5.836216013180751
3.84E-5                   5.82400311423719
3.85E-5                   5.811790226132428
3.8599999999999996E-5     5.799577348458907
3.87E-5                   5.787364480808374
3.88E-5                   5.775151622771894
3.89E-5                   5.762938773939844
3.9E-5                    5.750872039288562
3.9099999999999995E-5     5.738821306718149
3.92E-5                   5.726770583341099
3.93E-5                   5.714719868760529
3.9399999999999995E-5     5.702669162578915
3.95E-5                   5.690618464398104
3.96E-5                   5.678680653404011
3.9699999999999996E-5     5.666785785468979
3.98E-5                   5.654890927470486
3.99E-5                   5.64299607903024
3.9999999999999996E-5     5.631101239769353
4.01E-5                   5.61920640930833
4.02E-5                   5.607427163996937
4.03E-5                   5.595743422143333
4.04E-5                   5.584059689602467
4.0499999999999995E-5     5.572375966014115
4.06E-5                   5.560692251017497
4.07E-5                   5.549008544251292
4.0799999999999996E-5     5.5373248453536235
4.09E-5                   5.525641153962078
4.1E-5                    5.513957469713699
4.1099999999999996E-5     5.502273792244999
4.12E-5                   5.490590121191953
4.13E-5                   5.478906456190012
4.14E-5                   5.467278592577595
4.15E-5                   5.455882836209882
4.1599999999999995E-5     5.4444870897023545
4.17E-5                   5.433091352725982
4.18E-5                   5.421695624951246
4.1899999999999995E-5     5.4102999060481505
4.2E-5                    5.398904195686211
4.21E-5                   5.387508493534474
4.2199999999999996E-5     5.376112799261509
4.23E-5                   5.3647171125354145
4.24E-5                   5.353321433023819
4.2499999999999996E-5     5.341925760393888
4.26E-5                   5.330530094312323
4.27E-5                   5.319352907779941
4.28E-5                   5.308217331644727
4.29E-5                   5.297081763863598
4.2999999999999995E-5     5.2859462041280905
4.31E-5                   5.274810652129309
4.32E-5                   5.263675107557931
4.3299999999999995E-5     5.252539570104219
4.34E-5                   5.241404039458007
4.35E-5                   5.230268515308726
4.3599999999999996E-5     5.21913299734538
4.37E-5                   5.207997485256566
4.38E-5                   5.196861978730478
4.3899999999999996E-5     5.185870498458481
4.4E-5                    5.175031178512751
4.41E-5                   5.164191866496314
4.42E-5                   5.153352562131562
4.43E-5                   5.142513265140522
4.4399999999999995E-5     5.131673975244872
4.45E-5                   5.1208346921659285
4.46E-5                   5.1099954156246605
4.4699999999999996E-5     5.099156145341685
4.48E-5                   5.0883168810372705
4.49E-5                   5.077477622431339
4.4999999999999996E-5     5.066638369243472
4.51E-5                   5.05583380148597
4.52E-5                   5.045256289199038
4.5299999999999997E-5     5.034678784667549
4.54E-5                   5.0241012876230275
4.5499999999999995E-5     5.013523797796669
4.56E-5                   5.002946314919329
4.57E-5                   4.992368838721536
4.5799999999999995E-5     4.981791368933482
4.59E-5                   4.971213905285041
4.6E-5                    4.960636447505749
4.6099999999999996E-5     4.950058995324829
4.62E-5                   4.939481548471172
4.63E-5                   4.9289041066733565
4.6399999999999996E-5     4.918526824223212
4.65E-5                   4.908206417818938
4.66E-5                   4.897886017523552
4.67E-5                   4.887565623102047
4.68E-5                   4.877245234319141
4.6899999999999995E-5     4.866924850939286
4.7E-5                    4.856604472726669
4.71E-5                   4.846284099445217
4.7199999999999995E-5     4.835963730858594
4.73E-5                   4.825643366730199
4.74E-5                   4.815323006823178
4.7499999999999996E-5     4.805002650900423
4.76E-5                   4.794802516258541
4.77E-5                   4.78476505534196
4.7799999999999996E-5     4.774727602152848
4.79E-5                   4.76469015645961
4.8E-5                    4.754652718030391
4.81E-5                   4.74461528663308
4.82E-5                   4.7345778620353025
4.8299999999999995E-5     4.72454044400443
4.84E-5                   4.714503032307577
4.85E-5                   4.704465626711606
4.8599999999999995E-5     4.694428226983126
4.87E-5                   4.684390832888497
4.88E-5                   4.674366888914644
4.8899999999999996E-5     4.664518326492927
4.9E-5                    4.6546697672684285
4.91E-5                   4.644821211040385
4.9199999999999997E-5     4.634972657607838
4.93E-5                   4.625124106769625
4.9399999999999995E-5     4.61527555832439
4.95E-5                   4.605427012070577
4.96E-5                   4.595578467806433
4.9699999999999995E-5     4.585729925330015
4.98E-5                   4.575881384439182
4.99E-5                   4.566032844931602
4.9999999999999996E-5     4.556184306604752
5.01E-5                   4.546615221859157
5.02E-5                   4.537156209385094
5.0299999999999996E-5     4.527697207240424
5.04E-5                   4.518238215229107
5.05E-5                   4.508779233154897
5.06E-5                   4.49932026082135
5.07E-5                   4.489861298031821
5.0799999999999995E-5     4.48040234458946
5.09E-5                   4.470943400297224
5.1E-5                    4.461484464957866
5.1099999999999995E-5     4.4520255383739515
5.12E-5                   4.442566620347843
5.13E-5                   4.433078495039177
5.1399999999999996E-5     4.423539249576088
5.15E-5                   4.41400000018045
5.16E-5                   4.404460746673292
5.1699999999999996E-5     4.394921488875499
5.18E-5                   4.385382226607793
5.1899999999999994E-5     4.375842959690754
5.2E-5                    4.366303687944813
5.21E-5                   4.356764411190252
5.2199999999999995E-5     4.347225129247204
5.23E-5                   4.337685841935661
5.24E-5                   4.328146549075469
5.2499999999999995E-5     4.318616530440285
5.26E-5                   4.310014443920227
5.27E-5                   4.3014123762242935
5.2799999999999996E-5     4.292810327202308
5.29E-5                   4.28420829670395
5.3E-5                    4.2756062845787515
5.3099999999999996E-5     4.26700429067611
5.32E-5                   4.258402314845272
5.3299999999999995E-5     4.249800356935353
5.34E-5                   4.241198416795315
5.35E-5                   4.232596494273991
5.3599999999999995E-5     4.223994589220069
5.37E-5                   4.215392701482102
5.38E-5                   4.206517656082519
5.3899999999999996E-5     4.197499434518014
5.4E-5                    4.188481195445387
5.41E-5                   4.179462938613082
5.4199999999999996E-5     4.170444663769375
5.43E-5                   4.161426370662375
5.4399999999999994E-5     4.152408059040023
5.4499999999999997E-5     4.1433897286500985
5.46E-5                   4.134371379240217
5.4699999999999995E-5     4.125132912791832
5.48E-5                   4.115753697693553
5.49E-5                   4.106374496710877
5.4999999999999995E-5     4.096995309764415
5.51E-5                   4.087616136774695
5.52E-5                   4.078236977662156
5.5299999999999996E-5     4.06952732824489
5.54E-5                   4.061276789857871
5.55E-5                   4.053026241658729
5.5599999999999996E-5     4.0447756835074795
5.57E-5                   4.036267395325294
5.5799999999999994E-5     4.027456066331784
5.59E-5                   4.018644751779725
5.6E-5                    4.009833451500854
5.6099999999999995E-5     4.001038125087181
5.62E-5                   3.9922483945817224
5.63E-5                   3.983458659857283
5.6399999999999995E-5     3.9749494058611643
5.65E-5                   3.966701277395441
5.66E-5                   3.9584531532426133
5.6699999999999996E-5     3.949976390037407
5.68E-5                   3.9413581006419496
5.69E-5                   3.932741470557841
5.6999999999999996E-5     3.9243443194807446
5.71E-5                   3.915947161327918
5.7199999999999994E-5     3.907595845041369
5.73E-5                   3.899314098278985
5.74E-5                   3.8910323664770003
5.7499999999999995E-5     3.882687434203216
5.76E-5                   3.874325396582844
5.77E-5                   3.86599043043296
5.7799999999999995E-5     3.8577814733769067
5.79E-5                   3.8495725253424644
5.8E-5                    3.8413558366189293
5.8099999999999996E-5     3.8331332241215152
5.82E-5                   3.824910611460914
5.8299999999999994E-5     3.8167505545874922
5.8399999999999997E-5     3.808593345661781
5.85E-5                   3.8004530097526326
5.8599999999999995E-5     3.792344523962538
5.87E-5                   3.784236043008913
5.88E-5                   3.7761514755048977
5.8899999999999995E-5     3.76807547926462
5.9E-5                    3.7600071248410796
5.91E-5                   3.7519918300699384
5.9199999999999996E-5     3.743976541766264
5.93E-5                   3.735973403750832
5.94E-5                   3.7279816701859865
5.9499999999999996E-5     3.7199899354556556
5.96E-5                   3.71205946508255
5.9699999999999994E-5     3.704135391830303
5.98E-5                   3.696217667823062
5.99E-5                   3.688315083398159
5.9999999999999995E-5     3.6804124997163092
6.01E-5                   3.672548697255202
6.02E-5                   3.664702719729317
6.0299999999999995E-5     3.656859894497284
6.04E-5                   3.6490559477602638
6.05E-5                   3.6412520036755978
6.0599999999999996E-5     3.6334630460572215
6.07E-5                   3.6256913474628636
6.08E-5                   3.6179196504103674
6.0899999999999996E-5     3.6101985299191326
6.1E-5                    3.60248602059041
6.11E-5                   3.5947796772246656
6.12E-5                   3.58709239371036
6.13E-5                   3.579405111646904
6.14E-5                   3.5717525082228248
6.149999999999999E-5      3.5641199120015132
6.159999999999999E-5      3.556488160092708
6.17E-5                   3.548890678456254
6.18E-5                   3.541293198636261
6.19E-5                   3.5337132594443377
6.2E-5                    3.5261581710380825
6.209999999999999E-5      3.518603084934352
6.22E-5                   3.511083956769741
6.23E-5                   3.503573619343684
6.24E-5                   3.4960700145784043
6.25E-5                   3.488594485277328
6.26E-5                   3.481118957966379
6.269999999999999E-5      3.473671846093674
6.28E-5                   3.466245043521129
6.29E-5                   3.458818243125697
6.3E-5                    3.451445585558474
6.31E-5                   3.4440744323880796
6.319999999999999E-5      3.4367032810807707
6.33E-5                   3.4293321315502263
6.34E-5                   3.4219609837100826
6.35E-5                   3.4146517242851804
6.36E-5                   3.407362809697239
6.37E-5                   3.4000738971861
6.379999999999999E-5      3.392784986667557
6.39E-5                   3.385496078057353
6.4E-5                    3.3782483384471735
6.41E-5                   3.37103678320098
6.42E-5                   3.3638252298070825
6.429999999999999E-5      3.35661367818468
6.44E-5                   3.3494021282529247
6.45E-5                   3.342215982806215
6.46E-5                   3.335085899291826
6.47E-5                   3.327955817745776
6.48E-5                   3.320825738089497
6.489999999999999E-5      3.3136956602443774
6.5E-5                    3.3065724808598573
6.51E-5                   3.299517825751103
6.52E-5                   3.292463172383745
6.53E-5                   3.2854085206821178
6.539999999999999E-5      3.2783538705705193
6.549999999999999E-5      3.271299221973206
6.56E-5                   3.2643134966713996
6.57E-5                   3.2573379758017973
6.58E-5                   3.250362456775557
6.59E-5                   3.243386939519251
6.599999999999999E-5      3.2364114239594217
6.61E-5                   3.2294847498900694
6.62E-5                   3.2225842986095325
6.63E-5                   3.21568384886382
6.64E-5                   3.2087834005821234
6.65E-5                   3.2018829536935995
6.659999999999999E-5      3.1950154229656884
6.67E-5                   3.1881914753897074
6.68E-5                   3.1813675296155512
6.69E-5                   3.1745435855745896
6.7E-5                    3.167719643198164
6.709999999999999E-5      3.160911269926255
6.72E-5                   3.1541614998553547
6.73E-5                   3.1474117312118937
6.74E-5                   3.1406619639296425
6.75E-5                   3.1339121979423408
6.76E-5                   3.127162433183697
6.769999999999999E-5      3.120522677701264
6.78E-5                   3.1138840908415033
6.79E-5                   3.10724550559264
6.8E-5                    3.100606921891625
6.81E-5                   3.093968339675383
6.819999999999999E-5      3.0873297588808106
6.829999999999999E-5      3.080691179444776
6.84E-5                   3.0740526013041207
6.85E-5                   3.067414024395659
6.86E-5                   3.06077544865618
6.87E-5                   3.0542161068750633
6.879999999999999E-5      3.047721927715858
6.89E-5                   3.0412277501066893
6.9E-5                    3.0347335739886856
6.91E-5                   3.0282393993029473
6.92E-5                   3.0217452259905513
6.929999999999999E-5      3.0152510539925474
6.939999999999999E-5      3.008756883249962
6.95E-5                   3.0022627137037996
6.96E-5                   2.9957685452950367
6.97E-5                   2.989289742286305
6.98E-5                   2.982937904272419
6.989999999999999E-5      2.9765860677837472
7.0E-5                    2.97023423276521
7.01E-5                   2.9638823991617107
7.02E-5                   2.9575305669181255
7.03E-5                   2.951178735979312
7.04E-5                   2.9448269062901034
7.049999999999999E-5      2.9384750777953146
7.06E-5                   2.9321232504397328
7.07E-5                   2.925771424168128
7.08E-5                   2.9195573214414052
7.09E-5                   2.91341192442403
7.099999999999999E-5      2.9072665287989374
7.11E-5                   2.9011211345163375
7.12E-5                   2.8949757415264257
7.13E-5                   2.8888303497793757
7.14E-5                   2.8826849592253403
7.15E-5                   2.8765395698144585
7.159999999999999E-5      2.870394181496845
7.17E-5                   2.864248794222601
7.18E-5                   2.858103407941805
7.19E-5                   2.851958022604519
7.2E-5                    2.845812638160788
7.209999999999999E-5      2.8396672545606374
7.219999999999999E-5      2.833521871754074
7.23E-5                   2.8273764896910882
7.24E-5                   2.8212311083216512
7.25E-5                   2.8150857275957186
7.26E-5                   2.8089403474632273
7.269999999999999E-5      2.802794967874096
7.28E-5                   2.7966495887782266
7.29E-5                   2.7907123528636704
7.3E-5                    2.7848319163603676
7.31E-5                   2.778951481376146
7.319999999999999E-5      2.773071047867658
7.329999999999999E-5      2.7671906157915442
7.34E-5                   2.7613101851044277
7.35E-5                   2.755429755762918
7.36E-5                   2.749549327723606
7.37E-5                   2.7436689009430704
7.379999999999999E-5      2.7377884753778736
7.39E-5                   2.7319080509845626
7.4E-5                    2.726027627719669
7.41E-5                   2.7201472055397096
7.42E-5                   2.714266784401188
7.429999999999999E-5      2.7083863642605914
7.439999999999999E-5      2.702505945074392
7.45E-5                   2.6966255267990498
7.46E-5                   2.690745109391007
7.47E-5                   2.6848646928066944
7.48E-5                   2.6789842770025256
7.489999999999999E-5      2.6731038619349046
7.5E-5                    2.667457326792634
7.51E-5                   2.6618356104784358
7.52E-5                   2.656213895334134
7.53E-5                   2.650592181321617
7.54E-5                   2.644970468402761
7.549999999999999E-5      2.639348756539431
7.56E-5                   2.633727045693477
7.57E-5                   2.62810533582674
7.58E-5                   2.622483626901048
7.59E-5                   2.616861918878216
7.599999999999999E-5      2.6112402117200486
7.609999999999999E-5      2.6056185053883367
7.62E-5                   2.599996799844861
7.63E-5                   2.59437509505139
7.64E-5                   2.5887533909696816
7.65E-5                   2.5831316875614796
7.659999999999999E-5      2.5775099847885206
7.67E-5                   2.5718882826125236
7.68E-5                   2.5662665809952023
7.69E-5                   2.560644879898257
7.7E-5                    2.555028508710946
7.709999999999999E-5      2.5496435321106676
7.719999999999999E-5      2.544258556611716
7.73E-5                   2.538873582181221
7.74E-5                   2.5334886087863
7.75E-5                   2.5281036363940594
7.76E-5                   2.5227186649715985
7.769999999999999E-5      2.5173336944860067
7.78E-5                   2.5119487249043617
7.79E-5                   2.506563756193733
7.8E-5                    2.5011787883211807
7.81E-5                   2.4957938212537565
7.819999999999999E-5      2.4904088549585004
7.829999999999999E-5      2.4850238894024437
7.84E-5                   2.4796389245526105
7.85E-5                   2.474253960376013
7.86E-5                   2.4688689968396558
7.87E-5                   2.463484033910534
7.879999999999999E-5      2.4580990715556355
7.89E-5                   2.4527141097419354
7.9E-5                    2.4473291484364017
7.91E-5                   2.441979854573235
7.92E-5                   2.4368479235643314
7.93E-5                   2.431715993521916
7.939999999999999E-5      2.426584064416633
7.95E-5                   2.421452136219122
7.96E-5                   2.4163202089000104
7.97E-5                   2.4111882824299213
7.98E-5                   2.406056356779468
7.989999999999999E-5      2.400924431919259
7.999999999999999E-5      2.3957925078198885
8.01E-5                   2.3906605844519504
8.02E-5                   2.3855286617860267
8.03E-5                   2.380396739792692
8.04E-5                   2.375264818442517
8.049999999999999E-5      2.370132897706059
8.06E-5                   2.3650009775538723
8.07E-5                   2.3598690579565007
8.08E-5                   2.354737138884485
8.09E-5                   2.3496052203083537
8.099999999999999E-5      2.3444733021986326
8.109999999999999E-5      2.3393413845258357
8.12E-5                   2.334260423654582
8.13E-5                   2.329324941500307
8.14E-5                   2.324389460135336
8.15E-5                   2.319453979534654
8.159999999999999E-5      2.314518499673238
8.17E-5                   2.309583020526058
8.18E-5                   2.30464754206808
8.19E-5                   2.2997120642742646
8.2E-5                    2.2947765871195642
8.209999999999999E-5      2.289841110578927
8.219999999999999E-5      2.2849056346272922
8.23E-5                   2.2799701592395962
8.24E-5                   2.2750346843907683
8.25E-5                   2.2700992100557325
8.26E-5                   2.2651637362094057
8.269999999999999E-5      2.260228262826702
8.28E-5                   2.2552927898825246
8.29E-5                   2.2503573173517757
8.3E-5                    2.24542184520935
8.31E-5                   2.2404863734301355
8.319999999999999E-5      2.235550901989017
8.329999999999999E-5      2.230711469055291
8.34E-5                   2.226030166565318
8.35E-5                   2.2213488648697255
8.36E-5                   2.2166675639460283
8.37E-5                   2.2119862637717342
8.379999999999999E-5      2.2073049643243494
8.389999999999999E-5      2.202623665581372
8.4E-5                    2.1979423675202963
8.41E-5                   2.1932610701186106
8.42E-5                   2.1885797733537995
8.43E-5                   2.183898477203343
8.439999999999999E-5      2.1792171816447157
8.45E-5                   2.1745358866553857
8.46E-5                   2.169854592212818
8.47E-5                   2.1651732982944725
8.48E-5                   2.160492004877804
8.489999999999999E-5      2.1558107119402643
8.499999999999999E-5      2.151129419459297
8.51E-5                   2.1464481274123433
8.52E-5                   2.1417668357768385
8.53E-5                   2.1370855445302173
8.54E-5                   2.13248057029565
8.549999999999999E-5      2.1279530511335363
8.56E-5                   2.1234255324746374
8.57E-5                   2.118898014299717
8.58E-5                   2.1143704965895322
8.59E-5                   2.109842979324838
8.599999999999999E-5      2.1053154624863852
8.609999999999999E-5      2.1007879460549193
8.62E-5                   2.0962604300111836
8.63E-5                   2.0917329143359176
8.64E-5                   2.0872053990098554
8.65E-5                   2.08267788401373
8.659999999999999E-5      2.078150369328269
8.669999999999999E-5      2.073622854934194
8.68E-5                   2.0690953408122277
8.69E-5                   2.064567826943087
8.7E-5                    2.0600403133074843
8.709999999999999E-5      2.055512799886129
8.719999999999999E-5      2.0509852866597273
8.73E-5                   2.046457773608981
8.74E-5                   2.0419302607145906
8.75E-5                   2.0375436026407545
8.76E-5                   2.033245216728116
8.769999999999999E-5      2.028946831257962
8.779999999999999E-5      2.0246484462136585
8.79E-5                   2.0203500615785694
8.8E-5                    2.0160516773360544
8.81E-5                   2.0117532934694706
8.82E-5                   2.0074549099621737
8.829999999999999E-5      2.0031565267975138
8.84E-5                   1.9988581439588395
8.85E-5                   1.994559761429497
8.86E-5                   1.9902613791928288
8.87E-5                   1.9859629972321735
8.879999999999999E-5      1.98166461553087
8.889999999999999E-5      1.9773662340722507
8.9E-5                    1.9730678528396477
8.91E-5                   1.9687694718163895
8.92E-5                   1.964471090985801
8.93E-5                   1.9601727103312079
8.939999999999999E-5      1.9560118762550898
8.95E-5                   1.9518809603951555
8.96E-5                   1.9477500450435246
8.97E-5                   1.9436191301841375
8.98E-5                   1.9394882158009292
8.989999999999999E-5      1.9353573018778372
8.999999999999999E-5      1.9312263883987901
9.01E-5                   1.9270954753477187
9.02E-5                   1.922964562708549
9.03E-5                   1.9188336504652037
9.04E-5                   1.9147027386016044
9.049999999999999E-5      1.9105718271016694
9.059999999999999E-5      1.9064409159493132
9.07E-5                   1.9023100051284483
9.08E-5                   1.8981790946229857
9.09E-5                   1.8940481844168326
9.099999999999999E-5      1.8899172744938946
9.109999999999999E-5      1.8858782770719924
9.12E-5                   1.8818486719119325
9.13E-5                   1.8778190671269108
9.14E-5                   1.8737894627036473
9.15E-5                   1.8697598586288584
9.159999999999999E-5      1.8657302548892611
9.169999999999999E-5      1.8617006514715668
9.18E-5                   1.8576710483624883
9.19E-5                   1.8536414455487342
9.2E-5                    1.8496118430170114
9.21E-5                   1.8455822407540257
9.219999999999999E-5      1.84155263874648
9.23E-5                   1.837523036981074
9.24E-5                   1.8334934354445076
9.25E-5                   1.8294638341234781
9.26E-5                   1.825542925453571
9.269999999999999E-5      1.821672083726208
9.279999999999999E-5      1.8178012423631371
9.29E-5                   1.8139304013518398
9.3E-5                    1.8100595606797918
9.31E-5                   1.80618872033447
9.32E-5                   1.8023178803033462
9.329999999999999E-5      1.7984470405738948
9.34E-5                   1.7945762011335833
9.35E-5                   1.7907053619698805
9.36E-5                   1.786834523070254
9.37E-5                   1.7829636844221672
9.379999999999999E-5      1.7790928460130842
9.389999999999999E-5      1.7752220078304646
9.4E-5                    1.7713511698617688
9.41E-5                   1.7675263321509198
9.42E-5                   1.7637550650280909
9.43E-5                   1.7599837982122641
9.439999999999999E-5      1.7562125316921429
9.449999999999999E-5      1.752441265456428
9.46E-5                   1.748669999493822
9.47E-5                   1.7448987337930217
9.48E-5                   1.7411274683427258
9.489999999999999E-5      1.7373562031316299
9.499999999999999E-5      1.7335849381484274
9.51E-5                   1.7298136733818115
9.52E-5                   1.7260424088204736
9.53E-5                   1.722271144453103
9.54E-5                   1.7184998802683873
9.549999999999999E-5      1.7148234559494033
9.559999999999999E-5      1.711176719411258
9.57E-5                   1.7075299831622628
9.58E-5                   1.7038832471920478
9.59E-5                   1.700236511490244
9.6E-5                    1.6965897760464805
9.609999999999999E-5      1.6929430408503845
9.62E-5                   1.6892963058915818
9.63E-5                   1.6856495711596968
9.64E-5                   1.6820028366443542
9.65E-5                   1.6783561023351754
9.659999999999999E-5      1.674709368221782
9.669999999999999E-5      1.6710626342937926
9.68E-5                   1.6674216895603438
9.69E-5                   1.6638695306909703
9.7E-5                    1.6603173720941409
9.71E-5                   1.6567652137603106
9.719999999999999E-5      1.6532130556799343
9.73E-5                   1.6496608978434635
9.74E-5                   1.6461087402413508
9.75E-5                   1.642556582864046
9.76E-5                   1.639004425702
9.769999999999999E-5      1.6354522687456603
9.779999999999999E-5      1.6319001119854732
9.79E-5                   1.6283479554118854
9.8E-5                    1.6247957990153417
9.81E-5                   1.6212436427862857
9.82E-5                   1.6177304080613304
9.829999999999999E-5      1.6142861201756522
9.839999999999999E-5      1.6108418325291625
9.85E-5                   1.607397545113234
9.86E-5                   1.603953257919238
9.87E-5                   1.6005089709385454
9.879999999999999E-5      1.5970646841625256
9.889999999999999E-5      1.5936203975825456
9.9E-5                    1.590176111189974
9.91E-5                   1.5867318249761764
9.92E-5                   1.5832875389325185
9.93E-5                   1.5798432530503654
9.939999999999999E-5      1.57639896732108
9.949999999999999E-5      1.572954681736025
9.96E-5                   1.5695756742292168
9.97E-5                   1.5662302295559751
9.98E-5                   1.5628847851066558
9.989999999999999E-5      1.5595393408732607
9.999999999999999E-5      1.5561938968477877
1.001E-4                  1.5528484530222362
1.002E-4                  1.549503009388603
1.003E-4                  1.546157565938886
1.004E-4                  1.54281212266508
1.0049999999999999E-4     1.5394666795591814
1.0059999999999999E-4     1.5361212366131833
1.007E-4                  1.5327757938190791
1.008E-4                  1.529430351168862
1.009E-4                  1.526084908654523
1.01E-4                   1.5228316380931346
1.0109999999999999E-4     1.519582203266453
1.012E-4                  1.5163327686383887
1.013E-4                  1.5130833342017083
1.014E-4                  1.5098338999491736
1.015E-4                  1.506584465873549
1.0159999999999999E-4     1.5033350319675964
1.0169999999999999E-4     1.500085598224077
1.018E-4                  1.4968361646357518
1.019E-4                  1.4935867311953808
1.02E-4                   1.4903372978957234
1.021E-4                  1.487087864729538
1.0219999999999999E-4     1.4838384316895834
1.0229999999999999E-4     1.4806140715494611
1.024E-4                  1.4774611979216368
1.025E-4                  1.4743083244793145
1.026E-4                  1.4711554512158058
1.0269999999999999E-4     1.4680025781244237
1.0279999999999999E-4     1.4648497051984777
1.029E-4                  1.461696832431278
1.03E-4                   1.4585439598161354
1.031E-4                  1.4553910873463578
1.032E-4                  1.4522382150152542
1.0329999999999999E-4     1.4490853428161323
1.0339999999999999E-4     1.4459324707422991
1.035E-4                  1.4427795987870604
1.036E-4                  1.4396267269437228
1.037E-4                  1.4365237119515972
1.0379999999999999E-4     1.4334599856442223
1.0389999999999999E-4     1.4303962595108644
1.04E-4                   1.4273325335454532
1.041E-4                  1.4242688077419166
1.042E-4                  1.4212050820941822
1.043E-4                  1.4181413565961776
1.0439999999999999E-4     1.4150776312418294
1.0449999999999999E-4     1.4120139060250627
1.046E-4                  1.4089501809398037
1.047E-4                  1.4058864559799773
1.048E-4                  1.4028227311395076
1.049E-4                  1.399759006412319
1.0499999999999999E-4     1.3966952817923342
1.051E-4                  1.3937099287597827
1.052E-4                  1.3907374519965277
1.053E-4                  1.387764975380322
1.054E-4                  1.3847924989055742
1.0549999999999999E-4     1.3818200225666908
1.0559999999999999E-4     1.3788475463580783
1.057E-4                  1.3758750702741434
1.058E-4                  1.3729025943092916
1.059E-4                  1.3699301184579284
1.06E-4                   1.366957642714459
1.0609999999999999E-4     1.363985167073288
1.0619999999999999E-4     1.3610126915288185
1.063E-4                  1.3580402160754543
1.064E-4                  1.3550811496976802
1.065E-4                  1.3521932732461681
1.0659999999999999E-4     1.3493053969460034
1.0669999999999999E-4     1.346417520792093
1.068E-4                  1.3435296447793441
1.069E-4                  1.3406417689026637
1.07E-4                   1.3377538931569593
1.071E-4                  1.3348660175371352
1.0719999999999999E-4     1.331978142038099
1.0729999999999999E-4     1.3290902666547533
1.074E-4                  1.3262023913820051
1.075E-4                  1.323314516214758
1.076E-4                  1.3204266411479157
1.0769999999999999E-4     1.3175387661763827
1.0779999999999999E-4     1.3146899281405549
1.079E-4                  1.3118872654897742
1.08E-4                   1.3090846029621528
1.081E-4                  1.3062819405530148
1.082E-4                  1.3034792782576825
1.0829999999999999E-4     1.3006766160714787
1.0839999999999999E-4     1.2978739539897246
1.085E-4                  1.295071292007742
1.086E-4                  1.2922686301208521
1.087E-4                  1.2894659683243759
1.0879999999999999E-4     1.2866633066136346
1.0889999999999999E-4     1.2838606449839471
1.0899999999999999E-4     1.2810579834306342
1.091E-4                  1.2782553219490154
1.092E-4                  1.2755138203932908
1.093E-4                  1.2727918740374462
1.0939999999999999E-4     1.2700699278055836
1.0949999999999999E-4     1.2673479816934323
1.096E-4                  1.2646260356967216
1.097E-4                  1.2619040898111809
1.098E-4                  1.259182144032538
1.099E-4                  1.2564601983565216
1.0999999999999999E-4     1.2537382527788603
1.1009999999999999E-4     1.2510163072952805
1.102E-4                  1.2482943619015108
1.103E-4                  1.2455724165932769
1.104E-4                  1.242850471366307
1.1049999999999999E-4     1.2401330568466962
1.1059999999999999E-4     1.237490125952235
1.107E-4                  1.2348471951686713
1.108E-4                  1.2322042644921118
1.109E-4                  1.2295613339186673
1.11E-4                   1.2269184034444438
1.1109999999999999E-4     1.2242754730655503
1.1119999999999999E-4     1.2216325427780939
1.113E-4                  1.2189896125781818
1.114E-4                  1.216346682461921
1.115E-4                  1.2137037524254186
1.1159999999999999E-4     1.2110608224647812
1.1169999999999999E-4     1.2084178925761146
1.118E-4                  1.2057749627555245
1.119E-4                  1.203160017439836
1.12E-4                   1.2005954860350152
1.121E-4                  1.1980309547300896
1.1219999999999999E-4     1.1954664235215011
1.1229999999999999E-4     1.1929018924056907
1.124E-4                  1.1903373613791
1.125E-4                  1.1877728304381696
1.126E-4                  1.1852082995793403
1.1269999999999999E-4     1.182643768799053
1.1279999999999999E-4     1.1800792380937482
1.1289999999999999E-4     1.1775147074598646
1.13E-4                   1.174950176893844
1.131E-4                  1.1723856463921243
1.132E-4                  1.169821115951146
1.1329999999999999E-4     1.1673295240342527
1.1339999999999999E-4     1.1648760847235224
1.135E-4                  1.1624226455084243
1.136E-4                  1.1599692063858282
1.137E-4                  1.157515767352605
1.138E-4                  1.1550623284056254
1.1389999999999999E-4     1.1526088895417588
1.1399999999999999E-4     1.1501554507578753
1.141E-4                  1.1477020120508448
1.142E-4                  1.145248573417537
1.143E-4                  1.142795134854821
1.1439999999999999E-4     1.140341696359566
1.1449999999999999E-4     1.1378882579286411
1.146E-4                  1.1354348195589155
1.147E-4                  1.1329813812472571
1.148E-4                  1.1305279429905344
1.149E-4                  1.1280745047856169
1.1499999999999999E-4     1.1256210666293711
1.1509999999999999E-4     1.1231676285186667
1.152E-4                  1.1207141904503695
1.153E-4                  1.1182607524213484
1.154E-4                  1.115807314428471
1.1549999999999999E-4     1.1133538764686042
1.1559999999999999E-4     1.110900438538615
1.157E-4                  1.1084470006353704
1.158E-4                  1.1059935627557371
1.159E-4                  1.103540124896582
1.16E-4                   1.1011225952280987
1.1609999999999999E-4     1.0988095384681562
1.1619999999999999E-4     1.0964964818134044
1.163E-4                  1.09418342526123
1.164E-4                  1.0918703688090172
1.165E-4                  1.089557312454152
1.1659999999999999E-4     1.0872442561940192
1.1669999999999999E-4     1.0849312000260032
1.1679999999999999E-4     1.0826181439474893
1.169E-4                  1.0803050879558622
1.17E-4                   1.0779920320485061
1.171E-4                  1.0756789762228054
1.1719999999999999E-4     1.0733659204761445
1.1729999999999999E-4     1.0710528648059072
1.174E-4                  1.0687398092094775
1.175E-4                  1.0664267536842393
1.176E-4                  1.0641136982275763
1.177E-4                  1.0618006428368711
1.1779999999999999E-4     1.059487587509509
1.1789999999999999E-4     1.057174532242872
1.18E-4                   1.0548614770343432
1.181E-4                  1.0525484218813053
1.182E-4                  1.0502353667811424
1.1829999999999999E-4     1.047922311731236
1.1839999999999999E-4     1.0456092567289692
1.185E-4                  1.0432962017717247
1.186E-4                  1.0409831468568842
1.187E-4                  1.0386700919818306
1.188E-4                  1.0364712077863256
1.1889999999999999E-4     1.034291683361645
1.1899999999999999E-4     1.0321121590117588
1.191E-4                  1.0299326347344733
1.192E-4                  1.0277531105275914
1.193E-4                  1.0255735863889184
1.1939999999999999E-4     1.023394062316258
1.1949999999999999E-4     1.0212145383074143
1.196E-4                  1.0190350143601916
1.197E-4                  1.0168554904723939
1.198E-4                  1.0146759666418244
1.199E-4                  1.0124964428662873
1.1999999999999999E-4     1.0103169191435866
1.2009999999999999E-4     1.0081373954715247
1.202E-4                  1.0059578718479056
1.203E-4                  1.003778348270533
1.204E-4                  1.001598824737209
1.2049999999999999E-4     0.9994193012457384
1.2059999999999999E-4     0.9972397777939225
1.2069999999999999E-4     0.995060254379565
1.208E-4                  0.9928807310004688
1.209E-4                  0.9907012076544363
1.21E-4                   0.9885216843392702
1.2109999999999999E-4     0.9863421610527737
1.2119999999999999E-4     0.9841626377927483
1.213E-4                  0.9819831145569964
1.214E-4                  0.979803591343321
1.215E-4                  0.9776802872429965
1.216E-4                  0.9756245286897561
1.2169999999999999E-4     0.9735687702034665
1.2179999999999999E-4     0.9715130117823003
1.219E-4                  0.9694572534244311
1.22E-4                   0.9674014951280323
1.2209999999999999E-4     0.9653457368912777
1.222E-4                  0.9632899787123395
1.223E-4                  0.961234220589392
1.224E-4                  0.9591784625206072
1.225E-4                  0.9571227045041591
1.226E-4                  0.9550669465382203
1.227E-4                  0.9530111886209637
1.228E-4                  0.9509554307505614
1.229E-4                  0.9488996729251874
1.2299999999999998E-4     0.9468439151430135
1.2309999999999998E-4     0.944788157402212
1.2319999999999999E-4     0.9427323997009559
1.233E-4                  0.9406766420374172
1.234E-4                  0.9386208844097688
1.235E-4                  0.9365651268161823
1.236E-4                  0.9345093692548306
1.237E-4                  0.9324536117238853
1.238E-4                  0.9303978542215187
1.239E-4                  0.9283420967459028
1.24E-4                   0.9262863392952093
1.241E-4                  0.9242305818676103
1.2419999999999998E-4     0.9221812957304801
1.2429999999999999E-4     0.9202465694236254
1.244E-4                  0.9183118431741351
1.245E-4                  0.9163771169804646
1.246E-4                  0.9144423908410687
1.247E-4                  0.9125076647544031
1.248E-4                  0.9105729387189222
1.249E-4                  0.9086382127330813
1.25E-4                   0.9067034867953352
1.251E-4                  0.9047687609041387
1.252E-4                  0.9028340350579467
1.2529999999999998E-4     0.9008993092552141
1.2539999999999999E-4     0.8989645834943949
1.255E-4                  0.8970298577739443
1.256E-4                  0.8950951320923164
1.257E-4                  0.893160406447966
1.258E-4                  0.8912256808393473
1.259E-4                  0.8892909552649151
1.26E-4                   0.8873562297231236
1.261E-4                  0.8854215042124267
1.262E-4                  0.883486778731279
1.263E-4                  0.8815520532781347
1.2639999999999998E-4     0.8796173278514481
1.2649999999999998E-4     0.8776826024496726
1.266E-4                  0.8757478770712624
1.267E-4                  0.8738131517146719
1.268E-4                  0.8718784263783544
1.269E-4                  0.8699437010607642
1.27E-4                   0.8680789007345785
1.271E-4                  0.8662513084129402
1.272E-4                  0.86442371613485
1.273E-4                  0.8625961238990303
1.274E-4                  0.8607685317042029
1.2749999999999998E-4     0.8589409395490902
1.2759999999999998E-4     0.8571133474324136
1.277E-4                  0.8552857553528951
1.278E-4                  0.8534581633092566
1.279E-4                  0.85163057130022
1.28E-4                   0.8498029793245073
1.281E-4                  0.8479753873808397
1.282E-4                  0.8461477954679393
1.283E-4                  0.8443202035845275
1.284E-4                  0.842492611729326
1.285E-4                  0.8406650199010565
1.2859999999999998E-4     0.8388374280984408
1.2869999999999998E-4     0.8370098363201994
1.288E-4                  0.8351822445650546
1.289E-4                  0.8333546528317274
1.29E-4                   0.8315270611189394
1.291E-4                  0.8296994694254117
1.292E-4                  0.8278718777498657
1.293E-4                  0.8260442860910227
1.294E-4                  0.8242166944476038
1.295E-4                  0.8223891028183306
1.296E-4                  0.8205615112019237
1.2969999999999998E-4     0.8187616130092985
1.2979999999999998E-4     0.8170439511823079
1.2989999999999999E-4     0.8153262893980039
1.3E-4                    0.8136086276553031
1.301E-4                  0.8118909659531225
1.302E-4                  0.8101733042903784
1.303E-4                  0.8084556426659875
1.304E-4                  0.8067379810788671
1.305E-4                  0.8050203195279331
1.306E-4                  0.8033026580121027
1.307E-4                  0.8015849965302916
1.3079999999999998E-4     0.7998673350814177
1.3089999999999998E-4     0.7981496736643959
1.3099999999999999E-4     0.7964320122781435
1.311E-4                  0.7947143509215768
1.312E-4                  0.7929966895936122
1.313E-4                  0.791279028293166
1.314E-4                  0.7895613670191547
1.315E-4                  0.7878437057704941
1.316E-4                  0.7861260445461012
1.317E-4                  0.7844083833448918
1.318E-4                  0.7826907221657823
1.3189999999999998E-4     0.7809730610076892
1.3199999999999998E-4     0.7792553998695279
1.3209999999999999E-4     0.7775377387502145
1.322E-4                  0.7758200776486658
1.323E-4                  0.7741024165637972
1.324E-4                  0.7723847554945255
1.325E-4                  0.7707465397141978
1.326E-4                  0.7691222179965496
1.327E-4                  0.7674978963053999
1.328E-4                  0.7658735746398503
1.329E-4                  0.7642492529990019
1.33E-4                   0.7626249313819569
1.3309999999999998E-4     0.7610006097878166
1.3319999999999999E-4     0.7593762882156816
1.333E-4                  0.7577519666646546
1.334E-4                  0.756127645133836
1.335E-4                  0.754503323622328
1.336E-4                  0.7528790021292311
1.337E-4                  0.7512546806536475
1.338E-4                  0.7496303591946784
1.339E-4                  0.7480060377514248
1.34E-4                   0.7463817163229879
1.341E-4                  0.7447573949084694
1.3419999999999998E-4     0.7431330735069709
1.3429999999999998E-4     0.7415087521175924
1.344E-4                  0.7398844307394357
1.345E-4                  0.7382601093716024
1.346E-4                  0.736635788013193
1.347E-4                  0.7350114666633091
1.348E-4                  0.7333871453210518
1.349E-4                  0.7317628239855215
1.35E-4                   0.7301385026558204
1.351E-4                  0.7285141813310488
1.352E-4                  0.7269341504863195
1.3529999999999998E-4     0.7254081714963239
1.3539999999999998E-4     0.7238821925403676
1.355E-4                  0.7223562136176966
1.356E-4                  0.720830234727557
1.357E-4                  0.7193042558691948
1.358E-4                  0.7177782770418555
1.359E-4                  0.7162522982447848
1.36E-4                   0.7147263194772291
1.361E-4                  0.7132003407384333
1.362E-4                  0.711674362027644
1.363E-4                  0.7101483833441062
1.3639999999999998E-4     0.7086224046870666
1.3649999999999998E-4     0.7070964260557697
1.3659999999999999E-4     0.7055704474494615
1.367E-4                  0.704044468867388
1.368E-4                  0.7025184903087949
1.369E-4                  0.7009925117729273
1.37E-4                   0.6994665332590311
1.371E-4                  0.697940554766352
1.372E-4                  0.6964145762941354
1.373E-4                  0.6948885978416269
1.374E-4                  0.6933626194080719
1.3749999999999998E-4     0.6918366409927167
1.3759999999999998E-4     0.6903106625948056
1.3769999999999999E-4     0.6887846842135847
1.378E-4                  0.6872587058482995
1.379E-4                  0.6857369147921206
1.38E-4                   0.6842953641653856
1.381E-4                  0.682853813552643
1.382E-4                  0.6814122629532536
1.383E-4                  0.679970712366579
1.384E-4                  0.6785291617919802
1.385E-4                  0.677087611228818
1.3859999999999998E-4     0.6756460606764542
1.3869999999999998E-4     0.6742045101342491
1.3879999999999999E-4     0.672762959601564
1.389E-4                  0.6713214090777602
1.39E-4                   0.6698798585621986
1.391E-4                  0.6684383080542403
1.392E-4                  0.6669967575532462
1.393E-4                  0.6655552070585777
1.394E-4                  0.6641136565695953
1.395E-4                  0.6626721060856603
1.396E-4                  0.6612305556061336
1.3969999999999998E-4     0.6597890051303766
1.3979999999999998E-4     0.6583474546577495
1.3989999999999999E-4     0.6569059041876136
1.4E-4                    0.6554643537193299
1.401E-4                  0.6540228032522591
1.402E-4                  0.6525812527857624
1.403E-4                  0.6511397023192006
1.404E-4                  0.6496981518519345
1.405E-4                  0.648256601383325
1.406E-4                  0.6468150509127332
1.407E-4                  0.6454266112350706
1.408E-4                  0.6440669180670813
1.4089999999999998E-4     0.6427072249271755
1.4099999999999998E-4     0.6413475318148371
1.411E-4                  0.6399878387295507
1.412E-4                  0.6386281456708004
1.413E-4                  0.6372684526380707
1.414E-4                  0.635908759630846
1.415E-4                  0.6345490666486107
1.416E-4                  0.6331893736908489
1.417E-4                  0.6318296807570452
1.418E-4                  0.6304699878466835
1.419E-4                  0.6291102949592484
1.4199999999999998E-4     0.6277506020942243
1.4209999999999998E-4     0.6263909092510949
1.422E-4                  0.6250312164293447
1.423E-4                  0.6236715236284579
1.424E-4                  0.6223118308479191
1.425E-4                  0.6209521380872118
1.426E-4                  0.6195924453458214
1.427E-4                  0.6182327526232309
1.428E-4                  0.6168730599189249
1.429E-4                  0.6155133672323878
1.43E-4                   0.6141536745631038
1.4309999999999998E-4     0.6127939819105568
1.4319999999999998E-4     0.6114342892742312
1.433E-4                  0.6100745966536105
1.434E-4                  0.6087365347412775
1.435E-4                  0.607464045962169
1.436E-4                  0.6061915571895564
1.437E-4                  0.6049190684229738
1.438E-4                  0.603646579661955
1.439E-4                  0.6023740909060341
1.44E-4                   0.6011016021547451
1.441E-4                  0.5998291134076218
1.4419999999999998E-4     0.5985566246641988
1.4429999999999998E-4     0.5972841359240091
1.4439999999999999E-4     0.5960116471865873
1.445E-4                  0.5947391584514673
1.446E-4                  0.5934666697181828
1.447E-4                  0.592194180986268
1.448E-4                  0.5909216922552566
1.449E-4                  0.5896492035246828
1.45E-4                   0.5883767147940805
1.451E-4                  0.5871042260629832
1.452E-4                  0.5858317373309252
1.4529999999999998E-4     0.5845592485974405
1.4539999999999998E-4     0.5832867598620627
1.4549999999999999E-4     0.5820142711243257
1.456E-4                  0.5807417823837634
1.457E-4                  0.5794692936399097
1.458E-4                  0.5781968048922986
1.459E-4                  0.5769243161404638
1.46E-4                   0.5756518273839392
1.461E-4                  0.5743793386222589
1.462E-4                  0.5731493950766379
1.463E-4                  0.5719271206147647
1.4639999999999998E-4     0.5707048461719217
1.4649999999999998E-4     0.5694825717477681
1.4659999999999999E-4     0.5682602973419641
1.467E-4                  0.5670380229541699
1.468E-4                  0.5658157485840448
1.469E-4                  0.5645934742312491
1.47E-4                   0.5633711998954425
1.471E-4                  0.5621489255762847
1.472E-4                  0.5609266512734358
1.473E-4                  0.5597043769865555
1.474E-4                  0.5584821027153037
1.4749999999999998E-4     0.5572598284593406
1.4759999999999998E-4     0.5560375542183251
1.4769999999999999E-4     0.5548152799919176
1.478E-4                  0.5535930057797778
1.479E-4                  0.5523707315815657
1.48E-4                   0.5511484573969407
1.481E-4                  0.5499261832255629
1.482E-4                  0.5487039090670922
1.483E-4                  0.5474816349211882
1.484E-4                  0.5462593607875108
1.485E-4                  0.5450370866657195
1.4859999999999998E-4     0.5438148125554746
1.4869999999999998E-4     0.5425925384564352
1.4879999999999998E-4     0.5413702643682616
1.489E-4                  0.5401992898467722
1.49E-4                   0.5390919086867199
1.491E-4                  0.5379845275373775
1.492E-4                  0.5368771463983925
1.493E-4                  0.5357697652694111
1.494E-4                  0.5346623841500807
1.495E-4                  0.5335550030400478
1.496E-4                  0.5324476219389591
1.497E-4                  0.5313402408464617
1.4979999999999998E-4     0.5302328597622022
1.4989999999999998E-4     0.5291254786858273
1.5E-4                    0.5280180976169838
1.501E-4                  0.5269107165553184
1.502E-4                  0.5258033355004779
1.503E-4                  0.5246959544521093
1.504E-4                  0.5235885734098589
1.505E-4                  0.5224811923733739
1.506E-4                  0.5213738113423009
1.507E-4                  0.5202664303162865
1.508E-4                  0.5191590492949775
1.5089999999999998E-4     0.5180516682780211
1.5099999999999998E-4     0.5169442872650631
1.511E-4                  0.5158369062557511
1.512E-4                  0.5147295252497313
1.513E-4                  0.5136221442466505
1.514E-4                  0.5125147632461556
1.515E-4                  0.5114073822478931
1.516E-4                  0.510299950174006
1.517E-4                  0.5091914521031076
1.518E-4                  0.5080829540201464
1.519E-4                  0.506974455924856
1.5199999999999998E-4     0.5058659578169716
1.5209999999999998E-4     0.5047574596962264
1.5219999999999999E-4     0.503648961562355
1.523E-4                  0.5025404634150913
1.524E-4                  0.5014319652541699
1.525E-4                  0.5003234670793247
1.526E-4                  0.49921496889029027
1.527E-4                  0.49810647068680014
1.528E-4                  0.49699797246858923
1.529E-4                  0.49588947423539104
1.53E-4                   0.49478097598694004
1.5309999999999998E-4     0.49367247772297074
1.5319999999999998E-4     0.4925639794432167
1.5329999999999999E-4     0.49145548114741217
1.534E-4                  0.49034698283529166
1.535E-4                  0.4892674057466438
1.536E-4                  0.48820370522519224
1.537E-4                  0.4871400047270809
1.538E-4                  0.48607630425210835
1.539E-4                  0.4850126038000724
1.54E-4                   0.4839489033707713
1.541E-4                  0.48288520296400317
1.5419999999999998E-4     0.48182150257956646
1.5429999999999998E-4     0.4807578022172587
1.5439999999999999E-4     0.47969410187687817
1.545E-4                  0.47863040155822334
1.546E-4                  0.47756670126109196
1.547E-4                  0.47650300098528253
1.548E-4                  0.47548553576537306
1.549E-4                  0.47447749734162636
1.55E-4                   0.47346945890688286
1.551E-4                  0.47246142046090633
1.552E-4                  0.4714533820034606
1.5529999999999998E-4     0.4704453435343093
1.5539999999999998E-4     0.46943730505321557
1.5549999999999999E-4     0.46842926655994316
1.556E-4                  0.46742122805425607
1.557E-4                  0.46641318953591754
1.558E-4                  0.46540515100469154
1.559E-4                  0.46439633590356527
1.56E-4                   0.46338636288862894
1.561E-4                  0.4623763898978864
1.562E-4                  0.4613664169311341
1.563E-4                  0.46035644398816916
1.5639999999999998E-4     0.4593464710687883
1.5649999999999998E-4     0.4583364981727878
1.5659999999999998E-4     0.4573265252999648
1.567E-4                  0.4563165524501159
1.568E-4                  0.4553081426457229
1.569E-4                  0.45434008473228804
1.57E-4                   0.45337202680316424
1.571E-4                  0.45240396885815665
1.572E-4                  0.4514359108970703
1.573E-4                  0.45046785291971025
1.574E-4                  0.4494997949258819
1.5749999999999998E-4     0.44853173691539033
1.5759999999999998E-4     0.4475641350533685
1.5769999999999998E-4     0.44659836138033404
1.578E-4                  0.44563258773330017
1.579E-4                  0.44466681411207476
1.58E-4                   0.4437010405164658
1.581E-4                  0.44273526694628107
1.582E-4                  0.44176949340132843
1.583E-4                  0.44081098788875794
1.584E-4                  0.4398630410734386
1.585E-4                  0.43891509424503755
1.586E-4                  0.4379671474033766
1.5869999999999998E-4     0.43701920054827764
1.5879999999999998E-4     0.43607125367956223
1.5889999999999999E-4     0.43512672372750527
1.59E-4                   0.43419021337764796
1.591E-4                  0.433253703043881
1.592E-4                  0.43231719272602787
1.593E-4                  0.4313806824239122
1.594E-4                  0.4304441721373579
1.595E-4                  0.42951359954286705
1.596E-4                  0.42858450454157776
1.597E-4                  0.4276554095396314
1.5979999999999998E-4     0.4267263145368607
1.5989999999999998E-4     0.4257972195330983
1.5999999999999999E-4     0.42488093897214657
1.601E-4                  0.42396687551557466
1.602E-4                  0.42305281206032486
1.603E-4                  0.42213874860623435
1.604E-4                  0.4212246851531402
1.605E-4                  0.420317505491399
1.606E-4                  0.4194110545871984
1.607E-4                  0.4185046036935775
1.608E-4                  0.41759815281037926
1.6089999999999998E-4     0.4166917019374472
1.6099999999999998E-4     0.41579446696253014
1.6109999999999999E-4     0.41489765577251136
1.612E-4                  0.4140008445769682
1.613E-4                  0.41310403337574825
1.614E-4                  0.4122073035426805
1.615E-4                  0.41132091993711856
1.616E-4                  0.41043453634420424
1.617E-4                  0.40954815276378975
1.618E-4                  0.4086617691957274
1.619E-4                  0.4077758887408589
1.6199999999999998E-4     0.406897950659425
1.6209999999999998E-4     0.40602001257344467
1.6219999999999999E-4     0.4051420744827758
1.623E-4                  0.40426413638727604
1.624E-4                  0.4033873185523847
1.625E-4                  0.40251944236223397
1.626E-4                  0.4016515661816232
1.627E-4                  0.4007836900104135
1.628E-4                  0.3999158138484666
1.629E-4                  0.3990493786487683
1.63E-4                   0.3981903370604255
1.6309999999999998E-4     0.39733129547080975
1.6319999999999998E-4     0.396472253879787
1.6329999999999998E-4     0.3956132122872236
1.634E-4                  0.39475616594101703
1.635E-4                  0.39390641014954736
1.636E-4                  0.3930566543640609
1.637E-4                  0.3922068985844281
1.638E-4                  0.3913571428105194
1.639E-4                  0.39050980744454833
1.64E-4                   0.3896691291746269
1.641E-4                  0.38882845090598717
1.6419999999999998E-4     0.3879877726385035
1.6429999999999998E-4     0.38714709437204964
1.6439999999999998E-4     0.38631063162576984
1.645E-4                  0.3854831928729578
1.646E-4                  0.38465575412352077
1.647E-4                  0.38382831537733897
1.648E-4                  0.38300087663429305
1.649E-4                  0.3821734378942633
1.65E-4                   0.38134599915713024
1.651E-4                  0.38051856042277443
1.652E-4                  0.3796911216910762
1.6529999999999998E-4     0.37886368296191625
1.6539999999999998E-4     0.37804368819602563
1.6549999999999998E-4     0.3772338917791443
1.656E-4                  0.37642409536508536
1.657E-4                  0.37561429895373666
1.658E-4                  0.3748045025449859
1.659E-4                  0.3739947061387207
1.66E-4                   0.37318490973482893
1.661E-4                  0.37237511333319795
1.662E-4                  0.37156531693371564
1.663E-4                  0.3707555205362696
1.6639999999999998E-4     0.3699546847138614
1.6649999999999998E-4     0.3691619407597462
1.6659999999999998E-4     0.3683691968083874
1.6669999999999999E-4     0.36757645285968
1.668E-4                  0.3667837089135187
1.669E-4                  0.3659909649697983
1.67E-4                   0.36519822102841376
1.671E-4                  0.36440547708925985
1.672E-4                  0.36361273315223136
1.673E-4                  0.3628199892172232
1.674E-4                  0.36203784457639543
1.675E-4                  0.36126195152670165
1.6759999999999998E-4     0.3604860584796303
1.6769999999999998E-4     0.3597101654350821
1.6779999999999999E-4     0.35893427239295855
1.679E-4                  0.3581583793531609
1.68E-4                   0.3573824863155905
1.681E-4                  0.3566065932801484
1.682E-4                  0.3558307002467357
1.683E-4                  0.3550548072152539
1.684E-4                  0.3542967510842317
1.685E-4                  0.35354520748134316
1.686E-4                  0.35279366388087924
1.6869999999999998E-4     0.3520421202827506
1.6879999999999998E-4     0.35129057668686703
1.6889999999999999E-4     0.35053903309313933
1.69E-4                   0.34978748950147764
1.691E-4                  0.34903594591179243
1.692E-4                  0.34828440232399405
1.693E-4                  0.34753285873799294
1.694E-4                  0.3467813151536992
1.695E-4                  0.3460297715710235
1.696E-4                  0.34527822798987595
1.697E-4                  0.34452668441016693
1.6979999999999998E-4     0.34377514083180727
1.6989999999999998E-4     0.34302359725470655
1.6999999999999999E-4     0.34227205367877556
1.701E-4                  0.34152051010392454
1.702E-4                  0.34076896653006383
1.703E-4                  0.34001742295710385
1.704E-4                  0.33929549278611876
1.705E-4                  0.33857546604531413
1.706E-4                  0.3378554393071941
1.707E-4                  0.3371354125716794
1.708E-4                  0.3364153858386916
1.7089999999999998E-4     0.33569535910815185
1.7099999999999998E-4     0.33497533237998073
1.7109999999999998E-4     0.3342553056540997
1.712E-4                  0.33353527893042995
1.713E-4                  0.3328152522088923
1.714E-4                  0.3320952254894082
1.715E-4                  0.33137519877189864
1.716E-4                  0.33065517205628464
1.717E-4                  0.3299351453424875
1.718E-4                  0.32921511863042807
1.719E-4                  0.3284950919200278
1.7199999999999998E-4     0.32777506521120764
1.7209999999999998E-4     0.32705503850388856
1.7219999999999998E-4     0.32633501179799196
1.723E-4                  0.32561940757302016
1.724E-4                  0.32492953280318504
1.725E-4                  0.324239658035449
1.726E-4                  0.3235497832697427
1.727E-4                  0.322859908505997
1.728E-4                  0.3221700337441422
1.729E-4                  0.3214801589841093
1.73E-4                   0.32079028422582884
1.7309999999999998E-4     0.3201004094692317
1.7319999999999998E-4     0.3194105347142482
1.7329999999999998E-4     0.3187206599608092
1.7339999999999999E-4     0.31803078520884526
1.735E-4                  0.3173409104582871
1.736E-4                  0.31665103570906544
1.737E-4                  0.315961160961111
1.738E-4                  0.3152712862143543
1.739E-4                  0.31458141146872604
1.74E-4                   0.31389153672415704
1.741E-4                  0.3132016619805777
1.7419999999999998E-4     0.31251178723791917
1.7429999999999998E-4     0.31183215530541997
1.7439999999999998E-4     0.3111712362936336
1.7449999999999999E-4     0.31051031728386147
1.746E-4                  0.30984939827604263
1.747E-4                  0.3091884792701159
1.748E-4                  0.30852756026602024
1.749E-4                  0.30786664126369473
1.75E-4                   0.30720572226307824
1.751E-4                  0.3065448032641099
1.752E-4                  0.3058838842667285
1.753E-4                  0.30522296527087317
1.7539999999999998E-4     0.304562046276483
1.7549999999999998E-4     0.3039011272834966
1.7559999999999999E-4     0.3032402082918531
1.757E-4                  0.3025792893014916
1.758E-4                  0.3019183703123509
1.759E-4                  0.3012574513243701
1.76E-4                   0.3005965323374881
1.761E-4                  0.299935613351644
1.762E-4                  0.29927469436677645
1.763E-4                  0.29862928162108054
1.764E-4                  0.2979960124788427
1.7649999999999998E-4     0.29736274333824203
1.7659999999999998E-4     0.29672947419922424
1.7669999999999999E-4     0.29609620506173623
1.768E-4                  0.29546293592572415
1.769E-4                  0.2948296667911344
1.77E-4                   0.2941963976579138
1.771E-4                  0.2935631285260081
1.772E-4                  0.2929298593953641
1.773E-4                  0.2922965902659282
1.774E-4                  0.2916633211376466
1.775E-4                  0.2910300520104658
1.7759999999999998E-4     0.29039678288433246
1.7769999999999998E-4     0.2897635137591925
1.7779999999999998E-4     0.28913024463499254
1.779E-4                  0.28849697551167897
1.78E-4                   0.28786370638919817
1.781E-4                  0.2872304372674966
1.782E-4                  0.2865971681465205
1.783E-4                  0.2859938665184604
1.784E-4                  0.28539962393936585
1.785E-4                  0.28480538136170924
1.786E-4                  0.28421113878544657
1.7869999999999998E-4     0.28361689621053365
1.7879999999999998E-4     0.28302265363692547
1.7889999999999998E-4     0.2824284110645782
1.79E-4                   0.28183416849344745
1.791E-4                  0.28123992592348873
1.792E-4                  0.2806456833546577
1.793E-4                  0.2800514407869102
1.794E-4                  0.2794571982202016
1.795E-4                  0.27886295565448777
1.796E-4                  0.2782687130897243
1.797E-4                  0.2776744705258669
1.7979999999999998E-4     0.27708022796287113
1.7989999999999998E-4     0.2764859854006926
1.7999999999999998E-4     0.275891742839287
1.801E-4                  0.27529750027861005
1.802E-4                  0.2747032577186173
1.803E-4                  0.27410901515926445
1.804E-4                  0.2735147726005071
1.805E-4                  0.2729205300423011
1.806E-4                  0.2723262874846018
1.807E-4                  0.2717320449273651
1.808E-4                  0.27113780237054647
1.8089999999999998E-4     0.2705435598141019
1.8099999999999998E-4     0.2699493172579864
1.8109999999999998E-4     0.2693550747021561
1.8119999999999999E-4     0.26876083214656654
1.813E-4                  0.26816658959117334
1.814E-4                  0.26757234703593225
1.815E-4                  0.2669781044807988
1.816E-4                  0.2663838619257286
1.817E-4                  0.2657896193706775
1.818E-4                  0.265195376815601
1.819E-4                  0.26460113426045473
1.8199999999999998E-4     0.26400689170519454
1.8209999999999998E-4     0.26341264914977586
1.8219999999999998E-4     0.2628272811641206
1.8229999999999999E-4     0.2622817975611009
1.824E-4                  0.2617363139599009
1.825E-4                  0.26119083036048596
1.826E-4                  0.260645346762822
1.827E-4                  0.2600998631668748
1.828E-4                  0.25955437957261
1.829E-4                  0.2590088959799934
1.83E-4                   0.25846341238899073
1.8309999999999998E-4     0.2579179287995678
1.8319999999999998E-4     0.2573724452116901
1.8329999999999998E-4     0.25682696162532354
1.8339999999999999E-4     0.256281478040434
1.835E-4                  0.25573599445698697
1.836E-4                  0.25519051087494826
1.837E-4                  0.2546450272942836
1.838E-4                  0.2540995437149588
1.839E-4                  0.25355406013693965
1.84E-4                   0.25300857656019166
1.841E-4                  0.25246309298468067
1.842E-4                  0.25191760941037256
1.8429999999999998E-4     0.251372125837233
1.8439999999999998E-4     0.25082664226522766
1.8449999999999999E-4     0.25028115869432216
1.846E-4                  0.2497356751244824
1.847E-4                  0.24919019155567418
1.848E-4                  0.2486447079878631
1.849E-4                  0.24809922442101487
1.85E-4                   0.2475537408550954
1.851E-4                  0.24700825729007014
1.852E-4                  0.24646277372590517
1.853E-4                  0.245917290162566
1.8539999999999998E-4     0.2453718066000185
1.8549999999999998E-4     0.2448263230382283
1.8559999999999998E-4     0.24428083947716117
1.857E-4                  0.2437353559167828
1.858E-4                  0.24318987235705902
1.859E-4                  0.2426443887979554
1.86E-4                   0.24209890523943783
1.861E-4                  0.24155342168147206
1.862E-4                  0.24103467924420807
1.863E-4                  0.2405340525471758
1.864E-4                  0.24003342585115492
1.8649999999999998E-4     0.23953279915611894
1.8659999999999998E-4     0.2390321724620412
1.8669999999999998E-4     0.2385315457688952
1.868E-4                  0.2380309190766544
1.869E-4                  0.23753029238529239
1.87E-4                   0.23702966569478254
1.871E-4                  0.23652903900509836
1.872E-4                  0.23602841231621324
1.873E-4                  0.23552778562810078
1.874E-4                  0.23502715894073434
1.875E-4                  0.23452653225408748
1.8759999999999998E-4     0.2340259055681337
1.8769999999999998E-4     0.23352527888284633
1.8779999999999998E-4     0.2330246521981989
1.879E-4                  0.23252402551416482
1.88E-4                   0.2320233988307177
1.881E-4                  0.23152277214783087
1.882E-4                  0.23102214546547786
1.883E-4                  0.23052151878363217
1.884E-4                  0.23002089210226725
1.885E-4                  0.22952026542135656
1.886E-4                  0.22901963874087353
1.8869999999999998E-4     0.2285190120607918
1.8879999999999998E-4     0.22801838538108465
1.8889999999999998E-4     0.22751775870172555
1.8899999999999999E-4     0.22701713202268806
1.891E-4                  0.2265165053439456
1.892E-4                  0.22601587866547163
1.893E-4                  0.22551525198723968
1.894E-4                  0.22501462530922314
1.895E-4                  0.22451399863139554
1.896E-4                  0.22401337195373036
1.897E-4                  0.22351274527620096
1.8979999999999998E-4     0.2230121185987811
1.8989999999999998E-4     0.22251149192144387
1.8999999999999998E-4     0.2220108652441629
1.9009999999999999E-4     0.22151065999420722
1.902E-4                  0.22105103722162997
1.903E-4                  0.220591414450024
1.904E-4                  0.22013179167936878
1.905E-4                  0.21967216890964392
1.906E-4                  0.21921254614082886
1.907E-4                  0.2187529233729032
1.908E-4                  0.21829330060584642
1.9089999999999998E-4     0.21783367783963814
1.9099999999999998E-4     0.21737405507425775
1.9109999999999998E-4     0.21691443230968474
1.9119999999999999E-4     0.21645480954589877
1.913E-4                  0.21599518678287932
1.914E-4                  0.21553556402060595
1.915E-4                  0.2150759412590581
1.916E-4                  0.21461631849821536
1.917E-4                  0.21415669573805726
1.918E-4                  0.21369707297856333
1.919E-4                  0.21323745021971305
1.92E-4                   0.21277782746148596
1.9209999999999998E-4     0.2123182047038618
1.9219999999999998E-4     0.2118585819468197
1.9229999999999999E-4     0.2113989591903394
1.924E-4                  0.21093933643440044
1.925E-4                  0.2104797136789823
1.926E-4                  0.2100200909240645
1.927E-4                  0.20956046816962662
1.928E-4                  0.2091008454156481
1.929E-4                  0.20864122266210855
1.93E-4                   0.20818159990898746
1.931E-4                  0.20772197715626434
1.9319999999999998E-4     0.20726235440391885
1.9329999999999998E-4     0.20680273165193036
1.9339999999999998E-4     0.20634310890027832
1.935E-4                  0.20588348614894242
1.936E-4                  0.20542386339790214
1.937E-4                  0.204964240647137
1.938E-4                  0.20450461789662652
1.939E-4                  0.20404499514635022
1.94E-4                   0.20358537239628766
1.941E-4                  0.20314184226560314
1.942E-4                  0.20272013695500019
1.9429999999999998E-4     0.20229843164506456
1.9439999999999998E-4     0.20187672633578005
1.9449999999999998E-4     0.2014550210271309
1.946E-4                  0.20103331571910132
1.947E-4                  0.2006116104116753
1.948E-4                  0.2001899051048371
1.949E-4                  0.19976819979857077
1.95E-4                   0.19934649449286043
1.951E-4                  0.19892478918769016
1.952E-4                  0.19850308388304413
1.953E-4                  0.19808137857890654
1.9539999999999998E-4     0.19765967327526146
1.9549999999999998E-4     0.19723796797209286
1.9559999999999998E-4     0.19681626266938498
1.9569999999999999E-4     0.19639455736712194
1.958E-4                  0.1959728520652879
1.959E-4                  0.1955511467638669
1.96E-4                   0.19512944146284308
1.961E-4                  0.19470773616220058
1.962E-4                  0.19428603086192356
1.963E-4                  0.1938643255619961
1.964E-4                  0.19344262026240225
1.9649999999999998E-4     0.19302091496312637
1.9659999999999998E-4     0.19259920966415225
1.9669999999999998E-4     0.19217750436546424
1.9679999999999999E-4     0.19175579906704632
1.969E-4                  0.1913340937688827
1.97E-4                   0.1909123884709575
1.971E-4                  0.19049068317325482
1.972E-4                  0.1900689778757587
1.973E-4                  0.1896472725784534
1.974E-4                  0.189225567281323
1.975E-4                  0.18880386198435156
1.9759999999999998E-4     0.18838215668752337
1.9769999999999998E-4     0.1879604513908223
1.9779999999999998E-4     0.18753874609423257
1.9789999999999999E-4     0.18711704079773833
1.98E-4                   0.1866953355013237
1.981E-4                  0.18630247430146973
1.982E-4                  0.18591516673887912
1.983E-4                  0.18552785917680445
1.984E-4                  0.18514055161523346
1.985E-4                  0.18475324405415394
1.986E-4                  0.18436593649355365
1.9869999999999998E-4     0.18397862893342046
1.9879999999999998E-4     0.1835913213737419
1.9889999999999998E-4     0.18320401381450582
1.9899999999999999E-4     0.18281670625570007
1.991E-4                  0.18242939869731234
1.992E-4                  0.1820420911393304
1.993E-4                  0.181654783581742
1.994E-4                  0.18126747602453497
1.995E-4                  0.18088016846769697
1.996E-4                  0.18049286091121575
1.997E-4                  0.18010555335507927
1.9979999999999998E-4     0.17971824579927517
1.9989999999999998E-4     0.17933093824379115
1.9999999999999998E-4     0.178943630688615
