% Model:              20230225_JW_4_35.mph
% Version:            COMSOL 5.6.0.401
% Date:               Feb 25 2023, 21:03
% Dimension:          1
% Nodes:              1001
% Expressions:        1
% Description:        点图
% X                       Height
0                         1.6010453251904277
1.0E-7                    1.6154338798019505
2.0E-7                    1.7319159792544174
3.0E-7                    1.7201261881820296
4.0E-7                    1.7456286738952695
5.0E-7                    1.7411431210802155
6.0E-7                    1.7095778177557999
7.0E-7                    1.671485000925609
8.0E-7                    1.6252947858223805
9.0E-7                    1.5771214241356954
1.0E-6                    1.5285929984833273
1.1E-6                    1.481343496386238
1.2E-6                    1.435371899718519
1.2999999999999998E-6     1.390784163902369
1.4E-6                    1.347626500238698
1.5E-6                    1.3060107379508887
1.6E-6                    1.265578939934636
1.6999999999999998E-6     1.226807460957529
1.8E-6                    1.1889073248066677
1.9E-6                    1.1523256747541457
2.0E-6                    1.1169437746345252
2.1E-6                    1.0824522970633186
2.2E-6                    1.049014547368637
2.3E-6                    1.0168896477683995
2.4E-6                    0.9856132179154651
2.4999999999999998E-6     0.9550120078165474
2.5999999999999997E-6     0.9250985707047122
2.7E-6                    0.8968656106971974
2.8E-6                    0.8695837989886189
2.8999999999999998E-6     0.8434217928896305
3.0E-6                    0.8175457535663706
3.1E-6                    0.7933393157312998
3.2E-6                    0.7689017241361513
3.2999999999999997E-6     0.744891359210894
3.3999999999999996E-6     0.7220009617758558
3.5E-6                    0.6999776411494781
3.6E-6                    0.6786114239185291
3.6999999999999997E-6     0.6578054399282105
3.8E-6                    0.6376895777516555
3.9E-6                    0.6181005610500111
4.0E-6                    0.5991920572678633
4.1E-6                    0.5808425156418794
4.2E-6                    0.5630536304788192
4.2999999999999995E-6     0.5458232744239123
4.4E-6                    0.529133495704572
4.5E-6                    0.5129363676495861
4.6E-6                    0.4972506152486411
4.7E-6                    0.48206390405891947
4.8E-6                    0.46730833841000513
4.9E-6                    0.4530448157960734
4.9999999999999996E-6     0.4392760851222961
5.0999999999999995E-6     0.42576641043364305
5.199999999999999E-6      0.4128320956948788
5.3E-6                    0.4002538308899886
5.4E-6                    0.3879842332948465
5.5E-6                    0.376131568673048
5.6E-6                    0.36466603728028624
5.7E-6                    0.35349626181316973
5.7999999999999995E-6     0.34269515321637245
5.899999999999999E-6      0.33227560336161377
6.0E-6                    0.3221183929223298
6.1E-6                    0.31223070286413473
6.2E-6                    0.30274895474303937
6.3E-6                    0.2934477092254068
6.4E-6                    0.28450665456563956
6.5E-6                    0.2755909001782292
6.5999999999999995E-6     0.2674318661210424
6.699999999999999E-6      0.259262444521709
6.799999999999999E-6      0.25129608753135657
6.9E-6                    0.24370875441743492
7.0E-6                    0.23623634378810832
7.1E-6                    0.22900863101098262
7.2E-6                    0.2220369226634184
7.2999999999999996E-6     0.2152429357048154
7.3999999999999995E-6     0.20867753981136197
7.499999999999999E-6      0.20231761785220895
7.6E-6                    0.196143524261592
7.699999999999999E-6      0.19015994084834859
7.8E-6                    0.18434817834399667
7.899999999999999E-6      0.17872768772665526
8.0E-6                    0.17327835123419008
8.1E-6                    0.16800682598253464
8.2E-6                    0.16288206152154572
8.3E-6                    0.15791091434331667
8.4E-6                    0.15308753156942842
8.5E-6                    0.14840959064220272
8.599999999999999E-6      0.14387237546098233
8.7E-6                    0.13948796720651266
8.8E-6                    0.13523970962026352
8.9E-6                    0.13111777486737602
9.0E-6                    0.12711736444751742
9.1E-6                    0.12323737700275281
9.2E-6                    0.11949302014606142
9.299999999999999E-6      0.11588515536402769
9.4E-6                    0.11227756620118064
9.499999999999999E-6      0.10891798573911833
9.6E-6                    0.10555840782533306
9.7E-6                    0.10236282674502586
9.8E-6                    0.09923340899100219
9.9E-6                    0.09619450532596377
9.999999999999999E-6      0.09327857446127585
1.01E-5                   0.09038974587657088
1.0199999999999999E-5     0.08767394510336511
1.03E-5                   0.08495814559153678
1.0399999999999999E-5     0.08240041390523463
1.05E-5                   0.07987126779353018
1.06E-5                   0.07743864320325601
1.07E-5                   0.07508238284882511
1.08E-5                   0.07276940466283323
1.0899999999999999E-5     0.0705736040483675
1.1E-5                    0.06837780414876314
1.1099999999999999E-5     0.06633161373219343
1.12E-5                   0.06428829422650358
1.13E-5                   0.062339903271607065
1.14E-5                   0.06043364204314829
1.15E-5                   0.05858121493768039
1.1599999999999999E-5     0.05680818810870142
1.17E-5                   0.05504896948016821
1.1799999999999999E-5     0.05339549670545843
1.19E-5                   0.05174202421423644
1.2E-5                    0.05018227266609206
1.21E-5                   0.04864213576668646
1.22E-5                   0.047159974147613234
1.2299999999999999E-5     0.045727523095710446
1.24E-5                   0.04431821261232925
1.2499999999999999E-5     0.042978392389295426
1.26E-5                   0.041638572311540396
1.2699999999999999E-5     0.04039588332303601
1.28E-5                   0.039157109670708096
1.29E-5                   0.03796617189789846
1.3E-5                    0.03679850924313125
1.31E-5                   0.03566836725350671
1.3199999999999999E-5     0.03459838088500225
1.33E-5                   0.03353350804942129
1.3399999999999999E-5     0.03251702466436118
1.35E-5                   0.03150054127978033
1.3599999999999999E-5     0.0305537415993006
1.37E-5                   0.029623606103342474
1.38E-5                   0.028726270836683297
1.3899999999999999E-5     0.02785724948395223
1.4E-5                    0.0269148095325137
1.4099999999999999E-5     0.026070185737277304
1.42E-5                   0.02538032385580255
1.4299999999999999E-5     0.024608349384757422
1.44E-5                   0.02378667065346874
1.45E-5                   0.023096479091901344
1.4599999999999999E-5     0.022376840822164137
1.47E-5                   0.021692751895778708
1.4799999999999999E-5     0.021026948559286832
1.49E-5                   0.020396923024777757
1.4999999999999999E-5     0.01976309657732861
1.51E-5                   0.01916869798406143
1.52E-5                   0.018582140128028977
1.53E-5                   0.018010288835244637
1.5399999999999998E-5     0.01746762813819939
1.55E-5                   0.016932593249983512
1.56E-5                   0.016415695507215174
1.57E-5                   0.01591673461740772
1.5799999999999998E-5     0.015430710426259112
1.59E-5                   0.014954941358885922
1.6E-5                    0.014503164860785787
1.61E-5                   0.01406798168649808
1.62E-5                   0.013634588569385205
1.63E-5                   0.0132185997100685
1.64E-5                   0.012817252451110315
1.6499999999999998E-5     0.01242113857699582
1.66E-5                   0.012048298224061713
1.67E-5                   0.011675457872799314
1.68E-5                   0.011323168312044959
1.69E-5                   0.010975266396865578
1.7E-5                    0.010644477428019517
1.71E-5                   0.010333414046812827
1.7199999999999998E-5     0.010022350666389524
1.73E-5                   0.009711287286491588
1.74E-5                   0.009400223906861025
1.75E-5                   0.009120124917264463
1.76E-5                   0.008850596851690689
1.77E-5                   0.008581068788678963
1.78E-5                   0.0083115407280641
1.7899999999999998E-5     0.008043002490727277
1.8E-5                    0.007810894144795917
1.81E-5                   0.00757878579928225
1.82E-5                   0.007346677454079116
1.8299999999999998E-5     0.00711456910907937
1.84E-5                   0.006892025146892598
1.85E-5                   0.006691029777249335
1.8599999999999998E-5     0.006490034408630953
1.87E-5                   0.00628903904096882
1.88E-5                   0.0060880436741943215
1.89E-5                   0.005903362824317605
1.8999999999999998E-5     0.005730096046018468
1.91E-5                   0.005556829267865175
1.92E-5                   0.00538356248981329
1.9299999999999998E-5     0.005210295711818362
1.94E-5                   0.005065682002397141
1.95E-5                   0.004925375517998973
1.96E-5                   0.004785069033849017
1.9699999999999998E-5     0.004644762549923819
1.98E-5                   0.004504456066199925
1.99E-5                   0.004364149582653892
1.9999999999999998E-5     0.004223843099262262
2.01E-5                   0.00408353661600158
2.02E-5                   0.003943230132848402
2.03E-5                   0.0038183817149688363
2.0399999999999998E-5     0.003713921398611453
2.05E-5                   0.0036094610823763857
2.06E-5                   0.0035050007662539365
2.07E-5                   0.0034005404502343984
2.0799999999999997E-5     0.003296080134308065
2.09E-5                   0.003191619818465228
2.1E-5                    0.0030871595026961897
2.1099999999999998E-5     0.0029826991869912407
2.12E-5                   0.0028782388713406745
2.13E-5                   0.002800261223604181
2.14E-5                   0.002722466339492117
2.1499999999999997E-5     0.0026446714554634767
2.16E-5                   0.0025668765715142565
2.17E-5                   0.0024890816876404595
2.1799999999999998E-5     0.002411286803838079
2.19E-5                   0.002333491920103109
2.2E-5                    0.002255697036431553
2.21E-5                   0.0021779021528194054
2.2199999999999998E-5     0.00211110412616529
2.23E-5                   0.0020531213046441656
2.24E-5                   0.0019951384831010176
2.2499999999999998E-5     0.0019371556615341852
2.26E-5                   0.0018791728399420115
2.27E-5                   0.0018211900183228414
2.28E-5                   0.0017632071966750167
2.2899999999999998E-5     0.00170522437499688
2.3E-5                    0.0016472415532867723
2.31E-5                   0.0015909968392880112
2.3199999999999998E-5     0.0015478732842788368
2.33E-5                   0.0015047497293080294
2.34E-5                   0.0014616261743749086
2.35E-5                   0.0014185026194787902
2.3599999999999998E-5     0.0013753790646189922
2.37E-5                   0.0013322555097948284
2.38E-5                   0.0012891319550056204
2.3899999999999998E-5     0.0012460084002506833
2.4E-5                    0.001202884845529333
2.41E-5                   0.0011671879872571748
2.42E-5                   0.0011350039999026417
2.4299999999999998E-5     0.0011028200125284507
2.44E-5                   0.001070636025134317
2.45E-5                   0.0010384520377199598
2.4599999999999998E-5     0.0010062680502850954
2.4699999999999997E-5     9.740840628294403E-4
2.48E-5                   9.419000753527105E-4
2.49E-5                   9.097160878546252E-4
2.4999999999999998E-5     8.795236974273861E-4
2.51E-5                   8.556105804526213E-4
2.52E-5                   8.316974634906769E-4
2.53E-5                   8.077843465414355E-4
2.5399999999999997E-5     7.838712296047806E-4
2.55E-5                   7.599581126805951E-4
2.56E-5                   7.360449957687638E-4
2.5699999999999998E-5     7.121318788691695E-4
2.58E-5                   6.882187619816947E-4
2.59E-5                   6.643056451062249E-4
2.6E-5                    6.468743842217529E-4
2.6099999999999997E-5     6.310362416813135E-4
2.62E-5                   6.151980991365993E-4
2.63E-5                   5.99359956587577E-4
2.6399999999999998E-5     5.83521814034213E-4
2.65E-5                   5.676836714764728E-4
2.66E-5                   5.518455289143234E-4
2.67E-5                   5.360073863477311E-4
2.6799999999999998E-5     5.201692437766616E-4
2.69E-5                   5.043311012010809E-4
2.7E-5                    4.884929586209563E-4
2.7099999999999998E-5     4.7265481603625314E-4
2.7199999999999997E-5     4.5681667344693816E-4
2.73E-5                   4.4097853085297683E-4
2.74E-5                   4.2514038825433646E-4
2.7499999999999998E-5     4.093022456509828E-4
2.76E-5                   3.934641030428816E-4
2.77E-5                   3.7762596043000015E-4
2.7799999999999998E-5     3.6178781781230407E-4
2.7899999999999997E-5     3.5260144971252765E-4
2.8E-5                    3.439425055573454E-4
2.81E-5                   3.352835614039281E-4
2.8199999999999998E-5     3.266246172522697E-4
2.83E-5                   3.179656731023647E-4
2.84E-5                   3.0930672895420773E-4
2.8499999999999998E-5     3.006477848077933E-4
2.8599999999999997E-5     2.9198884066311586E-4
2.87E-5                   2.8332989652016943E-4
2.88E-5                   2.7467095237894917E-4
2.8899999999999998E-5     2.660120082394492E-4
2.9E-5                    2.5735306410166385E-4
2.91E-5                   2.4869411996558796E-4
2.9199999999999998E-5     2.4003517583121584E-4
2.9299999999999997E-5     2.31376231698542E-4
2.94E-5                   2.2271728756756055E-4
2.95E-5                   2.1405834343826658E-4
2.9599999999999998E-5     2.053993993106543E-4
2.97E-5                   1.9693830192102842E-4
2.98E-5                   1.92208031600146E-4
2.99E-5                   1.874777612788543E-4
2.9999999999999997E-5     1.827474909571524E-4
3.01E-5                   1.7801722063503914E-4
3.02E-5                   1.7328695031251413E-4
3.0299999999999998E-5     1.685566799895761E-4
3.04E-5                   1.6382640966622417E-4
3.05E-5                   1.590961393424577E-4
3.06E-5                   1.543658690182755E-4
3.07E-5                   1.4963559869367676E-4
3.0799999999999996E-5     1.449053283686609E-4
3.09E-5                   1.4017505804322637E-4
3.1E-5                    1.3544478771737267E-4
3.11E-5                   1.3071451739109913E-4
3.12E-5                   1.259842470644043E-4
3.13E-5                   1.2125397673728758E-4
3.14E-5                   1.1652370640974837E-4
3.15E-5                   1.1179343608178508E-4
3.1599999999999996E-5     1.074354036779452E-4
3.17E-5                   1.0484216055918999E-4
3.18E-5                   1.0224891744046344E-4
3.1899999999999996E-5     9.965567432176562E-5
3.2E-5                    9.706243120309593E-5
3.21E-5                   9.446918808445444E-5
3.22E-5                   9.187594496584124E-5
3.23E-5                   8.928270184725577E-5
3.24E-5                   8.668945872869808E-5
3.25E-5                   8.409621561016816E-5
3.26E-5                   8.150297249166556E-5
3.2699999999999995E-5     7.890972937319042E-5
3.28E-5                   7.631648625474231E-5
3.29E-5                   7.372324313632124E-5
3.2999999999999996E-5     7.11300000179272E-5
3.31E-5                   6.853675689955973E-5
3.32E-5                   6.594351378121882E-5
3.3299999999999996E-5     6.335027066290455E-5
3.34E-5                   6.075702754461636E-5
3.35E-5                   5.859213938599688E-5
3.36E-5                   5.743627993889466E-5
3.37E-5                   5.628042049180595E-5
3.38E-5                   5.512456104473083E-5
3.39E-5                   5.3968701597669375E-5
3.4E-5                    5.28128421506214E-5
3.4099999999999995E-5     5.1656982703587045E-5
3.42E-5                   5.050112325656617E-5
3.43E-5                   4.934526380955879E-5
3.4399999999999996E-5     4.8189404362565013E-5
3.45E-5                   4.703354491558464E-5
3.46E-5                   4.5877685468617775E-5
3.4699999999999996E-5     4.472182602166445E-5
3.48E-5                   4.3565966574724495E-5
3.49E-5                   4.2410107127797995E-5
3.5E-5                    4.125424768088497E-5
3.51E-5                   4.0098388233985326E-5
3.52E-5                   3.8942528787099076E-5
3.53E-5                   3.7786669340226284E-5
3.54E-5                   3.66308098933668E-5
3.5499999999999996E-5     3.547495044652075E-5
3.56E-5                   3.4319090999687984E-5
3.57E-5                   3.3163231552868555E-5
3.5799999999999996E-5     3.2007372106062516E-5
3.59E-5                   3.085151265926973E-5
3.6E-5                    2.9695653212490235E-5
3.6099999999999997E-5     2.853979376572411E-5
3.62E-5                   2.7383934318971178E-5
3.63E-5                   2.6228074872231506E-5
3.64E-5                   2.5072215425505156E-5
3.65E-5                   2.3916355978791962E-5
3.6599999999999995E-5     2.2760496532092066E-5
3.67E-5                   2.16046370854053E-5
3.68E-5                   2.0448777638731723E-5
3.6899999999999996E-5     1.9292918192071415E-5
3.7E-5                    1.813705874542419E-5
3.71E-5                   1.6981199298790127E-5
3.7199999999999996E-5     1.5825339852169276E-5
3.73E-5                   1.513547150605141E-5
3.74E-5                   1.483360634856663E-5
3.75E-5                   1.453174119107573E-5
3.76E-5                   1.4229876033578677E-5
3.77E-5                   1.3928010876075493E-5
3.78E-5                   1.3626145718566192E-5
3.79E-5                   1.3324280561050739E-5
3.7999999999999995E-5     1.3022415403529175E-5
3.81E-5                   1.272055024600145E-5
3.82E-5                   1.2418685088467595E-5
3.8299999999999996E-5     1.2116819930927626E-5
3.84E-5                   1.18149547733815E-5
3.85E-5                   1.1513089615829236E-5
3.8599999999999996E-5     1.121122445827086E-5
3.87E-5                   1.0909359300706326E-5
3.88E-5                   1.0607494143135656E-5
3.89E-5                   1.030562898555887E-5
3.9E-5                    1.0003763827975927E-5
3.9099999999999995E-5     9.701898670386866E-6
3.92E-5                   9.40003351279165E-6
3.93E-5                   9.098168355190298E-6
3.9399999999999995E-5     8.796303197582828E-6
3.95E-5                   8.494438039969198E-6
3.96E-5                   8.192572882349432E-6
3.9699999999999996E-5     7.890707724723548E-6
3.98E-5                   7.588842567091503E-6
3.99E-5                   7.286977409453322E-6
3.9999999999999996E-5     6.9851122518090206E-6
4.01E-5                   6.683247094158561E-6
4.02E-5                   6.38138193650196E-6
4.03E-5                   6.079516778839244E-6
4.04E-5                   5.777651621170364E-6
4.0499999999999995E-5     5.475786463495366E-6
4.06E-5                   5.173921305814207E-6
4.07E-5                   4.872056148126906E-6
4.0799999999999996E-5     4.570190990433488E-6
4.09E-5                   4.268325832733905E-6
4.1E-5                    3.9664606750281814E-6
4.1099999999999996E-5     3.843633966785779E-6
4.12E-5                   3.7674538303202076E-6
4.13E-5                   3.691273693856505E-6
4.14E-5                   3.615093557394675E-6
4.15E-5                   3.5389134209347077E-6
4.1599999999999995E-5     3.4627332844766135E-6
4.17E-5                   3.386553148020381E-6
4.18E-5                   3.3103730115660168E-6
4.1899999999999995E-5     3.234192875113526E-6
4.2E-5                    3.1580127386628972E-6
4.21E-5                   3.081832602214135E-6
4.2199999999999996E-5     3.0056524657672472E-6
4.23E-5                   2.929472329322221E-6
4.24E-5                   2.8532921928790626E-6
4.2499999999999996E-5     2.7771120564377773E-6
4.26E-5                   2.7009319199983546E-6
4.27E-5                   2.624751783560798E-6
4.28E-5                   2.548571647125116E-6
4.29E-5                   2.472391510691296E-6
4.2999999999999995E-5     2.3962113742593484E-6
4.31E-5                   2.3200312378292634E-6
4.32E-5                   2.243851101401046E-6
4.3299999999999995E-5     2.167670964974702E-6
4.34E-5                   2.09149082855022E-6
4.35E-5                   2.0153106921276053E-6
4.3599999999999996E-5     1.9391305557068636E-6
4.37E-5                   1.8629504192879845E-6
4.38E-5                   1.7867702828709728E-6
4.3899999999999996E-5     1.710590146455834E-6
4.4E-5                    1.6344100100425578E-6
4.41E-5                   1.5582298736311488E-6
4.42E-5                   1.4820497372216125E-6
4.43E-5                   1.4058696008139387E-6
4.4399999999999995E-5     1.329689464408138E-6
4.45E-5                   1.2535093280041995E-6
4.46E-5                   1.1773291916021285E-6
4.4699999999999996E-5     1.1011490552019302E-6
4.48E-5                   1.0274696080331793E-6
4.49E-5                   1.0123389575391428E-6
4.4999999999999996E-5     9.972083070449371E-7
4.51E-5                   9.820776565505608E-7
4.52E-5                   9.669470060560148E-7
4.5299999999999997E-5     9.518163555613002E-7
4.54E-5                   9.366857050664149E-7
4.5499999999999995E-5     9.215550545713605E-7
4.56E-5                   9.064244040761356E-7
4.57E-5                   8.91293753580741E-7
4.5799999999999995E-5     8.761631030851776E-7
4.59E-5                   8.610324525894434E-7
4.6E-5                    8.459018020935394E-7
4.6099999999999996E-5     8.307711515974669E-7
4.62E-5                   8.156405011012234E-7
4.63E-5                   8.005098506048103E-7
4.6399999999999996E-5     7.853792001082284E-7
4.65E-5                   7.702485496114759E-7
4.66E-5                   7.551178991145534E-7
4.67E-5                   7.399872486174622E-7
4.68E-5                   7.248565981202004E-7
4.6899999999999995E-5     7.097259476227697E-7
4.7E-5                    6.945952971251683E-7
4.71E-5                   6.794646466273971E-7
4.7199999999999995E-5     6.643339961294572E-7
4.73E-5                   6.492033456313466E-7
4.74E-5                   6.340726951330663E-7
4.7499999999999996E-5     6.189420446346173E-7
4.76E-5                   6.038113941359974E-7
4.77E-5                   5.886807436372077E-7
4.7799999999999996E-5     5.735500931382496E-7
4.79E-5                   5.584194426391202E-7
4.8E-5                    5.432887921398215E-7
4.81E-5                   5.281581416403539E-7
4.82E-5                   5.130274911407156E-7
4.8299999999999995E-5     4.978968406409086E-7
4.84E-5                   4.827661901409306E-7
4.85E-5                   4.6763553964078327E-7
4.8599999999999995E-5     4.5250488914046676E-7
4.87E-5                   4.373742386399798E-7
4.88E-5                   4.222435881393229E-7
4.8899999999999996E-5     4.0711293763849726E-7
4.9E-5                    3.91982287137501E-7
4.91E-5                   3.76851636636335E-7
4.9199999999999997E-5     3.617209861350002E-7
4.93E-5                   3.4659033563349476E-7
4.9399999999999995E-5     3.3145968513182046E-7
4.95E-5                   3.1632903462997537E-7
4.96E-5                   3.0119838412796056E-7
4.9699999999999995E-5     2.860677336257771E-7
4.98E-5                   2.709370831234228E-7
4.99E-5                   2.5580643262089875E-7
4.9999999999999996E-5     2.40675782118206E-7
5.01E-5                   2.2554513161534243E-7
5.02E-5                   2.1041448111230923E-7
5.0299999999999996E-5     1.952838306091072E-7
5.04E-5                   1.8015318010573444E-7
5.05E-5                   1.6502252960219193E-7
5.06E-5                   1.4989187909848072E-7
5.07E-5                   1.3476122859459874E-7
5.0799999999999995E-5     1.1963057809054798E-7
5.09E-5                   1.044999275863265E-7
5.1E-5                    8.936927708193521E-8
5.1099999999999995E-5     7.423862657737527E-8
5.12E-5                   5.910797607264452E-8
5.13E-5                   4.3977325567744034E-8
5.1399999999999996E-5     2.884667506267484E-8
5.15E-5                   1.371602455743484E-8
5.16E-5                   -1.4146259479748851E-9
5.1699999999999996E-5     -1.6545276453553326E-8
5.18E-5                   -3.167592695930254E-8
5.1899999999999994E-5     -4.680657746522048E-8
5.2E-5                    -6.193722797130921E-8
5.21E-5                   -7.706787847756765E-8
5.2199999999999995E-5     -9.219852898399487E-8
5.23E-5                   -1.0732917949059282E-7
5.24E-5                   -1.1347506562735601E-7
5.2499999999999995E-5     -1.1185130681648974E-7
5.26E-5                   -1.10227548005637E-7
5.27E-5                   -1.0860378919479794E-7
5.2799999999999996E-5     -1.0698003038397263E-7
5.29E-5                   -1.0535627157316086E-7
5.3E-5                    -1.0373251276236276E-7
5.3099999999999996E-5     -1.0210875395157841E-7
5.32E-5                   -1.0048499514080758E-7
5.3299999999999995E-5     -9.886123633005051E-8
5.34E-5                   -9.723747751930702E-8
5.35E-5                   -9.561371870857716E-8
5.3599999999999995E-5     -9.398995989786106E-8
5.37E-5                   -9.236620108715851E-8
5.38E-5                   -9.07424422764696E-8
5.3899999999999996E-5     -8.911868346579444E-8
5.4E-5                    -8.749492465513283E-8
5.41E-5                   -8.587116584448488E-8
5.4199999999999996E-5     -8.424740703385069E-8
5.43E-5                   -8.262364822323003E-8
5.4399999999999994E-5     -8.099988941262316E-8
5.4499999999999997E-5     -7.93761306020298E-8
5.46E-5                   -7.77523717914501E-8
5.4699999999999995E-5     -7.612861298088415E-8
5.48E-5                   -7.450485417033177E-8
5.49E-5                   -7.288109535979302E-8
5.4999999999999995E-5     -7.125733654926802E-8
5.51E-5                   -6.963357773875658E-8
5.52E-5                   -6.800981892825879E-8
5.5299999999999996E-5     -6.638606011777476E-8
5.54E-5                   -6.476230130730426E-8
5.55E-5                   -6.313854249684741E-8
5.5599999999999996E-5     -6.151478368640433E-8
5.57E-5                   -5.989102487597482E-8
5.5799999999999994E-5     -5.8267266065559014E-8
5.59E-5                   -5.66435072551568E-8
5.6E-5                    -5.501974844476821E-8
5.6099999999999995E-5     -5.339598963439339E-8
5.62E-5                   -5.1772230824032094E-8
5.63E-5                   -5.0148472013684464E-8
5.6399999999999995E-5     -4.85247132033506E-8
5.65E-5                   -4.6900954393030265E-8
5.66E-5                   -4.5277195582723584E-8
5.6699999999999996E-5     -4.365343677243067E-8
5.68E-5                   -4.202967796215129E-8
5.69E-5                   -4.040591915188556E-8
5.6999999999999996E-5     -3.878216034163359E-8
5.71E-5                   -3.715840153139517E-8
5.7199999999999994E-5     -3.553464272117051E-8
5.73E-5                   -3.391088391095939E-8
5.74E-5                   -3.2287125100761914E-8
5.7499999999999995E-5     -3.0663366290578205E-8
5.76E-5                   -2.9039607480408035E-8
5.77E-5                   -2.7415848670251513E-8
5.7799999999999995E-5     -2.5792089860108756E-8
5.79E-5                   -2.4168331049979538E-8
5.8E-5                    -2.2544572239863975E-8
5.8099999999999996E-5     -2.0920813429762176E-8
5.82E-5                   -1.929705461967391E-8
5.8299999999999994E-5     -1.7673295809599405E-8
5.8399999999999997E-5     -1.6049536999538443E-8
5.85E-5                   -1.4425778189491134E-8
5.8599999999999995E-5     -1.2802019379457584E-8
5.87E-5                   -1.1178260569437577E-8
5.88E-5                   -9.554501759431222E-9
5.8899999999999995E-5     -7.930742949438626E-9
5.9E-5                    -6.306984139459569E-9
5.91E-5                   -4.683225329494166E-9
5.9199999999999996E-5     -3.0594665195425213E-9
5.93E-5                   -1.4357077096044194E-9
5.94E-5                   1.8805110032003153E-10
5.9499999999999996E-5     1.8118099102307207E-9
5.96E-5                   3.43556872012787E-9
5.9699999999999994E-5     5.0593275300112584E-9
5.98E-5                   6.683086339881106E-9
5.99E-5                   8.255915796467566E-9
5.9999999999999995E-5     8.266131447288408E-9
6.01E-5                   8.276347098109349E-9
6.02E-5                   8.286562748930378E-9
6.0299999999999995E-5     8.296778399751499E-9
6.04E-5                   8.30699405057271E-9
6.05E-5                   8.317209701394014E-9
6.0599999999999996E-5     8.327425352215411E-9
6.07E-5                   8.337641003036897E-9
6.08E-5                   8.347856653858478E-9
6.0899999999999996E-5     8.358072304680148E-9
6.1E-5                    8.368287955501912E-9
6.11E-5                   8.378503606323762E-9
6.12E-5                   8.38871925714571E-9
6.13E-5                   8.398934907967747E-9
6.14E-5                   8.409150558789873E-9
6.149999999999999E-5      8.419366209612092E-9
6.159999999999999E-5      8.429581860434405E-9
6.17E-5                   8.43979751125681E-9
6.18E-5                   8.450013162079303E-9
6.19E-5                   8.460228812901891E-9
6.2E-5                    8.47044446372457E-9
6.209999999999999E-5      8.48066011454734E-9
6.22E-5                   8.490875765370203E-9
6.23E-5                   8.501091416193153E-9
6.24E-5                   8.511307067016199E-9
6.25E-5                   8.521522717839335E-9
6.26E-5                   8.531738368662561E-9
6.269999999999999E-5      8.541954019485882E-9
6.28E-5                   8.552169670309292E-9
6.29E-5                   8.562385321132798E-9
6.3E-5                    8.572600971956392E-9
6.31E-5                   8.582816622780077E-9
6.319999999999999E-5      8.593032273603856E-9
6.33E-5                   8.603247924427724E-9
6.34E-5                   8.613463575251685E-9
6.35E-5                   8.62367922607574E-9
6.36E-5                   8.633894876899886E-9
6.37E-5                   8.64411052772412E-9
6.379999999999999E-5      8.654326178548445E-9
6.39E-5                   8.664541829372866E-9
6.4E-5                    8.674757480197378E-9
6.41E-5                   8.684973131021979E-9
6.42E-5                   8.695188781846674E-9
6.429999999999999E-5      8.705404432671458E-9
6.44E-5                   8.715620083496337E-9
6.45E-5                   8.725835734321304E-9
6.46E-5                   8.736051385146367E-9
6.47E-5                   8.746267035971519E-9
6.48E-5                   8.75648268679676E-9
6.489999999999999E-5      8.766698337622095E-9
6.5E-5                    8.776913988447523E-9
6.51E-5                   8.787129639273041E-9
6.52E-5                   8.797345290098655E-9
6.53E-5                   8.807560940924355E-9
6.539999999999999E-5      8.817776591750149E-9
6.549999999999999E-5      8.827992242576032E-9
6.56E-5                   8.83820789340201E-9
6.57E-5                   8.84842354422808E-9
6.58E-5                   8.858639195054238E-9
6.59E-5                   8.86885484588049E-9
6.599999999999999E-5      8.879070496706832E-9
6.61E-5                   8.889286147533268E-9
6.62E-5                   8.899501798359794E-9
6.63E-5                   8.909717449186415E-9
6.64E-5                   8.919933100013124E-9
6.65E-5                   8.930148750839926E-9
6.659999999999999E-5      8.940364401666818E-9
6.67E-5                   8.950580052493802E-9
6.68E-5                   8.96079570332088E-9
6.69E-5                   8.971011354148049E-9
6.7E-5                    8.981227004975307E-9
6.709999999999999E-5      8.991442655802656E-9
6.72E-5                   9.0016583066301E-9
6.73E-5                   9.011873957457634E-9
6.74E-5                   9.022089608285263E-9
6.75E-5                   8.873665180020139E-9
6.76E-5                   8.582778695328428E-9
6.769999999999999E-5      8.291892210638115E-9
6.78E-5                   8.00100572594912E-9
6.79E-5                   7.710119241261477E-9
6.8E-5                    7.419232756575191E-9
6.81E-5                   7.1283462718902634E-9
6.819999999999999E-5      6.83745978720673E-9
6.829999999999999E-5      6.546573302524511E-9
6.84E-5                   6.255686817843652E-9
6.85E-5                   5.964800333164147E-9
6.86E-5                   5.673913848485999E-9
6.87E-5                   5.383027363809207E-9
6.879999999999999E-5      5.092140879133811E-9
6.89E-5                   4.801254394459727E-9
6.9E-5                    4.510367909787004E-9
6.91E-5                   4.219481425115635E-9
6.92E-5                   3.928594940445625E-9
6.929999999999999E-5      3.637708455777007E-9
6.939999999999999E-5      3.3468219711097076E-9
6.95E-5                   3.055935486443764E-9
6.96E-5                   2.7650490017791763E-9
6.97E-5                   2.4741625171159443E-9
6.98E-5                   2.1832760324540693E-9
6.989999999999999E-5      1.8923895477935906E-9
7.0E-5                    1.6015030631344267E-9
7.01E-5                   1.3106165784766204E-9
7.02E-5                   1.019730093820168E-9
7.03E-5                   7.288436091650745E-10
7.04E-5                   4.3795712451133475E-10
7.049999999999999E-5      1.4707063985899184E-10
7.06E-5                   -1.438158447920362E-10
7.07E-5                   -4.347023294417054E-10
7.08E-5                   -7.255888140900213E-10
7.09E-5                   -1.0164752987369785E-9
7.099999999999999E-5      -1.307361783382543E-9
7.11E-5                   -1.5982482680267874E-9
7.12E-5                   -1.8891347526696786E-9
7.13E-5                   -2.180021237311211E-9
7.14E-5                   -2.4709077219513897E-9
7.15E-5                   -2.761794206590211E-9
7.159999999999999E-5      -3.052680691227639E-9
7.17E-5                   -3.343567175863748E-9
7.18E-5                   -3.6344536604985E-9
7.19E-5                   -3.9253401451318995E-9
7.2E-5                    -4.216226629763941E-9
7.209999999999999E-5      -4.507113114394586E-9
7.219999999999999E-5      -4.7979995990239145E-9
7.23E-5                   -5.088886083651889E-9
7.24E-5                   -5.3797725682785064E-9
7.25E-5                   -5.670659052903766E-9
7.26E-5                   -5.961545537527671E-9
7.269999999999999E-5      -6.252432022150179E-9
7.28E-5                   -6.543318506771372E-9
7.29E-5                   -6.83420499139121E-9
7.3E-5                    -7.12509147600969E-9
7.31E-5                   -7.415977960626815E-9
7.319999999999999E-5      -7.706864445242542E-9
7.329999999999999E-5      -7.997750929856957E-9
7.34E-5                   -8.28863741447001E-9
7.35E-5                   -8.579523899081707E-9
7.36E-5                   -8.870410383692056E-9
7.37E-5                   -9.161296868301043E-9
7.379999999999999E-5      -9.452183352908634E-9
7.39E-5                   -9.74306983751491E-9
7.4E-5                    -1.0033956322119829E-8
7.41E-5                   -1.0324842806723391E-8
7.42E-5                   -1.0615729291325602E-8
7.429999999999999E-5      -1.0906615775926412E-8
7.439999999999999E-5      -1.1197502260525908E-8
7.45E-5                   -1.1488388745124046E-8
7.46E-5                   -1.1779275229720829E-8
7.47E-5                   -1.2070161714316257E-8
7.48E-5                   -1.2361048198910325E-8
7.489999999999999E-5      -1.2651934683503E-8
7.5E-5                    -1.2928736140018783E-8
7.51E-5                   -1.2584179432556166E-8
7.52E-5                   -1.2239622725092385E-8
7.53E-5                   -1.1895066017627433E-8
7.54E-5                   -1.1550509310161316E-8
7.549999999999999E-5      -1.1205952602694084E-8
7.56E-5                   -1.0861395895225637E-8
7.57E-5                   -1.051683918775602E-8
7.58E-5                   -1.017228248028524E-8
7.59E-5                   -9.827725772813289E-9
7.599999999999999E-5      -9.483169065340225E-9
7.609999999999999E-5      -9.138612357865943E-9
7.62E-5                   -8.794055650390497E-9
7.63E-5                   -8.449498942913886E-9
7.64E-5                   -8.104942235436107E-9
7.65E-5                   -7.760385527957161E-9
7.659999999999999E-5      -7.415828820477095E-9
7.67E-5                   -7.071272112995815E-9
7.68E-5                   -6.72671540551337E-9
7.69E-5                   -6.382158698029759E-9
7.7E-5                    -6.037601990544981E-9
7.709999999999999E-5      -5.693045283059087E-9
7.719999999999999E-5      -5.348488575571974E-9
7.73E-5                   -5.003931868083699E-9
7.74E-5                   -4.659375160594252E-9
7.75E-5                   -4.3148184531036455E-9
7.76E-5                   -3.970261745611869E-9
7.769999999999999E-5      -3.6257050381189732E-9
7.78E-5                   -3.2811483306248628E-9
7.79E-5                   -2.9365916231295885E-9
7.8E-5                    -2.5920349156331454E-9
7.81E-5                   -2.247478208135539E-9
7.819999999999999E-5      -1.9029215006368095E-9
7.829999999999999E-5      -1.5583647931368705E-9
7.84E-5                   -1.2138080856357607E-9
7.85E-5                   -8.692513781334896E-10
7.86E-5                   -5.246946706300471E-10
7.87E-5                   -1.8013796312544352E-10
7.879999999999999E-5      1.6441874438028446E-10
7.89E-5                   5.089754518872221E-10
7.9E-5                    8.535321593953275E-10
7.91E-5                   1.1980888669046005E-9
7.92E-5                   1.542645574415039E-9
7.93E-5                   1.887202281926643E-9
7.939999999999999E-5      2.2317589894393676E-9
7.95E-5                   2.576315696953306E-9
7.96E-5                   2.9208724044684106E-9
7.97E-5                   3.26542911198468E-9
7.98E-5                   3.609985819502116E-9
7.989999999999999E-5      3.954542527020671E-9
7.999999999999999E-5      4.299099234540441E-9
8.01E-5                   4.6436559420613785E-9
8.02E-5                   4.9882126495834795E-9
8.03E-5                   5.3327693571067485E-9
8.04E-5                   5.677326064631184E-9
8.049999999999999E-5      6.02188277215674E-9
8.06E-5                   6.366439479683506E-9
8.07E-5                   6.710996187211441E-9
8.08E-5                   7.055552894740541E-9
8.09E-5                   7.400109602270808E-9
8.099999999999999E-5      7.744666309802198E-9
8.109999999999999E-5      8.089223017334793E-9
8.12E-5                   8.43377972486856E-9
8.13E-5                   8.778336432403493E-9
8.14E-5                   9.122893139939594E-9
8.15E-5                   9.467449847476856E-9
8.159999999999999E-5      9.812006555015244E-9
8.17E-5                   1.0156563262554842E-8
8.18E-5                   1.0501119970095609E-8
8.19E-5                   1.0845676677637537E-8
8.2E-5                    1.1190233385180635E-8
8.209999999999999E-5      1.1534790092724852E-8
8.219999999999999E-5      1.1879346800270283E-8
8.23E-5                   1.2223903507816878E-8
8.24E-5                   1.2568460215364642E-8
8.25E-5                   1.2913016922913571E-8
8.26E-5                   1.2954345432228597E-8
8.269999999999999E-5      1.2712916197045644E-8
8.28E-5                   1.2471486961863074E-8
8.29E-5                   1.2230057726680919E-8
8.3E-5                    1.1988628491499184E-8
8.31E-5                   1.1747199256317859E-8
8.319999999999999E-5      1.150577002113699E-8
8.329999999999999E-5      1.12643407859565E-8
8.34E-5                   1.1022911550776426E-8
8.35E-5                   1.078148231559677E-8
8.36E-5                   1.0540053080417529E-8
8.37E-5                   1.0298623845238704E-8
8.379999999999999E-5      1.0057194610060326E-8
8.389999999999999E-5      9.815765374882336E-9
8.4E-5                    9.574336139704759E-9
8.41E-5                   9.332906904527591E-9
8.42E-5                   9.09147766935085E-9
8.43E-5                   8.85004843417452E-9
8.439999999999999E-5      8.608619198998637E-9
8.45E-5                   8.367189963823141E-9
8.46E-5                   8.125760728648061E-9
8.47E-5                   7.884331493473396E-9
8.48E-5                   7.642902258299145E-9
8.489999999999999E-5      7.401473023125344E-9
8.499999999999999E-5      7.1600437879519274E-9
8.51E-5                   6.918614552778925E-9
8.52E-5                   6.67718531760634E-9
8.53E-5                   6.435756082434166E-9
8.54E-5                   6.194326847262414E-9
8.549999999999999E-5      5.9528976120911075E-9
8.56E-5                   5.711468376920187E-9
8.57E-5                   5.470039141749682E-9
8.58E-5                   5.228609906579591E-9
8.59E-5                   4.987180671409919E-9
8.599999999999999E-5      4.745751436240692E-9
8.609999999999999E-5      4.504322201071851E-9
8.62E-5                   4.262892965903425E-9
8.63E-5                   4.021463730735415E-9
8.64E-5                   3.7800344955678215E-9
8.65E-5                   3.5386052604006404E-9
8.659999999999999E-5      3.2971760252339146E-9
8.669999999999999E-5      3.055746790067565E-9
8.68E-5                   2.814317554901635E-9
8.69E-5                   2.5728883197361213E-9
8.7E-5                    2.3314590845710242E-9
8.709999999999999E-5      2.090029849406373E-9
8.719999999999999E-5      1.8486006142421073E-9
8.73E-5                   1.6071713790782574E-9
8.74E-5                   1.3657421439148232E-9
8.75E-5                   1.1243129087518049E-9
8.76E-5                   8.82883673589201E-10
8.769999999999999E-5      6.414544384270462E-10
8.779999999999999E-5      4.0002520326527705E-10
8.79E-5                   1.5859596810392216E-10
8.8E-5                    -8.283326705701614E-11
8.81E-5                   -3.242625022175386E-10
8.82E-5                   -5.656917373776455E-10
8.829999999999999E-5      -8.071209725373034E-10
8.84E-5                   -1.0485502076965784E-9
8.85E-5                   -1.2899794428554363E-9
8.86E-5                   -1.531408678013879E-9
8.87E-5                   -1.7728379131719068E-9
8.879999999999999E-5      -2.0142671483294838E-9
8.889999999999999E-5      -2.2556963834866796E-9
8.9E-5                    -2.497125618643458E-9
8.91E-5                   -2.73855485379982E-9
8.92E-5                   -2.9799840889557673E-9
8.93E-5                   -3.2214133241113E-9
8.939999999999999E-5      -3.4628425592663808E-9
8.95E-5                   -3.7042717944210814E-9
8.96E-5                   -3.945701029575363E-9
8.97E-5                   -4.187130264729231E-9
8.98E-5                   -4.428559499882682E-9
8.989999999999999E-5      -4.669988735035685E-9
8.999999999999999E-5      -4.911417970188303E-9
9.01E-5                   -5.152847205340508E-9
9.02E-5                   -5.3942764404922965E-9
9.03E-5                   -5.635705675643667E-9
9.04E-5                   -5.877134910794624E-9
9.049999999999999E-5      -6.1185641459451285E-9
9.059999999999999E-5      -6.359993381095253E-9
9.07E-5                   -6.60142261624496E-9
9.08E-5                   -6.8428518513942505E-9
9.09E-5                   -7.084281086543126E-9
9.099999999999999E-5      -7.325710321691554E-9
9.109999999999999E-5      -7.567139556839597E-9
9.12E-5                   -7.808568791987226E-9
9.13E-5                   -8.049998027134434E-9
9.14E-5                   -8.291427262281231E-9
9.15E-5                   -8.532856497427612E-9
9.159999999999999E-5      -8.774285732573543E-9
9.169999999999999E-5      -9.01571496771909E-9
9.18E-5                   -9.257144202864223E-9
9.19E-5                   -9.498573438008938E-9
9.2E-5                    -9.740002673153237E-9
9.21E-5                   -9.981431908297122E-9
9.219999999999999E-5      -1.0222861143440558E-8
9.23E-5                   -1.0464290378583611E-8
9.24E-5                   -1.0705719613726245E-8
9.25E-5                   -1.0947148848868466E-8
9.26E-5                   -1.095779354612783E-8
9.269999999999999E-5      -1.0753233602866683E-8
9.279999999999999E-5      -1.05486736596053E-8
9.29E-5                   -1.0344113716343706E-8
9.3E-5                    -1.0139553773081909E-8
9.31E-5                   -9.934993829819901E-9
9.32E-5                   -9.730433886557687E-9
9.329999999999999E-5      -9.525873943295295E-9
9.34E-5                   -9.321314000032667E-9
9.35E-5                   -9.116754056769831E-9
9.36E-5                   -8.912194113506787E-9
9.37E-5                   -8.707634170243536E-9
9.379999999999999E-5      -8.503074226980104E-9
9.389999999999999E-5      -8.298514283716438E-9
9.4E-5                    -8.093954340452563E-9
9.41E-5                   -7.88939439718848E-9
9.42E-5                   -7.684834453924191E-9
9.43E-5                   -7.480274510659694E-9
9.439999999999999E-5      -7.275714567395019E-9
9.449999999999999E-5      -7.071154624130104E-9
9.46E-5                   -6.866594680864985E-9
9.47E-5                   -6.6620347375996575E-9
9.48E-5                   -6.457474794334123E-9
9.489999999999999E-5      -6.252914851068408E-9
9.499999999999999E-5      -6.0483549078024585E-9
9.51E-5                   -5.843794964536301E-9
9.52E-5                   -5.639235021269937E-9
9.53E-5                   -5.434675078003361E-9
9.54E-5                   -5.23011513473658E-9
9.549999999999999E-5      -5.02555519146962E-9
9.559999999999999E-5      -4.820995248202424E-9
9.57E-5                   -4.616435304935022E-9
9.58E-5                   -4.4118753616674115E-9
9.59E-5                   -4.207315418399593E-9
9.6E-5                    -4.002755475131569E-9
9.609999999999999E-5      -3.798195531863361E-9
9.62E-5                   -3.59363558859492E-9
9.63E-5                   -3.3890756453262723E-9
9.64E-5                   -3.184515702057416E-9
9.65E-5                   -2.9799557587883494E-9
9.659999999999999E-5      -2.7753958155191086E-9
9.669999999999999E-5      -2.5708358722496262E-9
9.68E-5                   -2.366275928979941E-9
9.69E-5                   -2.1617159857100473E-9
9.7E-5                    -1.9571560424399454E-9
9.71E-5                   -1.7525960991696361E-9
9.719999999999999E-5      -1.5480361558991463E-9
9.73E-5                   -1.3434762126284225E-9
9.74E-5                   -1.1389162693574905E-9
9.75E-5                   -9.343563260863507E-10
9.76E-5                   -7.297963828150023E-10
9.769999999999999E-5      -5.252364395434749E-10
9.779999999999999E-5      -3.206764962717128E-10
9.79E-5                   -1.1611655299974307E-10
9.8E-5                    8.844339027243427E-11
9.81E-5                   2.9300333354482E-10
9.82E-5                   4.975632768174123E-10
9.829999999999999E-5      7.021232200901858E-10
9.839999999999999E-5      9.066831633631929E-10
9.85E-5                   1.1112431066364086E-9
9.86E-5                   1.3158030499098316E-9
9.87E-5                   1.5203629931834619E-9
9.879999999999999E-5      1.7249229364572726E-9
9.889999999999999E-5      1.9294828797313183E-9
9.9E-5                    2.1340428230055723E-9
9.91E-5                   2.3386027662800334E-9
9.92E-5                   2.5431627095547014E-9
9.93E-5                   2.7477226528295794E-9
9.939999999999999E-5      2.9522825961046337E-9
9.949999999999999E-5      3.156842539379926E-9
9.96E-5                   3.361402482655425E-9
9.97E-5                   3.5659624259311323E-9
9.98E-5                   3.7705223692070456E-9
9.989999999999999E-5      3.97508231248314E-9
9.999999999999999E-5      4.179642255759468E-9
