% Model:              20230225_JW_4_35.mph
% Version:            COMSOL 5.6.0.401
% Date:               Feb 25 2023, 21:03
% Dimension:          1
% Nodes:              1001
% Expressions:        1
% Description:        点图
% X                       Height
0                         5.441787321554127
1.0E-7                    5.485009348162516
2.0E-7                    5.548136734114836
3.0E-7                    5.552013109864072
4.0E-7                    5.516556862834992
5.0E-7                    5.43863769035741
6.0E-7                    5.32379724839661
7.0E-7                    5.188102622145726
8.0E-7                    5.043029681256339
9.0E-7                    4.894856959255382
1.0E-6                    4.74742030130233
1.1E-6                    4.602832342840699
1.2E-6                    4.462223194150709
1.2999999999999998E-6     4.326175708442408
1.4E-6                    4.19427545589548
1.5E-6                    4.066222850137875
1.6E-6                    3.942733723071858
1.6999999999999998E-6     3.822739388943266
1.8E-6                    3.706425615635812
1.9E-6                    3.593709412819838
2.0E-6                    3.484170806093015
2.1E-6                    3.377915055438364
2.2E-6                    3.2749393261787696
2.3E-6                    3.17500930361404
2.4E-6                    3.0783427236370815
2.4999999999999998E-6     2.983779708054969
2.5999999999999997E-6     2.891282011237132
2.7E-6                    2.8036715452804843
2.8E-6                    2.7198330627505385
2.8999999999999998E-6     2.6371951782099705
3.0E-6                    2.5582270878261135
3.1E-6                    2.479298713784592
3.2E-6                    2.403701325758445
3.2999999999999997E-6     2.3306806948350833
3.3999999999999996E-6     2.2597079071972317
3.5E-6                    2.190682825082357
3.6E-6                    2.123771093384016
3.6999999999999997E-6     2.0590225763883274
3.8E-6                    1.9960632176619446
3.9E-6                    1.9352126384683936
4.0E-6                    1.8760946772127935
4.1E-6                    1.8187855709080658
4.2E-6                    1.7632158587368858
4.2999999999999995E-6     1.7093352370630983
4.4E-6                    1.6572144615513056
4.5E-6                    1.6065991875419445
4.6E-6                    1.5575490077550154
4.7E-6                    1.510083541444611
4.8E-6                    1.4639475837211622
4.9E-6                    1.4193434318464848
4.9999999999999996E-6     1.376273348759067
5.0999999999999995E-6     1.3340451260552768
5.199999999999999E-6      1.293549027721578
5.3E-6                    1.2541670716803426
5.4E-6                    1.215755529719244
5.5E-6                    1.178667975984103
5.6E-6                    1.1428196968716542
5.7E-6                    1.1078671890387943
5.7999999999999995E-6     1.073981758141038
5.899999999999999E-6      1.041384696094233
6.0E-6                    1.00959294664487
6.1E-6                    0.9786061611533261
6.2E-6                    0.9489184959296246
6.3E-6                    0.9198526884477163
6.4E-6                    0.8915970836179161
6.5E-6                    0.8645206992113117
6.5999999999999995E-6     0.8381737932146184
6.699999999999999E-6      0.8126328636594398
6.799999999999999E-6      0.7878658907295933
6.9E-6                    0.7637870391338795
7.0E-6                    0.740501586478959
7.1E-6                    0.7179250471857126
7.2E-6                    0.6960186706684935
7.2999999999999996E-6     0.6747909805302357
7.3999999999999995E-6     0.6541956389216053
7.499999999999999E-6      0.6342499121009773
7.6E-6                    0.6149158630088394
7.699999999999999E-6      0.5961482215219264
7.8E-6                    0.5779498707715319
7.899999999999999E-6      0.5603303564130085
8.0E-6                    0.5432417616096722
8.1E-6                    0.5267249804470804
8.2E-6                    0.5106598563477488
8.3E-6                    0.4950750801425091
8.4E-6                    0.4799596682637395
8.5E-6                    0.46529480229315096
8.599999999999999E-6      0.45106616755558926
8.7E-6                    0.4373323769939891
8.8E-6                    0.4240099928966778
8.9E-6                    0.4110870125758183
9.0E-6                    0.39854929944606576
9.1E-6                    0.38638604548299144
9.2E-6                    0.37464419845350266
9.299999999999999E-6      0.363335623763205
9.4E-6                    0.3520279188878493
9.499999999999999E-6      0.34149504194312663
9.6E-6                    0.33096218040379627
9.7E-6                    0.32094299468539966
9.8E-6                    0.31113105157060883
9.9E-6                    0.30160372505512595
9.999999999999999E-6      0.2924630772475633
1.01E-5                   0.2834071752252311
1.0199999999999999E-5     0.27489228727731013
1.03E-5                   0.26637740712635466
1.0399999999999999E-5     0.25835822255545593
1.05E-5                   0.25042868417935604
1.06E-5                   0.2428009881015334
1.07E-5                   0.23541209866726126
1.08E-5                   0.2281599301036706
1.0899999999999999E-5     0.2212779015804504
1.1E-5                    0.21439587748392233
1.1099999999999999E-5     0.20797686699111614
1.12E-5                   0.2015667429139906
1.13E-5                   0.19545866634762774
1.14E-5                   0.1894846407827153
1.15E-5                   0.18367781954491819
1.1599999999999999E-5     0.17811760809523874
1.17E-5                   0.1726005320231736
1.1799999999999999E-5     0.16741378869306392
1.19E-5                   0.16222704709879182
1.2E-5                    0.15734158278978716
1.21E-5                   0.15251917280990848
1.22E-5                   0.14786865070647007
1.2299999999999999E-5     0.14336551264861425
1.24E-5                   0.13894213423643928
1.2499999999999999E-5     0.13475827097115628
1.26E-5                   0.13057440894509134
1.2699999999999999E-5     0.12665753904865723
1.28E-5                   0.12275143157264913
1.29E-5                   0.1190267187824409
1.3E-5                    0.11539026633973953
1.31E-5                   0.11185324063888973
1.3199999999999999E-5     0.1084756216117441
1.33E-5                   0.10511737064552246
1.3399999999999999E-5     0.10194240167842371
1.35E-5                   0.09876743301976577
1.3599999999999999E-5     0.09581034969883202
1.37E-5                   0.09290537184837902
1.38E-5                   0.0900342141979039
1.3899999999999999E-5     0.0871975988503722
1.4E-5                    0.08446782036335966
1.4099999999999999E-5     0.08193654618503154
1.42E-5                   0.07949916491781267
1.4299999999999999E-5     0.07704665930018934
1.44E-5                   0.07466142053785278
1.45E-5                   0.0723742246964698
1.4599999999999999E-5     0.07017442227374283
1.47E-5                   0.0680158947579547
1.4799999999999999E-5     0.06594514444734002
1.49E-5                   0.06393476191937943
1.4999999999999999E-5     0.061982273478405917
1.51E-5                   0.06009748286967026
1.52E-5                   0.05826067916506583
1.53E-5                   0.056483438800746
1.5399999999999998E-5     0.05475966336081465
1.55E-5                   0.05309313735007927
1.56E-5                   0.05147566965506126
1.57E-5                   0.04990358996121432
1.5799999999999998E-5     0.04837791195697884
1.59E-5                   0.046901377978901836
1.6E-5                    0.04546814105058128
1.61E-5                   0.044106308023947265
1.62E-5                   0.042752177940701845
1.63E-5                   0.04144937132226388
1.64E-5                   0.04018974134488511
1.6499999999999998E-5     0.038946449374833006
1.66E-5                   0.037775814593792
1.67E-5                   0.03660517983948378
1.68E-5                   0.03550298865046375
1.69E-5                   0.03441541032997682
1.7E-5                    0.03337913208025504
1.71E-5                   0.0324019859161089
1.7199999999999998E-5     0.03142483976420116
1.73E-5                   0.030447693622804355
1.74E-5                   0.029470547490191158
1.75E-5                   0.02859302265303696
1.76E-5                   0.027749507501355263
1.77E-5                   0.02690599235992485
1.78E-5                   0.026062477227634304
1.7899999999999998E-5     0.025221990889955463
1.8E-5                    0.024492977600626256
1.81E-5                   0.023763964317536645
1.82E-5                   0.023034951039969682
1.8299999999999998E-5     0.022305937767208475
1.84E-5                   0.021607566272986694
1.85E-5                   0.020978230820822907
1.8599999999999998E-5     0.02034889537227188
1.87E-5                   0.019719559926871882
1.88E-5                   0.019090224484161256
1.89E-5                   0.01851120406487472
1.8999999999999998E-5     0.017967385381326476
1.91E-5                   0.017423566700538955
1.92E-5                   0.01687974802221467
1.9299999999999998E-5     0.016335929346056068
1.94E-5                   0.015882552201951377
1.95E-5                   0.015442770531081606
1.96E-5                   0.01500298886097032
1.9699999999999998E-5     0.014563207191459994
1.98E-5                   0.01412342552239307
1.99E-5                   0.013683643853612057
1.9999999999999998E-5     0.0132438621849594
2.01E-5                   0.012804080516277556
2.02E-5                   0.01236429884740902
2.03E-5                   0.011972896133835707
2.0399999999999998E-5     0.011645301862963232
2.05E-5                   0.011317707593409367
2.06E-5                   0.010990113325109074
2.07E-5                   0.010662519057997314
2.0799999999999997E-5     0.010334924792009035
2.09E-5                   0.010007330527079188
2.1E-5                    0.009679736263142748
2.1099999999999998E-5     0.009352142000134659
2.12E-5                   0.009024547737989873
2.13E-5                   0.00878004650000642
2.14E-5                   0.00853611870799968
2.1499999999999997E-5     0.008292190916133133
2.16E-5                   0.008048263124379862
2.17E-5                   0.007804335332712998
2.1799999999999998E-5     0.007560407541105623
2.19E-5                   0.007316479749530838
2.2E-5                    0.0070725519579617575
2.21E-5                   0.006828624166371479
2.2199999999999998E-5     0.006619203332046689
2.23E-5                   0.006437443665902131
2.24E-5                   0.006255683999866208
2.2499999999999998E-5     0.006073924333927812
2.26E-5                   0.005892164668075845
2.27E-5                   0.0057104050022992155
2.28E-5                   0.005528645336586827
2.2899999999999998E-5     0.005346885670927579
2.3E-5                    0.00516512600531037
2.31E-5                   0.004988803606973456
2.3199999999999998E-5     0.004853527713562664
2.33E-5                   0.004718251820236129
2.34E-5                   0.004582975926989266
2.35E-5                   0.004447700033817479
2.3599999999999998E-5     0.00431242414071617
2.37E-5                   0.0041771482476807426
2.38E-5                   0.004041872354706612
2.3899999999999998E-5     0.003906596461789178
2.4E-5                    0.0037713205689238432
2.41E-5                   0.003659416798413163
2.42E-5                   0.0035585681787029416
2.4299999999999998E-5     0.0034577195589561792
2.44E-5                   0.003356870939170977
2.45E-5                   0.003256022319345451
2.4599999999999998E-5     0.003155173699477704
2.4699999999999997E-5     0.003054325079565842
2.48E-5                   0.0029534764596079698
2.49E-5                   0.002852627839602201
2.4999999999999998E-5     0.0027579957562010897
2.51E-5                   0.0026829636881520263
2.52E-5                   0.002607931620137981
2.53E-5                   0.0025328995521581668
2.5399999999999997E-5     0.002457867484211799
2.55E-5                   0.0023828354162980904
2.56E-5                   0.0023078033484162605
2.5699999999999998E-5     0.002232771280565523
2.58E-5                   0.0021577392127450916
2.59E-5                   0.002082707144954184
2.6E-5                    0.0020280551111564182
2.6099999999999997E-5     0.0019784121065662755
2.62E-5                   0.0019287691019564015
2.63E-5                   0.0018791260973265746
2.6399999999999998E-5     0.001829483092676566
2.65E-5                   0.0017798400880061484
2.66E-5                   0.0017301970833150987
2.67E-5                   0.0016805540786031892
2.6799999999999998E-5     0.001630911073870194
2.69E-5                   0.0015812680691158845
2.7E-5                    0.0015316250643400392
2.7099999999999998E-5     0.0014819820595424289
2.7199999999999997E-5     0.0014323390547228284
2.73E-5                   0.0013826960498810096
2.74E-5                   0.0013330530450167495
2.7499999999999998E-5     0.0012834100401298203
2.76E-5                   0.0012337670352199947
2.77E-5                   0.0011841240302870495
2.7799999999999998E-5     0.0011344810253307567
2.7899999999999997E-5     0.001105671284812073
2.8E-5                    0.0010785134286902863
2.81E-5                   0.001051355572578222
2.8199999999999998E-5     0.0010241977164758423
2.83E-5                   9.970398603831093E-4
2.84E-5                   9.698820042999872E-4
2.8499999999999998E-5     9.427241482264386E-4
2.8599999999999997E-5     9.155662921624262E-4
2.87E-5                   8.884084361079118E-4
2.88E-5                   8.612505800628602E-4
2.8899999999999998E-5     8.340927240272338E-4
2.9E-5                    8.069348680009936E-4
2.91E-5                   7.797770119841052E-4
2.9199999999999998E-5     7.526191559765304E-4
2.9299999999999997E-5     7.254612999782317E-4
2.94E-5                   6.983034439891717E-4
2.95E-5                   6.711455880093145E-4
2.9599999999999998E-5     6.439877320386225E-4
2.97E-5                   6.174507788511635E-4
2.98E-5                   6.026222870722422E-4
2.99E-5                   5.877937952905254E-4
2.9999999999999997E-5     5.729653035060068E-4
3.01E-5                   5.581368117186803E-4
3.02E-5                   5.433083199285408E-4
3.0299999999999998E-5     5.284798281355814E-4
3.04E-5                   5.136513363397959E-4
3.05E-5                   4.988228445411792E-4
3.06E-5                   4.839943527397245E-4
3.07E-5                   4.6916586093542556E-4
3.0799999999999996E-5     4.5433736912827794E-4
3.09E-5                   4.3950887731827333E-4
3.1E-5                    4.246803855054068E-4
3.11E-5                   4.0985189368967324E-4
3.12E-5                   3.950234018710647E-4
3.13E-5                   3.801949100495762E-4
3.14E-5                   3.653664182252025E-4
3.15E-5                   3.505379263979358E-4
3.1599999999999996E-5     3.368758947975874E-4
3.17E-5                   3.287440802417247E-4
3.18E-5                   3.2061226568651366E-4
3.1899999999999996E-5     3.1248045113195397E-4
3.2E-5                    3.0434863657804345E-4
3.21E-5                   2.962168220247817E-4
3.22E-5                   2.880850074721684E-4
3.23E-5                   2.7995319292020135E-4
3.24E-5                   2.718213783688801E-4
3.25E-5                   2.6368956381820415E-4
3.26E-5                   2.5555774926817144E-4
3.2699999999999995E-5     2.474259347187821E-4
3.28E-5                   2.3929412017003406E-4
3.29E-5                   2.3116230562192678E-4
3.2999999999999996E-5     2.2303049107445997E-4
3.31E-5                   2.1489867652763143E-4
3.32E-5                   2.0676686198144075E-4
3.3299999999999996E-5     1.9863504743588742E-4
3.34E-5                   1.905032328909695E-4
3.35E-5                   1.8371475616858903E-4
3.36E-5                   1.8009063274972696E-4
3.37E-5                   1.7646650933081127E-4
3.38E-5                   1.7284238591184204E-4
3.39E-5                   1.6921826249281956E-4
3.4E-5                    1.6559413907374314E-4
3.4099999999999995E-5     1.619700156546133E-4
3.42E-5                   1.5834589223542931E-4
3.43E-5                   1.5472176881619145E-4
3.4399999999999996E-5     1.510976453968998E-4
3.45E-5                   1.4747352197755383E-4
3.46E-5                   1.4384939855815372E-4
3.4699999999999996E-5     1.4022527513869954E-4
3.48E-5                   1.3660115171919084E-4
3.49E-5                   1.3297702829962764E-4
3.5E-5                    1.2935290488001012E-4
3.51E-5                   1.257287814603378E-4
3.52E-5                   1.2210465804061077E-4
3.53E-5                   1.1848053462082914E-4
3.54E-5                   1.148564112009924E-4
3.5499999999999996E-5     1.1123228778110095E-4
3.56E-5                   1.0760816436115417E-4
3.57E-5                   1.0398404094115228E-4
3.5799999999999996E-5     1.0035991752109539E-4
3.59E-5                   9.673579410098294E-5
3.6E-5                    9.311167068081503E-5
3.6099999999999997E-5     8.948754726059192E-5
3.62E-5                   8.586342384031295E-5
3.63E-5                   8.22393004199783E-5
3.64E-5                   7.861517699958816E-5
3.65E-5                   7.499105357914188E-5
3.6599999999999995E-5     7.136693015863992E-5
3.67E-5                   6.77428067380817E-5
3.68E-5                   6.411868331746733E-5
3.6899999999999996E-5     6.049455989679703E-5
3.7E-5                    5.6870436476070174E-5
3.71E-5                   5.3246313055286946E-5
3.7199999999999996E-5     4.9622189634447495E-5
3.73E-5                   4.745906404901885E-5
3.74E-5                   4.65124248259837E-5
3.75E-5                   4.556578560294492E-5
3.76E-5                   4.4619146379902415E-5
3.77E-5                   4.367250715685623E-5
3.78E-5                   4.272586793380641E-5
3.79E-5                   4.1779228710752886E-5
3.7999999999999995E-5     4.083258948769572E-5
3.81E-5                   3.988595026463481E-5
3.82E-5                   3.8939311041570214E-5
3.8299999999999996E-5     3.7992671818502005E-5
3.84E-5                   3.704603259543004E-5
3.85E-5                   3.609939337235438E-5
3.8599999999999996E-5     3.5152754149275104E-5
3.87E-5                   3.420611492619207E-5
3.88E-5                   3.3259475703105326E-5
3.89E-5                   3.231283648001498E-5
3.9E-5                    3.136619725692086E-5
3.9099999999999995E-5     3.0419558033823104E-5
3.92E-5                   2.947291881072158E-5
3.93E-5                   2.8526279587616355E-5
3.9399999999999995E-5     2.7579640364507502E-5
3.95E-5                   2.6633001141394874E-5
3.96E-5                   2.568636191827854E-5
3.9699999999999996E-5     2.4739722695158564E-5
3.98E-5                   2.3793083472034813E-5
3.99E-5                   2.2846444248907356E-5
3.9999999999999996E-5     2.1899805025776243E-5
4.01E-5                   2.095316580264136E-5
4.02E-5                   2.0006526579502758E-5
4.03E-5                   1.90598873563605E-5
4.04E-5                   1.8113248133214467E-5
4.0499999999999995E-5     1.716660891006477E-5
4.06E-5                   1.621996968691129E-5
4.07E-5                   1.5273330463754086E-5
4.0799999999999996E-5     1.4326691240593222E-5
4.09E-5                   1.3380052017428571E-5
4.1E-5                    1.2433412794260189E-5
4.1099999999999996E-5     1.2048406002261068E-5
4.12E-5                   1.180972659184101E-5
4.13E-5                   1.1571047181424606E-5
4.14E-5                   1.1332367771011862E-5
4.15E-5                   1.1093688360602752E-5
4.1599999999999995E-5     1.0855008950197305E-5
4.17E-5                   1.0616329539795488E-5
4.18E-5                   1.037765012939732E-5
4.1899999999999995E-5     1.0138970719002818E-5
4.2E-5                    9.900291308611946E-6
4.21E-5                   9.661611898224724E-6
4.2199999999999996E-5     9.422932487841164E-6
4.23E-5                   9.184253077461237E-6
4.24E-5                   8.945573667084954E-6
4.2499999999999996E-5     8.70689425671234E-6
4.26E-5                   8.468214846343354E-6
4.27E-5                   8.22953543597802E-6
4.28E-5                   7.990856025616346E-6
4.29E-5                   7.752176615258305E-6
4.2999999999999995E-5     7.513497204903927E-6
4.31E-5                   7.2748177945531805E-6
4.32E-5                   7.036138384206084E-6
4.3299999999999995E-5     6.79745897386265E-6
4.34E-5                   6.558779563522847E-6
4.35E-5                   6.320100153186692E-6
4.3599999999999996E-5     6.0814207428542005E-6
4.37E-5                   5.8427413325253396E-6
4.38E-5                   5.604061922200127E-6
4.3899999999999996E-5     5.365382511878579E-6
4.4E-5                    5.12670310156066E-6
4.41E-5                   4.888023691246392E-6
4.42E-5                   4.6493442809357844E-6
4.43E-5                   4.410664870628807E-6
4.4399999999999995E-5     4.171985460325497E-6
4.45E-5                   3.9333060500258165E-6
4.46E-5                   3.6946266397297828E-6
4.4699999999999996E-5     3.4559472294374124E-6
4.48E-5                   3.225094575904939E-6
4.49E-5                   3.1774902782741657E-6
4.4999999999999996E-5     3.1298859806429584E-6
4.51E-5                   3.082281683011315E-6
4.52E-5                   3.034677385379235E-6
4.5299999999999997E-5     2.987073087746723E-6
4.54E-5                   2.9394687901137722E-6
4.5499999999999995E-5     2.89186449248039E-6
4.56E-5                   2.844260194846568E-6
4.57E-5                   2.796655897212312E-6
4.5799999999999995E-5     2.749051599577624E-6
4.59E-5                   2.7014473019424966E-6
4.6E-5                    2.653843004306934E-6
4.6099999999999996E-5     2.606238706670939E-6
4.62E-5                   2.558634409034506E-6
4.63E-5                   2.5110301113976377E-6
4.6399999999999996E-5     2.4634258137603378E-6
4.65E-5                   2.415821516122598E-6
4.66E-5                   2.368217218484424E-6
4.67E-5                   2.3206129208458176E-6
4.68E-5                   2.2730086232067723E-6
4.6899999999999995E-5     2.225404325567295E-6
4.7E-5                    2.1778000279273794E-6
4.71E-5                   2.1301957302870285E-6
4.7199999999999995E-5     2.0825914326462455E-6
4.73E-5                   2.0349871350050238E-6
4.74E-5                   1.987382837363367E-6
4.7499999999999996E-5     1.939778539721278E-6
4.76E-5                   1.8921742420787502E-6
4.77E-5                   1.8445699444357876E-6
4.7799999999999996E-5     1.7969656467923921E-6
4.79E-5                   1.7493613491485582E-6
4.8E-5                    1.7017570515042899E-6
4.81E-5                   1.6541527538595885E-6
4.82E-5                   1.6065484562144493E-6
4.8299999999999995E-5     1.5589441585688774E-6
4.84E-5                   1.5113398609228672E-6
4.85E-5                   1.4637355632764214E-6
4.8599999999999995E-5     1.4161312656295436E-6
4.87E-5                   1.3685269679822272E-6
4.88E-5                   1.3209226703344762E-6
4.8899999999999996E-5     1.273318372686292E-6
4.9E-5                    1.22571407503767E-6
4.91E-5                   1.1781097773886121E-6
4.9199999999999997E-5     1.1305054797391227E-6
4.93E-5                   1.0829011820891946E-6
4.9399999999999995E-5     1.0352968844388342E-6
4.95E-5                   9.876925867880353E-7
4.96E-5                   9.400882891368009E-7
4.9699999999999995E-5     8.924839914851345E-7
4.98E-5                   8.448796938330298E-7
4.99E-5                   7.972753961804895E-7
4.9999999999999996E-5     7.496710985275172E-7
5.01E-5                   7.020668008741062E-7
5.02E-5                   6.5446250322026E-7
5.0299999999999996E-5     6.068582055659816E-7
5.04E-5                   5.592539079112647E-7
5.05E-5                   5.116496102561123E-7
5.06E-5                   4.640453126005282E-7
5.07E-5                   4.1644101494450533E-7
5.0799999999999995E-5     3.688367172880503E-7
5.09E-5                   3.2123241963115666E-7
5.1E-5                    2.7362812197382775E-7
5.1099999999999995E-5     2.2602382431606665E-7
5.12E-5                   1.7841952665786718E-7
5.13E-5                   1.3081522899923215E-7
5.1399999999999996E-5     8.321093134016525E-8
5.15E-5                   3.5606633680659604E-8
5.16E-5                   -1.199766397928125E-8
5.1699999999999996E-5     -5.9601961639654325E-8
5.18E-5                   -1.0720625930046588E-7
5.1899999999999994E-5     -1.5481055696170956E-7
5.2E-5                    -2.0241485462339187E-7
5.21E-5                   -2.500191522855094E-7
5.2199999999999995E-5     -2.976234499480592E-7
5.23E-5                   -3.452277476110474E-7
5.24E-5                   -3.6443514624394535E-7
5.2499999999999995E-5     -3.590861053315141E-7
5.26E-5                   -3.537370644191305E-7
5.27E-5                   -3.48388023506795E-7
5.2799999999999996E-5     -3.4303898259450807E-7
5.29E-5                   -3.376899416822687E-7
5.3E-5                    -3.323409007700775E-7
5.3099999999999996E-5     -3.269918598579348E-7
5.32E-5                   -3.216428189458397E-7
5.3299999999999995E-5     -3.1629377803379315E-7
5.34E-5                   -3.109447371217941E-7
5.35E-5                   -3.055956962098434E-7
5.3599999999999995E-5     -3.0024665529794113E-7
5.37E-5                   -2.948976143860865E-7
5.38E-5                   -2.8954857347428E-7
5.3899999999999996E-5     -2.841995325625219E-7
5.4E-5                    -2.7885049165081154E-7
5.41E-5                   -2.7350145073914925E-7
5.4199999999999996E-5     -2.6815240982753545E-7
5.43E-5                   -2.6280336891596934E-7
5.4399999999999994E-5     -2.574543280044517E-7
5.4499999999999997E-5     -2.5210528709298177E-7
5.46E-5                   -2.4675624618156E-7
5.4699999999999995E-5     -2.414072052701866E-7
5.48E-5                   -2.3605816435886088E-7
5.49E-5                   -2.3070912344758333E-7
5.4999999999999995E-5     -2.253600825363542E-7
5.51E-5                   -2.2001104162517277E-7
5.52E-5                   -2.1466200071403948E-7
5.5299999999999996E-5     -2.0931295980295457E-7
5.54E-5                   -2.0396391889191741E-7
5.55E-5                   -1.9861487798092835E-7
5.5599999999999996E-5     -1.9326583706998776E-7
5.57E-5                   -1.879167961590949E-7
5.5799999999999994E-5     -1.8256775524825038E-7
5.59E-5                   -1.772187143374537E-7
5.6E-5                    -1.718696734267051E-7
5.6099999999999995E-5     -1.665206325160049E-7
5.62E-5                   -1.6117159160535243E-7
5.63E-5                   -1.5582255069474806E-7
5.6399999999999995E-5     -1.5047350978419215E-7
5.65E-5                   -1.4512446887368394E-7
5.66E-5                   -1.397754279632238E-7
5.6699999999999996E-5     -1.3442638705281218E-7
5.68E-5                   -1.290773461424482E-7
5.69E-5                   -1.2372830523213232E-7
5.6999999999999996E-5     -1.1837926432186492E-7
5.71E-5                   -1.1303022341164522E-7
5.7199999999999994E-5     -1.0768118250147395E-7
5.73E-5                   -1.0233214159135044E-7
5.74E-5                   -9.698310068127504E-8
5.7499999999999995E-5     -9.163405977124805E-8
5.76E-5                   -8.628501886126879E-8
5.77E-5                   -8.093597795133763E-8
5.7799999999999995E-5     -7.558693704145487E-8
5.79E-5                   -7.023789613161986E-8
5.8E-5                    -6.488885522183296E-8
5.8099999999999996E-5     -5.95398143120945E-8
5.82E-5                   -5.4190773402403756E-8
5.8299999999999994E-5     -4.884173249276146E-8
5.8399999999999997E-5     -4.349269158316689E-8
5.85E-5                   -3.814365067362041E-8
5.8599999999999995E-5     -3.279460976412237E-8
5.87E-5                   -2.7445568854672067E-8
5.88E-5                   -2.2096527945269837E-8
5.8899999999999995E-5     -1.6747487035916044E-8
5.9E-5                    -1.1398446126609992E-8
5.91E-5                   -6.049405217352029E-9
5.9199999999999996E-5     -7.003643081425027E-10
5.93E-5                   4.648676601019298E-9
5.94E-5                   9.997717510133011E-9
5.9499999999999996E-5     1.534675841919827E-8
5.96E-5                   2.0695799328215815E-8
5.9699999999999994E-5     2.6044840237184903E-8
5.98E-5                   3.1393881146106276E-8
5.99E-5                   3.6566234095072334E-8
5.9999999999999995E-5     3.631744917877706E-8
6.01E-5                   3.606866426247344E-8
6.02E-5                   3.58198793461615E-8
6.0299999999999995E-5     3.557109442984125E-8
6.04E-5                   3.532230951351266E-8
6.05E-5                   3.507352459717574E-8
6.0599999999999996E-5     3.482473968083051E-8
6.07E-5                   3.4575954764476944E-8
6.08E-5                   3.432716984811505E-8
6.0899999999999996E-5     3.407838493174485E-8
6.1E-5                    3.3829600015366307E-8
6.11E-5                   3.358081509897947E-8
6.12E-5                   3.333203018258427E-8
6.13E-5                   3.308324526618075E-8
6.14E-5                   3.2834460349768904E-8
6.149999999999999E-5      3.258567543334877E-8
6.159999999999999E-5      3.233689051692028E-8
6.17E-5                   3.208810560048346E-8
6.18E-5                   3.183932068403832E-8
6.19E-5                   3.1590535767584846E-8
6.2E-5                    3.134175085112305E-8
6.209999999999999E-5      3.1092965934652965E-8
6.22E-5                   3.0844181018174524E-8
6.23E-5                   3.0595396101687745E-8
6.24E-5                   3.034661118519267E-8
6.25E-5                   3.0097826268689234E-8
6.26E-5                   2.9849041352177494E-8
6.269999999999999E-5      2.960025643565746E-8
6.28E-5                   2.935147151912907E-8
6.29E-5                   2.9102686602592346E-8
6.3E-5                    2.885390168604731E-8
6.31E-5                   2.8605116769493934E-8
6.319999999999999E-5      2.8356331852932276E-8
6.33E-5                   2.8107546936362253E-8
6.34E-5                   2.785876201978391E-8
6.35E-5                   2.7609977103197236E-8
6.36E-5                   2.7361192186602246E-8
6.37E-5                   2.711240726999892E-8
6.379999999999999E-5      2.686362235338731E-8
6.39E-5                   2.6614837436767343E-8
6.4E-5                    2.6366052520139043E-8
6.41E-5                   2.6117267603502426E-8
6.42E-5                   2.5868482686857477E-8
6.429999999999999E-5      2.5619697770204236E-8
6.44E-5                   2.5370912853542648E-8
6.45E-5                   2.512212793687272E-8
6.46E-5                   2.487334302019448E-8
6.47E-5                   2.4624558103507908E-8
6.48E-5                   2.4375773186813007E-8
6.489999999999999E-5      2.412698827010982E-8
6.5E-5                    2.3878203353398275E-8
6.51E-5                   2.3629418436678403E-8
6.52E-5                   2.3380633519950207E-8
6.53E-5                   2.313184860321368E-8
6.539999999999999E-5      2.2883063686468866E-8
6.549999999999999E-5      2.2634278769715702E-8
6.56E-5                   2.2385493852954197E-8
6.57E-5                   2.2136708936184377E-8
6.58E-5                   2.1887924019406232E-8
6.59E-5                   2.1639139102619753E-8
6.599999999999999E-5      2.1390354185824995E-8
6.61E-5                   2.1141569269021873E-8
6.62E-5                   2.0892784352210426E-8
6.63E-5                   2.064399943539065E-8
6.64E-5                   2.0395214518562554E-8
6.65E-5                   2.014642960172613E-8
6.659999999999999E-5      1.9897644684881416E-8
6.67E-5                   1.964885976802834E-8
6.68E-5                   1.9400074851166943E-8
6.69E-5                   1.9151289934297216E-8
6.7E-5                    1.8902505017419168E-8
6.709999999999999E-5      1.8653720100532828E-8
6.72E-5                   1.8404935183638133E-8
6.73E-5                   1.8156150266735104E-8
6.74E-5                   1.7907365349823754E-8
6.75E-5                   1.7446326442233256E-8
6.76E-5                   1.6794679082041027E-8
6.769999999999999E-5      1.614303172184685E-8
6.78E-5                   1.5491384361650527E-8
6.79E-5                   1.483973700145215E-8
6.8E-5                    1.4188089641251735E-8
6.81E-5                   1.3536442281049266E-8
6.819999999999999E-5      1.2884794920844837E-8
6.829999999999999E-5      1.2233147560638272E-8
6.84E-5                   1.1581500200429664E-8
6.85E-5                   1.0929852840218999E-8
6.86E-5                   1.027820548000629E-8
6.87E-5                   9.62655811979153E-9
6.879999999999999E-5      8.974910759574812E-9
6.89E-5                   8.323263399355953E-9
6.9E-5                    7.671616039135052E-9
6.91E-5                   7.019968678912096E-9
6.92E-5                   6.368321318687099E-9
6.929999999999999E-5      5.7166739584601315E-9
6.939999999999999E-5      5.065026598231035E-9
6.95E-5                   4.413379237999887E-9
6.96E-5                   3.761731877766693E-9
6.97E-5                   3.110084517531447E-9
6.98E-5                   2.458437157294155E-9
6.989999999999999E-5      1.8067897970549041E-9
7.0E-5                    1.1551424368135135E-9
7.01E-5                   5.034950765700768E-10
7.02E-5                   -1.4815228367541229E-10
7.03E-5                   -7.997996439229434E-10
7.04E-5                   -1.4514470041725313E-9
7.049999999999999E-5      -2.1030943644240734E-9
7.06E-5                   -2.754741724677756E-9
7.07E-5                   -3.4063890849334833E-9
7.08E-5                   -4.058036445191265E-9
7.09E-5                   -4.7096838054510886E-9
7.099999999999999E-5      -5.361331165712878E-9
7.11E-5                   -6.0129785259767986E-9
7.12E-5                   -6.664625886242776E-9
7.13E-5                   -7.316273246510792E-9
7.14E-5                   -7.967920606780861E-9
7.15E-5                   -8.61956796705298E-9
7.159999999999999E-5      -9.271215327327061E-9
7.17E-5                   -9.922862687603272E-9
7.18E-5                   -1.0574510047881535E-8
7.19E-5                   -1.1226157408161849E-8
7.2E-5                    -1.1877804768444212E-8
7.209999999999999E-5      -1.2529452128728531E-8
7.219999999999999E-5      -1.3181099489014985E-8
7.23E-5                   -1.3832746849303492E-8
7.24E-5                   -1.448439420959405E-8
7.25E-5                   -1.513604156988665E-8
7.26E-5                   -1.5787688930181303E-8
7.269999999999999E-5      -1.6439336290477913E-8
7.28E-5                   -1.7090983650776663E-8
7.29E-5                   -1.774263101107746E-8
7.3E-5                    -1.8394278371380304E-8
7.31E-5                   -1.9045925731685198E-8
7.319999999999999E-5      -1.9697573091992055E-8
7.329999999999999E-5      -2.0349220452301052E-8
7.34E-5                   -2.1000867812612084E-8
7.35E-5                   -2.1652515172925174E-8
7.36E-5                   -2.2304162533240312E-8
7.37E-5                   -2.2955809893557498E-8
7.379999999999999E-5      -2.3607457253876647E-8
7.39E-5                   -2.4259104614197923E-8
7.4E-5                    -2.4910751974521256E-8
7.41E-5                   -2.5562399334846635E-8
7.42E-5                   -2.6214046695174065E-8
7.429999999999999E-5      -2.686569405550345E-8
7.439999999999999E-5      -2.751734141583498E-8
7.45E-5                   -2.816898877616855E-8
7.46E-5                   -2.882063613650417E-8
7.47E-5                   -2.9472283496841844E-8
7.48E-5                   -3.012393085718157E-8
7.489999999999999E-5      -3.077557821752325E-8
7.5E-5                    -3.139365348059007E-8
7.51E-5                   -3.0530702464338077E-8
7.52E-5                   -2.9667751448086476E-8
7.53E-5                   -2.880480043183527E-8
7.54E-5                   -2.794184941558445E-8
7.549999999999999E-5      -2.7078898399334154E-8
7.56E-5                   -2.621594738308412E-8
7.57E-5                   -2.5352996366834476E-8
7.58E-5                   -2.4490045350585234E-8
7.59E-5                   -2.362709433433637E-8
7.599999999999999E-5      -2.2764143318088027E-8
7.609999999999999E-5      -2.1901192301839946E-8
7.62E-5                   -2.1038241285592273E-8
7.63E-5                   -2.0175290269344976E-8
7.64E-5                   -1.9312339253098083E-8
7.65E-5                   -1.8449388236851575E-8
7.659999999999999E-5      -1.758643722060558E-8
7.67E-5                   -1.672348620435985E-8
7.68E-5                   -1.5860535188114523E-8
7.69E-5                   -1.4997584171869585E-8
7.7E-5                    -1.4134633155625038E-8
7.709999999999999E-5      -1.3271682139381001E-8
7.719999999999999E-5      -1.2408731123137232E-8
7.73E-5                   -1.1545780106893866E-8
7.74E-5                   -1.0682829090650881E-8
7.75E-5                   -9.819878074408296E-9
7.76E-5                   -8.956927058166095E-9
7.769999999999999E-5      -8.093976041924409E-9
7.78E-5                   -7.231025025682991E-9
7.79E-5                   -6.368074009441973E-9
7.8E-5                    -5.505122993201339E-9
7.81E-5                   -4.6421719769611056E-9
7.819999999999999E-5      -3.779220960721369E-9
7.829999999999999E-5      -2.916269944481919E-9
7.84E-5                   -2.053318928242851E-9
7.85E-5                   -1.1903679120041845E-9
7.86E-5                   -3.2741689576589926E-10
7.87E-5                   5.355341204719836E-10
7.879999999999999E-5      1.398485136709367E-9
7.89E-5                   2.261436152946469E-9
7.9E-5                    3.1243871691831792E-9
7.91E-5                   3.987338185419503E-9
7.92E-5                   4.850289201655433E-9
7.93E-5                   5.713240217890967E-9
7.939999999999999E-5      6.576191234125995E-9
7.95E-5                   7.439142250360752E-9
7.96E-5                   8.302093266595115E-9
7.97E-5                   9.165044282829084E-9
7.98E-5                   1.002799529906266E-8
7.989999999999999E-5      1.0890946315295727E-8
7.999999999999999E-5      1.1753897331528526E-8
8.01E-5                   1.2616848347760931E-8
8.02E-5                   1.3479799363992942E-8
8.03E-5                   1.434275038022456E-8
8.04E-5                   1.5205701396455787E-8
8.049999999999999E-5      1.6068652412686517E-8
8.06E-5                   1.693160342891696E-8
8.07E-5                   1.7794554445147E-8
8.08E-5                   1.865750546137667E-8
8.09E-5                   1.952045647760594E-8
8.099999999999999E-5      2.0383407493834702E-8
8.109999999999999E-5      2.1246358510063185E-8
8.12E-5                   2.210930952629128E-8
8.13E-5                   2.297226054251898E-8
8.14E-5                   2.3835211558746295E-8
8.15E-5                   2.4698162574973213E-8
8.159999999999999E-5      2.5561113591199622E-8
8.17E-5                   2.6424064607425756E-8
8.18E-5                   2.728701562365151E-8
8.19E-5                   2.8149966639876855E-8
8.2E-5                    2.9012917656101818E-8
8.209999999999999E-5      2.987586867232627E-8
8.219999999999999E-5      3.073881968855044E-8
8.23E-5                   3.160177070477423E-8
8.24E-5                   3.246472172099762E-8
8.25E-5                   3.3327672737220625E-8
8.26E-5                   3.341932557095887E-8
8.269999999999999E-5      3.2791749336673265E-8
8.28E-5                   3.216417310238761E-8
8.29E-5                   3.153659686810195E-8
8.3E-5                    3.090902063381631E-8
8.31E-5                   3.028144439953066E-8
8.319999999999999E-5      2.965386816524512E-8
8.329999999999999E-5      2.90262919309595E-8
8.34E-5                   2.839871569667388E-8
8.35E-5                   2.7771139462388284E-8
8.36E-5                   2.714356322810268E-8
8.37E-5                   2.6515986993817096E-8
8.379999999999999E-5      2.5888410759531593E-8
8.389999999999999E-5      2.5260834525246018E-8
8.4E-5                    2.4633258290960455E-8
8.41E-5                   2.4005682056674893E-8
8.42E-5                   2.3378105822389344E-8
8.43E-5                   2.2750529588103805E-8
8.439999999999999E-5      2.2122953353818358E-8
8.45E-5                   2.1495377119532832E-8
8.46E-5                   2.0867800885247323E-8
8.47E-5                   2.024022465096181E-8
8.48E-5                   1.9612648416676314E-8
8.489999999999999E-5      1.8985072182390904E-8
8.499999999999999E-5      1.835749594810542E-8
8.51E-5                   1.7729919713819945E-8
8.52E-5                   1.7102343479534485E-8
8.53E-5                   1.647476724524902E-8
8.54E-5                   1.584719101096357E-8
8.549999999999999E-5      1.521961477667821E-8
8.56E-5                   1.459203854239278E-8
8.57E-5                   1.3964462308107353E-8
8.58E-5                   1.3336886073821935E-8
8.59E-5                   1.2709309839536526E-8
8.599999999999999E-5      1.208173360525121E-8
8.609999999999999E-5      1.1454157370965818E-8
8.62E-5                   1.0826581136680435E-8
8.63E-5                   1.0199004902395058E-8
8.64E-5                   9.57142866810969E-9
8.65E-5                   8.943852433824325E-9
8.659999999999999E-5      8.316276199539069E-9
8.669999999999999E-5      7.688699965253715E-9
8.68E-5                   7.061123730968382E-9
8.69E-5                   6.4335474966830575E-9
8.7E-5                    5.8059712623977375E-9
8.709999999999999E-5      5.178395028112513E-9
8.719999999999999E-5      4.550818793827209E-9
8.73E-5                   3.923242559541916E-9
8.74E-5                   3.2956663252566304E-9
8.75E-5                   2.668090090971353E-9
8.76E-5                   2.0405138566860786E-9
8.769999999999999E-5      1.412937622400903E-9
8.779999999999999E-5      7.853613881156505E-10
8.79E-5                   1.577851538304062E-10
8.8E-5                    -4.697910804548297E-10
8.81E-5                   -1.0973673147400602E-9
8.82E-5                   -1.7249435490252799E-9
8.829999999999999E-5      -2.352519783310407E-9
8.84E-5                   -2.980096017595612E-9
8.85E-5                   -3.607672251880807E-9
8.86E-5                   -4.235248486165994E-9
8.87E-5                   -4.862824720451173E-9
8.879999999999999E-5      -5.490400954736258E-9
8.889999999999999E-5      -6.117977189021422E-9
8.9E-5                    -6.7455534233065735E-9
8.91E-5                   -7.373129657591721E-9
8.92E-5                   -8.000705891876857E-9
8.93E-5                   -8.628282126161992E-9
8.939999999999999E-5      -9.255858360447024E-9
8.95E-5                   -9.883434594732143E-9
8.96E-5                   -1.0511010829017247E-8
8.97E-5                   -1.1138587063302343E-8
8.98E-5                   -1.1766163297587432E-8
8.989999999999999E-5      -1.2393739531872428E-8
8.999999999999999E-5      -1.3021315766157501E-8
9.01E-5                   -1.3648892000442567E-8
9.02E-5                   -1.4276468234727625E-8
9.03E-5                   -1.490404446901267E-8
9.04E-5                   -1.5531620703297714E-8
9.049999999999999E-5      -1.6159196937582654E-8
9.059999999999999E-5      -1.678677317186768E-8
9.07E-5                   -1.7414349406152694E-8
9.08E-5                   -1.8041925640437703E-8
9.09E-5                   -1.86695018747227E-8
9.099999999999999E-5      -1.9297078109007607E-8
9.109999999999999E-5      -1.9924654343292587E-8
9.12E-5                   -2.0552230577577557E-8
9.13E-5                   -2.117980681186253E-8
9.14E-5                   -2.1807383046147488E-8
9.15E-5                   -2.2434959280432434E-8
9.159999999999999E-5      -2.306253551471729E-8
9.169999999999999E-5      -2.3690111749002226E-8
9.18E-5                   -2.4317687983287143E-8
9.19E-5                   -2.4945264217572063E-8
9.2E-5                    -2.5572840451856974E-8
9.21E-5                   -2.6200416686141874E-8
9.219999999999999E-5      -2.6827992920426682E-8
9.23E-5                   -2.7455569154711563E-8
9.24E-5                   -2.808314538899644E-8
9.25E-5                   -2.8710721623281305E-8
9.26E-5                   -2.8732551764091116E-8
9.269999999999999E-5      -2.818952876747255E-8
9.279999999999999E-5      -2.7646505770853868E-8
9.29E-5                   -2.7103482774235143E-8
9.3E-5                    -2.6560459777616382E-8
9.31E-5                   -2.6017436780997574E-8
9.32E-5                   -2.547441378437873E-8
9.329999999999999E-5      -2.4931390787759923E-8
9.34E-5                   -2.4388367791140996E-8
9.35E-5                   -2.384534479452203E-8
9.36E-5                   -2.330232179790302E-8
9.37E-5                   -2.275929880128397E-8
9.379999999999999E-5      -2.2216275804664958E-8
9.389999999999999E-5      -2.1673252808045823E-8
9.4E-5                    -2.1130229811426655E-8
9.41E-5                   -2.0587206814807437E-8
9.42E-5                   -2.004418381818818E-8
9.43E-5                   -1.950116082156889E-8
9.439999999999999E-5      -1.895813782494962E-8
9.449999999999999E-5      -1.8415114828330248E-8
9.46E-5                   -1.7872091831710828E-8
9.47E-5                   -1.732906883509138E-8
9.48E-5                   -1.6786045838471873E-8
9.489999999999999E-5      -1.6243022841852407E-8
9.499999999999999E-5      -1.5699999845232825E-8
9.51E-5                   -1.51569768486132E-8
9.52E-5                   -1.4613953851993537E-8
9.53E-5                   -1.4070930855373826E-8
9.54E-5                   -1.3527907858754084E-8
9.549999999999999E-5      -1.298488486213437E-8
9.559999999999999E-5      -1.244186186551454E-8
9.57E-5                   -1.1898838868894675E-8
9.58E-5                   -1.1355815872274765E-8
9.59E-5                   -1.0812792875654813E-8
9.6E-5                    -1.0269769879034824E-8
9.609999999999999E-5      -9.726746882414864E-9
9.62E-5                   -9.18372388579479E-9
9.63E-5                   -8.640700889174677E-9
9.64E-5                   -8.097677892554523E-9
9.65E-5                   -7.554654895934323E-9
9.659999999999999E-5      -7.011631899314163E-9
9.669999999999999E-5      -6.4686089026938776E-9
9.68E-5                   -5.925585906073561E-9
9.69E-5                   -5.382562909453201E-9
9.7E-5                    -4.8395399128328E-9
9.71E-5                   -4.296516916212359E-9
9.719999999999999E-5      -3.753493919591949E-9
9.73E-5                   -3.2104709229714246E-9
9.74E-5                   -2.6674479263508613E-9
9.75E-5                   -2.124424929730254E-9
9.76E-5                   -1.5814019331096054E-9
9.769999999999999E-5      -1.038378936488988E-9
9.779999999999999E-5      -4.953559398682604E-10
9.79E-5                   4.7667056752508145E-11
9.8E-5                    5.906900533733178E-10
9.81E-5                   1.133713049994171E-9
9.82E-5                   1.6767360466150646E-9
9.829999999999999E-5      2.2197590432359252E-9
9.839999999999999E-5      2.7627820398568984E-9
9.85E-5                   3.305805036477912E-9
9.86E-5                   3.84882803309897E-9
9.87E-5                   4.391851029720067E-9
9.879999999999999E-5      4.934874026341132E-9
9.889999999999999E-5      5.477897022962311E-9
9.9E-5                    6.020920019583532E-9
9.91E-5                   6.5639430162047926E-9
9.92E-5                   7.106966012826097E-9
9.93E-5                   7.649989009447442E-9
9.939999999999999E-5      8.193012006068751E-9
9.949999999999999E-5      8.736035002690177E-9
9.96E-5                   9.279057999311644E-9
9.97E-5                   9.822080995933151E-9
9.98E-5                   1.0365103992554702E-8
9.989999999999999E-5      1.0908126989176216E-8
9.999999999999999E-5      1.1451149985797844E-8
