% Model:              20230225_JW_4_35.mph
% Version:            COMSOL 5.6.0.401
% Date:               Feb 25 2023, 21:02
% Dimension:          1
% Nodes:              1001
% Expressions:        1
% Description:        点图
% X                       Height
0                         15.707471671900821
1.0E-7                    15.657661447437329
2.0E-7                    15.518225816652212
3.0E-7                    15.304826358808151
4.0E-7                    15.037985422747305
5.0E-7                    14.72241509736109
6.0E-7                    14.380346061772865
7.0E-7                    14.022812898878517
8.0E-7                    13.659048260638933
9.0E-7                    13.296644876717382
1.0E-6                    12.937183528463033
1.1E-6                    12.583872488226717
1.2E-6                    12.237596323041569
1.2999999999999998E-6     11.897869964280357
1.4E-6                    11.565223088240115
1.5E-6                    11.240191223004848
1.6E-6                    10.92195703817696
1.6999999999999998E-6     10.612084608656225
1.8E-6                    10.309061986833594
1.9E-6                    10.013307692125519
2.0E-6                    9.724862967711738
2.1E-6                    9.443593896567306
2.2E-6                    9.16943460748626
2.3E-6                    8.902493075877778
2.4E-6                    8.642271912896573
2.4999999999999998E-6     8.386807136753
2.5999999999999997E-6     8.141837389679845
2.7E-6                    7.904797066359141
2.8E-6                    7.669724404856122
2.8999999999999998E-6     7.444851718045672
3.0E-6                    7.224355862820965
3.1E-6                    7.008659345443619
3.2E-6                    6.800645873190234
3.2999999999999997E-6     6.598340471049474
3.3999999999999996E-6     6.401567166861214
3.5E-6                    6.210483771859143
3.6E-6                    6.024515469051278
3.6999999999999997E-6     5.843989932826262
3.8E-6                    5.668380930801675
3.9E-6                    5.498074097137546
4.0E-6                    5.332658753996742
4.1E-6                    5.1720243933798065
4.2E-6                    5.016058526314389
4.2999999999999995E-6     4.864664981081925
4.4E-6                    4.71800305461307
4.5E-6                    4.575475210431336
4.6E-6                    4.437208266574049
4.7E-6                    4.3032653309994755
4.8E-6                    4.172976463597211
4.9E-6                    4.046900945715362
4.9999999999999996E-6     3.925074207870848
5.0999999999999995E-6     3.8055922901246344
5.199999999999999E-6      3.690792114739242
5.3E-6                    3.579088925727202
5.4E-6                    3.4701154421260894
5.5E-6                    3.364960541810709
5.6E-6                    3.2631996841326423
5.7E-6                    3.1639069550508685
5.7999999999999995E-6     3.06756892340823
5.899999999999999E-6      2.974872537342656
6.0E-6                    2.8844123337351513
6.1E-6                    2.796174119023007
6.2E-6                    2.7117979761077753
6.3E-6                    2.6288208430302533
6.4E-6                    2.5492901638604586
6.5E-6                    2.471392546526093
6.5999999999999995E-6     2.396240361619226
6.699999999999999E-6      2.323380638231499
6.799999999999999E-6      2.252652358182299
6.9E-6                    2.1841293753784417
7.0E-6                    2.117621867221522
7.1E-6                    2.0531762125659623
7.2E-6                    1.9906541235905844
7.2999999999999996E-6     1.930038151281141
7.3999999999999995E-6     1.8712586731024554
7.499999999999999E-6      1.8143121524055978
7.6E-6                    1.7590705979903223
7.699999999999999E-6      1.7054697790740918
7.8E-6                    1.6534691549147822
7.899999999999999E-6      1.6031280371709746
8.0E-6                    1.5543000026847085
8.1E-6                    1.5070936852842933
8.2E-6                    1.461180291698525
8.3E-6                    1.4166342380130117
8.4E-6                    1.3734159588202943
8.5E-6                    1.3314862637605813
8.599999999999999E-6      1.2908117960825847
8.7E-6                    1.251536571589168
8.8E-6                    1.2134397592422421
8.9E-6                    1.1764823480001738
9.0E-6                    1.140623208893784
9.1E-6                    1.1058332257723564
9.2E-6                    1.0722481471765546
9.299999999999999E-6      1.039901619481032
9.4E-6                    1.0075575507729988
9.499999999999999E-6      0.9774218781308622
9.6E-6                    0.9472862362755132
9.7E-6                    0.9186207156854151
9.8E-6                    0.8905483095883316
9.9E-6                    0.8632884562381181
9.999999999999999E-6      0.8371325375300016
1.01E-5                   0.8112197664595386
1.0199999999999999E-5     0.7868593070730416
1.03E-5                   0.7624988649867566
1.0399999999999999E-5     0.739543579580284
1.05E-5                   0.7168424082895892
1.06E-5                   0.6950121851031811
1.07E-5                   0.6738710271922569
1.08E-5                   0.6531185543518064
1.0899999999999999E-5     0.6334183600280042
1.1E-5                    0.613718173151972
1.1099999999999999E-5     0.5953429806422867
1.12E-5                   0.576993215238748
1.13E-5                   0.5595144790143493
1.14E-5                   0.5424223112113464
1.15E-5                   0.5257992613345447
1.1599999999999999E-5     0.5098681142013252
1.17E-5                   0.4940648435488798
1.1799999999999999E-5     0.4792408819407914
1.19E-5                   0.46441692523755573
1.2E-5                    0.45041022643393047
1.21E-5                   0.4365745684416815
1.22E-5                   0.42326699991970074
1.2299999999999999E-5     0.4104122414992263
1.24E-5                   0.3977681856314764
1.2499999999999999E-5     0.3857568548342012
1.26E-5                   0.37374552381444187
1.2699999999999999E-5     0.3625520088884805
1.28E-5                   0.3513914619010088
1.29E-5                   0.3407415139485321
1.3E-5                    0.33034000291671434
1.31E-5                   0.3201973433985218
1.3199999999999999E-5     0.3104696931237534
1.33E-5                   0.30081521338001066
1.3399999999999999E-5     0.29185315263237255
1.35E-5                   0.282891092946171
1.3599999999999999E-5     0.274288267784126
1.37E-5                   0.2657713489755231
1.38E-5                   0.2575796940649687
1.3899999999999999E-5     0.2497033262975969
1.4E-5                    0.2422765544394315
1.4099999999999999E-5     0.23479492095193688
1.42E-5                   0.22749130971178608
1.4299999999999999E-5     0.2204947367465316
1.44E-5                   0.21375666721528988
1.45E-5                   0.20719835928697766
1.4599999999999999E-5     0.2008388404783381
1.47E-5                   0.1947431847733921
1.4799999999999999E-5     0.18878787612657433
1.49E-5                   0.18303251663936185
1.4999999999999999E-5     0.17744173578791522
1.51E-5                   0.17205544127546055
1.52E-5                   0.1667904205017097
1.53E-5                   0.1616903781730284
1.5399999999999998E-5     0.15677568987939508
1.55E-5                   0.15199747989588203
1.56E-5                   0.14736208338016238
1.57E-5                   0.14286619615932278
1.5799999999999998E-5     0.1385021897756225
1.59E-5                   0.13426422165018245
1.6E-5                    0.13017160725636573
1.61E-5                   0.1262712514597704
1.62E-5                   0.12239163623518813
1.63E-5                   0.11866110853300392
1.64E-5                   0.11505600292484183
1.6499999999999998E-5     0.11149759767985234
1.66E-5                   0.10814687509250218
1.67E-5                   0.10479615258771222
1.68E-5                   0.10163947993978661
1.69E-5                   0.09852423737699738
1.7E-5                    0.09555715215089775
1.71E-5                   0.09276084356655723
1.7199999999999998E-5     0.08996453501191919
1.73E-5                   0.08716822648164066
1.74E-5                   0.08437191797037885
1.75E-5                   0.0818591872133199
1.76E-5                   0.07944326697743494
1.77E-5                   0.07702734676095634
1.78E-5                   0.07461142656045272
1.7899999999999998E-5     0.07220422893055362
1.8E-5                    0.07011806089073493
1.81E-5                   0.06803189286533186
1.82E-5                   0.06594572485212592
1.8299999999999998E-5     0.06385955684889866
1.84E-5                   0.06186065492298495
1.85E-5                   0.06005836380234259
1.8599999999999998E-5     0.05825607268911023
1.87E-5                   0.0564537815818623
1.88E-5                   0.05465149047917343
1.89E-5                   0.05299380527296425
1.8999999999999998E-5     0.051437290218219946
1.91E-5                   0.0498807751689999
1.92E-5                   0.04832426012438336
1.9299999999999998E-5     0.046767745083449386
1.94E-5                   0.04546976445088732
1.95E-5                   0.04421064757335969
1.96E-5                   0.042951530696755384
1.9699999999999998E-5     0.04169241382058793
1.98E-5                   0.040433296944370804
1.99E-5                   0.03917418006761762
1.9999999999999998E-5     0.03791506318984188
2.01E-5                   0.03665594631055704
2.02E-5                   0.03539682942927671
2.03E-5                   0.03427628377554908
2.0399999999999998E-5     0.033338503835882966
2.05E-5                   0.03240072390004447
2.06E-5                   0.03146294396783242
2.07E-5                   0.030525164039045476
2.0799999999999997E-5     0.02958738411348238
2.09E-5                   0.028649604190941844
2.1E-5                    0.02771182427122264
2.1099999999999998E-5     0.02677404435412348
2.12E-5                   0.025836264439443053
2.13E-5                   0.025136191931790577
2.14E-5                   0.02443775990267639
2.1499999999999997E-5     0.023739327873553852
2.16E-5                   0.023040895844339916
2.17E-5                   0.02234246381495156
2.1799999999999998E-5     0.021644031785305714
2.19E-5                   0.020945599755319292
2.2E-5                    0.020247167724909296
2.21E-5                   0.01954873569399264
2.2199999999999998E-5     0.018949227708200973
2.23E-5                   0.018429018358911534
2.24E-5                   0.017908809010032625
2.2499999999999998E-5     0.01738859966152987
2.26E-5                   0.016868390313368935
2.27E-5                   0.01634818096551551
2.28E-5                   0.015827971617935255
2.2899999999999998E-5     0.015307762270593828
2.3E-5                    0.01478755292345689
2.31E-5                   0.014282874877866336
2.3199999999999998E-5     0.013895444267243793
2.33E-5                   0.013508013656723326
2.34E-5                   0.013120583046290782
2.35E-5                   0.012733152435931953
2.3599999999999998E-5     0.012345721825632656
2.37E-5                   0.011958291215378695
2.38E-5                   0.011570860605155896
2.3899999999999998E-5     0.011183429994950074
2.4E-5                    0.010795999384747018
2.41E-5                   0.01047568220844135
2.42E-5                   0.010187110079639808
2.4299999999999998E-5     0.009898537950777322
2.44E-5                   0.009609965821848022
2.45E-5                   0.009321393692846076
2.4599999999999998E-5     0.009032821563765616
2.4699999999999997E-5     0.008744249434600776
2.48E-5                   0.008455677305345695
2.49E-5                   0.008167105175994532
2.4999999999999998E-5     0.007896270454616975
2.51E-5                   0.007681359713078414
2.52E-5                   0.007466448971601122
2.53E-5                   0.007251538230182672
2.5399999999999997E-5     0.0070366274888206395
2.55E-5                   0.0068217167475126015
2.56E-5                   0.006606806006256147
2.5699999999999998E-5     0.00639189526504885
2.58E-5                   0.0061769845238882825
2.59E-5                   0.005962073782772038
2.6E-5                    0.005805605421680981
2.6099999999999997E-5     0.005663501098875661
2.62E-5                   0.005521396776008894
2.63E-5                   0.005379292453079994
2.6399999999999998E-5     0.005237188130088252
2.65E-5                   0.005095083807032964
2.66E-5                   0.00495297948391344
2.67E-5                   0.004810875160728975
2.6799999999999998E-5     0.0046687708374788675
2.69E-5                   0.004526666514162415
2.7E-5                    0.004384562190778925
2.7099999999999998E-5     0.004242457867327692
2.7199999999999997E-5     0.004100353543808016
2.73E-5                   0.003958249220219192
2.74E-5                   0.0038161448965605307
2.7499999999999998E-5     0.0036740405728313257
2.76E-5                   0.003531936249030872
2.77E-5                   0.0033898319251584796
2.7799999999999998E-5     0.003247727601213443
2.7899999999999997E-5     0.0031652706734728183
2.8E-5                    0.0030875432303257237
2.81E-5                   0.0030098157872104356
2.8199999999999998E-5     0.002932088344126836
2.83E-5                   0.00285436090107481
2.84E-5                   0.002776633458054247
2.8499999999999998E-5     0.0026989060150650304
2.8599999999999997E-5     0.0026211785721070462
2.87E-5                   0.002543451129180178
2.88E-5                   0.002465723686284316
2.8899999999999998E-5     0.0023879962434193436
2.9E-5                    0.0023102688005851445
2.91E-5                   0.0022325413577816084
2.9199999999999998E-5     0.00215481391500862
2.9299999999999997E-5     0.002077086472266063
2.94E-5                   0.001999359029553822
2.95E-5                   0.0019216315868717886
2.9599999999999998E-5     0.0018439041442198443
2.97E-5                   0.00176795159311709
2.98E-5                   0.0017254684509524047
2.99E-5                   0.001682985308776999
2.9999999999999997E-5     0.0016405021665908545
3.01E-5                   0.0015980190243939508
3.02E-5                   0.0015555358821862716
3.0299999999999998E-5     0.001513052739967797
3.04E-5                   0.0014705695977385066
3.05E-5                   0.0014280864554983852
3.06E-5                   0.0013856033132474115
3.07E-5                   0.0013431201709855661
3.0799999999999996E-5     0.0013006370287128343
3.09E-5                   0.0012581538864291917
3.1E-5                    0.001215670744134622
3.11E-5                   0.0011731876018291096
3.12E-5                   0.0011307044595126297
3.13E-5                   0.0010882213171851667
3.14E-5                   0.0010457381748467042
3.15E-5                   0.0010032550324972187
3.1599999999999996E-5     9.641220240004471E-4
3.17E-5                   9.408720837135896E-4
3.18E-5                   9.176221434300573E-4
3.1899999999999996E-5     8.943722031498496E-4
3.2E-5                    8.711222628729599E-4
3.21E-5                   8.478723225993866E-4
3.22E-5                   8.246223823291289E-4
3.23E-5                   8.013724420621797E-4
3.24E-5                   7.781225017985382E-4
3.25E-5                   7.548725615382026E-4
3.26E-5                   7.316226212811668E-4
3.2699999999999995E-5     7.08372681027431E-4
3.28E-5                   6.851227407769889E-4
3.29E-5                   6.618728005298391E-4
3.2999999999999996E-5     6.386228602859801E-4
3.31E-5                   6.153729200454057E-4
3.32E-5                   5.921229798081144E-4
3.3299999999999996E-5     5.688730395741046E-4
3.34E-5                   5.456230993433705E-4
3.35E-5                   5.262068277039226E-4
3.36E-5                   5.15821107920966E-4
3.37E-5                   5.054353881375327E-4
3.38E-5                   4.950496683536233E-4
3.39E-5                   4.8466394856923805E-4
3.4E-5                    4.742782287843758E-4
3.4099999999999995E-5     4.6389250899903713E-4
3.42E-5                   4.5350678921322055E-4
3.43E-5                   4.4312106942692644E-4
3.4399999999999996E-5     4.327353496401554E-4
3.45E-5                   4.223496298529054E-4
3.46E-5                   4.1196391006517724E-4
3.4699999999999996E-5     4.015781902769713E-4
3.48E-5                   3.911924704882856E-4
3.49E-5                   3.808067506991209E-4
3.5E-5                    3.704210309094774E-4
3.51E-5                   3.6003531111935356E-4
3.52E-5                   3.496495913287497E-4
3.53E-5                   3.3926387153766633E-4
3.54E-5                   3.2887815174610175E-4
3.5499999999999996E-5     3.184924319540572E-4
3.56E-5                   3.0810671216153075E-4
3.57E-5                   2.9772099236852304E-4
3.5799999999999996E-5     2.873352725750344E-4
3.59E-5                   2.7694955278106313E-4
3.6E-5                    2.6656383298660974E-4
3.6099999999999997E-5     2.5617811319167476E-4
3.62E-5                   2.4579239339625616E-4
3.63E-5                   2.354066736003547E-4
3.64E-5                   2.2502095380397063E-4
3.65E-5                   2.146352340071024E-4
3.6599999999999995E-5     2.0424951420975105E-4
3.67E-5                   1.9386379441191487E-4
3.68E-5                   1.8347807461359438E-4
3.6899999999999996E-5     1.7309235481478992E-4
3.7E-5                    1.627066350154999E-4
3.71E-5                   1.5232091521572472E-4
3.7199999999999996E-5     1.4193519541546475E-4
3.73E-5                   1.3574020458224047E-4
3.74E-5                   1.330345855425194E-4
3.75E-5                   1.3032896650285827E-4
3.76E-5                   1.2762334746325676E-4
3.77E-5                   1.2491772842371506E-4
3.78E-5                   1.222121093842333E-4
3.79E-5                   1.1950649034481116E-4
3.7999999999999995E-5     1.1680087130544894E-4
3.81E-5                   1.1409525226614635E-4
3.82E-5                   1.1138963322690354E-4
3.8299999999999996E-5     1.0868401418772065E-4
3.84E-5                   1.0597839514859735E-4
3.85E-5                   1.0327277610953384E-4
3.8599999999999996E-5     1.0056715707053021E-4
3.87E-5                   9.786153803158615E-5
3.88E-5                   9.515591899270185E-5
3.89E-5                   9.245029995387745E-5
3.9E-5                    8.974468091511261E-5
3.9099999999999995E-5     8.703906187640766E-5
3.92E-5                   8.433344283776228E-5
3.93E-5                   8.162782379917659E-5
3.9399999999999995E-5     7.892220476065082E-5
3.95E-5                   7.621658572218456E-5
3.96E-5                   7.351096668377797E-5
3.9699999999999996E-5     7.080534764543133E-5
3.98E-5                   6.809972860714415E-5
3.99E-5                   6.539410956891667E-5
3.9999999999999996E-5     6.268849053074906E-5
4.01E-5                   5.998287149264093E-5
4.02E-5                   5.727725245459248E-5
4.03E-5                   5.4571633416603887E-5
4.04E-5                   5.186601437867477E-5
4.0499999999999995E-5     4.916039534080549E-5
4.06E-5                   4.645477630299571E-5
4.07E-5                   4.374915726524554E-5
4.0799999999999996E-5     4.104353822755523E-5
4.09E-5                   3.833791918992436E-5
4.1E-5                    3.563230015235312E-5
4.1099999999999996E-5     3.453063396995632E-5
4.12E-5                   3.384686071616372E-5
4.13E-5                   3.316308746236702E-5
4.14E-5                   3.247931420856627E-5
4.15E-5                   3.179554095476138E-5
4.1599999999999995E-5     3.1111767700952445E-5
4.17E-5                   3.0427994447139373E-5
4.18E-5                   2.974422119332219E-5
4.1899999999999995E-5     2.9060447939500975E-5
4.2E-5                    2.8376674685675605E-5
4.21E-5                   2.7692901431846148E-5
4.2199999999999996E-5     2.7009128178012636E-5
4.23E-5                   2.6325354924174983E-5
4.24E-5                   2.5641581670333238E-5
4.2499999999999996E-5     2.495780841648744E-5
4.26E-5                   2.4274035162637503E-5
4.27E-5                   2.3590261908783472E-5
4.28E-5                   2.290648865492539E-5
4.29E-5                   2.2222715401063163E-5
4.2999999999999995E-5     2.1538942147196884E-5
4.31E-5                   2.0855168893326465E-5
4.32E-5                   2.017139563945195E-5
4.3299999999999995E-5     1.9487622385573385E-5
4.34E-5                   1.8803849131690677E-5
4.35E-5                   1.8120075877803877E-5
4.3599999999999996E-5     1.743630262391302E-5
4.37E-5                   1.675252937001802E-5
4.38E-5                   1.6068756116118928E-5
4.3899999999999996E-5     1.5384982862215786E-5
4.4E-5                    1.4701209608308495E-5
4.41E-5                   1.4017436354397112E-5
4.42E-5                   1.3333663100481675E-5
4.43E-5                   1.2649889846562094E-5
4.4399999999999995E-5     1.1966116592638463E-5
4.45E-5                   1.1282343338710691E-5
4.46E-5                   1.059857008477882E-5
4.4699999999999996E-5     9.914796830842898E-6
4.48E-5                   9.253391103618978E-6
4.49E-5                   9.115677708214373E-6
4.4999999999999996E-5     8.977964312809636E-6
4.51E-5                   8.840250917404745E-6
4.52E-5                   8.702537521999713E-6
4.5299999999999997E-5     8.564824126594544E-6
4.54E-5                   8.427110731189225E-6
4.5499999999999995E-5     8.289397335783775E-6
4.56E-5                   8.151683940378165E-6
4.57E-5                   8.013970544972417E-6
4.5799999999999995E-5     7.876257149566534E-6
4.59E-5                   7.7385437541605E-6
4.6E-5                    7.600830358754321E-6
4.6099999999999996E-5     7.463116963348011E-6
4.62E-5                   7.3254035679415475E-6
4.63E-5                   7.18769017253494E-6
4.6399999999999996E-5     7.049976777128198E-6
4.65E-5                   6.912263381721305E-6
4.66E-5                   6.774549986314269E-6
4.67E-5                   6.636836590907098E-6
4.68E-5                   6.499123195499777E-6
4.6899999999999995E-5     6.3614098000923196E-6
4.7E-5                    6.223696404684711E-6
4.71E-5                   6.085983009276959E-6
4.7199999999999995E-5     5.948269613869074E-6
4.73E-5                   5.810556218461036E-6
4.74E-5                   5.672842823052856E-6
4.7499999999999996E-5     5.5351294276445394E-6
4.76E-5                   5.397416032236073E-6
4.77E-5                   5.259702636827463E-6
4.7799999999999996E-5     5.121989241418719E-6
4.79E-5                   4.984275846009822E-6
4.8E-5                    4.846562450600783E-6
4.81E-5                   4.7088490551916085E-6
4.82E-5                   4.571135659782284E-6
4.8299999999999995E-5     4.433422264372825E-6
4.84E-5                   4.295708868963213E-6
4.85E-5                   4.157995473553458E-6
4.8599999999999995E-5     4.0202820781435686E-6
4.87E-5                   3.8825686827335276E-6
4.88E-5                   3.7448552873233434E-6
4.8899999999999996E-5     3.607141891913026E-6
4.9E-5                    3.4694284965025546E-6
4.91E-5                   3.3317151010919415E-6
4.9199999999999997E-5     3.194001705681195E-6
4.93E-5                   3.0562883102702954E-6
4.9399999999999995E-5     2.918574914859261E-6
4.95E-5                   2.7808615194480747E-6
4.96E-5                   2.6431481240367466E-6
4.9699999999999995E-5     2.5054347286252835E-6
4.98E-5                   2.3677213332136687E-6
4.99E-5                   2.23000793780191E-6
4.9999999999999996E-5     2.092294542390018E-6
5.01E-5                   1.954581146977974E-6
5.02E-5                   1.8168677515657864E-6
5.0299999999999996E-5     1.6791543561534646E-6
5.04E-5                   1.5414409607409909E-6
5.05E-5                   1.403727565328374E-6
5.06E-5                   1.2660141699156236E-6
5.07E-5                   1.1283007745027205E-6
5.0799999999999995E-5     9.905873790896838E-7
5.09E-5                   8.528739836764942E-7
5.1E-5                    7.151605882631618E-7
5.1099999999999995E-5     5.774471928496957E-7
5.12E-5                   4.3973379743607685E-7
5.13E-5                   3.0202040202231517E-7
5.1399999999999996E-5     1.6430700660841997E-7
5.15E-5                   2.659361119437179E-8
5.16E-5                   -1.1111978421981924E-7
5.1699999999999996E-5     -2.4883317963414406E-7
5.18E-5                   -3.865465750486214E-7
5.1899999999999994E-5     -5.242599704632324E-7
5.2E-5                    -6.619733658779958E-7
5.21E-5                   -7.996867612929024E-7
5.2199999999999995E-5     -9.374001567079429E-7
5.23E-5                   -1.0751135521231356E-6
5.24E-5                   -1.1292962996423673E-6
5.2499999999999995E-5     -1.1112452689928147E-6
5.26E-5                   -1.093194238343309E-6
5.27E-5                   -1.075143207693853E-6
5.2799999999999996E-5     -1.0570921770444458E-6
5.29E-5                   -1.0390411463950868E-6
5.3E-5                    -1.0209901157457766E-6
5.3099999999999996E-5     -1.002939085096516E-6
5.32E-5                   -9.848880544473028E-7
5.3299999999999995E-5     -9.668370237981402E-7
5.34E-5                   -9.487859931490242E-7
5.35E-5                   -9.307349624999574E-7
5.3599999999999995E-5     -9.126839318509406E-7
5.37E-5                   -8.946329012019712E-7
5.38E-5                   -8.765818705530508E-7
5.3899999999999996E-5     -8.5853083990418E-7
5.4E-5                    -8.404798092553569E-7
5.41E-5                   -8.224287786065823E-7
5.4199999999999996E-5     -8.043777479578577E-7
5.43E-5                   -7.863267173091807E-7
5.4399999999999994E-5     -7.682756866605537E-7
5.4499999999999997E-5     -7.502246560119741E-7
5.46E-5                   -7.321736253634433E-7
5.4699999999999995E-5     -7.141225947149622E-7
5.48E-5                   -6.960715640665288E-7
5.49E-5                   -6.780205334181441E-7
5.4999999999999995E-5     -6.599695027698094E-7
5.51E-5                   -6.419184721215222E-7
5.52E-5                   -6.238674414732838E-7
5.5299999999999996E-5     -6.058164108250949E-7
5.54E-5                   -5.877653801769541E-7
5.55E-5                   -5.697143495288615E-7
5.5599999999999996E-5     -5.516633188808193E-7
5.57E-5                   -5.336122882328243E-7
5.5799999999999994E-5     -5.155612575848795E-7
5.59E-5                   -4.975102269369821E-7
5.6E-5                    -4.794591962891332E-7
5.6099999999999995E-5     -4.614081656413345E-7
5.62E-5                   -4.433571349935832E-7
5.63E-5                   -4.2530610434588065E-7
5.6399999999999995E-5     -4.072550736982281E-7
5.65E-5                   -3.8920404305062294E-7
5.66E-5                   -3.7115301240306656E-7
5.6699999999999996E-5     -3.5310198175556016E-7
5.68E-5                   -3.3505095110810113E-7
5.69E-5                   -3.1699992046069097E-7
5.6999999999999996E-5     -2.989488898133307E-7
5.71E-5                   -2.8089785916601787E-7
5.7199999999999994E-5     -2.6284682851875504E-7
5.73E-5                   -2.447957978715397E-7
5.74E-5                   -2.2674476722437316E-7
5.7499999999999995E-5     -2.0869373657725652E-7
5.76E-5                   -1.9064270593018737E-7
5.77E-5                   -1.7259167528316698E-7
5.7799999999999995E-5     -1.5454064463619648E-7
5.79E-5                   -1.3648961398927347E-7
5.8E-5                    -1.1843858334239924E-7
5.8099999999999996E-5     -1.0038755269557493E-7
5.82E-5                   -8.233652204879817E-8
5.8299999999999994E-5     -6.428549140207126E-8
5.8399999999999997E-5     -4.623446075539192E-8
5.85E-5                   -2.818343010876125E-8
5.8599999999999995E-5     -1.0132399462180594E-8
5.87E-5                   7.918631184352558E-9
5.88E-5                   2.5969661830837047E-8
5.8899999999999995E-5     4.4020692477271595E-8
5.9E-5                    6.207172312365858E-8
5.91E-5                   8.012275376999688E-8
5.9199999999999996E-5     9.817378441628525E-8
5.93E-5                   1.1622481506252611E-7
5.94E-5                   1.342758457087182E-7
5.9499999999999996E-5     1.523268763548604E-7
5.96E-5                   1.7037790700095505E-7
5.9699999999999994E-5     1.8842893764699977E-7
5.98E-5                   2.06479968292997E-7
5.99E-5                   2.2383524601851533E-7
5.9999999999999995E-5     2.1984344098990806E-7
6.01E-5                   2.158516359612781E-7
6.02E-5                   2.1185983093262564E-7
6.0299999999999995E-5     2.0786802590395105E-7
6.04E-5                   2.0387622087525375E-7
6.05E-5                   1.9988441584653398E-7
6.0599999999999996E-5     1.9589261081779205E-7
6.07E-5                   1.9190080578902744E-7
6.08E-5                   1.8790900076024036E-7
6.0899999999999996E-5     1.8391719573143115E-7
6.1E-5                    1.799253907025992E-7
6.11E-5                   1.7593358567374498E-7
6.12E-5                   1.719417806448682E-7
6.13E-5                   1.6794997561596893E-7
6.14E-5                   1.6395817058704717E-7
6.149999999999999E-5      1.5996636555810354E-7
6.159999999999999E-5      1.5597456052913691E-7
6.17E-5                   1.5198275550014787E-7
6.18E-5                   1.479909504711364E-7
6.19E-5                   1.4399914544210246E-7
6.2E-5                    1.4000734041304607E-7
6.209999999999999E-5      1.3601553538396776E-7
6.22E-5                   1.320237303548665E-7
6.23E-5                   1.280319253257428E-7
6.24E-5                   1.2404012029659672E-7
6.25E-5                   1.2004831526742807E-7
6.26E-5                   1.1605651023823706E-7
6.269999999999999E-5      1.1206470520902413E-7
6.28E-5                   1.080729001797882E-7
6.29E-5                   1.040810951505299E-7
6.3E-5                    1.0008929012124907E-7
6.31E-5                   9.609748509194583E-8
6.319999999999999E-5      9.210568006262069E-8
6.33E-5                   8.811387503327257E-8
6.34E-5                   8.412207000390198E-8
6.35E-5                   8.013026497450903E-8
6.36E-5                   7.613845994509356E-8
6.37E-5                   7.214665491565566E-8
6.379999999999999E-5      6.81548498861959E-8
6.39E-5                   6.416304485671308E-8
6.4E-5                    6.017123982720789E-8
6.41E-5                   5.617943479768024E-8
6.42E-5                   5.2187629768130155E-8
6.429999999999999E-5      4.819582473855815E-8
6.44E-5                   4.420401970896319E-8
6.45E-5                   4.021221467934575E-8
6.46E-5                   3.6220409649705886E-8
6.47E-5                   3.2228604620043566E-8
6.48E-5                   2.8236799590358825E-8
6.489999999999999E-5      2.4244994560652184E-8
6.5E-5                    2.025318953092255E-8
6.51E-5                   1.6261384501170465E-8
6.52E-5                   1.2269579471395964E-8
6.53E-5                   8.277774441599015E-9
6.539999999999999E-5      4.285969411780148E-9
6.549999999999999E-5      2.9416438193833255E-10
6.56E-5                   -3.697640647925971E-9
6.57E-5                   -7.689445677812698E-9
6.58E-5                   -1.1681250707721851E-8
6.59E-5                   -1.5673055737653467E-8
6.599999999999999E-5      -1.966486076760696E-8
6.61E-5                   -2.3656665797583465E-8
6.62E-5                   -2.764847082758239E-8
6.63E-5                   -3.164027585760376E-8
6.64E-5                   -3.5632080887647565E-8
6.65E-5                   -3.9623885917713834E-8
6.659999999999999E-5      -4.3615690947802E-8
6.67E-5                   -4.7607495977913136E-8
6.68E-5                   -5.159930100804673E-8
6.69E-5                   -5.559110603820275E-8
6.7E-5                    -5.95829110683812E-8
6.709999999999999E-5      -6.357471609858159E-8
6.72E-5                   -6.756652112880493E-8
6.73E-5                   -7.155832615905071E-8
6.74E-5                   -7.555013118931895E-8
6.75E-5                   -7.666423798591618E-8
6.76E-5                   -7.519411253495202E-8
6.769999999999999E-5      -7.372398708400404E-8
6.78E-5                   -7.225386163307174E-8
6.79E-5                   -7.078373618215539E-8
6.8E-5                    -6.931361073125493E-8
6.81E-5                   -6.78434852803704E-8
6.819999999999999E-5      -6.637335982950199E-8
6.829999999999999E-5      -6.49032343786493E-8
6.84E-5                   -6.343310892781251E-8
6.85E-5                   -6.196298347699165E-8
6.86E-5                   -6.049285802618671E-8
6.87E-5                   -5.902273257539769E-8
6.879999999999999E-5      -5.7552607124624775E-8
6.89E-5                   -5.608248167386759E-8
6.9E-5                    -5.461235622312632E-8
6.91E-5                   -5.314223077240098E-8
6.92E-5                   -5.1672105321691544E-8
6.929999999999999E-5      -5.020197987099823E-8
6.939999999999999E-5      -4.873185442032064E-8
6.95E-5                   -4.726172896965896E-8
6.96E-5                   -4.579160351901322E-8
6.97E-5                   -4.432147806838337E-8
6.98E-5                   -4.285135261776945E-8
6.989999999999999E-5      -4.1381227167171655E-8
7.0E-5                    -3.9911101716589564E-8
7.01E-5                   -3.84409762660234E-8
7.02E-5                   -3.6970850815473154E-8
7.03E-5                   -3.550072536493883E-8
7.04E-5                   -3.403059991442042E-8
7.049999999999999E-5      -3.2560474463918126E-8
7.06E-5                   -3.109034901343156E-8
7.07E-5                   -2.9620223562960905E-8
7.08E-5                   -2.815009811250617E-8
7.09E-5                   -2.667997266206735E-8
7.099999999999999E-5      -2.5209847211644648E-8
7.11E-5                   -2.373972176123767E-8
7.12E-5                   -2.2269596310846603E-8
7.13E-5                   -2.0799470860471467E-8
7.14E-5                   -1.932934541011224E-8
7.15E-5                   -1.7859219959768935E-8
7.159999999999999E-5      -1.638909450944174E-8
7.17E-5                   -1.4918969059130274E-8
7.18E-5                   -1.3448843608834726E-8
7.19E-5                   -1.197871815855509E-8
7.2E-5                    -1.0508592708291371E-8
7.209999999999999E-5      -9.038467258043774E-9
7.219999999999999E-5      -7.568341807811899E-9
7.23E-5                   -6.098216357595937E-9
7.24E-5                   -4.628090907395894E-9
7.25E-5                   -3.1579654572117744E-9
7.26E-5                   -1.6878400070435716E-9
7.269999999999999E-5      -2.1771455689148996E-10
7.28E-5                   1.252410893244882E-9
7.29E-5                   2.722536343365328E-9
7.3E-5                    4.192661793469862E-9
7.31E-5                   5.66278724355847E-9
7.319999999999999E-5      7.1329126936309686E-9
7.329999999999999E-5      8.603038143687747E-9
7.34E-5                   1.0073163593728602E-8
7.35E-5                   1.1543289043753537E-8
7.36E-5                   1.3013414493762559E-8
7.37E-5                   1.4483539943755664E-8
7.379999999999999E-5      1.5953665393732652E-8
7.39E-5                   1.7423790843693914E-8
7.4E-5                    1.8893916293639254E-8
7.41E-5                   2.036404174356868E-8
7.42E-5                   2.18341671934822E-8
7.429999999999999E-5      2.3304292643379587E-8
7.439999999999999E-5      2.477441809326127E-8
7.45E-5                   2.624454354312701E-8
7.46E-5                   2.7714668992976857E-8
7.47E-5                   2.9184794442810773E-8
7.48E-5                   3.0654919892628787E-8
7.489999999999999E-5      3.2125045342430654E-8
7.5E-5                    3.3548481109723386E-8
7.51E-5                   3.2912210979709863E-8
7.52E-5                   3.227594084968439E-8
7.53E-5                   3.163967071964698E-8
7.54E-5                   3.1003400589597617E-8
7.549999999999999E-5      3.036713045953638E-8
7.56E-5                   2.9730860329463118E-8
7.57E-5                   2.9094590199377916E-8
7.58E-5                   2.8458320069280756E-8
7.59E-5                   2.7822049939171638E-8
7.599999999999999E-5      2.7185779809050668E-8
7.609999999999999E-5      2.6549509678917665E-8
7.62E-5                   2.5913239548772723E-8
7.63E-5                   2.527696941861581E-8
7.64E-5                   2.464069928844697E-8
7.65E-5                   2.400442915826617E-8
7.659999999999999E-5      2.3368159028073516E-8
7.67E-5                   2.2731888897868823E-8
7.68E-5                   2.2095618767652178E-8
7.69E-5                   2.145934863742359E-8
7.7E-5                    2.0823078507183045E-8
7.709999999999999E-5      2.0186808376930657E-8
7.719999999999999E-5      1.9550538246666217E-8
7.73E-5                   1.8914268116389827E-8
7.74E-5                   1.82779979861015E-8
7.75E-5                   1.7641727855801216E-8
7.76E-5                   1.700545772548899E-8
7.769999999999999E-5      1.6369187595164897E-8
7.78E-5                   1.573291746482877E-8
7.79E-5                   1.5096647334480694E-8
7.8E-5                    1.4460377204120673E-8
7.81E-5                   1.3824107073748708E-8
7.819999999999999E-5      1.3187836943364875E-8
7.829999999999999E-5      1.2551566812969007E-8
7.84E-5                   1.1915296682561188E-8
7.85E-5                   1.1279026552141427E-8
7.86E-5                   1.0642756421709714E-8
7.87E-5                   1.0006486291266058E-8
7.879999999999999E-5      9.37021616081053E-9
7.89E-5                   8.733946030342977E-9
7.9E-5                    8.09767589986347E-9
7.91E-5                   7.461405769372017E-9
7.92E-5                   6.8251356388686124E-9
7.93E-5                   6.188865508353265E-9
7.939999999999999E-5      5.5525953778260524E-9
7.95E-5                   4.916325247286805E-9
7.96E-5                   4.280055116735606E-9
7.97E-5                   3.643784986172466E-9
7.98E-5                   3.007514855597375E-9
7.989999999999999E-5      2.371244725010423E-9
7.999999999999999E-5      1.7349745944114305E-9
8.01E-5                   1.0987044638004933E-9
8.02E-5                   4.6243433317760965E-10
8.03E-5                   -1.738357974572225E-10
8.04E-5                   -8.10105928104006E-10
8.049999999999999E-5      -1.4463760587626536E-9
8.06E-5                   -2.082646189433329E-9
8.07E-5                   -2.7189163201159555E-9
8.08E-5                   -3.3551864508105328E-9
8.09E-5                   -3.9914565815170594E-9
8.099999999999999E-5      -4.627726712235444E-9
8.109999999999999E-5      -5.263996842965863E-9
8.12E-5                   -5.90026697370823E-9
8.13E-5                   -6.536537104462546E-9
8.14E-5                   -7.172807235228818E-9
8.15E-5                   -7.809077366007033E-9
8.159999999999999E-5      -8.445347496797106E-9
8.17E-5                   -9.08161762759921E-9
8.18E-5                   -9.717887758413268E-9
8.19E-5                   -1.0354157889239276E-8
8.2E-5                    -1.0990428020077237E-8
8.209999999999999E-5      -1.1626698150927047E-8
8.219999999999999E-5      -1.2262968281788904E-8
8.23E-5                   -1.2899238412662701E-8
8.24E-5                   -1.3535508543548455E-8
8.25E-5                   -1.4171778674446153E-8
8.26E-5                   -1.435053385999926E-8
8.269999999999999E-5      -1.4102660207026057E-8
8.28E-5                   -1.3854786554057481E-8
8.29E-5                   -1.360691290109358E-8
8.3E-5                    -1.3359039248134341E-8
8.31E-5                   -1.3111165595179774E-8
8.319999999999999E-5      -1.2863291942229906E-8
8.329999999999999E-5      -1.2615418289284681E-8
8.34E-5                   -1.2367544636344115E-8
8.35E-5                   -1.2119670983408219E-8
8.36E-5                   -1.1871797330476989E-8
8.37E-5                   -1.1623923677550437E-8
8.379999999999999E-5      -1.1376050024628576E-8
8.389999999999999E-5      -1.1128176371711357E-8
8.4E-5                    -1.0880302718798802E-8
8.41E-5                   -1.0632429065890918E-8
8.42E-5                   -1.0384555412987697E-8
8.43E-5                   -1.0136681760089152E-8
8.439999999999999E-5      -9.8888081071953E-9
8.45E-5                   -9.640934454306094E-9
8.46E-5                   -9.393060801421548E-9
8.47E-5                   -9.145187148541677E-9
8.48E-5                   -8.897313495666463E-9
8.489999999999999E-5      -8.649439842795964E-9
8.499999999999999E-5      -8.40156618993009E-9
8.51E-5                   -8.153692537068892E-9
8.52E-5                   -7.905818884212353E-9
8.53E-5                   -7.65794523136049E-9
8.54E-5                   -7.4100715785132874E-9
8.549999999999999E-5      -7.162197925670798E-9
8.56E-5                   -6.914324272832932E-9
8.57E-5                   -6.666450619999743E-9
8.58E-5                   -6.418576967171217E-9
8.59E-5                   -6.170703314347364E-9
8.599999999999999E-5      -5.9228296615282075E-9
8.609999999999999E-5      -5.674956008713689E-9
8.62E-5                   -5.427082355903836E-9
8.63E-5                   -5.179208703098656E-9
8.64E-5                   -4.93133505029814E-9
8.65E-5                   -4.6834613975022945E-9
8.659999999999999E-5      -4.435587744711149E-9
8.669999999999999E-5      -4.18771409192464E-9
8.68E-5                   -3.939840439142796E-9
8.69E-5                   -3.691966786365626E-9
8.7E-5                    -3.4440931335931182E-9
8.709999999999999E-5      -3.196219480825317E-9
8.719999999999999E-5      -2.948345828062148E-9
8.73E-5                   -2.70047217530365E-9
8.74E-5                   -2.4525985225498165E-9
8.75E-5                   -2.2047248698006546E-9
8.76E-5                   -1.9568512170561572E-9
8.769999999999999E-5      -1.7089775643163648E-9
8.779999999999999E-5      -1.4611039115812053E-9
8.79E-5                   -1.2132302588507153E-9
8.8E-5                    -9.653566061248944E-10
8.81E-5                   -7.174829534037397E-10
8.82E-5                   -4.69609300687254E-10
8.829999999999999E-5      -2.2173564797547058E-10
8.84E-5                   2.6138004731677167E-11
8.85E-5                   2.74011657434158E-10
8.86E-5                   5.218853101319698E-10
8.87E-5                   7.697589628251144E-10
8.879999999999999E-5      1.0176326155135558E-9
8.889999999999999E-5      1.2655062681973642E-9
8.9E-5                    1.5133799208765032E-9
8.91E-5                   1.7612535735509742E-9
8.92E-5                   2.009127226220775E-9
8.93E-5                   2.257000878885912E-9
8.939999999999999E-5      2.504874531546342E-9
8.95E-5                   2.752748184202142E-9
8.96E-5                   3.00062183685327E-9
8.97E-5                   3.2484954894997332E-9
8.98E-5                   3.4963691421415246E-9
8.989999999999999E-5      3.744242794778615E-9
8.999999999999999E-5      3.992116447411073E-9
9.01E-5                   4.2399901000388605E-9
9.02E-5                   4.487863752661981E-9
9.03E-5                   4.735737405280431E-9
9.04E-5                   4.983611057894215E-9
9.049999999999999E-5      5.2314847105032975E-9
9.059999999999999E-5      5.479358363107742E-9
9.07E-5                   5.7272320157075255E-9
9.08E-5                   5.975105668302632E-9
9.09E-5                   6.222979320893074E-9
9.099999999999999E-5      6.470852973478812E-9
9.109999999999999E-5      6.7187266260599225E-9
9.12E-5                   6.966600278636354E-9
9.13E-5                   7.214473931208124E-9
9.14E-5                   7.46234758377522E-9
9.15E-5                   7.710221236337662E-9
9.159999999999999E-5      7.958094888895386E-9
9.169999999999999E-5      8.205968541448484E-9
9.18E-5                   8.453842193996906E-9
9.19E-5                   8.701715846540673E-9
9.2E-5                    8.949589499079757E-9
9.21E-5                   9.197463151614183E-9
9.219999999999999E-5      9.445336804143908E-9
9.23E-5                   9.693210456668991E-9
9.24E-5                   9.941084109189402E-9
9.25E-5                   1.0188957761705157E-8
9.26E-5                   1.023462860148759E-8
9.269999999999999E-5      1.0091747019060643E-8
9.279999999999999E-5      9.948865436630834E-9
9.29E-5                   9.805983854198204E-9
9.3E-5                    9.663102271762744E-9
9.31E-5                   9.520220689324446E-9
9.32E-5                   9.377339106883323E-9
9.329999999999999E-5      9.234457524439389E-9
9.34E-5                   9.091575941992605E-9
9.35E-5                   8.948694359542991E-9
9.36E-5                   8.805812777090546E-9
9.37E-5                   8.662931194635273E-9
9.379999999999999E-5      8.520049612177183E-9
9.389999999999999E-5      8.377168029716245E-9
9.4E-5                    8.234286447252485E-9
9.41E-5                   8.091404864785884E-9
9.42E-5                   7.948523282316454E-9
9.43E-5                   7.805641699844201E-9
9.439999999999999E-5      7.66276011736913E-9
9.449999999999999E-5      7.51987853489121E-9
9.46E-5                   7.3769969524104675E-9
9.47E-5                   7.2341153699268885E-9
9.48E-5                   7.0912337874404756E-9
9.489999999999999E-5      6.948352204951255E-9
9.499999999999999E-5      6.805470622459188E-9
9.51E-5                   6.662589039964288E-9
9.52E-5                   6.519707457466556E-9
9.53E-5                   6.376825874965996E-9
9.54E-5                   6.2339442924626014E-9
9.549999999999999E-5      6.091062709956398E-9
9.559999999999999E-5      5.948181127447346E-9
9.57E-5                   5.805299544935467E-9
9.58E-5                   5.662417962420754E-9
9.59E-5                   5.5195363799032105E-9
9.6E-5                    5.376654797382839E-9
9.609999999999999E-5      5.2337732148596524E-9
9.62E-5                   5.090891632333618E-9
9.63E-5                   4.948010049804757E-9
9.64E-5                   4.80512846727306E-9
9.65E-5                   4.662246884738534E-9
9.659999999999999E-5      4.519365302201199E-9
9.669999999999999E-5      4.3764837196610146E-9
9.68E-5                   4.233602137117995E-9
9.69E-5                   4.090720554572152E-9
9.7E-5                    3.947838972023475E-9
9.71E-5                   3.804957389471967E-9
9.719999999999999E-5      3.6620758069176487E-9
9.73E-5                   3.5191942243604813E-9
9.74E-5                   3.3763126418004836E-9
9.75E-5                   3.2334310592376557E-9
9.76E-5                   3.0905494766719964E-9
9.769999999999999E-5      2.947667894103526E-9
9.779999999999999E-5      2.8047863115322058E-9
9.79E-5                   2.661904728958057E-9
9.8E-5                    2.519023146381078E-9
9.81E-5                   2.3761415638012663E-9
9.82E-5                   2.2332599812186258E-9
9.829999999999999E-5      2.0903783986331737E-9
9.839999999999999E-5      1.9474968160448728E-9
9.85E-5                   1.8046152334537408E-9
9.86E-5                   1.6617336508597785E-9
9.87E-5                   1.5188520682629855E-9
9.879999999999999E-5      1.375970485663383E-9
9.889999999999999E-5      1.2330889030609297E-9
9.9E-5                    1.0902073204556458E-9
9.91E-5                   9.47325737847532E-10
9.92E-5                   8.044441552365878E-10
9.93E-5                   6.615625726228116E-10
9.939999999999999E-5      5.186809900062285E-10
9.949999999999999E-5      3.757994073867919E-10
9.96E-5                   2.329178247645271E-10
9.97E-5                   9.003624213943036E-11
9.98E-5                   -5.284534048849536E-11
9.989999999999999E-5      -1.9572692311923332E-10
9.999999999999999E-5      -3.3860850575282027E-10
