% Model:              20230225_JW_4_35.mph
% Version:            COMSOL 5.6.0.401
% Date:               Feb 25 2023, 21:04
% Dimension:          1
% Nodes:              1001
% Expressions:        1
% Description:        点图
% X                       Height
0                         0.6341329835584338
1.0E-7                    0.6383649714057145
2.0E-7                    0.7087259633039853
3.0E-7                    0.6945389216212894
4.0E-7                    0.7164385921627898
5.0E-7                    0.7179009133702436
6.0E-7                    0.7060959230866559
7.0E-7                    0.6930312913209056
8.0E-7                    0.6734143794396079
9.0E-7                    0.6538894067938725
1.0E-6                    0.6336728170755663
1.1E-6                    0.6143511809063688
1.2E-6                    0.5954986682000892
1.2999999999999998E-6     0.5770923335096249
1.4E-6                    0.5592232322022669
1.5E-6                    0.541980794779249
1.6E-6                    0.5251523940005957
1.6999999999999998E-6     0.5092029609866969
1.8E-6                    0.4934520322052067
1.9E-6                    0.47827148571649303
2.0E-6                    0.4636552960893956
2.1E-6                    0.44932957145970476
2.2E-6                    0.43542114043880237
2.3E-6                    0.4221716763264664
2.4E-6                    0.4091476626932072
2.4999999999999998E-6     0.39648618905867405
2.5999999999999997E-6     0.38402654168201555
2.7E-6                    0.3723864379717065
2.8E-6                    0.3606143779475856
2.8999999999999998E-6     0.34966801052750174
3.0E-6                    0.3397611900221907
3.1E-6                    0.3288772094716988
3.2E-6                    0.31877622542898315
3.2999999999999997E-6     0.30922827244817624
3.3999999999999996E-6     0.2999798340634227
3.5E-6                    0.29067446004321423
3.6E-6                    0.28174802637258123
3.6999999999999997E-6     0.2732090157128147
3.8E-6                    0.26474197062876886
3.9E-6                    0.2567295460891167
4.0E-6                    0.24885100563638496
4.1E-6                    0.24123359607142936
4.2E-6                    0.23384570176136746
4.2999999999999995E-6     0.2266689210994195
4.4E-6                    0.21974741932896383
4.5E-6                    0.213020933916445
4.6E-6                    0.20650031939009125
4.7E-6                    0.2002007440629385
4.8E-6                    0.19406606039484486
4.9E-6                    0.18815169973486867
4.9999999999999996E-6     0.18242948847331697
5.0999999999999995E-6     0.1768235716330043
5.199999999999999E-6      0.17145000708092276
5.3E-6                    0.16622838766980638
5.4E-6                    0.16113614836105863
5.5E-6                    0.15621174181734582
5.6E-6                    0.15144846393754052
5.7E-6                    0.14680961022485334
5.7999999999999995E-6     0.1423271489867955
5.899999999999999E-6      0.13799980252294872
6.0E-6                    0.13378064241370136
6.1E-6                    0.1296730594154471
6.2E-6                    0.12573864797905296
6.3E-6                    0.12186995044882033
6.4E-6                    0.11816734237585791
6.5E-6                    0.11439454533366844
6.5999999999999995E-6     0.11106573678473704
6.699999999999999E-6      0.10767879698047501
6.799999999999999E-6      0.10440200171557329
6.9E-6                    0.10121453392848134
7.0E-6                    0.09810722190127055
7.1E-6                    0.09512145236130959
7.2E-6                    0.09221130237678418
7.2999999999999996E-6     0.0893945488165263
7.3999999999999995E-6     0.08667150193297414
7.499999999999999E-6      0.08402847572710952
7.6E-6                    0.08146295404888351
7.699999999999999E-6      0.07898095592241977
7.8E-6                    0.0765631785535669
7.899999999999999E-6      0.074230713537399
8.0E-6                    0.07196878875815702
8.1E-6                    0.06977750174313829
8.2E-6                    0.06764965895825893
8.3E-6                    0.06558626715810077
8.4E-6                    0.06358113920195443
8.5E-6                    0.06163956874158303
8.599999999999999E-6      0.059755284114113134
8.7E-6                    0.05793312417585746
8.8E-6                    0.056169783018270886
8.9E-6                    0.054457451870560274
9.0E-6                    0.05279590730918841
9.1E-6                    0.051184597395706154
9.2E-6                    0.04962917375103559
9.299999999999999E-6      0.04813099515998713
9.4E-6                    0.04663292989873441
9.499999999999999E-6      0.04523730720704926
9.6E-6                    0.043841685117899494
9.7E-6                    0.04251460339571897
9.8E-6                    0.04121517356057211
9.9E-6                    0.0399530815648615
9.999999999999999E-6      0.03874171704934712
1.01E-5                   0.03754167531815749
1.0199999999999999E-5     0.03641392266221373
1.03E-5                   0.035286170301070646
1.0399999999999999E-5     0.034223757898193354
1.05E-5                   0.03317316165217455
1.06E-5                   0.03216286935004529
1.07E-5                   0.031184464012486594
1.08E-5                   0.030223901184016008
1.0899999999999999E-5     0.02931164351395685
1.1E-5                    0.028399386014678903
1.1099999999999999E-5     0.027549820904672243
1.12E-5                   0.026701458723590428
1.13E-5                   0.025892195609099417
1.14E-5                   0.025100284791971145
1.15E-5                   0.02433080030858388
1.1599999999999999E-5     0.023594392607808157
1.17E-5                   0.022863756329303764
1.1799999999999999E-5     0.022177319119280725
1.19E-5                   0.02149088197251915
1.2E-5                    0.020842623627940964
1.21E-5                   0.020202355609807123
1.22E-5                   0.019586965615671952
1.2299999999999999E-5     0.0189929071326499
1.24E-5                   0.018407970746539912
1.2499999999999999E-5     0.01785042774166386
1.26E-5                   0.017292884773984527
1.2699999999999999E-5     0.016777772089925383
1.28E-5                   0.016264369730852744
1.29E-5                   0.01576952051174392
1.3E-5                    0.01528369854742033
1.31E-5                   0.014813862816915187
1.3199999999999999E-5     0.014369657261757807
1.33E-5                   0.013927655080957656
1.3399999999999999E-5     0.013506503772744996
1.35E-5                   0.013085352476356634
1.3599999999999999E-5     0.012689942177965987
1.37E-5                   0.01230068756063501
1.38E-5                   0.011931689168785715
1.3899999999999999E-5     0.01157999184417488
1.4E-5                    0.011176652222126944
1.4099999999999999E-5     0.010814264359965168
1.42E-5                   0.010545975185909866
1.4299999999999999E-5     0.01023048722306363
1.44E-5                   0.009871883527386596
1.45E-5                   0.00959780842769825
1.4599999999999999E-5     0.009290621266593569
1.47E-5                   0.009009028463403845
1.4799999999999999E-5     0.008732791279935488
1.49E-5                   0.008471625906318638
1.4999999999999999E-5     0.008206675818576696
1.51E-5                   0.007961835641095464
1.52E-5                   0.007718728268289633
1.53E-5                   0.0074782728008418115
1.5399999999999998E-5     0.00725621598356883
1.55E-5                   0.007032591424875947
1.56E-5                   0.006817447275698474
1.57E-5                   0.006611114106714002
1.5799999999999998E-5     0.0064094458476076895
1.59E-5                   0.00621017244020807
1.6E-5                    0.0060243775702204854
1.61E-5                   0.005843317786101836
1.62E-5                   0.005662768813982156
1.63E-5                   0.00548983577643475
1.64E-5                   0.005323309760741276
1.6499999999999998E-5     0.005158952139576194
1.66E-5                   0.005004237647501909
1.67E-5                   0.004849523156468628
1.68E-5                   0.004702956626950902
1.69E-5                   0.004558129706345414
1.7E-5                    0.004420653842675663
1.71E-5                   0.004291651326640409
1.7199999999999998E-5     0.0041626488110669746
1.73E-5                   0.0040336462958970015
1.74E-5                   0.003904643781072141
1.75E-5                   0.0037882279110386073
1.76E-5                   0.0036761089913345014
1.77E-5                   0.003563990072031469
1.78E-5                   0.003451871153091848
1.7899999999999998E-5     0.003340171710530892
1.8E-5                    0.0032439108837320537
1.81E-5                   0.0031476500572058617
1.82E-5                   0.003051389230928071
1.8299999999999998E-5     0.00295512840487444
1.84E-5                   0.002862763701901853
1.85E-5                   0.0027791769792354973
1.8599999999999998E-5     0.0026955902566914857
1.87E-5                   0.0026120035342541838
1.88E-5                   0.0025284168119079652
1.89E-5                   0.0024517111071367254
1.8999999999999998E-5     0.002379819546140978
1.91E-5                   0.0023079279852644056
1.92E-5                   0.0022360364244969426
1.9299999999999998E-5     0.0021641448638285155
1.94E-5                   0.0021040714591227276
1.95E-5                   0.0020457745990478866
1.96E-5                   0.0019874777390140206
1.9699999999999998E-5     0.0019291808790157998
1.98E-5                   0.0018708840190478939
1.99E-5                   0.0018125871591049773
1.9999999999999998E-5     0.0017542902991817197
2.01E-5                   0.0016959934392727885
2.02E-5                   0.0016376965793728604
2.03E-5                   0.0015858352765916396
2.0399999999999998E-5     0.0015424620213021917
2.05E-5                   0.0014990887660447487
2.06E-5                   0.0014557155108171082
2.07E-5                   0.0014123422556170681
2.0799999999999997E-5     0.0013689690004424235
2.09E-5                   0.0013255957452909702
2.1E-5                    0.0012822224901605083
2.1099999999999998E-5     0.001238849235048833
2.12E-5                   0.0011954759799537396
2.13E-5                   0.0011630833975829374
2.14E-5                   0.0011307665956147045
2.1499999999999997E-5     0.0010984497936700447
2.16E-5                   0.0010661329917480468
2.17E-5                   0.0010338161898478056
2.1799999999999998E-5     0.0010014993879684103
2.19E-5                   9.69182586108951E-4
2.2E-5                    9.368657842685209E-4
2.21E-5                   9.045489824462105E-4
2.2199999999999998E-5     8.768035194119843E-4
2.23E-5                   8.527224933460575E-4
2.24E-5                   8.286414672694605E-4
2.2499999999999998E-5     8.045604411818162E-4
2.26E-5                   7.804794150827473E-4
2.27E-5                   7.563983889718789E-4
2.28E-5                   7.323173628488336E-4
2.2899999999999998E-5     7.082363367132347E-4
2.3E-5                    6.841553105647052E-4
2.31E-5                   6.607961654957883E-4
2.3199999999999998E-5     6.428865770600046E-4
2.33E-5                   6.249769886384812E-4
2.34E-5                   6.070674002310646E-4
2.35E-5                   5.891578118376E-4
2.3599999999999998E-5     5.712482234579314E-4
2.37E-5                   5.533386350919039E-4
2.38E-5                   5.354290467393636E-4
2.3899999999999998E-5     5.175194584001554E-4
2.4E-5                    4.996098700741234E-4
2.41E-5                   4.847826552682713E-4
2.42E-5                   4.714134211903649E-4
2.4299999999999998E-5     4.58044187103927E-4
2.44E-5                   4.4467495300889277E-4
2.45E-5                   4.3130571890519887E-4
2.4599999999999998E-5     4.1793648479278035E-4
2.4699999999999997E-5     4.04567250671573E-4
2.48E-5                   3.91198016541512E-4
2.49E-5                   3.7782878240253396E-4
2.4999999999999998E-5     3.652877140390455E-4
2.51E-5                   3.553577558467645E-4
2.52E-5                   3.454277976601708E-4
2.53E-5                   3.3549783947923746E-4
2.5399999999999997E-5     3.2556788130393805E-4
2.55E-5                   3.156379231342459E-4
2.56E-5                   3.057079649701353E-4
2.5699999999999998E-5     2.9577800681157947E-4
2.58E-5                   2.8584804865855153E-4
2.59E-5                   2.7591809051102597E-4
2.6E-5                    2.686780823317342E-4
2.6099999999999997E-5     2.620992132837611E-4
2.62E-5                   2.5552034423415785E-4
2.63E-5                   2.489414751829176E-4
2.6399999999999998E-5     2.4236260613003243E-4
2.65E-5                   2.3578373707549416E-4
2.66E-5                   2.2920486801929584E-4
2.67E-5                   2.226259989614294E-4
2.6799999999999998E-5     2.160471299018873E-4
2.69E-5                   2.0946826084066158E-4
2.7E-5                    2.0288939177774503E-4
2.7099999999999998E-5     1.9631052271312975E-4
2.7199999999999997E-5     1.8973165364680807E-4
2.73E-5                   1.831527845787721E-4
2.74E-5                   1.7657391550901462E-4
2.7499999999999998E-5     1.6999504643752775E-4
2.76E-5                   1.6341617736430358E-4
2.77E-5                   1.5683730828933482E-4
2.7799999999999998E-5     1.502584392126137E-4
2.7899999999999997E-5     1.4644334134811157E-4
2.8E-5                    1.428473848736143E-4
2.81E-5                   1.392514283997301E-4
2.8199999999999998E-5     1.356554719264575E-4
2.83E-5                   1.3205951545379514E-4
2.84E-5                   1.2846355898174207E-4
2.8499999999999998E-5     1.2486760251029689E-4
2.8599999999999997E-5     1.2127164603945827E-4
2.87E-5                   1.1767568956922492E-4
2.88E-5                   1.1407973309959576E-4
2.8899999999999998E-5     1.1048377663056948E-4
2.9E-5                    1.0688782016214468E-4
2.91E-5                   1.0329186369432034E-4
2.9199999999999998E-5     9.96959072270951E-5
2.9299999999999997E-5     9.609995076046767E-5
2.94E-5                   9.250399429443675E-5
2.95E-5                   8.890803782900124E-5
2.9599999999999998E-5     8.531208136415981E-5
2.97E-5                   8.179826567998419E-5
2.98E-5                   7.983339162331244E-5
2.99E-5                   7.786851756649565E-5
2.9999999999999997E-5     7.590364350953366E-5
3.01E-5                   7.393876945242621E-5
3.02E-5                   7.197389539517314E-5
3.0299999999999998E-5     7.000902133777427E-5
3.04E-5                   6.804414728022927E-5
3.05E-5                   6.607927322253813E-5
3.06E-5                   6.411439916470051E-5
3.07E-5                   6.214952510671618E-5
3.0799999999999996E-5     6.0184651048585145E-5
3.09E-5                   5.821977699030689E-5
3.1E-5                    5.625490293188139E-5
3.11E-5                   5.429002887330855E-5
3.12E-5                   5.2325154814587905E-5
3.13E-5                   5.0360280755719385E-5
3.14E-5                   4.839540669670291E-5
3.15E-5                   4.6430532637538026E-5
3.1599999999999996E-5     4.46203208166693E-5
3.17E-5                   4.354336652604768E-5
3.18E-5                   4.246641223543646E-5
3.1899999999999996E-5     4.1389457944835725E-5
3.2E-5                    4.031250365424529E-5
3.21E-5                   3.9235549363665174E-5
3.22E-5                   3.8158595073095444E-5
3.23E-5                   3.708164078253589E-5
3.24E-5                   3.600468649198658E-5
3.25E-5                   3.4927732201447524E-5
3.26E-5                   3.3850777910918566E-5
3.2699999999999995E-5     3.277382362039982E-5
3.28E-5                   3.169686932989108E-5
3.29E-5                   3.061991503939242E-5
3.2999999999999996E-5     2.954296074890385E-5
3.31E-5                   2.8466006458425203E-5
3.32E-5                   2.7389052167956514E-5
3.3299999999999996E-5     2.6312097877497832E-5
3.34E-5                   2.5235143587048967E-5
3.35E-5                   2.4336059646431E-5
3.36E-5                   2.3855965344795167E-5
3.37E-5                   2.3375871043164753E-5
3.38E-5                   2.289577674153976E-5
3.39E-5                   2.2415682439920236E-5
3.4E-5                    2.1935588138306102E-5
3.4099999999999995E-5     2.145549383669742E-5
3.42E-5                   2.097539953509413E-5
3.43E-5                   2.0495305233496267E-5
3.4399999999999996E-5     2.0015210931903838E-5
3.45E-5                   1.9535116630316795E-5
3.46E-5                   1.9055022328735157E-5
3.4699999999999996E-5     1.8574928027158963E-5
3.48E-5                   1.8094833725588137E-5
3.49E-5                   1.7614739424022707E-5
3.5E-5                    1.7134645122462702E-5
3.51E-5                   1.6654550820908074E-5
3.52E-5                   1.617445651935882E-5
3.53E-5                   1.5694362217814996E-5
3.54E-5                   1.5214267916276523E-5
3.5499999999999996E-5     1.4734173614743463E-5
3.56E-5                   1.4254079313215747E-5
3.57E-5                   1.3773985011693413E-5
3.5799999999999996E-5     1.329389071017648E-5
3.59E-5                   1.2813796408664884E-5
3.6E-5                    1.2333702107158659E-5
3.6099999999999997E-5     1.1853607805657828E-5
3.62E-5                   1.1373513504162327E-5
3.63E-5                   1.089341920267218E-5
3.64E-5                   1.0413324901187424E-5
3.65E-5                   9.933230599707987E-6
3.6599999999999995E-5     9.45313629823393E-6
3.67E-5                   8.973041996765188E-6
3.68E-5                   8.49294769530179E-6
3.6899999999999996E-5     8.012853393843763E-6
3.7E-5                    7.532759092391041E-6
3.71E-5                   7.052664790943653E-6
3.7199999999999996E-5     6.572570489501628E-6
3.73E-5                   6.286035289910331E-6
3.74E-5                   6.160665289882019E-6
3.75E-5                   6.035295289851352E-6
3.76E-5                   5.909925289818312E-6
3.77E-5                   5.784555289782911E-6
3.78E-5                   5.659185289745154E-6
3.79E-5                   5.5338152897050255E-6
3.7999999999999995E-5     5.4084452896625424E-6
3.81E-5                   5.283075289617685E-6
3.82E-5                   5.157705289570466E-6
3.8299999999999996E-5     5.032335289520893E-6
3.84E-5                   4.906965289468946E-6
3.85E-5                   4.781595289414636E-6
3.8599999999999996E-5     4.65622528935797E-6
3.87E-5                   4.53085528929893E-6
3.88E-5                   4.405485289237528E-6
3.89E-5                   4.28011528917377E-6
3.9E-5                    4.154745289107641E-6
3.9099999999999995E-5     4.029375289039154E-6
3.92E-5                   3.904005288968296E-6
3.93E-5                   3.778635288895073E-6
3.9399999999999995E-5     3.653265288819495E-6
3.95E-5                   3.527895288741543E-6
3.96E-5                   3.4025252886612277E-6
3.9699999999999996E-5     3.2771552885785563E-6
3.98E-5                   3.151785288493512E-6
3.99E-5                   3.0264152884061022E-6
3.9999999999999996E-5     2.901045288316338E-6
4.01E-5                   2.7756752882241987E-6
4.02E-5                   2.6503052881296964E-6
4.03E-5                   2.524935288032837E-6
4.04E-5                   2.399565287933605E-6
4.0499999999999995E-5     2.2741952878320165E-6
4.06E-5                   2.148825287728054E-6
4.07E-5                   2.0234552876217267E-6
4.0799999999999996E-5     1.8980852875130432E-6
4.09E-5                   1.7727152874019864E-6
4.1E-5                    1.6473452872885637E-6
4.1099999999999996E-5     1.5963403654200759E-6
4.12E-5                   1.564710477073293E-6
4.13E-5                   1.5330805887272187E-6
4.14E-5                   1.5014507003818535E-6
4.15E-5                   1.4698208120371947E-6
4.1599999999999995E-5     1.4381909236932453E-6
4.17E-5                   1.4065610353500019E-6
4.18E-5                   1.3749311470074666E-6
4.1899999999999995E-5     1.343301258665641E-6
4.2E-5                    1.3116713703245212E-6
4.21E-5                   1.2800414819841092E-6
4.2199999999999996E-5     1.248411593644407E-6
4.23E-5                   1.216781705305411E-6
4.24E-5                   1.1851518169671228E-6
4.2499999999999996E-5     1.1535219286295443E-6
4.26E-5                   1.1218920402926716E-6
4.27E-5                   1.0902621519565067E-6
4.28E-5                   1.0586322636210517E-6
4.29E-5                   1.0270023752863025E-6
4.2999999999999995E-5     9.953724869522632E-7
4.31E-5                   9.637425986189299E-7
4.32E-5                   9.321127102863044E-7
4.3299999999999995E-5     9.00482821954389E-7
4.34E-5                   8.688529336231789E-7
4.35E-5                   8.372230452926766E-7
4.3599999999999996E-5     8.055931569628847E-7
4.37E-5                   7.739632686337983E-7
4.38E-5                   7.423333803054197E-7
4.3899999999999996E-5     7.10703491977751E-7
4.4E-5                    6.790736036507881E-7
4.41E-5                   6.474437153245331E-7
4.42E-5                   6.158138269989881E-7
4.43E-5                   5.841839386741487E-7
4.4399999999999995E-5     5.52554050350019E-7
4.45E-5                   5.209241620265955E-7
4.46E-5                   4.892942737038794E-7
4.4699999999999996E-5     4.576643853818736E-7
4.48E-5                   4.270723253887561E-7
4.49E-5                   4.2077900633917066E-7
4.4999999999999996E-5     4.144856872895213E-7
4.51E-5                   4.081923682398069E-7
4.52E-5                   4.0189904919002815E-7
4.5299999999999997E-5     3.9560573014018554E-7
4.54E-5                   3.8931241109027793E-7
4.5499999999999995E-5     3.830190920403064E-7
4.56E-5                   3.7672577299027016E-7
4.57E-5                   3.7043245394016943E-7
4.5799999999999995E-5     3.6413913489000463E-7
4.59E-5                   3.5784581583977515E-7
4.6E-5                    3.515524967894811E-7
4.6099999999999996E-5     3.452591777391232E-7
4.62E-5                   3.389658586887005E-7
4.63E-5                   3.326725396382133E-7
4.6399999999999996E-5     3.2637922058766226E-7
4.65E-5                   3.2008590153704616E-7
4.66E-5                   3.1379258248636584E-7
4.67E-5                   3.0749926343562147E-7
4.68E-5                   3.0120594438481235E-7
4.6899999999999995E-5     2.949126253339391E-7
4.7E-5                    2.8861930628300114E-7
4.71E-5                   2.8232598723199863E-7
4.7199999999999995E-5     2.7603266818093244E-7
4.73E-5                   2.6973934912980113E-7
4.74E-5                   2.634460300786055E-7
4.7499999999999996E-5     2.571527110273459E-7
4.76E-5                   2.5085939197602153E-7
4.77E-5                   2.445660729246327E-7
4.7799999999999996E-5     2.3827275387317988E-7
4.79E-5                   2.3197943482166225E-7
4.8E-5                    2.2568611577008026E-7
4.81E-5                   2.1939279671843417E-7
4.82E-5                   2.1309947766672335E-7
4.8299999999999995E-5     2.0680615861494854E-7
4.84E-5                   2.0051283956310882E-7
4.85E-5                   1.942195205112048E-7
4.8599999999999995E-5     1.8792620145923675E-7
4.87E-5                   1.8163288240720383E-7
4.88E-5                   1.7533956335510658E-7
4.8899999999999996E-5     1.6904624430294533E-7
4.9E-5                    1.6275292525071923E-7
4.91E-5                   1.5645960619842873E-7
4.9199999999999997E-5     1.501662871460743E-7
4.93E-5                   1.43872968093655E-7
4.9399999999999995E-5     1.3757964904117172E-7
4.95E-5                   1.312863299886236E-7
4.96E-5                   1.2499301093601103E-7
4.9699999999999995E-5     1.1869969188333458E-7
4.98E-5                   1.1240637283059325E-7
4.99E-5                   1.0611305377778751E-7
4.9999999999999996E-5     9.981973472491776E-8
5.01E-5                   9.352641567198325E-8
5.02E-5                   8.72330966189843E-8
5.0299999999999996E-5     8.093977756592137E-8
5.04E-5                   7.46464585127936E-8
5.05E-5                   6.835313945960144E-8
5.06E-5                   6.205982040634531E-8
5.07E-5                   5.576650135302435E-8
5.0799999999999995E-5     4.947318229963939E-8
5.09E-5                   4.3179863246189596E-8
5.1E-5                    3.688654419267542E-8
5.1099999999999995E-5     3.059322513909725E-8
5.12E-5                   2.4299906085454258E-8
5.13E-5                   1.800658703174686E-8
5.1399999999999996E-5     1.1713267977975484E-8
5.15E-5                   5.419948924139265E-9
5.16E-5                   -8.733701297613457E-10
5.1699999999999996E-5     -7.16668918372594E-9
5.18E-5                   -1.3460008237755362E-8
5.1899999999999994E-5     -1.9753327291848772E-8
5.2E-5                    -2.604664634600701E-8
5.21E-5                   -3.233996540022965E-8
5.2199999999999995E-5     -3.8633284454516275E-8
5.23E-5                   -4.4926603508867714E-8
5.24E-5                   -4.747804174328195E-8
5.2499999999999995E-5     -4.67936594029426E-8
5.26E-5                   -4.610927706260841E-8
5.27E-5                   -4.54248947222794E-8
5.2799999999999996E-5     -4.474051238195564E-8
5.29E-5                   -4.405613004163701E-8
5.3E-5                    -4.33717477013236E-8
5.3099999999999996E-5     -4.268736536101541E-8
5.32E-5                   -4.200298302071236E-8
5.3299999999999995E-5     -4.131860068041456E-8
5.34E-5                   -4.0634218340121906E-8
5.35E-5                   -3.994983599983444E-8
5.3599999999999995E-5     -3.926545365955223E-8
5.37E-5                   -3.858107131927515E-8
5.38E-5                   -3.789668897900328E-8
5.3899999999999996E-5     -3.7212306638736634E-8
5.4E-5                    -3.6527924298475124E-8
5.41E-5                   -3.584354195821883E-8
5.4199999999999996E-5     -3.515915961796777E-8
5.43E-5                   -3.4474777277721855E-8
5.4399999999999994E-5     -3.379039493748117E-8
5.4499999999999997E-5     -3.310601259724565E-8
5.46E-5                   -3.2421630257015305E-8
5.4699999999999995E-5     -3.1737247916790204E-8
5.48E-5                   -3.105286557657026E-8
5.49E-5                   -3.036848323635549E-8
5.4999999999999995E-5     -2.968410089614598E-8
5.51E-5                   -2.8999718555941602E-8
5.52E-5                   -2.8315336215742425E-8
5.5299999999999996E-5     -2.7630953875548486E-8
5.54E-5                   -2.6946571535359695E-8
5.55E-5                   -2.626218919517609E-8
5.5599999999999996E-5     -2.5577806854997737E-8
5.57E-5                   -2.4893424514824524E-8
5.5799999999999994E-5     -2.4209042174656548E-8
5.59E-5                   -2.3524659834493724E-8
5.6E-5                    -2.2840277494336088E-8
5.6099999999999995E-5     -2.2155895154183696E-8
5.62E-5                   -2.147151281403644E-8
5.63E-5                   -2.0787130473894385E-8
5.6399999999999995E-5     -2.010274813375757E-8
5.65E-5                   -1.94183657936259E-8
5.66E-5                   -1.8733983453499427E-8
5.6699999999999996E-5     -1.8049601113378197E-8
5.68E-5                   -1.7365218773262105E-8
5.69E-5                   -1.6680836433151205E-8
5.6999999999999996E-5     -1.599645409304555E-8
5.71E-5                   -1.5312071752945035E-8
5.7199999999999994E-5     -1.4627689412849763E-8
5.73E-5                   -1.394330707275964E-8
5.74E-5                   -1.325892473267471E-8
5.7499999999999995E-5     -1.2574542392595016E-8
5.76E-5                   -1.1890160052520472E-8
5.77E-5                   -1.120577771245112E-8
5.7799999999999995E-5     -1.0521395372387006E-8
5.79E-5                   -9.837013032328041E-9
5.8E-5                    -9.15263069227427E-9
5.8099999999999996E-5     -8.468248352225735E-9
5.82E-5                   -7.783866012182348E-9
5.8299999999999994E-5     -7.099483672144201E-9
5.8399999999999997E-5     -6.415101332111201E-9
5.85E-5                   -5.7307189920833934E-9
5.8599999999999995E-5     -5.046336652060826E-9
5.87E-5                   -4.3619543120434056E-9
5.88E-5                   -3.677571972031177E-9
5.8899999999999995E-5     -2.9931896320241878E-9
5.9E-5                    -2.308807292022345E-9
5.91E-5                   -1.6244249520256967E-9
5.9199999999999996E-5     -9.400426120342857E-10
5.93E-5                   -2.5566027204802267E-10
5.94E-5                   4.2872206793304735E-10
5.9499999999999996E-5     1.1131044079088769E-9
5.96E-5                   1.7974867478795605E-9
5.9699999999999994E-5     2.481869087845005E-9
5.98E-5                   3.1662514278053027E-9
5.99E-5                   3.8288092542107814E-9
5.9999999999999995E-5     3.821747617825739E-9
6.01E-5                   3.8146859814407725E-9
6.02E-5                   3.8076243450558805E-9
6.0299999999999995E-5     3.800562708671065E-9
6.04E-5                   3.7935010722863224E-9
6.05E-5                   3.786439435901655E-9
6.0599999999999996E-5     3.779377799517063E-9
6.07E-5                   3.7723161631325465E-9
6.08E-5                   3.765254526748104E-9
6.0899999999999996E-5     3.758192890363737E-9
6.1E-5                    3.751131253979444E-9
6.11E-5                   3.744069617595225E-9
6.12E-5                   3.737007981211083E-9
6.13E-5                   3.729946344827015E-9
6.14E-5                   3.7228847084430223E-9
6.149999999999999E-5      3.715823072059105E-9
6.159999999999999E-5      3.7087614356752617E-9
6.17E-5                   3.7016997992914926E-9
6.18E-5                   3.694638162907799E-9
6.19E-5                   3.6875765265241807E-9
6.2E-5                    3.6805148901406366E-9
6.209999999999999E-5      3.673453253757168E-9
6.22E-5                   3.6663916173737743E-9
6.23E-5                   3.659329980990456E-9
6.24E-5                   3.652268344607211E-9
6.25E-5                   3.645206708224042E-9
6.26E-5                   3.6381450718409468E-9
6.269999999999999E-5      3.631083435457929E-9
6.28E-5                   3.624021799074984E-9
6.29E-5                   3.6169601626921137E-9
6.3E-5                    3.609898526309319E-9
6.31E-5                   3.6028368899265984E-9
6.319999999999999E-5      3.5957752535439556E-9
6.33E-5                   3.5887136171613843E-9
6.34E-5                   3.5816519807788886E-9
6.35E-5                   3.5745903443964687E-9
6.36E-5                   3.567528708014124E-9
6.37E-5                   3.5604670716318526E-9
6.379999999999999E-5      3.5534054352496572E-9
6.39E-5                   3.5463437988675363E-9
6.4E-5                    3.5392821624854907E-9
6.41E-5                   3.5322205261035195E-9
6.42E-5                   3.5251588897216224E-9
6.429999999999999E-5      3.5180972533398013E-9
6.44E-5                   3.5110356169580547E-9
6.45E-5                   3.5039739805763838E-9
6.46E-5                   3.496912344194787E-9
6.47E-5                   3.4898507078132653E-9
6.48E-5                   3.4827890714318177E-9
6.489999999999999E-5      3.475727435050447E-9
6.5E-5                    3.46866579866915E-9
6.51E-5                   3.461604162287927E-9
6.52E-5                   3.45454252590678E-9
6.53E-5                   3.447480889525707E-9
6.539999999999999E-5      3.44041925314471E-9
6.549999999999999E-5      3.4333576167637878E-9
6.56E-5                   3.426295980382939E-9
6.57E-5                   3.4192343440021673E-9
6.58E-5                   3.412172707621469E-9
6.59E-5                   3.405111071240845E-9
6.599999999999999E-5      3.398049434860298E-9
6.61E-5                   3.3909877984798242E-9
6.62E-5                   3.383926162099425E-9
6.63E-5                   3.3768645257191017E-9
6.64E-5                   3.3698028893388535E-9
6.65E-5                   3.362741252958679E-9
6.659999999999999E-5      3.3556796165785805E-9
6.67E-5                   3.348617980198557E-9
6.68E-5                   3.3415563438186074E-9
6.69E-5                   3.3344947074387335E-9
6.7E-5                    3.327433071058934E-9
6.709999999999999E-5      3.3203714346792103E-9
6.72E-5                   3.3133097982995606E-9
6.73E-5                   3.306248161919985E-9
6.74E-5                   3.299186525540486E-9
6.75E-5                   3.238856861934694E-9
6.76E-5                   3.130691413426145E-9
6.769999999999999E-5      3.0225259649181704E-9
6.78E-5                   2.9143605164107414E-9
6.79E-5                   2.80619506790387E-9
6.8E-5                    2.698029619397559E-9
6.81E-5                   2.5898641708918067E-9
6.819999999999999E-5      2.4816987223866294E-9
6.829999999999999E-5      2.3735332738819955E-9
6.84E-5                   2.265367825377922E-9
6.85E-5                   2.1572023768744065E-9
6.86E-5                   2.0490369283714517E-9
6.87E-5                   1.9408714798690558E-9
6.879999999999999E-5      1.832706031367234E-9
6.89E-5                   1.724540582865957E-9
6.9E-5                    1.6163751343652397E-9
6.91E-5                   1.5082096858650804E-9
6.92E-5                   1.4000442373654816E-9
6.929999999999999E-5      1.2918787888664562E-9
6.939999999999999E-5      1.183713340367976E-9
6.95E-5                   1.0755478918700543E-9
6.96E-5                   9.67382443372693E-10
6.97E-5                   8.592169948758901E-10
6.98E-5                   7.510515463796476E-10
6.989999999999999E-5      6.428860978839789E-10
7.0E-5                    5.34720649388854E-10
7.01E-5                   4.265552008942894E-10
7.02E-5                   3.1838975240028313E-10
7.03E-5                   2.1022430390683726E-10
7.04E-5                   1.0205885541394968E-10
7.049999999999999E-5      -6.106593078362928E-12
7.06E-5                   -1.1427204157013154E-10
7.07E-5                   -2.2243749006134037E-10
7.08E-5                   -3.3060293855199065E-10
7.09E-5                   -4.387683870420804E-10
7.099999999999999E-5      -5.469338355315974E-10
7.11E-5                   -6.550992840205686E-10
7.12E-5                   -7.632647325089815E-10
7.13E-5                   -8.714301809968339E-10
7.14E-5                   -9.795956294841271E-10
7.15E-5                   -1.0877610779708617E-9
7.159999999999999E-5      -1.1959265264570226E-9
7.17E-5                   -1.3040919749426377E-9
7.18E-5                   -1.4122574234276935E-9
7.19E-5                   -1.5204228719121911E-9
7.2E-5                    -1.6285883203961288E-9
7.209999999999999E-5      -1.7367537688794923E-9
7.219999999999999E-5      -1.8449192173623108E-9
7.23E-5                   -1.953084665844571E-9
7.24E-5                   -2.0612501143262716E-9
7.25E-5                   -2.1694155628074115E-9
7.26E-5                   -2.277581011287993E-9
7.269999999999999E-5      -2.3857464597680006E-9
7.28E-5                   -2.493911908247463E-9
7.29E-5                   -2.6020773567263674E-9
7.3E-5                    -2.7102428052047114E-9
7.31E-5                   -2.8184082536824954E-9
7.319999999999999E-5      -2.9265737021597066E-9
7.329999999999999E-5      -3.0347391506363727E-9
7.34E-5                   -3.1429045991124792E-9
7.35E-5                   -3.2510700475880266E-9
7.36E-5                   -3.3592354960630156E-9
7.37E-5                   -3.4674009445374445E-9
7.379999999999999E-5      -3.5755663930112995E-9
7.39E-5                   -3.683731841484609E-9
7.4E-5                    -3.791897289957359E-9
7.41E-5                   -3.900062738429552E-9
7.42E-5                   -4.008228186901182E-9
7.429999999999999E-5      -4.116393635372241E-9
7.439999999999999E-5      -4.224559083842754E-9
7.45E-5                   -4.3327245323127085E-9
7.46E-5                   -4.440889980782104E-9
7.47E-5                   -4.549055429250939E-9
7.48E-5                   -4.657220877719214E-9
7.489999999999999E-5      -4.765386326186916E-9
7.5E-5                    -4.868287138860836E-9
7.51E-5                   -4.738939608617073E-9
7.52E-5                   -4.609592078372835E-9
7.53E-5                   -4.480244548128119E-9
7.54E-5                   -4.350897017882924E-9
7.549999999999999E-5      -4.221549487637273E-9
7.56E-5                   -4.092201957391126E-9
7.57E-5                   -3.9628544271445005E-9
7.58E-5                   -3.833506896897401E-9
7.59E-5                   -3.7041593666498214E-9
7.599999999999999E-5      -3.5748118364017845E-9
7.609999999999999E-5      -3.4454643061532497E-9
7.62E-5                   -3.3161167759042405E-9
7.63E-5                   -3.1867692456547536E-9
7.64E-5                   -3.0574217154047894E-9
7.65E-5                   -2.9280741851543483E-9
7.659999999999999E-5      -2.7987266549034486E-9
7.67E-5                   -2.669379124652053E-9
7.68E-5                   -2.540031594400181E-9
7.69E-5                   -2.410684064147831E-9
7.7E-5                    -2.281336533895004E-9
7.709999999999999E-5      -2.1519890036417183E-9
7.719999999999999E-5      -2.0226414733879375E-9
7.73E-5                   -1.8932939431336806E-9
7.74E-5                   -1.7639464128789449E-9
7.75E-5                   -1.6345988826237339E-9
7.76E-5                   -1.5052513523680448E-9
7.769999999999999E-5      -1.3759038221118964E-9
7.78E-5                   -1.2465562918552527E-9
7.79E-5                   -1.117208761598133E-9
7.8E-5                    -9.878612313405347E-10
7.81E-5                   -8.585137010824608E-10
7.819999999999999E-5      -7.291661708239263E-10
7.829999999999999E-5      -5.998186405648984E-10
7.84E-5                   -4.704711103053921E-10
7.85E-5                   -3.4112358004540966E-10
7.86E-5                   -2.1177604978494943E-10
7.87E-5                   -8.242851952401293E-11
7.879999999999999E-5      4.6919010737384065E-11
7.89E-5                   1.7626654099927478E-10
7.9E-5                    3.05614071261643E-10
7.91E-5                   4.3496160152448835E-10
7.92E-5                   5.643091317878109E-10
7.93E-5                   6.936566620516104E-10
7.939999999999999E-5      8.230041923158692E-10
7.95E-5                   9.523517225806233E-10
7.96E-5                   1.0816992528458544E-9
7.97E-5                   1.2110467831115617E-9
7.98E-5                   1.3403943133777469E-9
7.989999999999999E-5      1.4697418436443905E-9
7.999999999999999E-5      1.5990893739115303E-9
8.01E-5                   1.7284369041791461E-9
8.02E-5                   1.8577844344472392E-9
8.03E-5                   1.987131964715809E-9
8.04E-5                   2.1164794949848577E-9
8.049999999999999E-5      2.245827025254364E-9
8.06E-5                   2.3751745555243654E-9
8.07E-5                   2.5045220857948445E-9
8.08E-5                   2.6338696160658013E-9
8.09E-5                   2.7632171463372337E-9
8.099999999999999E-5      2.8925646766091256E-9
8.109999999999999E-5      3.0219122068815126E-9
8.12E-5                   3.1512597371543777E-9
8.13E-5                   3.2806072674277176E-9
8.14E-5                   3.4099547977015365E-9
8.15E-5                   3.5393023279758314E-9
8.159999999999999E-5      3.6686498582505874E-9
8.17E-5                   3.7979973885258364E-9
8.18E-5                   3.927344918801563E-9
8.19E-5                   4.056692449077767E-9
8.2E-5                    4.186039979354448E-9
8.209999999999999E-5      4.315387509631587E-9
8.219999999999999E-5      4.444735039909222E-9
8.23E-5                   4.574082570187335E-9
8.24E-5                   4.703430100465924E-9
8.25E-5                   4.832777630744992E-9
8.26E-5                   4.848675527556784E-9
8.269999999999999E-5      4.758782595348817E-9
8.28E-5                   4.668889663141009E-9
8.29E-5                   4.578996730933372E-9
8.3E-5                    4.4891037987259075E-9
8.31E-5                   4.399210866518613E-9
8.319999999999999E-5      4.309317934311501E-9
8.329999999999999E-5      4.219425002104551E-9
8.34E-5                   4.12953206989777E-9
8.35E-5                   4.039639137691161E-9
8.36E-5                   3.949746205484724E-9
8.37E-5                   3.859853273278458E-9
8.379999999999999E-5      3.769960341072374E-9
8.389999999999999E-5      3.6800674088664506E-9
8.4E-5                    3.5901744766606987E-9
8.41E-5                   3.500281544455116E-9
8.42E-5                   3.4103886122497055E-9
8.43E-5                   3.320495680044466E-9
8.439999999999999E-5      3.2306027478394117E-9
8.45E-5                   3.1407098156345155E-9
8.46E-5                   3.0508168834297904E-9
8.47E-5                   2.9609239512252366E-9
8.48E-5                   2.871031019020854E-9
8.489999999999999E-5      2.7811380868166543E-9
8.499999999999999E-5      2.6912451546126154E-9
8.51E-5                   2.601352222408746E-9
8.52E-5                   2.5114592902050493E-9
8.53E-5                   2.4215663580015224E-9
8.54E-5                   2.3316734257981668E-9
8.549999999999999E-5      2.241780493594996E-9
8.56E-5                   2.1518875613919837E-9
8.57E-5                   2.061994629189143E-9
8.58E-5                   1.9721016969864726E-9
8.59E-5                   1.882208764783974E-9
8.599999999999999E-5      1.7923158325816595E-9
8.609999999999999E-5      1.7024229003795033E-9
8.62E-5                   1.6125299681775187E-9
8.63E-5                   1.5226370359757052E-9
8.64E-5                   1.432744103774063E-9
8.65E-5                   1.342851171572591E-9
8.659999999999999E-5      1.2529582393713045E-9
8.669999999999999E-5      1.1630653071701754E-9
8.68E-5                   1.0731723749692182E-9
8.69E-5                   9.832794427684326E-10
8.7E-5                    8.933865105678178E-10
8.709999999999999E-5      8.034935783673867E-10
8.719999999999999E-5      7.13600646167115E-10
8.73E-5                   6.237077139670141E-10
8.74E-5                   5.338147817670847E-10
8.75E-5                   4.4392184956732635E-10
8.76E-5                   3.5402891736773894E-10
8.769999999999999E-5      2.641359851683351E-10
8.779999999999999E-5      1.742430529690907E-10
8.79E-5                   8.43501207700175E-11
8.8E-5                    -5.542811428884375E-12
8.81E-5                   -9.543574362761508E-11
8.82E-5                   -1.8532867582617446E-10
8.829999999999999E-5      -2.752216080245504E-10
8.84E-5                   -3.6511454022276724E-10
8.85E-5                   -4.550074724208127E-10
8.86E-5                   -5.449004046186871E-10
8.87E-5                   -6.347933368163902E-10
8.879999999999999E-5      -7.246862690139094E-10
8.889999999999999E-5      -8.145792012112703E-10
8.9E-5                    -9.044721334084594E-10
8.91E-5                   -9.943650656054774E-10
8.92E-5                   -1.0842579978023237E-9
8.93E-5                   -1.1741509299989999E-9
8.939999999999999E-5      -1.264043862195491E-9
8.95E-5                   -1.3539367943918246E-9
8.96E-5                   -1.443829726587986E-9
8.97E-5                   -1.5337226587839765E-9
8.98E-5                   -1.6236155909797955E-9
8.989999999999999E-5      -1.7135085231754312E-9
8.999999999999999E-5      -1.8034014553709075E-9
9.01E-5                   -1.893294387566213E-9
9.02E-5                   -1.9831873197613478E-9
9.03E-5                   -2.0730802519563096E-9
9.04E-5                   -2.162973184151102E-9
9.049999999999999E-5      -2.2528661163457096E-9
9.059999999999999E-5      -2.342759048540159E-9
9.07E-5                   -2.4326519807344363E-9
9.08E-5                   -2.5225449129285432E-9
9.09E-5                   -2.6124378451224777E-9
9.099999999999999E-5      -2.70233077731623E-9
9.109999999999999E-5      -2.7922237095098217E-9
9.12E-5                   -2.8821166417032438E-9
9.13E-5                   -2.9720095738964937E-9
9.14E-5                   -3.0619025060895725E-9
9.15E-5                   -3.151795438282481E-9
9.159999999999999E-5      -3.241688370475204E-9
9.169999999999999E-5      -3.3315813026677693E-9
9.18E-5                   -3.421474234860163E-9
9.19E-5                   -3.5113671670523854E-9
9.2E-5                    -3.6012600992444367E-9
9.21E-5                   -3.6911530314363165E-9
9.219999999999999E-5      -3.781045963628014E-9
9.23E-5                   -3.870938895819551E-9
9.24E-5                   -3.960831828010917E-9
9.25E-5                   -4.0507247602021124E-9
9.26E-5                   -4.05514332103732E-9
9.269999999999999E-5      -3.979857749480789E-9
9.279999999999999E-5      -3.904572177924159E-9
9.29E-5                   -3.829286606367443E-9
9.3E-5                    -3.75400103481064E-9
9.31E-5                   -3.6787154632537484E-9
9.32E-5                   -3.60342989169677E-9
9.329999999999999E-5      -3.5281443201397133E-9
9.34E-5                   -3.45285874858256E-9
9.35E-5                   -3.3775731770253175E-9
9.36E-5                   -3.3022876054679888E-9
9.37E-5                   -3.227002033910572E-9
9.379999999999999E-5      -3.1517164623530777E-9
9.389999999999999E-5      -3.076430890795485E-9
9.4E-5                    -3.001145319237806E-9
9.41E-5                   -2.925859747680037E-9
9.42E-5                   -2.850574176122183E-9
9.43E-5                   -2.7752886045642406E-9
9.439999999999999E-5      -2.7000030330062207E-9
9.449999999999999E-5      -2.6247174614481028E-9
9.46E-5                   -2.549431889889897E-9
9.47E-5                   -2.4741463183316043E-9
9.48E-5                   -2.3988607467732242E-9
9.489999999999999E-5      -2.323575175214766E-9
9.499999999999999E-5      -2.248289603656211E-9
9.51E-5                   -2.1730040320975673E-9
9.52E-5                   -2.097718460538836E-9
9.53E-5                   -2.022432888980017E-9
9.54E-5                   -1.947147317421111E-9
9.549999999999999E-5      -1.871861745862127E-9
9.559999999999999E-5      -1.7965761743030458E-9
9.57E-5                   -1.721290602743877E-9
9.58E-5                   -1.6460050311846202E-9
9.59E-5                   -1.5707194596252762E-9
9.6E-5                    -1.4954338880658443E-9
9.609999999999999E-5      -1.4201483165063351E-9
9.62E-5                   -1.3448627449467285E-9
9.63E-5                   -1.2695771733870338E-9
9.64E-5                   -1.1942916018272518E-9
9.65E-5                   -1.1190060302673811E-9
9.659999999999999E-5      -1.0437204587074347E-9
9.669999999999999E-5      -9.68434887147389E-10
9.68E-5                   -8.931493155872563E-10
9.69E-5                   -8.178637440270363E-10
9.7E-5                    -7.425781724667284E-10
9.71E-5                   -6.672926009063331E-10
9.719999999999999E-5      -5.920070293458601E-10
9.73E-5                   -5.167214577852896E-10
9.74E-5                   -4.414358862246314E-10
9.75E-5                   -3.661503146638855E-10
9.76E-5                   -2.908647431030517E-10
9.769999999999999E-5      -2.1557917154214062E-10
9.779999999999999E-5      -1.4029359998113193E-10
9.79E-5                   -6.50080284200359E-11
9.8E-5                    1.0277543141148031E-11
9.81E-5                   8.556311470241991E-11
9.82E-5                   1.6084868626377872E-10
9.829999999999999E-5      2.361342578252154E-10
9.839999999999999E-5      3.114198293867497E-10
9.85E-5                   3.8670540094837134E-10
9.86E-5                   4.619909725100809E-10
9.87E-5                   5.37276544071878E-10
9.879999999999999E-5      6.125621156337525E-10
9.889999999999999E-5      6.878476871957249E-10
9.9E-5                    7.63133258757785E-10
9.91E-5                   8.384188303199323E-10
9.92E-5                   9.137044018821673E-10
9.93E-5                   9.889899734444907E-10
9.939999999999999E-5      1.0642755450068899E-9
9.949999999999999E-5      1.1395611165693887E-9
9.96E-5                   1.2148466881319742E-9
9.97E-5                   1.2901322596946472E-9
9.98E-5                   1.365417831257408E-9
9.989999999999999E-5      1.440703402820246E-9
9.999999999999999E-5      1.5159889743831821E-9
