% Model:              20230225_JW_4_35.mph
% Version:            COMSOL 5.6.0.401
% Date:               Feb 25 2023, 21:02
% Dimension:          1
% Nodes:              1001
% Expressions:        1
% Description:        点图
% X                       Height
0                         11.921762619409218
1.0E-7                    11.900586730385534
2.0E-7                    11.80872900811061
3.0E-7                    11.679499236689706
4.0E-7                    11.498390624026884
5.0E-7                    11.262015163459285
6.0E-7                    11.003103301801287
7.0E-7                    10.7231658410575
8.0E-7                    10.43245322570908
9.0E-7                    10.14315283807837
1.0E-6                    9.855799687837422
1.1E-6                    9.574685225410688
1.2E-6                    9.30029722056131
1.2999999999999998E-6     9.031962507641877
1.4E-6                    8.770256355358436
1.5E-6                    8.51563001858718
1.6E-6                    8.267393879422633
1.6999999999999998E-6     8.026107251322424
1.8E-6                    7.79095533326633
1.9E-6                    7.561967156165424
2.0E-6                    7.339183502171501
2.1E-6                    7.122409994921208
2.2E-6                    6.9114637560992165
2.3E-6                    6.706451532976925
2.4E-6                    6.507120764279673
2.4999999999999998E-6     6.312457376293343
2.5999999999999997E-6     6.122352015001913
2.7E-6                    5.9435878728657325
2.8E-6                    5.765890947694231
2.8999999999999998E-6     5.593692299217224
3.0E-6                    5.425303808485029
3.1E-6                    5.262997400232705
3.2E-6                    5.105211016402361
3.2999999999999997E-6     4.951280499281817
3.3999999999999996E-6     4.802532402035897
3.5E-6                    4.658115195069811
3.6E-6                    4.517553082131016
3.6999999999999997E-6     4.381009025741371
3.8E-6                    4.2486723260661385
3.9E-6                    4.120113748277752
4.0E-6                    3.9954547985142845
4.1E-6                    3.8744407670075565
4.2E-6                    3.7569876641251154
4.2999999999999995E-6     3.6430470598107165
4.4E-6                    3.5327236430251707
4.5E-6                    3.425550031540732
4.6E-6                    3.3216120165264207
4.7E-6                    3.220961393266163
4.8E-6                    3.123109602506203
4.9E-6                    3.028416053593086
4.9999999999999996E-6     2.9369764075304
5.0999999999999995E-6     2.8472731792454216
5.199999999999999E-6      2.761193220411719
5.3E-6                    2.677406505544908
5.4E-6                    2.595663824292878
5.5E-6                    2.5168476539711104
5.6E-6                    2.4405589038812585
5.7E-6                    2.3661337534089575
5.7999999999999995E-6     2.293966390720462
5.899999999999999E-6      2.224523510642062
6.0E-6                    2.156765409437879
6.1E-6                    2.090685989993036
6.2E-6                    2.027526975053502
6.3E-6                    1.965438419980921
6.4E-6                    1.905281635610318
6.5E-6                    1.8475310224467587
6.5999999999999995E-6     1.7912558951559914
6.699999999999999E-6      1.7367407670046353
6.799999999999999E-6      1.6839300085939763
6.9E-6                    1.6325857386394398
7.0E-6                    1.5828479022782973
7.1E-6                    1.5346136199340246
7.2E-6                    1.4878220082846305
7.2999999999999996E-6     1.4425126048534525
7.3999999999999995E-6     1.398555536112882
7.499999999999999E-6      1.355957213958976
7.6E-6                    1.3146412021522955
7.699999999999999E-6      1.2745707162085556
7.8E-6                    1.2356854590531035
7.899999999999999E-6      1.1980401017058793
8.0E-6                    1.161533985811039
8.1E-6                    1.1262392832242036
8.2E-6                    1.0919132318811609
8.3E-6                    1.0586126136060952
8.4E-6                    1.0263049784358471
8.5E-6                    0.9949615015786051
8.599999999999999E-6      0.9645578438662722
8.7E-6                    0.9351981679383462
8.8E-6                    0.9067254219909339
8.9E-6                    0.8790991882818828
9.0E-6                    0.8522987808790404
9.1E-6                    0.8262980528188604
9.2E-6                    0.8011937613474045
9.299999999999999E-6      0.7770202152094572
9.4E-6                    0.7528485199741772
9.499999999999999E-6      0.7303268078019428
9.6E-6                    0.7078051291863512
9.7E-6                    0.6863828522463782
9.8E-6                    0.6654041299376842
9.9E-6                    0.6450332740392556
9.999999999999999E-6      0.6254882615427464
1.01E-5                   0.6061245835102447
1.0199999999999999E-5     0.5879185478569882
1.03E-5                   0.5697125304322785
1.0399999999999999E-5     0.5525624745436531
1.05E-5                   0.5356033873465541
1.06E-5                   0.5192904741789236
1.07E-5                   0.5034887921204659
1.08E-5                   0.48798031614234194
1.0899999999999999E-5     0.4732656257572001
1.1E-5                    0.45855094447861433
1.1099999999999999E-5     0.4448162330967566
1.12E-5                   0.4311003297300364
1.13E-5                   0.41804187113898733
1.14E-5                   0.4052751922609075
1.15E-5                   0.39285664211557914
1.1599999999999999E-5     0.3809515458532969
1.17E-5                   0.36914201679339465
1.1799999999999999E-5     0.3580643555375827
1.19E-5                   0.34698669926070014
1.2E-5                    0.3365266409273568
1.21E-5                   0.3261958384051301
1.22E-5                   0.3162494748525271
1.2299999999999999E-5     0.3066327477287276
1.24E-5                   0.29718099806943526
1.2499999999999999E-5     0.28822466534698066
1.26E-5                   0.27926833424874153
1.2699999999999999E-5     0.27088458832896706
1.28E-5                   0.26252392369046246
1.29E-5                   0.25457461533082476
1.3E-5                    0.2468254588060509
1.31E-5                   0.23925523962498652
1.3199999999999999E-5     0.23197190122447756
1.33E-5                   0.22474452074467227
1.3399999999999999E-5     0.21804669352493566
1.35E-5                   0.21134886966558186
1.3599999999999999E-5     0.20494613811220883
1.37E-5                   0.19861397207624484
1.38E-5                   0.19244578199538576
1.3899999999999999E-5     0.18644423850881392
1.4E-5                    0.1809320210605282
1.4099999999999999E-5     0.17543224965385326
1.42E-5                   0.16994566203916658
1.4299999999999999E-5     0.1647483106081922
1.44E-5                   0.15971910517338364
1.45E-5                   0.1548011753207616
1.4599999999999999E-5     0.15006381906576308
1.47E-5                   0.14548874735139708
1.4799999999999999E-5     0.1410567224843857
1.49E-5                   0.1367389542750191
1.4999999999999999E-5     0.13257752850476162
1.51E-5                   0.12854335925980614
1.52E-5                   0.12461738502882898
1.53E-5                   0.12080460859241861
1.5399999999999998E-5     0.11712909723790471
1.55E-5                   0.11356298239314612
1.56E-5                   0.11009934565012656
1.57E-5                   0.10673842311849828
1.5799999999999998E-5     0.10347897237980537
1.59E-5                   0.10031393039563127
1.6E-5                    0.09725417922155681
1.61E-5                   0.09434044309848467
1.62E-5                   0.09144245872727613
1.63E-5                   0.08865548360566648
1.64E-5                   0.08596189682257954
1.6499999999999998E-5     0.0833031660165099
1.66E-5                   0.08079944385819043
1.67E-5                   0.07829572172478352
1.68E-5                   0.07593764931341164
1.69E-5                   0.07361067348428589
1.7E-5                    0.07139402864620949
1.71E-5                   0.06930455909990145
1.7199999999999998E-5     0.06721508958239107
1.73E-5                   0.06512562008912473
1.74E-5                   0.06303615061554904
1.75E-5                   0.061158911297458415
1.76E-5                   0.05935412516939943
1.77E-5                   0.05754933906060818
1.78E-5                   0.05574455296814276
1.7899999999999998E-5     0.05394627385584279
1.8E-5                    0.052387480558668174
1.81E-5                   0.05082868727936828
1.82E-5                   0.049269894016051904
1.8299999999999998E-5     0.04771110076682788
1.84E-5                   0.04621758054845756
1.85E-5                   0.04487112070496629
1.8599999999999998E-5     0.04352466086608541
1.87E-5                   0.042178201030594026
1.88E-5                   0.040831741197271315
1.89E-5                   0.03959326373551312
1.8999999999999998E-5     0.03843033363236149
1.91E-5                   0.037267403537900375
1.92E-5                   0.03610447345134388
1.9299999999999998E-5     0.034941543371905935
1.94E-5                   0.033971768439264666
1.95E-5                   0.03303102923234612
1.96E-5                   0.0320902900258894
1.9699999999999998E-5     0.03114955081947847
1.98E-5                   0.030208811612697256
1.99E-5                   0.029268072405129818
1.9999999999999998E-5     0.028327333196360074
2.01E-5                   0.027386593985971965
2.02E-5                   0.026445854773549528
2.03E-5                   0.02560866283452599
2.0399999999999998E-5     0.024908042475977343
2.05E-5                   0.02420742212137084
2.06E-5                   0.02350680177053459
2.07E-5                   0.022806181423296597
2.0799999999999997E-5     0.0221055610794849
2.09E-5                   0.02140494073892754
2.1E-5                    0.020704320401452588
2.1099999999999998E-5     0.020003700066888074
2.12E-5                   0.019303079735062015
2.13E-5                   0.018780026451170197
2.14E-5                   0.018258198601989614
2.1499999999999997E-5     0.017736370752697635
2.16E-5                   0.017214542903223218
2.17E-5                   0.016692715053495403
2.1799999999999998E-5     0.016170887203443163
2.19E-5                   0.015649059352995463
2.2E-5                    0.015127231502081338
2.21E-5                   0.014605403650629753
2.2199999999999998E-5     0.014157488604994462
2.23E-5                   0.013768822902973104
2.24E-5                   0.013380157201391608
2.2499999999999998E-5     0.012991491500220618
2.26E-5                   0.012602825799430775
2.27E-5                   0.012214160098992772
2.28E-5                   0.011825494398877251
2.2899999999999998E-5     0.011436828699054873
2.3E-5                    0.011048162999496292
2.31E-5                   0.010671102679162037
2.3199999999999998E-5     0.010381652591005165
2.33E-5                   0.010092202502978051
2.34E-5                   0.009802752415068583
2.35E-5                   0.009513302327264623
2.3599999999999998E-5     0.009223852239554055
2.37E-5                   0.008934402151924727
2.38E-5                   0.00864495206436454
2.3899999999999998E-5     0.00835550197686135
2.4E-5                    0.008066051889403025
2.41E-5                   0.007826730358032715
2.42E-5                   0.0076111199273805495
2.4299999999999998E-5     0.00739550949663308
2.44E-5                   0.00717989906578529
2.45E-5                   0.006964288634832193
2.4599999999999998E-5     0.006748678203768773
2.4699999999999997E-5     0.0065330677725900215
2.48E-5                   0.006317457341290931
2.49E-5                   0.006101846909866504
2.4999999999999998E-5     0.005899492214874111
2.51E-5                   0.005738931311931366
2.52E-5                   0.00557837040909883
2.53E-5                   0.005417809506374428
2.5399999999999997E-5     0.005257248603756085
2.55E-5                   0.005096687701241732
2.56E-5                   0.004936126798829304
2.5699999999999998E-5     0.004775565896516727
2.58E-5                   0.004615004994301928
2.59E-5                   0.004454444092182846
2.6E-5                    0.004337546417284197
2.6099999999999997E-5     0.0042313803427340745
2.62E-5                   0.004125214268117294
2.63E-5                   0.004019048193433267
2.6399999999999998E-5     0.00391288211868139
2.65E-5                   0.003806716043861062
2.66E-5                   0.0037005499689716894
2.67E-5                   0.0035943838940126725
2.6799999999999998E-5     0.003488217818983412
2.69E-5                   0.003382051743883306
2.7E-5                    0.0032758856687117657
2.7099999999999998E-5     0.003169719593468187
2.7199999999999997E-5     0.003063553518151971
2.73E-5                   0.0029573874427625173
2.74E-5                   0.0028512213672992337
2.7499999999999998E-5     0.0027450552917615205
2.76E-5                   0.0026388892161487722
2.77E-5                   0.0025327231404604013
2.7799999999999998E-5     0.002426557064695804
2.7899999999999997E-5     0.0023649416615503962
2.8E-5                    0.0023068587130264445
2.81E-5                   0.002248775764535643
2.8199999999999998E-5     0.002190692816077891
2.83E-5                   0.002132609867653089
2.84E-5                   0.0020745269192611435
2.8499999999999998E-5     0.0020164439709019545
2.8599999999999997E-5     0.001958361022575424
2.87E-5                   0.0019002780742814532
2.88E-5                   0.0018421951260199475
2.8899999999999998E-5     0.0017841121777908075
2.9E-5                    0.0017260292295939333
2.91E-5                   0.0016679462814292317
2.9199999999999998E-5     0.0016098633332966023
2.9299999999999997E-5     0.0015517803851959472
2.94E-5                   0.0014936974371271678
2.95E-5                   0.0014356144890901694
2.9599999999999998E-5     0.0013775315410848523
2.97E-5                   0.0013207757638399869
2.98E-5                   0.001289046654072382
2.99E-5                   0.0012573175442932504
2.9999999999999997E-5     0.001225588434502577
3.01E-5                   0.0011938593247003445
3.02E-5                   0.0011621302148865386
3.0299999999999998E-5     0.0011304011050611428
3.04E-5                   0.0010986719952241397
3.05E-5                   0.001066942885375515
3.06E-5                   0.0010352137755152526
3.07E-5                   0.0010034846656433347
3.0799999999999996E-5     9.717555557597486E-4
3.09E-5                   9.40026445864474E-4
3.1E-5                    9.082973359574967E-4
3.11E-5                   8.765682260388037E-4
3.12E-5                   8.448391161083737E-4
3.13E-5                   8.131100061661932E-4
3.14E-5                   7.813808962122483E-4
3.15E-5                   7.49651786246519E-4
3.1599999999999996E-5     7.20422027260007E-4
3.17E-5                   7.030417536621432E-4
3.18E-5                   6.856614800681181E-4
3.1899999999999996E-5     6.682812064779303E-4
3.2E-5                    6.509009328915749E-4
3.21E-5                   6.335206593090504E-4
3.22E-5                   6.161403857303554E-4
3.23E-5                   5.987601121554849E-4
3.24E-5                   5.813798385844374E-4
3.25E-5                   5.639995650172118E-4
3.26E-5                   5.466192914538029E-4
3.2699999999999995E-5     5.292390178942105E-4
3.28E-5                   5.118587443384292E-4
3.29E-5                   4.944784707864584E-4
3.2999999999999996E-5     4.770981972382962E-4
3.31E-5                   4.597179236939375E-4
3.32E-5                   4.4233765015338106E-4
3.3299999999999996E-5     4.2495737661662553E-4
3.34E-5                   4.075771030836658E-4
3.35E-5                   3.9306488086517094E-4
3.36E-5                   3.8530861198347903E-4
3.37E-5                   3.7755234310122215E-4
3.38E-5                   3.6979607421840094E-4
3.39E-5                   3.6203980533501545E-4
3.4E-5                    3.5428353645106445E-4
3.4099999999999995E-5     3.4652726756654884E-4
3.42E-5                   3.3877099868146723E-4
3.43E-5                   3.3101472979582E-4
3.4399999999999996E-5     3.2325846090960723E-4
3.45E-5                   3.15502192022828E-4
3.46E-5                   3.0774592313548234E-4
3.4699999999999996E-5     2.999896542475706E-4
3.48E-5                   2.9223338535909146E-4
3.49E-5                   2.844771164700453E-4
3.5E-5                    2.767208475804324E-4
3.51E-5                   2.689645786902514E-4
3.52E-5                   2.612083097995026E-4
3.53E-5                   2.534520409081862E-4
3.54E-5                   2.456957720163013E-4
3.5499999999999996E-5     2.3793950312384825E-4
3.56E-5                   2.3018323423082602E-4
3.57E-5                   2.224269653372348E-4
3.5799999999999996E-5     2.1467069644307498E-4
3.59E-5                   2.069144275483452E-4
3.6E-5                    1.991581586530458E-4
3.6099999999999997E-5     1.9140188975717699E-4
3.62E-5                   1.8364562086073757E-4
3.63E-5                   1.7588935196372784E-4
3.64E-5                   1.6813308306614798E-4
3.65E-5                   1.6037681416799677E-4
3.6599999999999995E-5     1.5262054526927506E-4
3.67E-5                   1.448642763699815E-4
3.68E-5                   1.371080074701165E-4
3.6899999999999996E-5     1.293517385696802E-4
3.7E-5                    1.2159546966867139E-4
3.71E-5                   1.1383920076709039E-4
3.7199999999999996E-5     1.0608293186493743E-4
3.73E-5                   1.0145514531287494E-4
3.74E-5                   9.943226071352627E-5
3.75E-5                   9.740937611425765E-5
3.76E-5                   9.538649151506876E-5
3.77E-5                   9.336360691595981E-5
3.78E-5                   9.134072231693091E-5
3.79E-5                   8.931783771798175E-5
3.7999999999999995E-5     8.729495311911264E-5
3.81E-5                   8.527206852032324E-5
3.82E-5                   8.324918392161374E-5
3.8299999999999996E-5     8.122629932298427E-5
3.84E-5                   7.920341472443453E-5
3.85E-5                   7.718053012596465E-5
3.8599999999999996E-5     7.515764552757478E-5
3.87E-5                   7.313476092926466E-5
3.88E-5                   7.111187633103435E-5
3.89E-5                   6.908899173288407E-5
3.9E-5                    6.706610713481351E-5
3.9099999999999995E-5     6.50432225368229E-5
3.92E-5                   6.302033793891203E-5
3.93E-5                   6.099745334108099E-5
3.9399999999999995E-5     5.89745687433299E-5
3.95E-5                   5.6951684145658525E-5
3.96E-5                   5.4928799548066955E-5
3.9699999999999996E-5     5.290591495055538E-5
3.98E-5                   5.088303035312346E-5
3.99E-5                   4.8860145755771354E-5
3.9999999999999996E-5     4.68372611584992E-5
4.01E-5                   4.4814376561306715E-5
4.02E-5                   4.279149196419403E-5
4.03E-5                   4.076860736716127E-5
4.04E-5                   3.874572277020818E-5
4.0499999999999995E-5     3.6722838173335004E-5
4.06E-5                   3.469995357654149E-5
4.07E-5                   3.267706897982774E-5
4.0799999999999996E-5     3.065418438319393E-5
4.09E-5                   2.8631299786639734E-5
4.1E-5                    2.660841519016531E-5
4.1099999999999996E-5     2.578525013204186E-5
4.12E-5                   2.5274659293136207E-5
4.13E-5                   2.4764068454221955E-5
4.14E-5                   2.4253477615299134E-5
4.15E-5                   2.3742886776367673E-5
4.1599999999999995E-5     2.3232295937427637E-5
4.17E-5                   2.2721705098478964E-5
4.18E-5                   2.221111425952169E-5
4.1899999999999995E-5     2.1700523420555842E-5
4.2E-5                    2.1189932581581356E-5
4.21E-5                   2.0679341742598267E-5
4.2199999999999996E-5     2.0168750903606605E-5
4.23E-5                   1.9658160064606305E-5
4.24E-5                   1.9147569225597398E-5
4.2499999999999996E-5     1.863697838657992E-5
4.26E-5                   1.8126387547553804E-5
4.27E-5                   1.761579670851908E-5
4.28E-5                   1.710520586947579E-5
4.29E-5                   1.6594615030423854E-5
4.2999999999999995E-5     1.608402419136335E-5
4.31E-5                   1.5573433352294206E-5
4.32E-5                   1.5062842513216455E-5
4.3299999999999995E-5     1.4552251674130135E-5
4.34E-5                   1.4041660835035171E-5
4.35E-5                   1.3531069995931605E-5
4.3599999999999996E-5     1.3020479156819464E-5
4.37E-5                   1.2509888317698686E-5
4.38E-5                   1.1999297478569298E-5
4.3899999999999996E-5     1.1488706639431344E-5
4.4E-5                    1.0978115800284742E-5
4.41E-5                   1.0467524961129537E-5
4.42E-5                   9.956934121965759E-6
4.43E-5                   9.446343282793344E-6
4.4399999999999995E-5     8.935752443612356E-6
4.45E-5                   8.425161604422725E-6
4.46E-5                   7.914570765224486E-6
4.4699999999999996E-5     7.403979926017678E-6
4.48E-5                   6.910101962312098E-6
4.49E-5                   6.807523620517688E-6
4.4999999999999996E-5     6.704945278723537E-6
4.51E-5                   6.602366936929634E-6
4.52E-5                   6.499788595135983E-6
4.5299999999999997E-5     6.397210253342591E-6
4.54E-5                   6.294631911549447E-6
4.5499999999999995E-5     6.192053569756561E-6
4.56E-5                   6.089475227963922E-6
4.57E-5                   5.986896886171536E-6
4.5799999999999995E-5     5.884318544379409E-6
4.59E-5                   5.781740202587528E-6
4.6E-5                    5.6791618607959E-6
4.6099999999999996E-5     5.5765835190045335E-6
4.62E-5                   5.474005177213412E-6
4.63E-5                   5.371426835422544E-6
4.6399999999999996E-5     5.268848493631936E-6
4.65E-5                   5.166270151841574E-6
4.66E-5                   5.063691810051464E-6
4.67E-5                   4.9611134682616146E-6
4.68E-5                   4.8585351264720115E-6
4.6899999999999995E-5     4.755956784682668E-6
4.7E-5                    4.6533784428935695E-6
4.71E-5                   4.5508001011047246E-6
4.7199999999999995E-5     4.4482217593161405E-6
4.73E-5                   4.345643417527801E-6
4.74E-5                   4.243065075739716E-6
4.7499999999999996E-5     4.140486733951889E-6
4.76E-5                   4.037908392164311E-6
4.77E-5                   3.935330050376984E-6
4.7799999999999996E-5     3.8327517085899175E-6
4.79E-5                   3.730173366803096E-6
4.8E-5                    3.6275950250165293E-6
4.81E-5                   3.5250166832302208E-6
4.82E-5                   3.4224383414441584E-6
4.8299999999999995E-5     3.3198599996583572E-6
4.84E-5                   3.217281657872801E-6
4.85E-5                   3.1147033160874987E-6
4.8599999999999995E-5     3.0121249743024552E-6
4.87E-5                   2.909546632517658E-6
4.88E-5                   2.806968290733114E-6
4.8899999999999996E-5     2.70438994894883E-6
4.9E-5                    2.601811607164792E-6
4.91E-5                   2.4992332653810064E-6
4.9199999999999997E-5     2.396654923597482E-6
4.93E-5                   2.2940765818142026E-6
4.9399999999999995E-5     2.191498240031183E-6
4.95E-5                   2.0889198982484093E-6
4.96E-5                   1.986341556465889E-6
4.9699999999999995E-5     1.8837632146836291E-6
4.98E-5                   1.781184872901615E-6
4.99E-5                   1.6786065311198535E-6
4.9999999999999996E-5     1.5760281893383517E-6
5.01E-5                   1.4734498475570961E-6
5.02E-5                   1.3708715057760935E-6
5.0299999999999996E-5     1.2682931639953508E-6
5.04E-5                   1.1657148222148542E-6
5.05E-5                   1.0631364804346107E-6
5.06E-5                   9.605581386546268E-7
5.07E-5                   8.579797968748892E-7
5.0799999999999995E-5     7.554014550954113E-7
5.09E-5                   6.528231133161794E-7
5.1E-5                    5.502447715372005E-7
5.1099999999999995E-5     4.476664297584815E-7
5.12E-5                   3.4508808798000846E-7
5.13E-5                   2.425097462017884E-7
5.1399999999999996E-5     1.399314044238285E-7
5.15E-5                   3.7353062646114155E-8
5.16E-5                   -6.522527913134703E-8
5.1699999999999996E-5     -1.6780362090854827E-7
5.18E-5                   -2.703819626855035E-7
5.1899999999999994E-5     -3.729603044621989E-7
5.2E-5                    -4.7553864623864824E-7
5.21E-5                   -5.781169880148447E-7
5.2199999999999995E-5     -6.806953297907813E-7
5.23E-5                   -7.832736715664718E-7
5.24E-5                   -8.239532164412523E-7
5.2499999999999995E-5     -8.111052947290694E-7
5.26E-5                   -7.982573730168836E-7
5.27E-5                   -7.854094513046959E-7
5.2799999999999996E-5     -7.725615295925068E-7
5.29E-5                   -7.597136078803149E-7
5.3E-5                    -7.46865686168121E-7
5.3099999999999996E-5     -7.340177644559261E-7
5.32E-5                   -7.21169842743728E-7
5.3299999999999995E-5     -7.08321921031529E-7
5.34E-5                   -6.954739993193269E-7
5.35E-5                   -6.82626077607123E-7
5.3599999999999995E-5     -6.697781558949177E-7
5.37E-5                   -6.569302341827096E-7
5.38E-5                   -6.440823124704995E-7
5.3899999999999996E-5     -6.31234390758288E-7
5.4E-5                    -6.183864690460742E-7
5.41E-5                   -6.055385473338577E-7
5.4199999999999996E-5     -5.926906256216404E-7
5.43E-5                   -5.798427039094199E-7
5.4399999999999994E-5     -5.669947821971986E-7
5.4499999999999997E-5     -5.541468604849743E-7
5.46E-5                   -5.41298938772748E-7
5.4699999999999995E-5     -5.284510170605205E-7
5.48E-5                   -5.156030953482902E-7
5.49E-5                   -5.027551736360578E-7
5.4999999999999995E-5     -4.899072519238241E-7
5.51E-5                   -4.770593302115876E-7
5.52E-5                   -4.6421140849934903E-7
5.5299999999999996E-5     -4.513634867871094E-7
5.54E-5                   -4.3851556507486685E-7
5.55E-5                   -4.2566764336262216E-7
5.5599999999999996E-5     -4.128197216503765E-7
5.57E-5                   -3.999717999381279E-7
5.5799999999999994E-5     -3.8712387822587793E-7
5.59E-5                   -3.742759565136253E-7
5.6E-5                    -3.614280348013705E-7
5.6099999999999995E-5     -3.4858011308911464E-7
5.62E-5                   -3.357321913768557E-7
5.63E-5                   -3.2288426966459493E-7
5.6399999999999995E-5     -3.10036347952333E-7
5.65E-5                   -2.9718842624006813E-7
5.66E-5                   -2.843405045278012E-7
5.6699999999999996E-5     -2.714925828155331E-7
5.68E-5                   -2.5864466110326206E-7
5.69E-5                   -2.457967393909891E-7
5.6999999999999996E-5     -2.3294881767871498E-7
5.71E-5                   -2.2010089596643787E-7
5.7199999999999994E-5     -2.0725297425415964E-7
5.73E-5                   -1.9440505254187856E-7
5.74E-5                   -1.815571308295954E-7
5.7499999999999995E-5     -1.687092091173111E-7
5.76E-5                   -1.5586128740502387E-7
5.77E-5                   -1.4301336569273466E-7
5.7799999999999995E-5     -1.301654439804443E-7
5.79E-5                   -1.1731752226815094E-7
5.8E-5                    -1.0446960055585564E-7
5.8099999999999996E-5     -9.16216788435592E-8
5.82E-5                   -7.877375713125982E-8
5.8299999999999994E-5     -6.592583541895927E-8
5.8399999999999997E-5     -5.3077913706655854E-8
5.85E-5                   -4.0229991994350384E-8
5.8599999999999995E-5     -2.7382070282043773E-8
5.87E-5                   -1.4534148569734284E-8
5.88E-5                   -1.6862268574227165E-9
5.8899999999999995E-5     1.1161694854890013E-8
5.9E-5                    2.4009616567205586E-8
5.91E-5                   3.685753827952322E-8
5.9199999999999996E-5     4.970545999184202E-8
5.93E-5                   6.25533817041637E-8
5.94E-5                   7.540130341648741E-8
5.9499999999999996E-5     8.824922512881228E-8
5.96E-5                   1.0109714684114004E-7
5.9699999999999994E-5     1.1394506855346898E-7
5.98E-5                   1.2679299026580082E-7
5.99E-5                   1.391657090744402E-7
5.9999999999999995E-5     1.3695825809539072E-7
6.01E-5                   1.3475080711633508E-7
6.02E-5                   1.325433561372734E-7
6.0299999999999995E-5     1.3033590515820578E-7
6.04E-5                   1.2812845417913196E-7
6.05E-5                   1.2592100320005205E-7
6.0599999999999996E-5     1.2371355222096626E-7
6.07E-5                   1.2150610124187425E-7
6.08E-5                   1.1929865026277616E-7
6.0899999999999996E-5     1.1709119928367221E-7
6.1E-5                    1.1488374830456202E-7
6.11E-5                   1.1267629732544589E-7
6.12E-5                   1.1046884634632357E-7
6.13E-5                   1.0826139536719524E-7
6.14E-5                   1.0605394438806079E-7
6.149999999999999E-5      1.0384649340892058E-7
6.159999999999999E-5      1.0163904242977404E-7
6.17E-5                   9.943159145062142E-8
6.18E-5                   9.722414047146276E-8
6.19E-5                   9.5016689492298E-8
6.2E-5                    9.28092385131272E-8
6.209999999999999E-5      9.060178753395065E-8
6.22E-5                   8.839433655476773E-8
6.23E-5                   8.618688557557874E-8
6.24E-5                   8.397943459638371E-8
6.25E-5                   8.177198361718258E-8
6.26E-5                   7.956453263797542E-8
6.269999999999999E-5      7.735708165876252E-8
6.28E-5                   7.514963067954321E-8
6.29E-5                   7.294217970031787E-8
6.3E-5                    7.073472872108644E-8
6.31E-5                   6.8527277741849E-8
6.319999999999999E-5      6.631982676260576E-8
6.33E-5                   6.411237578335617E-8
6.34E-5                   6.190492480410051E-8
6.35E-5                   5.96974738248388E-8
6.36E-5                   5.749002284557103E-8
6.37E-5                   5.5282571866297195E-8
6.379999999999999E-5      5.3075120887017596E-8
6.39E-5                   5.0867669907731626E-8
6.4E-5                    4.866021892843961E-8
6.41E-5                   4.645276794914155E-8
6.42E-5                   4.424531696983741E-8
6.429999999999999E-5      4.20378659905275E-8
6.44E-5                   3.983041501121125E-8
6.45E-5                   3.762296403188893E-8
6.46E-5                   3.541551305256054E-8
6.47E-5                   3.320806207322609E-8
6.48E-5                   3.100061109388559E-8
6.489999999999999E-5      2.8793160114539335E-8
6.5E-5                    2.6585709135186707E-8
6.51E-5                   2.4378258155828014E-8
6.52E-5                   2.2170807176463276E-8
6.53E-5                   1.9963356197092466E-8
6.539999999999999E-5      1.7755905217715896E-8
6.549999999999999E-5      1.5548454238332973E-8
6.56E-5                   1.3341003258943977E-8
6.57E-5                   1.113355227954892E-8
6.58E-5                   8.926101300147815E-9
6.59E-5                   6.71865032074064E-9
6.599999999999999E-5      4.511199341327705E-9
6.61E-5                   2.303748361908404E-9
6.62E-5                   9.629738248305712E-11
6.63E-5                   -2.111153596948367E-9
6.64E-5                   -4.31860457638584E-9
6.65E-5                   -6.526055555829382E-9
6.659999999999999E-5      -8.733506535278678E-9
6.67E-5                   -1.094095751473434E-8
6.68E-5                   -1.3148408494196065E-8
6.69E-5                   -1.5355859473663848E-8
6.7E-5                    -1.756331045313768E-8
6.709999999999999E-5      -1.977076143261729E-8
6.72E-5                   -2.1978212412103262E-8
6.73E-5                   -2.418566339159529E-8
6.74E-5                   -2.6393114371093373E-8
6.75E-5                   -2.727539970595522E-8
6.76E-5                   -2.696765901510157E-8
6.769999999999999E-5      -2.665991832425398E-8
6.78E-5                   -2.635217763341239E-8
6.79E-5                   -2.6044436942576833E-8
6.8E-5                    -2.5736696251747304E-8
6.81E-5                   -2.5428955560923814E-8
6.819999999999999E-5      -2.5121214870106405E-8
6.829999999999999E-5      -2.4813474179294972E-8
6.84E-5                   -2.4505733488489594E-8
6.85E-5                   -2.4197992797690237E-8
6.86E-5                   -2.389025210689692E-8
6.87E-5                   -2.3582511416109627E-8
6.879999999999999E-5      -2.327477072532842E-8
6.89E-5                   -2.2967030034553206E-8
6.9E-5                    -2.2659289343784026E-8
6.91E-5                   -2.2351548653020867E-8
6.92E-5                   -2.2043807962263756E-8
6.929999999999999E-5      -2.1736067271512717E-8
6.939999999999999E-5      -2.142832658076767E-8
6.95E-5                   -2.1120585890028662E-8
6.96E-5                   -2.0812845199295685E-8
6.97E-5                   -2.0505104508568733E-8
6.98E-5                   -2.0197363817847824E-8
6.989999999999999E-5      -1.988962312713299E-8
7.0E-5                    -1.9581882436424142E-8
7.01E-5                   -1.9274141745721335E-8
7.02E-5                   -1.8966401055024562E-8
7.03E-5                   -1.865866036433382E-8
7.04E-5                   -1.835091967364912E-8
7.049999999999999E-5      -1.804317898297048E-8
7.06E-5                   -1.773543829229785E-8
7.07E-5                   -1.7427697601631242E-8
7.08E-5                   -1.711995691097067E-8
7.09E-5                   -1.6812216220316133E-8
7.099999999999999E-5      -1.6504475529667674E-8
7.11E-5                   -1.6196734839025204E-8
7.12E-5                   -1.588899414838877E-8
7.13E-5                   -1.558125345775837E-8
7.14E-5                   -1.5273512767134005E-8
7.15E-5                   -1.4965772076515676E-8
7.159999999999999E-5      -1.4658031385903418E-8
7.17E-5                   -1.435029069529715E-8
7.18E-5                   -1.404255000469692E-8
7.19E-5                   -1.3734809314102725E-8
7.2E-5                    -1.3427068623514565E-8
7.209999999999999E-5      -1.3119327932932476E-8
7.219999999999999E-5      -1.2811587242356382E-8
7.23E-5                   -1.2503846551786324E-8
7.24E-5                   -1.2196105861222298E-8
7.25E-5                   -1.1888365170664307E-8
7.26E-5                   -1.1580624480112347E-8
7.269999999999999E-5      -1.1272883789566467E-8
7.28E-5                   -1.0965143099026579E-8
7.29E-5                   -1.0657402408492721E-8
7.3E-5                    -1.0349661717964899E-8
7.31E-5                   -1.0041921027443114E-8
7.319999999999999E-5      -9.7341803369274E-9
7.329999999999999E-5      -9.426439646417682E-9
7.34E-5                   -9.118698955913994E-9
7.35E-5                   -8.810958265416346E-9
7.36E-5                   -8.503217574924728E-9
7.37E-5                   -8.195476884439141E-9
7.379999999999999E-5      -7.887736193959636E-9
7.39E-5                   -7.579995503486127E-9
7.4E-5                    -7.272254813018646E-9
7.41E-5                   -6.964514122557194E-9
7.42E-5                   -6.65677343210178E-9
7.429999999999999E-5      -6.3490327416524465E-9
7.439999999999999E-5      -6.041292051209096E-9
7.45E-5                   -5.733551360771786E-9
7.46E-5                   -5.425810670340509E-9
7.47E-5                   -5.118069979915264E-9
7.48E-5                   -4.810329289496056E-9
7.489999999999999E-5      -4.502588599082923E-9
7.5E-5                    -4.195897188297393E-9
7.51E-5                   -3.935494535742351E-9
7.52E-5                   -3.675091883192517E-9
7.53E-5                   -3.414689230647898E-9
7.54E-5                   -3.1542865781084877E-9
7.549999999999999E-5      -2.8938839255743276E-9
7.56E-5                   -2.633481273045351E-9
7.57E-5                   -2.37307862052157E-9
7.58E-5                   -2.1126759680030092E-9
7.59E-5                   -1.8522733154896624E-9
7.599999999999999E-5      -1.591870662981565E-9
7.609999999999999E-5      -1.3314680104786342E-9
7.62E-5                   -1.0710653579809211E-9
7.63E-5                   -8.106627054884249E-10
7.64E-5                   -5.502600530011311E-10
7.65E-5                   -2.8985740051905146E-10
7.659999999999999E-5      -2.945474804222655E-11
7.67E-5                   2.3094790442942817E-10
7.68E-5                   4.913505568958719E-10
7.69E-5                   7.517532093571046E-10
7.7E-5                    1.0121558618131186E-9
7.709999999999999E-5      1.2725585142638917E-9
7.719999999999999E-5      1.5329611667094884E-9
7.73E-5                   1.7933638191498667E-9
7.74E-5                   2.053766471585038E-9
7.75E-5                   2.314169124014999E-9
7.76E-5                   2.574571776439748E-9
7.769999999999999E-5      2.8349744288592446E-9
7.78E-5                   3.0953770812735727E-9
7.79E-5                   3.3557797336826817E-9
7.8E-5                    3.6161823860865815E-9
7.81E-5                   3.876585038485271E-9
7.819999999999999E-5      4.136987690878711E-9
7.829999999999999E-5      4.397390343266975E-9
7.84E-5                   4.657792995650026E-9
7.85E-5                   4.9181956480278675E-9
7.86E-5                   5.178598300400497E-9
7.87E-5                   5.439000952767913E-9
7.879999999999999E-5      5.699403605130082E-9
7.89E-5                   5.959806257487076E-9
7.9E-5                    6.220208909838855E-9
7.91E-5                   6.480611562185425E-9
7.92E-5                   6.741014214526784E-9
7.93E-5                   7.001416866862926E-9
7.939999999999999E-5      7.2618195191938265E-9
7.95E-5                   7.52222217151955E-9
7.96E-5                   7.78262482384006E-9
7.97E-5                   8.043027476155356E-9
7.98E-5                   8.303430128465444E-9
7.989999999999999E-5      8.56383278077028E-9
7.999999999999999E-5      8.824235433069944E-9
8.01E-5                   9.084638085364398E-9
8.02E-5                   9.345040737653634E-9
8.03E-5                   9.605443389937659E-9
8.04E-5                   9.865846042216477E-9
8.049999999999999E-5      1.012624869449005E-8
8.06E-5                   1.0386651346758436E-8
8.07E-5                   1.064705399902161E-8
8.08E-5                   1.0907456651279586E-8
8.09E-5                   1.1167859303532338E-8
8.099999999999999E-5      1.1428261955779845E-8
8.109999999999999E-5      1.1688664608022183E-8
8.12E-5                   1.1949067260259297E-8
8.13E-5                   1.2209469912491206E-8
8.14E-5                   1.2469872564717902E-8
8.15E-5                   1.273027521693939E-8
8.159999999999999E-5      1.2990677869155621E-8
8.17E-5                   1.3251080521366684E-8
8.18E-5                   1.3511483173572534E-8
8.19E-5                   1.377188582577317E-8
8.2E-5                    1.4032288477968599E-8
8.209999999999999E-5      1.4292691130158777E-8
8.219999999999999E-5      1.4553093782343782E-8
8.23E-5                   1.4813496434523564E-8
8.24E-5                   1.507389908669814E-8
8.25E-5                   1.533430173886751E-8
8.26E-5                   1.5306461848266885E-8
8.269999999999999E-5      1.5009838210851304E-8
8.28E-5                   1.4713214573433534E-8
8.29E-5                   1.4416590936013625E-8
8.3E-5                    1.4119967298591586E-8
8.31E-5                   1.382334366116739E-8
8.319999999999999E-5      1.3526720023741094E-8
8.329999999999999E-5      1.323009638631263E-8
8.34E-5                   1.2933472748882016E-8
8.35E-5                   1.2636849111449257E-8
8.36E-5                   1.2340225474014362E-8
8.37E-5                   1.2043601836577328E-8
8.379999999999999E-5      1.1746978199138184E-8
8.389999999999999E-5      1.1450354561696865E-8
8.4E-5                    1.1153730924253401E-8
8.41E-5                   1.0857107286807796E-8
8.42E-5                   1.0560483649360054E-8
8.43E-5                   1.0263860011910167E-8
8.439999999999999E-5      9.967236374458186E-9
8.45E-5                   9.670612737004012E-9
8.46E-5                   9.373989099547706E-9
8.47E-5                   9.077365462089259E-9
8.48E-5                   8.780741824628666E-9
8.489999999999999E-5      8.484118187165972E-9
8.499999999999999E-5      8.187494549701095E-9
8.51E-5                   7.89087091223408E-9
8.52E-5                   7.594247274764923E-9
8.53E-5                   7.297623637293622E-9
8.54E-5                   7.000999999820181E-9
8.549999999999999E-5      6.704376362344645E-9
8.56E-5                   6.407752724866919E-9
8.57E-5                   6.1111290873870564E-9
8.58E-5                   5.814505449905053E-9
8.59E-5                   5.517881812420905E-9
8.599999999999999E-5      5.221258174934658E-9
8.609999999999999E-5      4.9246345374462285E-9
8.62E-5                   4.6280108999556585E-9
8.63E-5                   4.331387262462947E-9
8.64E-5                   4.034763624968096E-9
8.65E-5                   3.738139987471097E-9
8.659999999999999E-5      3.441516349972006E-9
8.669999999999999E-5      3.1448927124707245E-9
8.68E-5                   2.848269074967308E-9
8.69E-5                   2.5516454374617503E-9
8.7E-5                    2.255021799954048E-9
8.709999999999999E-5      1.958398162444247E-9
8.719999999999999E-5      1.6617745249322652E-9
8.73E-5                   1.3651508874181394E-9
8.74E-5                   1.0685272499018744E-9
8.75E-5                   7.719036123834667E-10
8.76E-5                   4.752799748629168E-10
8.769999999999999E-5      1.786563373402668E-10
8.779999999999999E-5      -1.1796730018456348E-10
8.79E-5                   -4.145909377115361E-10
8.8E-5                    -7.11214575240649E-10
8.81E-5                   -1.0078382127719052E-9
8.82E-5                   -1.304461850305301E-9
8.829999999999999E-5      -1.6010854878407985E-9
8.84E-5                   -1.8977091253784767E-9
8.85E-5                   -2.194332762918297E-9
8.86E-5                   -2.4909564004602573E-9
8.87E-5                   -2.7875800380043604E-9
8.879999999999999E-5      -3.084203675550564E-9
8.889999999999999E-5      -3.3808273130989507E-9
8.9E-5                    -3.677450950649476E-9
8.91E-5                   -3.9740745882021425E-9
8.92E-5                   -4.270698225756955E-9
8.93E-5                   -4.567321863313906E-9
8.939999999999999E-5      -4.8639455008729565E-9
8.95E-5                   -5.160569138434189E-9
8.96E-5                   -5.457192775997566E-9
8.97E-5                   -5.753816413563081E-9
8.98E-5                   -6.050440051130737E-9
8.989999999999999E-5      -6.347063688700495E-9
8.999999999999999E-5      -6.643687326272435E-9
9.01E-5                   -6.940310963846517E-9
9.02E-5                   -7.2369346014227395E-9
9.03E-5                   -7.533558239001102E-9
9.04E-5                   -7.830181876581607E-9
9.049999999999999E-5      -8.126805514164214E-9
9.059999999999999E-5      -8.423429151749E-9
9.07E-5                   -8.720052789335928E-9
9.08E-5                   -9.016676426925004E-9
9.09E-5                   -9.313300064516212E-9
9.099999999999999E-5      -9.609923702109524E-9
9.109999999999999E-5      -9.906547339705015E-9
9.12E-5                   -1.0203170977302654E-8
9.13E-5                   -1.0499794614902428E-8
9.14E-5                   -1.0796418252504345E-8
9.15E-5                   -1.1093041890108411E-8
9.159999999999999E-5      -1.1389665527714566E-8
9.169999999999999E-5      -1.1686289165322912E-8
9.18E-5                   -1.1982912802933393E-8
9.19E-5                   -1.2279536440546024E-8
9.2E-5                    -1.2576160078160782E-8
9.21E-5                   -1.2872783715777692E-8
9.219999999999999E-5      -1.3169407353396703E-8
9.23E-5                   -1.3466030991017887E-8
9.24E-5                   -1.3762654628641218E-8
9.25E-5                   -1.405927826626669E-8
9.26E-5                   -1.4052410301100518E-8
9.269999999999999E-5      -1.3762538968901686E-8
9.279999999999999E-5      -1.3472667636704106E-8
9.29E-5                   -1.318279630450781E-8
9.3E-5                    -1.2892924972312818E-8
9.31E-5                   -1.2603053640119106E-8
9.32E-5                   -1.2313182307926688E-8
9.329999999999999E-5      -1.20233109757356E-8
9.34E-5                   -1.1733439643545766E-8
9.35E-5                   -1.1443568311357224E-8
9.36E-5                   -1.1153696979169972E-8
9.37E-5                   -1.0863825646984006E-8
9.379999999999999E-5      -1.0573954314799376E-8
9.389999999999999E-5      -1.0284082982615993E-8
9.4E-5                    -9.994211650433908E-9
9.41E-5                   -9.704340318253105E-9
9.42E-5                   -9.414468986073595E-9
9.43E-5                   -9.124597653895381E-9
9.439999999999999E-5      -8.834726321718494E-9
9.449999999999999E-5      -8.54485498954286E-9
9.46E-5                   -8.254983657368522E-9
9.47E-5                   -7.965112325195468E-9
9.48E-5                   -7.675240993023706E-9
9.489999999999999E-5      -7.385369660853274E-9
9.499999999999999E-5      -7.095498328684097E-9
9.51E-5                   -6.805626996516211E-9
9.52E-5                   -6.515755664349608E-9
9.53E-5                   -6.225884332184299E-9
9.54E-5                   -5.936013000020285E-9
9.549999999999999E-5      -5.6461416678576E-9
9.559999999999999E-5      -5.356270335696168E-9
9.57E-5                   -5.066399003536023E-9
9.58E-5                   -4.776527671377174E-9
9.59E-5                   -4.486656339219613E-9
9.6E-5                    -4.196785007063343E-9
9.609999999999999E-5      -3.906913674908406E-9
9.62E-5                   -3.6170423427547185E-9
9.63E-5                   -3.3271710106023227E-9
9.64E-5                   -3.0372996784512152E-9
9.65E-5                   -2.7474283463013977E-9
9.659999999999999E-5      -2.457557014152918E-9
9.669999999999999E-5      -2.167685682005683E-9
9.68E-5                   -1.8778143498597402E-9
9.69E-5                   -1.5879430177150904E-9
9.7E-5                    -1.298071685571731E-9
9.71E-5                   -1.0082003534296633E-9
9.719999999999999E-5      -7.183290212889244E-10
9.73E-5                   -4.2845768914943756E-10
9.74E-5                   -1.3858635701124275E-10
9.75E-5                   1.5128497512566223E-10
9.76E-5                   4.4115630726127743E-10
9.769999999999999E-5      7.310276393955616E-10
9.779999999999999E-5      1.020898971528593E-9
9.79E-5                   1.310770303660333E-9
9.8E-5                    1.6006416357907819E-9
9.81E-5                   1.890512967919942E-9
9.82E-5                   2.1803843000478094E-9
9.829999999999999E-5      2.470255632174347E-9
9.839999999999999E-5      2.7601269642996316E-9
9.85E-5                   3.049998296423627E-9
9.86E-5                   3.3398696285463308E-9
9.87E-5                   3.629740960667744E-9
9.879999999999999E-5      3.919612292787825E-9
9.889999999999999E-5      4.209483624906657E-9
9.9E-5                    4.499354957024196E-9
9.91E-5                   4.789226289140447E-9
9.92E-5                   5.079097621255403E-9
9.93E-5                   5.368968953369072E-9
9.939999999999999E-5      5.658840285481407E-9
9.949999999999999E-5      5.948711617592492E-9
9.96E-5                   6.238582949702285E-9
9.97E-5                   6.528454281810789E-9
9.98E-5                   6.818325613918002E-9
9.989999999999999E-5      7.108196946023882E-9
9.999999999999999E-5      7.398068278128512E-9
