% Model:              20230225_JW_4_35.mph
% Version:            COMSOL 5.6.0.401
% Date:               Feb 25 2023, 21:03
% Dimension:          1
% Nodes:              1001
% Expressions:        1
% Description:        点图
% X                       Height
0                         8.410780387631833
1.0E-7                    8.437378297569278
2.0E-7                    8.414445955487
3.0E-7                    8.373480199421685
4.0E-7                    8.272982640769055
5.0E-7                    8.12123665577156
6.0E-7                    7.940685329265226
7.0E-7                    7.736867937517434
8.0E-7                    7.5210485700910965
9.0E-7                    7.304982202848291
1.0E-6                    7.090421652492526
1.1E-6                    6.88032969977723
1.2E-6                    6.675819326210207
1.2999999999999998E-6     6.477047983761191
1.4E-6                    6.283678535858014
1.5E-6                    6.095729938564931
1.6E-6                    5.91379762287479
1.6999999999999998E-6     5.736944954632886
1.8E-6                    5.565121719694705
1.9E-6                    5.3982629779600515
2.0E-6                    5.236017457466383
2.1E-6                    5.0785117480392135
2.2E-6                    4.9255914950756905
2.3E-6                    4.776976014428392
2.4E-6                    4.633147360167322
2.4999999999999998E-6     4.492090041786444
2.5999999999999997E-6     4.355011593332191
2.7E-6                    4.22497914588305
2.8E-6                    4.097222766637682
2.8999999999999998E-6     3.9752702760702165
3.0E-6                    3.854810784426556
3.1E-6                    3.738881939178547
3.2E-6                    3.6253694406104127
3.2999999999999997E-6     3.515031963582075
3.3999999999999996E-6     3.4084822283696203
3.5E-6                    3.3052028750789697
3.6E-6                    3.204891823529125
3.6999999999999997E-6     3.1075025181209583
3.8E-6                    3.012991496548611
3.9E-6                    2.9213513922343406
4.0E-6                    2.8324978907541016
4.1E-6                    2.746288607407704
4.2E-6                    2.662666388017697
4.2999999999999995E-6     2.5815788264824886
4.4E-6                    2.5030797682693904
4.5E-6                    2.4268447289267785
4.6E-6                    2.352954647808433
4.7E-6                    2.281415591545466
4.8E-6                    2.2118817252336873
4.9E-6                    2.14462865912512
4.9999999999999996E-6     2.0796906227632923
5.0999999999999995E-6     2.015996348293591
5.199999999999999E-6      1.9549148674204124
5.3E-6                    1.895472454588997
5.4E-6                    1.8374843001208354
5.5E-6                    1.7815587000097561
5.6E-6                    1.7274518482476717
5.7E-6                    1.6746798302141037
5.7999999999999995E-6     1.6235184950011592
5.899999999999999E-6      1.5742984240831284
6.0E-6                    1.5262819595424906
6.1E-6                    1.4794655249377446
6.2E-6                    1.4346770576859766
6.3E-6                    1.3907508275606306
6.4E-6                    1.3479682448421055
6.5E-6                    1.307170590392719
6.5999999999999995E-6     1.2673056107769773
6.699999999999999E-6      1.2287440758632817
6.799999999999999E-6      1.1912655022011969
6.9E-6                    1.1549685598490504
7.0E-6                    1.1197578071157381
7.1E-6                    1.0856186572172148
7.2E-6                    1.0525197727051452
7.2999999999999996E-6     1.0204282554923914
7.3999999999999995E-6     0.989303968236781
7.499999999999999E-6      0.9591541539603096
7.6E-6                    0.9299206442662957
7.699999999999999E-6      0.9015553436542316
7.8E-6                    0.8740358167814024
7.899999999999999E-6      0.8474012550368255
8.0E-6                    0.8215691104533229
8.1E-6                    0.796594046561356
8.2E-6                    0.7723059184512268
8.3E-6                    0.748744245722459
8.4E-6                    0.7258858704363667
8.5E-6                    0.7037128929329702
8.599999999999999E-6      0.6821994283955083
8.7E-6                    0.6614303190320653
8.8E-6                    0.6412877452994236
8.9E-6                    0.6217433069733533
9.0E-6                    0.602785077963366
9.1E-6                    0.5843926864957163
9.2E-6                    0.5666331749681635
9.299999999999999E-6      0.5495337233627815
9.4E-6                    0.5324355845147223
9.499999999999999E-6      0.5165054766026163
9.6E-6                    0.5005753954046158
9.7E-6                    0.48542285052099887
9.8E-6                    0.4705840037016237
9.9E-6                    0.456175577845829
9.999999999999999E-6      0.4423519193276052
1.01E-5                   0.42865633290152183
1.0199999999999999E-5     0.4157783470111246
1.03E-5                   0.4029003745757329
1.0399999999999999E-5     0.39077210779885974
1.05E-5                   0.37877942529133407
1.06E-5                   0.3672422301788689
1.07E-5                   0.35606540080129834
1.08E-5                   0.3450964584219659
1.0899999999999999E-5     0.33469031976683433
1.1E-5                    0.32428418829368194
1.1099999999999999E-5     0.3145714427965766
1.12E-5                   0.3048720057911336
1.13E-5                   0.2956356560781274
1.14E-5                   0.2866048283766243
1.15E-5                   0.2778227199282387
1.1599999999999999E-5     0.26940744723099874
1.17E-5                   0.26105859946230003
1.1799999999999999E-5     0.25321843654747483
1.19E-5                   0.2453782767644102
1.2E-5                    0.2379866205053367
1.21E-5                   0.23068883158800527
1.22E-5                   0.22365361123824568
1.2299999999999999E-5     0.21684352867991313
1.24E-5                   0.2101546208082587
1.2499999999999999E-5     0.20382959533298128
1.26E-5                   0.197504571955887
1.2699999999999999E-5     0.19157085017961786
1.28E-5                   0.18565290155140987
1.29E-5                   0.18002818415427824
1.3E-5                    0.1745461434863315
1.31E-5                   0.1691968378309194
1.3199999999999999E-5     0.16406033893840735
1.33E-5                   0.1589591504188571
1.3399999999999999E-5     0.15419211714860956
1.35E-5                   0.149425085582542
1.3599999999999999E-5     0.14492988157965125
1.37E-5                   0.1404996817166187
1.38E-5                   0.13613315644414392
1.3899999999999999E-5     0.1318351411278729
1.4E-5                    0.12785680208300151
1.4099999999999999E-5     0.12402592910147929
1.42E-5                   0.12019926948776255
1.4299999999999999E-5     0.11650938784467868
1.44E-5                   0.11294765697472435
1.45E-5                   0.10946748805196113
1.4599999999999999E-5     0.10613441855975103
1.47E-5                   0.10287820339312671
1.4799999999999999E-5     0.09975328191881552
1.49E-5                   0.09669587160303497
1.4999999999999999E-5     0.09375683804128693
1.51E-5                   0.09089965726849411
1.52E-5                   0.08812610166000344
1.53E-5                   0.0854321822389501
1.5399999999999998E-5     0.08282795472240774
1.55E-5                   0.08030808342829175
1.56E-5                   0.07786007162855695
1.57E-5                   0.07548190741771527
1.5799999999999998E-5     0.07317573444787427
1.59E-5                   0.07094112532578795
1.6E-5                    0.06877401371931385
1.61E-5                   0.06671392796764065
1.62E-5                   0.0646653879339023
1.63E-5                   0.06269484611869891
1.64E-5                   0.06078992155039233
1.6499999999999998E-5     0.05890957958774782
1.66E-5                   0.05713855943312833
1.67E-5                   0.05536753931164502
1.68E-5                   0.05370056976867674
1.69E-5                   0.05205581527836231
1.7E-5                    0.050488491907549816
1.71E-5                   0.04901042112208652
1.7199999999999998E-5     0.047532350362066184
1.73E-5                   0.0460542796243759
1.74E-5                   0.04457620890590286
1.75E-5                   0.043248880754614485
1.76E-5                   0.04197301456160037
1.77E-5                   0.040697148381160606
1.78E-5                   0.039421282211277976
1.7899999999999998E-5     0.03814999761677366
1.8E-5                    0.03704733540967653
1.81E-5                   0.03594467321739252
1.82E-5                   0.034842011038628884
1.8299999999999998E-5     0.033739348872092914
1.84E-5                   0.032683017287446416
1.85E-5                   0.031731068666919375
1.8599999999999998E-5     0.03077912004919527
1.87E-5                   0.029827171433437258
1.88E-5                   0.02887522281880857
1.89E-5                   0.027999427494797672
1.8999999999999998E-5     0.027176911052979105
1.91E-5                   0.026354394618210666
1.92E-5                   0.025531878189954903
1.9299999999999998E-5     0.02470936176767425
1.94E-5                   0.024023579392526622
1.95E-5                   0.023358351335265717
1.96E-5                   0.022693123278422787
1.9699999999999998E-5     0.022027895221712862
1.98E-5                   0.021362667164850985
1.99E-5                   0.020697439107552243
1.9999999999999998E-5     0.020032211049531668
2.01E-5                   0.019366982990504284
2.02E-5                   0.018701754930185183
2.03E-5                   0.01810972925438573
2.0399999999999998E-5     0.017614252381907468
2.05E-5                   0.017118775512246078
2.06E-5                   0.016623298645283936
2.07E-5                   0.01612782178090338
2.0799999999999997E-5     0.01563234491898676
2.09E-5                   0.015136868059416409
2.1E-5                    0.014641391202074715
2.1099999999999998E-5     0.014145914346844004
2.12E-5                   0.013650437493606615
2.13E-5                   0.013280570120384706
2.14E-5                   0.012911569609713874
2.1499999999999997E-5     0.012542569099007226
2.16E-5                   0.012173568588216119
2.17E-5                   0.011804568077291947
2.1799999999999998E-5     0.011435567566186062
2.19E-5                   0.011066567054849824
2.2E-5                    0.010697566543234626
2.21E-5                   0.01032856603129182
2.2199999999999998E-5     0.010011811439285664
2.23E-5                   0.009736937769347068
2.24E-5                   0.009462064099715214
2.2499999999999998E-5     0.00918719043037001
2.26E-5                   0.008912316761291367
2.27E-5                   0.008637443092459224
2.28E-5                   0.008362569423853486
2.2899999999999998E-5     0.008087695755454075
2.3E-5                    0.007812822087240903
2.31E-5                   0.007546160531963839
2.3199999999999998E-5     0.0073414930836582515
2.33E-5                   0.007136825635459744
2.34E-5                   0.006932158187360021
2.35E-5                   0.006727490739350776
2.3599999999999998E-5     0.006522823291423706
2.37E-5                   0.006318155843570504
2.38E-5                   0.006113488395782877
2.3899999999999998E-5     0.005908820948052518
2.4E-5                    0.005704153500371116
2.41E-5                   0.005534907230259802
2.42E-5                   0.005382415384654274
2.4299999999999998E-5     0.005229923538979468
2.44E-5                   0.005077431693231956
2.45E-5                   0.004924939847408317
2.4599999999999998E-5     0.004772448001505121
2.4699999999999997E-5     0.00461995615551894
2.48E-5                   0.004467464309446341
2.49E-5                   0.004314972463283911
2.4999999999999998E-5     0.0041718622729388965
2.51E-5                   0.004058331349983976
2.52E-5                   0.00394480042710995
2.53E-5                   0.0038312695043153967
2.5399999999999997E-5     0.0037177385815988966
2.55E-5                   0.003604207658959034
2.56E-5                   0.003490676736394394
2.5699999999999998E-5     0.0033771458139035585
2.58E-5                   0.0032636148914851064
2.59E-5                   0.003150083969137629
2.6E-5                    0.00306742016712939
2.6099999999999997E-5     0.002992342922976458
2.62E-5                   0.002917265678778653
2.63E-5                   0.0028421884345355723
2.6399999999999998E-5     0.002767111190246802
2.65E-5                   0.0026920339459119307
2.66E-5                   0.0026169567015305534
2.67E-5                   0.0025418794571022587
2.6799999999999998E-5     0.002466802212626638
2.69E-5                   0.0023917249681032773
2.7E-5                    0.002316647723531773
2.7099999999999998E-5     0.0022415704789117137
2.7199999999999997E-5     0.002166493234242689
2.73E-5                   0.0020914159895242873
2.74E-5                   0.0020163387447561043
2.7499999999999998E-5     0.0019412614999377274
2.76E-5                   0.0018661842550687453
2.77E-5                   0.0017911070101487533
2.7799999999999998E-5     0.0017160297651773386
2.7899999999999997E-5     0.0016724515076088904
2.8E-5                    0.001631370827226626
2.81E-5                   0.0015902901468665142
2.8199999999999998E-5     0.0015492094665284866
2.83E-5                   0.0015081287862124745
2.84E-5                   0.0014670481059184148
2.8499999999999998E-5     0.0014259674256462376
2.8599999999999997E-5     0.0013848867453958775
2.87E-5                   0.0013438060651672652
2.88E-5                   0.0013027253849603366
2.8899999999999998E-5     0.0012616447047750238
2.9E-5                    0.0012205640246112578
2.91E-5                   0.0011794833444689755
2.9199999999999998E-5     0.001138402664348107
2.9299999999999997E-5     0.0010973219842485866
2.94E-5                   0.0010562413041703457
2.95E-5                   0.0010151606241133198
2.9599999999999998E-5     9.74079944077441E-4
2.97E-5                   9.339384962631629E-4
2.98E-5                   9.115082979925827E-4
2.99E-5                   8.890780997145662E-4
2.9999999999999997E-5     8.666479014291029E-4
3.01E-5                   8.442177031361811E-4
3.02E-5                   8.217875048357909E-4
3.0299999999999998E-5     7.993573065279211E-4
3.04E-5                   7.769271082125597E-4
3.05E-5                   7.544969098896976E-4
3.06E-5                   7.320667115593225E-4
3.07E-5                   7.096365132214232E-4
3.0799999999999996E-5     6.872063148759907E-4
3.09E-5                   6.647761165230111E-4
3.1E-5                    6.42345918162475E-4
3.11E-5                   6.19915719794373E-4
3.12E-5                   5.974855214186909E-4
3.13E-5                   5.750553230354196E-4
3.14E-5                   5.526251246445494E-4
3.15E-5                   5.301949262460662E-4
3.1599999999999996E-5     5.095296547727035E-4
3.17E-5                   4.972319459093815E-4
3.18E-5                   4.8493423704842734E-4
3.1899999999999996E-5     4.7263652818984025E-4
3.2E-5                    4.6033881933361644E-4
3.21E-5                   4.480411104797552E-4
3.22E-5                   4.3574340162825576E-4
3.23E-5                   4.2344569277911434E-4
3.24E-5                   4.1114798393233014E-4
3.25E-5                   3.9885027508790224E-4
3.26E-5                   3.86552566245827E-4
3.2699999999999995E-5     3.7425485740610453E-4
3.28E-5                   3.6195714856873115E-4
3.29E-5                   3.49659439733706E-4
3.2999999999999996E-5     3.373617309010283E-4
3.31E-5                   3.2506402207069425E-4
3.32E-5                   3.127663132427032E-4
3.3299999999999996E-5     3.004686044170541E-4
3.34E-5                   2.881708955937434E-4
3.35E-5                   2.7790416802934216E-4
3.36E-5                   2.724215998508123E-4
3.37E-5                   2.6693903167195564E-4
3.38E-5                   2.6145646349277235E-4
3.39E-5                   2.5597389531326254E-4
3.4E-5                    2.504913271334255E-4
3.4099999999999995E-5     2.450087589532617E-4
3.42E-5                   2.3952619077277022E-4
3.43E-5                   2.3404362259195132E-4
3.4399999999999996E-5     2.2856105441080516E-4
3.45E-5                   2.2307848622933087E-4
3.46E-5                   2.175959180475287E-4
3.4699999999999996E-5     2.1211334986539883E-4
3.48E-5                   2.066307816829403E-4
3.49E-5                   2.0114821350015338E-4
3.5E-5                    1.9566564531703828E-4
3.51E-5                   1.9018307713359405E-4
3.52E-5                   1.84700508949821E-4
3.53E-5                   1.7921794076571917E-4
3.54E-5                   1.7373537258128787E-4
3.5499999999999996E-5     1.6825280439652755E-4
3.56E-5                   1.6277023621143733E-4
3.57E-5                   1.5728766802601736E-4
3.5799999999999996E-5     1.5180509984026803E-4
3.59E-5                   1.4632253165418826E-4
3.6E-5                    1.4083996346777832E-4
3.6099999999999997E-5     1.3535739528103846E-4
3.62E-5                   1.298748270939677E-4
3.63E-5                   1.2439225890656632E-4
3.64E-5                   1.189096907188345E-4
3.65E-5                   1.1342712253077136E-4
3.6599999999999995E-5     1.0794455434237747E-4
3.67E-5                   1.0246198615365188E-4
3.68E-5                   9.697941796459485E-5
3.6899999999999996E-5     9.149684977520664E-5
3.7E-5                    8.601428158548623E-5
3.71E-5                   8.053171339543393E-5
3.7199999999999996E-5     7.504914520504988E-5
3.73E-5                   7.177698298068444E-5
3.74E-5                   7.034529488168257E-5
3.75E-5                   6.891360678272203E-5
3.76E-5                   6.748191868380266E-5
3.77E-5                   6.60502305849246E-5
3.78E-5                   6.461854248608784E-5
3.79E-5                   6.318685438729224E-5
3.7999999999999995E-5     6.175516628853803E-5
3.81E-5                   6.032347818982492E-5
3.82E-5                   5.889179009115308E-5
3.8299999999999996E-5     5.746010199252258E-5
3.84E-5                   5.602841389393322E-5
3.85E-5                   5.4596725795385086E-5
3.8599999999999996E-5     5.3165037696878297E-5
3.87E-5                   5.173334959841264E-5
3.88E-5                   5.0301661499988194E-5
3.89E-5                   4.886997340160509E-5
3.9E-5                    4.7438285303263106E-5
3.9099999999999995E-5     4.600659720496243E-5
3.92E-5                   4.457490910670289E-5
3.93E-5                   4.314322100848455E-5
3.9399999999999995E-5     4.171153291030753E-5
3.95E-5                   4.027984481217162E-5
3.96E-5                   3.88481567140769E-5
3.9699999999999996E-5     3.7416468616023504E-5
3.98E-5                   3.59847805180112E-5
3.99E-5                   3.45530924200401E-5
3.9999999999999996E-5     3.3121404322110274E-5
4.01E-5                   3.1689716224221554E-5
4.02E-5                   3.0258028126374016E-5
4.03E-5                   2.8826340028567767E-5
4.04E-5                   2.7394651930802605E-5
4.0499999999999995E-5     2.596296383307871E-5
4.06E-5                   2.453127573539591E-5
4.07E-5                   2.309958763775428E-5
4.0799999999999996E-5     2.1667899540153917E-5
4.09E-5                   2.0236211442594625E-5
4.1E-5                    1.8804523345076505E-5
4.1099999999999996E-5     1.8222417758668295E-5
4.12E-5                   1.7861661897415482E-5
4.13E-5                   1.7500906036159698E-5
4.14E-5                   1.7140150174900962E-5
4.15E-5                   1.6779394313639235E-5
4.1599999999999995E-5     1.6418638452374557E-5
4.17E-5                   1.6057882591106887E-5
4.18E-5                   1.5697126729836246E-5
4.1899999999999995E-5     1.5336370868562664E-5
4.2E-5                    1.497561500728608E-5
4.21E-5                   1.4614859146006528E-5
4.2199999999999996E-5     1.4254103284724028E-5
4.23E-5                   1.3893347423438528E-5
4.24E-5                   1.3532591562150062E-5
4.2499999999999996E-5     1.3171835700858648E-5
4.26E-5                   1.2811079839564239E-5
4.27E-5                   1.2450323978266858E-5
4.28E-5                   1.208956811696653E-5
4.29E-5                   1.1728812255663205E-5
4.2999999999999995E-5     1.1368056394356934E-5
4.31E-5                   1.1007300533047668E-5
4.32E-5                   1.0646544671735429E-5
4.3299999999999995E-5     1.0285788810420246E-5
4.34E-5                   9.925032949102067E-6
4.35E-5                   9.564277087780912E-6
4.3599999999999996E-5     9.203521226456811E-6
4.37E-5                   8.842765365129714E-6
4.38E-5                   8.482009503799646E-6
4.3899999999999996E-5     8.121253642466631E-6
4.4E-5                    7.760497781130618E-6
4.41E-5                   7.399741919791633E-6
4.42E-5                   7.038986058449702E-6
4.43E-5                   6.678230197104774E-6
4.4399999999999995E-5     6.317474335756899E-6
4.45E-5                   5.956718474406027E-6
4.46E-5                   5.595962613052182E-6
4.4699999999999996E-5     5.235206751695391E-6
4.48E-5                   4.88626452938784E-6
4.49E-5                   4.813915792852866E-6
4.4999999999999996E-5     4.741567056317838E-6
4.51E-5                   4.669218319782747E-6
4.52E-5                   4.596869583247598E-6
4.5299999999999997E-5     4.5245208467123954E-6
4.54E-5                   4.452172110177129E-6
4.5499999999999995E-5     4.37982337364181E-6
4.56E-5                   4.307474637106428E-6
4.57E-5                   4.235125900570987E-6
4.5799999999999995E-5     4.162777164035494E-6
4.59E-5                   4.090428427499937E-6
4.6E-5                    4.018079690964322E-6
4.6099999999999996E-5     3.945730954428654E-6
4.62E-5                   3.873382217892922E-6
4.63E-5                   3.8010334813571323E-6
4.6399999999999996E-5     3.728684744821289E-6
4.65E-5                   3.6563360082853834E-6
4.66E-5                   3.5839872717494175E-6
4.67E-5                   3.5116385352133995E-6
4.68E-5                   3.4392897986773196E-6
4.6899999999999995E-5     3.3669410621411843E-6
4.7E-5                    3.2945923256049867E-6
4.71E-5                   3.2222435890687307E-6
4.7199999999999995E-5     3.1498948525324217E-6
4.73E-5                   3.0775461159960496E-6
4.74E-5                   3.005197379459619E-6
4.7499999999999996E-5     2.9328486429231344E-6
4.76E-5                   2.860499906386588E-6
4.77E-5                   2.788151169849982E-6
4.7799999999999996E-5     2.715802433313324E-6
4.79E-5                   2.6434536967766012E-6
4.8E-5                    2.5711049602398217E-6
4.81E-5                   2.4987562237029876E-6
4.82E-5                   2.4264074871660912E-6
4.8299999999999995E-5     2.3540587506291423E-6
4.84E-5                   2.281710014092128E-6
4.85E-5                   2.2093612775550577E-6
4.8599999999999995E-5     2.137012541017932E-6
4.87E-5                   2.064663804480745E-6
4.88E-5                   1.992315067943498E-6
4.8899999999999996E-5     1.9199663314061987E-6
4.9E-5                    1.847617594868836E-6
4.91E-5                   1.7752688583314148E-6
4.9199999999999997E-5     1.702920121793941E-6
4.93E-5                   1.6305713852564034E-6
4.9399999999999995E-5     1.5582226487188124E-6
4.95E-5                   1.4858739121811586E-6
4.96E-5                   1.4135251756434465E-6
4.9699999999999995E-5     1.3411764391056809E-6
4.98E-5                   1.268827702567852E-6
4.99E-5                   1.196478966029965E-6
4.9999999999999996E-5     1.1241302294920247E-6
5.01E-5                   1.051781492954021E-6
5.02E-5                   9.794327564159594E-7
5.0299999999999996E-5     9.070840198778442E-7
5.04E-5                   8.347352833396659E-7
5.05E-5                   7.623865468014293E-7
5.06E-5                   6.900378102631397E-7
5.07E-5                   6.176890737247865E-7
5.0799999999999995E-5     5.453403371863801E-7
5.09E-5                   4.729916006479105E-7
5.1E-5                    4.006428641093825E-7
5.1099999999999995E-5     3.282941275708012E-7
5.12E-5                   2.559453910321569E-7
5.13E-5                   1.8359665449345417E-7
5.1399999999999996E-5     1.1124791795469828E-7
5.15E-5                   3.889918141587897E-8
5.16E-5                   -3.3449555122998527E-8
5.1699999999999996E-5     -1.0579829166192937E-7
5.18E-5                   -1.7814702820092332E-7
5.1899999999999994E-5     -2.5049576473997064E-7
5.2E-5                    -3.2284450127908123E-7
5.21E-5                   -3.9519323781825E-7
5.2199999999999995E-5     -4.675419743574722E-7
5.23E-5                   -5.398907108967575E-7
5.24E-5                   -5.688181999265847E-7
5.2499999999999995E-5     -5.60196827078601E-7
5.26E-5                   -5.515754542306386E-7
5.27E-5                   -5.429540813826979E-7
5.2799999999999996E-5     -5.343327085347793E-7
5.29E-5                   -5.257113356868818E-7
5.3E-5                    -5.170899628390059E-7
5.3099999999999996E-5     -5.084685899911526E-7
5.32E-5                   -4.9984721714332E-7
5.3299999999999995E-5     -4.9122584429551E-7
5.34E-5                   -4.826044714477207E-7
5.35E-5                   -4.739830985999534E-7
5.3599999999999995E-5     -4.653617257522084E-7
5.37E-5                   -4.567403529044843E-7
5.38E-5                   -4.481189800567818E-7
5.3899999999999996E-5     -4.394976072091017E-7
5.4E-5                    -4.308762343614427E-7
5.41E-5                   -4.222548615138053E-7
5.4199999999999996E-5     -4.1363348866619023E-7
5.43E-5                   -4.0501211581859625E-7
5.4399999999999994E-5     -3.963907429710245E-7
5.4499999999999997E-5     -3.8776937012347377E-7
5.46E-5                   -3.791479972759448E-7
5.4699999999999995E-5     -3.7052662442843806E-7
5.48E-5                   -3.6190525158095244E-7
5.49E-5                   -3.5328387873348843E-7
5.4999999999999995E-5     -3.446625058860467E-7
5.51E-5                   -3.3604113303862604E-7
5.52E-5                   -3.274197601912272E-7
5.5299999999999996E-5     -3.187983873438504E-7
5.54E-5                   -3.101770144964949E-7
5.55E-5                   -3.0155564164916094E-7
5.5599999999999996E-5     -2.9293426880184923E-7
5.57E-5                   -2.8431289595455875E-7
5.5799999999999994E-5     -2.7569152310729035E-7
5.59E-5                   -2.6707015026004323E-7
5.6E-5                    -2.584487774128176E-7
5.6099999999999995E-5     -2.498274045656143E-7
5.62E-5                   -2.4120603171843204E-7
5.63E-5                   -2.325846588712715E-7
5.6399999999999995E-5     -2.239632860241333E-7
5.65E-5                   -2.153419131770161E-7
5.66E-5                   -2.067205403299206E-7
5.6699999999999996E-5     -1.980991674828473E-7
5.68E-5                   -1.8947779463579512E-7
5.69E-5                   -1.8085642178876468E-7
5.6999999999999996E-5     -1.722350489417564E-7
5.71E-5                   -1.6361367609476924E-7
5.7199999999999994E-5     -1.5499230324780436E-7
5.73E-5                   -1.4637093040086056E-7
5.74E-5                   -1.3774955755393848E-7
5.7499999999999995E-5     -1.291281847070386E-7
5.76E-5                   -1.205068118601598E-7
5.77E-5                   -1.1188543901330274E-7
5.7799999999999995E-5     -1.0326406616646785E-7
5.79E-5                   -9.464269331965411E-8
5.8E-5                    -8.602132047286203E-8
5.8099999999999996E-5     -7.739994762609222E-8
5.82E-5                   -6.877857477934349E-8
5.8299999999999994E-5     -6.015720193261701E-8
5.8399999999999997E-5     -5.153582908591162E-8
5.85E-5                   -4.29144562392279E-8
5.8599999999999995E-5     -3.429308339256648E-8
5.87E-5                   -2.567171054592611E-8
5.88E-5                   -1.7050337699307412E-8
5.8899999999999995E-5     -8.428964852710975E-9
5.9E-5                    1.9240799386434779E-10
5.91E-5                   8.813780840418023E-9
5.9199999999999996E-5     1.7435153686949437E-8
5.93E-5                   2.6056526533459763E-8
5.94E-5                   3.46778993799484E-8
5.9499999999999996E-5     4.3299272226414795E-8
5.96E-5                   5.192064507286008E-8
5.9699999999999994E-5     6.054201791928312E-8
5.98E-5                   6.916339076568507E-8
5.99E-5                   7.748186545069552E-8
5.9999999999999995E-5     7.650682238397917E-8
6.01E-5                   7.553177931725476E-8
6.02E-5                   7.455673625052232E-8
6.0299999999999995E-5     7.358169318378196E-8
6.04E-5                   7.26066501170335E-8
6.05E-5                   7.163160705027702E-8
6.0599999999999996E-5     7.065656398351261E-8
6.07E-5                   6.968152091674014E-8
6.08E-5                   6.870647784995965E-8
6.0899999999999996E-5     6.773143478317123E-8
6.1E-5                    6.67563917163747E-8
6.11E-5                   6.578134864957025E-8
6.12E-5                   6.480630558275773E-8
6.13E-5                   6.383126251593717E-8
6.14E-5                   6.285621944910864E-8
6.149999999999999E-5      6.18811763822722E-8
6.159999999999999E-5      6.090613331542764E-8
6.17E-5                   5.993109024857507E-8
6.18E-5                   5.895604718171447E-8
6.19E-5                   5.798100411484587E-8
6.2E-5                    5.7005961047969274E-8
6.209999999999999E-5      5.603091798108479E-8
6.22E-5                   5.5055874914192164E-8
6.23E-5                   5.408083184729153E-8
6.24E-5                   5.3105788780382894E-8
6.25E-5                   5.2130745713466215E-8
6.26E-5                   5.115570264654157E-8
6.269999999999999E-5      5.018065957960903E-8
6.28E-5                   4.9205616512668346E-8
6.29E-5                   4.823057344571965E-8
6.3E-5                    4.7255530378762944E-8
6.31E-5                   4.628048731179823E-8
6.319999999999999E-5      4.5305444244825646E-8
6.33E-5                   4.4330401177844916E-8
6.34E-5                   4.3355358110856167E-8
6.35E-5                   4.238031504385942E-8
6.36E-5                   4.140527197685466E-8
6.37E-5                   4.0430228909841895E-8
6.379999999999999E-5      3.945518584282124E-8
6.39E-5                   3.848014277579245E-8
6.4E-5                    3.750509970875565E-8
6.41E-5                   3.653005664171085E-8
6.42E-5                   3.5555013574658026E-8
6.429999999999999E-5      3.457997050759734E-8
6.44E-5                   3.36049274405285E-8
6.45E-5                   3.262988437345165E-8
6.46E-5                   3.16548413063668E-8
6.47E-5                   3.067979823927393E-8
6.48E-5                   2.970475517217305E-8
6.489999999999999E-5      2.8729712105064303E-8
6.5E-5                    2.7754669037947407E-8
6.51E-5                   2.6779625970822496E-8
6.52E-5                   2.580458290368959E-8
6.53E-5                   2.482953983654866E-8
6.539999999999999E-5      2.3854496769399862E-8
6.549999999999999E-5      2.287945370224292E-8
6.56E-5                   2.190441063507797E-8
6.57E-5                   2.0929367567905005E-8
6.58E-5                   1.995432450072403E-8
6.59E-5                   1.8979281433535055E-8
6.599999999999999E-5      1.8004238366338193E-8
6.61E-5                   1.7029195299133192E-8
6.62E-5                   1.6054152231920183E-8
6.63E-5                   1.507910916469916E-8
6.64E-5                   1.4104066097470139E-8
6.65E-5                   1.3129023030233098E-8
6.659999999999999E-5      1.2153979962988178E-8
6.67E-5                   1.1178936895735125E-8
6.68E-5                   1.0203893828474056E-8
6.69E-5                   9.228850761204974E-9
6.7E-5                    8.25380769392789E-9
6.709999999999999E-5      7.278764626642924E-9
6.72E-5                   6.303721559349819E-9
6.73E-5                   5.328678492048707E-9
6.74E-5                   4.35363542473958E-9
6.75E-5                   3.6850795579622827E-9
6.76E-5                   3.2917555059097253E-9
6.769999999999999E-5      2.898431453852604E-9
6.78E-5                   2.50510740179082E-9
6.79E-5                   2.1117833497244163E-9
6.8E-5                    1.7184592976534024E-9
6.81E-5                   1.325135245577772E-9
6.819999999999999E-5      9.318111934975792E-10
6.829999999999999E-5      5.384871414127232E-10
6.84E-5                   1.4516308932325043E-10
6.85E-5                   -2.4816096277083656E-10
6.86E-5                   -6.414850148695375E-10
6.87E-5                   -1.0348090669728522E-9
6.879999999999999E-5      -1.4281331190807285E-9
6.89E-5                   -1.821457171193272E-9
6.9E-5                    -2.2147812233104253E-9
6.91E-5                   -2.6081052754322008E-9
6.92E-5                   -3.001429327558583E-9
6.929999999999999E-5      -3.3947533796895333E-9
6.939999999999999E-5      -3.788077431825143E-9
6.95E-5                   -4.181401483965375E-9
6.96E-5                   -4.574725536110214E-9
6.97E-5                   -4.968049588259673E-9
6.98E-5                   -5.361373640413742E-9
6.989999999999999E-5      -5.754697692572371E-9
7.0E-5                    -6.148021744735673E-9
7.01E-5                   -6.541345796903583E-9
7.02E-5                   -6.934669849076112E-9
7.03E-5                   -7.327993901253251E-9
7.04E-5                   -7.721317953435008E-9
7.049999999999999E-5      -8.114642005621324E-9
7.06E-5                   -8.50796605781231E-9
7.07E-5                   -8.901290110007906E-9
7.08E-5                   -9.294614162208119E-9
7.09E-5                   -9.687938214412943E-9
7.099999999999999E-5      -1.0081262266622334E-8
7.11E-5                   -1.0474586318836383E-8
7.12E-5                   -1.0867910371055057E-8
7.13E-5                   -1.1261234423278336E-8
7.14E-5                   -1.1654558475506233E-8
7.15E-5                   -1.2047882527738743E-8
7.159999999999999E-5      -1.2441206579975815E-8
7.17E-5                   -1.2834530632217555E-8
7.18E-5                   -1.3227854684463906E-8
7.19E-5                   -1.3621178736714877E-8
7.2E-5                    -1.401450278897046E-8
7.209999999999999E-5      -1.44078268412306E-8
7.219999999999999E-5      -1.4801150893495409E-8
7.23E-5                   -1.5194474945764837E-8
7.24E-5                   -1.5587798998038876E-8
7.25E-5                   -1.5981123050317525E-8
7.26E-5                   -1.6374447102600795E-8
7.269999999999999E-5      -1.6767771154888618E-8
7.28E-5                   -1.7161095207181117E-8
7.29E-5                   -1.7554419259478228E-8
7.3E-5                    -1.7947743311779947E-8
7.31E-5                   -1.8341067364086283E-8
7.319999999999999E-5      -1.873439141639718E-8
7.329999999999999E-5      -1.9127715468712748E-8
7.34E-5                   -1.9521039521032927E-8
7.35E-5                   -1.991436357335772E-8
7.36E-5                   -2.030768762568713E-8
7.37E-5                   -2.0701011678021153E-8
7.379999999999999E-5      -2.1094335730359735E-8
7.39E-5                   -2.148765978270299E-8
7.4E-5                    -2.1880983835050853E-8
7.41E-5                   -2.2274307887403332E-8
7.42E-5                   -2.2667631939760423E-8
7.429999999999999E-5      -2.306095599212208E-8
7.439999999999999E-5      -2.3454280044488403E-8
7.45E-5                   -2.3847604096859335E-8
7.46E-5                   -2.4240928149234886E-8
7.47E-5                   -2.4634252201615045E-8
7.48E-5                   -2.5027576253999827E-8
7.489999999999999E-5      -2.5420900306389162E-8
7.5E-5                    -2.5788608865784845E-8
7.51E-5                   -2.502629513389696E-8
7.52E-5                   -2.4263981402012116E-8
7.53E-5                   -2.350166767013029E-8
7.54E-5                   -2.2739353938251496E-8
7.549999999999999E-5      -2.1977040206375844E-8
7.56E-5                   -2.1214726474503113E-8
7.57E-5                   -2.045241274263341E-8
7.58E-5                   -1.9690099010766743E-8
7.59E-5                   -1.8927785278903098E-8
7.599999999999999E-5      -1.8165471547042593E-8
7.609999999999999E-5      -1.7403157815185002E-8
7.62E-5                   -1.6640844083330456E-8
7.63E-5                   -1.5878530351478927E-8
7.64E-5                   -1.511621661963044E-8
7.65E-5                   -1.4353902887784972E-8
7.659999999999999E-5      -1.3591589155942643E-8
7.67E-5                   -1.2829275424103234E-8
7.68E-5                   -1.2066961692266863E-8
7.69E-5                   -1.1304647960433517E-8
7.7E-5                    -1.0542334228603207E-8
7.709999999999999E-5      -9.780020496776024E-9
7.719999999999999E-5      -9.017706764951766E-9
7.73E-5                   -8.255393033130545E-9
7.74E-5                   -7.493079301312344E-9
7.75E-5                   -6.730765569497181E-9
7.76E-5                   -5.968451837685041E-9
7.769999999999999E-5      -5.2061381058760386E-9
7.78E-5                   -4.443824374069959E-9
7.79E-5                   -3.681510642266915E-9
7.8E-5                    -2.9191969104668935E-9
7.81E-5                   -2.156883178669908E-9
7.819999999999999E-5      -1.394569446876047E-9
7.829999999999999E-5      -6.322557150851244E-10
7.84E-5                   1.300580167027786E-10
7.85E-5                   8.923717484876448E-10
7.86E-5                   1.6546854802694881E-9
7.87E-5                   2.4169992120482926E-9
7.879999999999999E-5      3.1793129438239726E-9
7.89E-5                   3.941626675596722E-9
7.9E-5                    4.70394040736644E-9
7.91E-5                   5.466254139133133E-9
7.92E-5                   6.2285678708967986E-9
7.93E-5                   6.990881602657427E-9
7.939999999999999E-5      7.753195334414923E-9
7.95E-5                   8.5155090661695E-9
7.96E-5                   9.27782279792104E-9
7.97E-5                   1.0040136529669554E-8
7.98E-5                   1.0802450261415035E-8
7.989999999999999E-5      1.1564763993157382E-8
7.999999999999999E-5      1.2327077724896808E-8
8.01E-5                   1.3089391456633206E-8
8.02E-5                   1.3851705188366567E-8
8.03E-5                   1.4614018920096896E-8
8.04E-5                   1.53763326518242E-8
8.049999999999999E-5      1.6138646383548376E-8
8.06E-5                   1.6900960115269624E-8
8.07E-5                   1.7663273846987835E-8
8.08E-5                   1.8425587578703027E-8
8.09E-5                   1.9187901310415183E-8
8.099999999999999E-5      1.9950215042124205E-8
8.109999999999999E-5      2.0712528773830302E-8
8.12E-5                   2.1474842505533368E-8
8.13E-5                   2.22371562372334E-8
8.14E-5                   2.2999469968930415E-8
8.15E-5                   2.3761783700624396E-8
8.159999999999999E-5      2.4524097432315236E-8
8.17E-5                   2.5286411164003152E-8
8.18E-5                   2.6048724895688047E-8
8.19E-5                   2.6811038627369898E-8
8.2E-5                    2.7573352359048734E-8
8.209999999999999E-5      2.8335666090724424E-8
8.219999999999999E-5      2.9097979822397203E-8
8.23E-5                   2.986029355406694E-8
8.24E-5                   3.062260728573364E-8
8.25E-5                   3.138492101739733E-8
8.26E-5                   3.144515774204432E-8
8.269999999999999E-5      3.085071356259524E-8
8.28E-5                   3.025626938314499E-8
8.29E-5                   2.9661825203693638E-8
8.3E-5                    2.9067381024241217E-8
8.31E-5                   2.8472936844787703E-8
8.319999999999999E-5      2.7878492665333178E-8
8.329999999999999E-5      2.728404848587748E-8
8.34E-5                   2.6689604306420706E-8
8.35E-5                   2.6095160126962848E-8
8.36E-5                   2.5500715947503882E-8
8.37E-5                   2.4906271768043838E-8
8.379999999999999E-5      2.431182758858279E-8
8.389999999999999E-5      2.371738340912057E-8
8.4E-5                    2.312293922965726E-8
8.41E-5                   2.2528495050192854E-8
8.42E-5                   2.1934050870727373E-8
8.43E-5                   2.13396066912608E-8
8.439999999999999E-5      2.0745162511793222E-8
8.45E-5                   2.015071833232447E-8
8.46E-5                   1.9556274152854637E-8
8.47E-5                   1.8961829973383707E-8
8.48E-5                   1.8367385793911695E-8
8.489999999999999E-5      1.777294161443867E-8
8.499999999999999E-5      1.717849743496448E-8
8.51E-5                   1.6584053255489203E-8
8.52E-5                   1.598960907601284E-8
8.53E-5                   1.5395164896535375E-8
8.54E-5                   1.4800720717056836E-8
8.549999999999999E-5      1.4206276537577282E-8
8.56E-5                   1.3611832358096561E-8
8.57E-5                   1.3017388178614759E-8
8.58E-5                   1.2422943999131861E-8
8.59E-5                   1.1828499819647878E-8
8.599999999999999E-5      1.1234055640162889E-8
8.609999999999999E-5      1.0639611460676727E-8
8.62E-5                   1.0045167281189478E-8
8.63E-5                   9.450723101701142E-9
8.64E-5                   8.856278922211718E-9
8.65E-5                   8.261834742721204E-9
8.659999999999999E-5      7.66739056322969E-9
8.669999999999999E-5      7.072946383736992E-9
8.68E-5                   6.478502204243217E-9
8.69E-5                   5.884058024748352E-9
8.7E-5                    5.289613845252397E-9
8.709999999999999E-5      4.695169665755437E-9
8.719999999999999E-5      4.100725486257307E-9
8.73E-5                   3.5062813067580913E-9
8.74E-5                   2.911837127257786E-9
8.75E-5                   2.3173929477563922E-9
8.76E-5                   1.7229487682539055E-9
8.769999999999999E-5      1.1285045887504154E-9
8.779999999999999E-5      5.340604092457573E-10
8.79E-5                   -6.038377025998908E-11
8.8E-5                    -6.548279497668234E-10
8.81E-5                   -1.2492721292747487E-9
8.82E-5                   -1.8437163087837594E-9
8.829999999999999E-5      -2.4381604882937784E-9
8.84E-5                   -3.0326046678049625E-9
8.85E-5                   -3.627048847317241E-9
8.86E-5                   -4.221493026830603E-9
8.87E-5                   -4.815937206345056E-9
8.879999999999999E-5      -5.410381385860514E-9
8.889999999999999E-5      -6.004825565377145E-9
8.9E-5                    -6.599269744894858E-9
8.91E-5                   -7.193713924413663E-9
8.92E-5                   -7.788158103933556E-9
8.93E-5                   -8.382602283454542E-9
8.939999999999999E-5      -8.977046462976522E-9
8.95E-5                   -9.571490642499686E-9
8.96E-5                   -1.0165934822023931E-8
8.97E-5                   -1.0760379001549263E-8
8.98E-5                   -1.1354823181075684E-8
8.989999999999999E-5      -1.1949267360603114E-8
8.999999999999999E-5      -1.2543711540131712E-8
9.01E-5                   -1.3138155719661397E-8
9.02E-5                   -1.373259989919218E-8
9.03E-5                   -1.4327044078724035E-8
9.04E-5                   -1.492148825825699E-8
9.049999999999999E-5      -1.5515932437790944E-8
9.059999999999999E-5      -1.611037661732607E-8
9.07E-5                   -1.670482079686229E-8
9.08E-5                   -1.729926497639959E-8
9.09E-5                   -1.789370915593798E-8
9.099999999999999E-5      -1.8488153335477383E-8
9.109999999999999E-5      -1.9082597515017946E-8
9.12E-5                   -1.9677041694559606E-8
9.13E-5                   -2.0271485874102346E-8
9.14E-5                   -2.086593005364618E-8
9.15E-5                   -2.14603742331911E-8
9.159999999999999E-5      -2.2054818412737033E-8
9.169999999999999E-5      -2.2649262592284123E-8
9.18E-5                   -2.3243706771832312E-8
9.19E-5                   -2.383815095138158E-8
9.2E-5                    -2.443259513093194E-8
9.21E-5                   -2.5027039310483393E-8
9.219999999999999E-5      -2.5621483490035847E-8
9.23E-5                   -2.6215927669589475E-8
9.24E-5                   -2.6810371849144192E-8
9.25E-5                   -2.740481602869999E-8
9.26E-5                   -2.7418952664199523E-8
9.269999999999999E-5      -2.6891957395647915E-8
9.279999999999999E-5      -2.636496212709684E-8
9.29E-5                   -2.5837966858546367E-8
9.3E-5                    -2.5310971589996513E-8
9.31E-5                   -2.4783976321447264E-8
9.32E-5                   -2.4256981052898628E-8
9.329999999999999E-5      -2.3729985784350666E-8
9.34E-5                   -2.320299051580324E-8
9.35E-5                   -2.2675995247256427E-8
9.36E-5                   -2.2148999978710223E-8
9.37E-5                   -2.1622004710164627E-8
9.379999999999999E-5      -2.1095009441619706E-8
9.389999999999999E-5      -2.056801417307533E-8
9.4E-5                    -2.0041018904531555E-8
9.41E-5                   -1.9514023635988388E-8
9.42E-5                   -1.8987028367445836E-8
9.43E-5                   -1.846003309890389E-8
9.439999999999999E-5      -1.7933037830362622E-8
9.449999999999999E-5      -1.7406042561821897E-8
9.46E-5                   -1.687904729328177E-8
9.47E-5                   -1.6352052024742262E-8
9.48E-5                   -1.582505675620336E-8
9.489999999999999E-5      -1.529806148766514E-8
9.499999999999999E-5      -1.4771066219127451E-8
9.51E-5                   -1.4244070950590372E-8
9.52E-5                   -1.3717075682053902E-8
9.53E-5                   -1.3190080413518037E-8
9.54E-5                   -1.2663085144982786E-8
9.549999999999999E-5      -1.2136089876448213E-8
9.559999999999999E-5      -1.1609094607914178E-8
9.57E-5                   -1.1082099339380752E-8
9.58E-5                   -1.0555104070847934E-8
9.59E-5                   -1.0028108802315724E-8
9.6E-5                    -9.501113533784126E-9
9.609999999999999E-5      -8.974118265253201E-9
9.62E-5                   -8.447122996722819E-9
9.63E-5                   -7.920127728193043E-9
9.64E-5                   -7.3931324596638755E-9
9.65E-5                   -6.866137191135311E-9
9.659999999999999E-5      -6.339141922607438E-9
9.669999999999999E-5      -5.812146654080091E-9
9.68E-5                   -5.28515138555336E-9
9.69E-5                   -4.7581561170272354E-9
9.7E-5                    -4.231160848501717E-9
9.71E-5                   -3.7041655799768127E-9
9.719999999999999E-5      -3.1771703114525846E-9
9.73E-5                   -2.650175042928892E-9
9.74E-5                   -2.123179774405814E-9
9.75E-5                   -1.596184505883338E-9
9.76E-5                   -1.0691892373614694E-9
9.769999999999999E-5      -5.421939688402839E-10
9.779999999999999E-5      -1.5198700319636598E-11
9.79E-5                   5.117965682004019E-10
9.8E-5                    1.0387918367198323E-9
9.81E-5                   1.5657871052386563E-9
9.82E-5                   2.0927823737568698E-9
9.829999999999999E-5      2.619777642274404E-9
9.839999999999999E-5      3.1467729107914E-9
9.85E-5                   3.673768179307787E-9
9.86E-5                   4.200763447823567E-9
9.87E-5                   4.727758716338738E-9
9.879999999999999E-5      5.2547539848532285E-9
9.889999999999999E-5      5.781749253367186E-9
9.9E-5                    6.308744521880532E-9
9.91E-5                   6.835739790393268E-9
9.92E-5                   7.362735058905395E-9
9.93E-5                   7.88973032741692E-9
9.939999999999999E-5      8.416725595927757E-9
9.949999999999999E-5      8.943720864438064E-9
9.96E-5                   9.470716132947757E-9
9.97E-5                   9.997711401456842E-9
9.98E-5                   1.0524706669965321E-8
9.989999999999999E-5      1.105170193847312E-8
9.999999999999999E-5      1.157869720698038E-8
