% Model:              20230225_JW_4_35.mph
% Version:            COMSOL 5.6.0.401
% Date:               Feb 25 2023, 21:02
% Dimension:          1
% Nodes:              1001
% Expressions:        1
% Description:        点图
% X                       Height
0                         19.55647798584348
1.0E-7                    19.518880705357418
2.0E-7                    19.352254240572687
3.0E-7                    19.08425822528211
4.0E-7                    18.731321965370746
5.0E-7                    18.348567591450514
6.0E-7                    17.93035715572579
7.0E-7                    17.498461494612556
8.0E-7                    17.066071083149385
9.0E-7                    16.634153866006326
1.0E-6                    16.206002886723105
1.1E-6                    15.782397266975565
1.2E-6                    15.365265998076552
1.2999999999999998E-6     14.955206618647827
1.4E-6                    14.551594445751949
1.5E-6                    14.155299494174804
1.6E-6                    13.76640443538005
1.6999999999999998E-6     13.386207218627858
1.8E-6                    13.013769585985987
1.9E-6                    12.649204921750185
2.0E-6                    12.292673265463584
2.1E-6                    11.944336922372267
2.2E-6                    11.604449896698696
2.3E-6                    11.272484608658974
2.4E-6                    10.94762651746352
2.4999999999999998E-6     10.635672436074458
2.5999999999999997E-6     10.328614423480003
2.7E-6                    10.028109995286174
2.8E-6                    9.737064634990464
2.8999999999999998E-6     9.450552242962248
3.0E-6                    9.17260608165268
3.1E-6                    8.903171820391082
3.2E-6                    8.641137041829909
3.2999999999999997E-6     8.385927676932008
3.3999999999999996E-6     8.138022254535114
3.5E-6                    7.897069448842744
3.6E-6                    7.6624983101890045
3.6999999999999997E-6     7.434156709787958
3.8E-6                    7.2123845990961035
3.9E-6                    6.996846755235419
4.0E-6                    6.787566194008221
4.1E-6                    6.584194784720677
4.2E-6                    6.386617597766843
4.2999999999999995E-6     6.194769333511588
4.4E-6                    6.008826017635739
4.5E-6                    5.828066016950271
4.6E-6                    5.652638034108165
4.7E-6                    5.482615930701987
4.8E-6                    5.317218099818499
4.9E-6                    5.157048393235991
4.9999999999999996E-6     5.002280835008239
5.0999999999999995E-6     4.850379807059181
5.199999999999999E-6      4.704501189669603
5.3E-6                    4.562473186224375
5.4E-6                    4.4238655517217005
5.5E-6                    4.29012257229072
5.6E-6                    4.160631747102898
5.7E-6                    4.034274436079439
5.7999999999999995E-6     3.9117124680660464
5.899999999999999E-6      3.793638627628677
6.0E-6                    3.678470485634548
6.1E-6                    3.566238265574372
6.2E-6                    3.458515364793458
6.3E-6                    3.353351094845254
6.4E-6                    3.2515522239034613
6.5E-6                    3.1526761589416057
6.5999999999999995E-6     3.056746044593629
6.699999999999999E-6      2.963767550202003
6.799999999999999E-6      2.8736214655586774
6.9E-6                    2.7862952550519764
7.0E-6                    2.7015492880075307
7.1E-6                    2.619400775490015
7.2E-6                    2.539709012632666
7.2999999999999996E-6     2.462449310362153
7.3999999999999995E-6     2.387503126004142
7.499999999999999E-6      2.314864700050103
7.6E-6                    2.2444332470315724
7.699999999999999E-6      2.1760834105668487
7.8E-6                    2.109768109139466
7.899999999999999E-6      2.045562307301123
8.0E-6                    1.983285933455129
8.1E-6                    1.9230785906773895
8.2E-6                    1.8645164684126225
8.3E-6                    1.8076944197998495
8.4E-6                    1.7525648874440058
8.5E-6                    1.699078356556964
8.599999999999999E-6      1.6471915062467504
8.7E-6                    1.5970850037865278
8.8E-6                    1.5484865761722768
8.9E-6                    1.50133512611218
9.0E-6                    1.4555852289892
9.1E-6                    1.4111995701995332
9.2E-6                    1.3683484438082714
9.299999999999999E-6      1.3270777069371076
9.4E-6                    1.285810076919491
9.499999999999999E-6      1.2473602514716082
9.6E-6                    1.2089104335817595
9.7E-6                    1.1723320759647864
9.8E-6                    1.1365087325867504
9.9E-6                    1.1017244342113646
9.999999999999999E-6      1.068351795350378
1.01E-5                   1.0352885338798392
1.0199999999999999E-5     1.0042004929089496
1.03E-5                   0.9731124560488875
1.0399999999999999E-5     0.9438193883436667
1.05E-5                   0.9148509198422484
1.06E-5                   0.88699319988585
1.07E-5                   0.8600142633837389
1.08E-5                   0.8335304318369626
1.0899999999999999E-5     0.8083870050601895
1.1E-5                    0.7832435800353329
1.1099999999999999E-5     0.7597985892145901
1.12E-5                   0.73638618519084
1.13E-5                   0.71407549694156
1.14E-5                   0.6922537531705869
1.15E-5                   0.6710387773701458
1.1599999999999999E-5     0.6507187288031854
1.17E-5                   0.6305588604675596
1.1799999999999999E-5     0.6116257065921742
1.19E-5                   0.5926925535514791
1.2E-5                    0.5748271453082733
1.21E-5                   0.5571852010910964
1.22E-5                   0.5402012811562232
1.2299999999999999E-5     0.5237815804067939
1.24E-5                   0.5076359009777199
1.2499999999999999E-5     0.49231310026914854
1.26E-5                   0.4769902997780333
1.2699999999999999E-5     0.462712607894818
1.28E-5                   0.4484770431339478
1.29E-5                   0.43486668347654933
1.3E-5                    0.421560524573522
1.31E-5                   0.4086197638953771
1.3199999999999999E-5     0.39626483374924665
1.33E-5                   0.3839892157610383
1.3399999999999999E-5     0.3724641467682443
1.35E-5                   0.3609390782543008
1.3599999999999999E-5     0.3500223887742119
1.37E-5                   0.33925118572429597
1.38E-5                   0.32890176065450527
1.3899999999999999E-5     0.318950361811297
1.4E-5                    0.3092129148963931
1.4099999999999999E-5     0.29964543180620096
1.42E-5                   0.2903786709829581
1.4299999999999999E-5     0.28141703505826576
1.44E-5                   0.27277697954452224
1.45E-5                   0.2644324791884341
1.4599999999999999E-5     0.2563388618849792
1.47E-5                   0.24853791934560737
1.4799999999999999E-5     0.24094764958864479
1.49E-5                   0.23360357646389288
1.4999999999999999E-5     0.22646520451201865
1.51E-5                   0.2195898222865805
1.52E-5                   0.21287202113333556
1.53E-5                   0.20636513066996934
1.5399999999999998E-5     0.20008866656013466
1.55E-5                   0.19399099122915894
1.56E-5                   0.18807683862523306
1.57E-5                   0.18233809976499168
1.5799999999999998E-5     0.17676645209606337
1.59E-5                   0.17136119104422623
1.6E-5                    0.16613494371232512
1.61E-5                   0.16115740240234752
1.62E-5                   0.1562066909687428
1.63E-5                   0.1514457358501835
1.64E-5                   0.14684441614859747
1.6499999999999998E-5     0.14230268815910904
1.66E-5                   0.13802597219497104
1.67E-5                   0.1337492562403463
1.68E-5                   0.12972084474722415
1.69E-5                   0.1257454468297347
1.7E-5                    0.12195872615520123
1.71E-5                   0.11838948820481607
1.7199999999999998E-5     0.11482025025999629
1.73E-5                   0.11125101232043783
1.74E-5                   0.10768177438583695
1.75E-5                   0.1044749876704997
1.76E-5                   0.10139193804604815
1.77E-5                   0.09830888842611687
1.78E-5                   0.0952258388105109
1.7899999999999998E-5     0.09215390549997099
1.8E-5                    0.08949110233096386
1.81E-5                   0.08682829916428622
1.82E-5                   0.08416549599981235
1.8299999999999998E-5     0.0815026928374167
1.84E-5                   0.07895140037830073
1.85E-5                   0.07665134196918218
1.8599999999999998E-5     0.07435128356195525
1.87E-5                   0.07205122515653821
1.88E-5                   0.06975116675284954
1.89E-5                   0.06763548547998594
1.8999999999999998E-5     0.06564879937319937
1.91E-5                   0.06366211326735326
1.92E-5                   0.06167542716239612
1.9299999999999998E-5     0.0596887410582762
1.94E-5                   0.058032181843014105
1.95E-5                   0.056425248402504624
1.96E-5                   0.05481831496253924
1.9699999999999998E-5     0.05321138152309008
1.98E-5                   0.05160444808412924
1.99E-5                   0.049997514645629036
1.9999999999999998E-5     0.04839058120756152
2.01E-5                   0.04678364776989885
2.02E-5                   0.04517671433261325
2.03E-5                   0.04374659221294031
2.0399999999999998E-5     0.042549671792690265
2.05E-5                   0.04135275137278961
2.06E-5                   0.040155830953227126
2.07E-5                   0.0389589105339914
2.0799999999999997E-5     0.03776199011507112
2.09E-5                   0.03656506969645488
2.1E-5                    0.035368149278131415
2.1099999999999998E-5     0.034171228860089366
2.12E-5                   0.03297430844231734
2.13E-5                   0.03208082948668858
2.14E-5                   0.03118944465682056
2.1499999999999997E-5     0.030298059827026547
2.16E-5                   0.02940667499730175
2.17E-5                   0.028515290167641445
2.1799999999999998E-5     0.027623905338040853
2.19E-5                   0.026732520508495172
2.2E-5                    0.02584113567899971
2.21E-5                   0.02494975084954966
2.2199999999999998E-5     0.02418461962072124
2.23E-5                   0.02352069470919526
2.24E-5                   0.022856769797726283
2.2499999999999998E-5     0.02219284488631236
2.26E-5                   0.021528919974951523
2.27E-5                   0.0208649950636419
2.28E-5                   0.020201070152381533
2.2899999999999998E-5     0.0195371452411685
2.3E-5                    0.018873220330000842
2.31E-5                   0.01822911381174361
2.3199999999999998E-5     0.01773461843491036
2.33E-5                   0.017240123058089064
2.34E-5                   0.016745627681278956
2.35E-5                   0.016251132304479197
2.3599999999999998E-5     0.01575663692768897
2.37E-5                   0.015262141550907457
2.38E-5                   0.014767646174133855
2.3899999999999998E-5     0.014273150797367348
2.4E-5                    0.013778655420607086
2.41E-5                   0.013369846828651296
2.42E-5                   0.013001568588074903
2.4299999999999998E-5     0.012633290347504874
2.44E-5                   0.012265012106940877
2.45E-5                   0.01189673386638261
2.4599999999999998E-5     0.011528455625829723
2.4699999999999997E-5     0.011160177385281895
2.48E-5                   0.010791899144738786
2.49E-5                   0.010423620904200084
2.4999999999999998E-5     0.010077972168670568
2.51E-5                   0.009803671624283986
2.52E-5                   0.009529371079900668
2.53E-5                   0.009255070535520457
2.5399999999999997E-5     0.008980769991143217
2.55E-5                   0.008706469446768802
2.56E-5                   0.008432168902397088
2.5699999999999998E-5     0.008157868358027927
2.58E-5                   0.007883567813661169
2.59E-5                   0.007609267269296695
2.6E-5                    0.007409564055676506
2.6099999999999997E-5     0.007228195463589563
2.62E-5                   0.007046826871500745
2.63E-5                   0.006865458279410029
2.6399999999999998E-5     0.006684089687317367
2.65E-5                   0.006502721095222712
2.66E-5                   0.00632135250312604
2.67E-5                   0.006139983911027302
2.6799999999999998E-5     0.005958615318926463
2.69E-5                   0.005777246726823474
2.7E-5                    0.005595878134718309
2.7099999999999998E-5     0.005414509542610922
2.7199999999999997E-5     0.005233140950501274
2.73E-5                   0.005051772358389319
2.74E-5                   0.00487040376627503
2.7499999999999998E-5     0.004689035174158362
2.76E-5                   0.004507666582039269
2.77E-5                   0.004326297989917725
2.7799999999999998E-5     0.004144929397793681
2.7899999999999997E-5     0.0040397019692670144
2.8E-5                    0.00394051182787439
2.81E-5                   0.003841321686483296
2.8199999999999998E-5     0.0037421315450937224
2.83E-5                   0.00364294140370566
2.84E-5                   0.0035437512623191078
2.8499999999999998E-5     0.0034445611209340562
2.8599999999999997E-5     0.0033453709795504996
2.87E-5                   0.0032461808381684274
2.88E-5                   0.0031469906967878393
2.8899999999999998E-5     0.003047800555408726
2.9E-5                    0.002948610414031078
2.91E-5                   0.0028494202726548953
2.9199999999999998E-5     0.002750230131280167
2.9299999999999997E-5     0.002651039989906887
2.94E-5                   0.0025518498485350453
2.95E-5                   0.0024526597071646426
2.9599999999999998E-5     0.0023534695657956694
2.97E-5                   0.002256543391496532
2.98E-5                   0.002202309200789688
2.99E-5                   0.002148075010082329
2.9999999999999997E-5     0.002093840819374452
3.01E-5                   0.002039606628666055
3.02E-5                   0.001985372437957141
3.0299999999999998E-5     0.001931138247247707
3.04E-5                   0.001876904056537749
3.05E-5                   0.0018226698658272708
3.06E-5                   0.0017684356751162694
3.07E-5                   0.0017142014844047414
3.0799999999999996E-5     0.0016599672936926915
3.09E-5                   0.0016057331029801117
3.1E-5                    0.0015514989122670038
3.11E-5                   0.0014972647215533712
3.12E-5                   0.001443030530839205
3.13E-5                   0.001388796340124508
3.14E-5                   0.0013345621494092825
3.15E-5                   0.0012803279586935208
3.1599999999999996E-5     0.0012303738998888732
3.17E-5                   0.0012007120532392314
3.18E-5                   0.001171050206589792
3.1899999999999996E-5     0.0011413883599405573
3.2E-5                    0.0011117265132915225
3.21E-5                   0.0010820646666426905
3.22E-5                   0.0010524028199940618
3.23E-5                   0.001022740973345633
3.24E-5                   9.93079126697406E-4
3.25E-5                   9.634172800493823E-4
3.26E-5                   9.33755433401558E-4
3.2699999999999995E-5     9.040935867539367E-4
3.28E-5                   8.744317401065141E-4
3.29E-5                   8.447698934592924E-4
3.2999999999999996E-5     8.151080468122733E-4
3.31E-5                   7.854462001654524E-4
3.32E-5                   7.557843535188318E-4
3.3299999999999996E-5     7.26122506872413E-4
3.34E-5                   6.964606602261924E-4
3.35E-5                   6.716870424009497E-4
3.36E-5                   6.584280880984083E-4
3.37E-5                   6.451691337958307E-4
3.38E-5                   6.319101794932178E-4
3.39E-5                   6.186512251905704E-4
3.4E-5                    6.053922708878869E-4
3.4099999999999995E-5     5.921333165851693E-4
3.42E-5                   5.788743622824154E-4
3.43E-5                   5.656154079796259E-4
3.4399999999999996E-5     5.523564536768021E-4
3.45E-5                   5.390974993739421E-4
3.46E-5                   5.258385450710468E-4
3.4699999999999996E-5     5.125795907681169E-4
3.48E-5                   4.993206364651508E-4
3.49E-5                   4.8606168216214923E-4
3.5E-5                    4.728027278591132E-4
3.51E-5                   4.5954377355604065E-4
3.52E-5                   4.4628481925293277E-4
3.53E-5                   4.3302586494979025E-4
3.54E-5                   4.197669106466114E-4
3.5499999999999996E-5     4.0650795634339794E-4
3.56E-5                   3.932490020401481E-4
3.57E-5                   3.7999004773686267E-4
3.5799999999999996E-5     3.6673109343354256E-4
3.59E-5                   3.53472139130186E-4
3.6E-5                    3.402131848267939E-4
3.6099999999999997E-5     3.269542305233671E-4
3.62E-5                   3.1369527621990373E-4
3.63E-5                   3.004363219164049E-4
3.64E-5                   2.871773676128711E-4
3.65E-5                   2.739184133093009E-4
3.6599999999999995E-5     2.6065945900569586E-4
3.67E-5                   2.4740050470205423E-4
3.68E-5                   2.3414155039837685E-4
3.6899999999999996E-5     2.2088259609466472E-4
3.7E-5                    2.0762364179091597E-4
3.71E-5                   1.9436468748713142E-4
3.7199999999999996E-5     1.81105733183312E-4
3.73E-5                   1.7319825096768848E-4
3.74E-5                   1.6974662259120464E-4
3.75E-5                   1.662949942147275E-4
3.76E-5                   1.6284336583825642E-4
3.77E-5                   1.593917374617918E-4
3.78E-5                   1.5594010908533376E-4
3.79E-5                   1.5248848070888185E-4
3.7999999999999995E-5     1.4903685233243658E-4
3.81E-5                   1.4558522395599746E-4
3.82E-5                   1.421335955795647E-4
3.8299999999999996E-5     1.3868196720313858E-4
3.84E-5                   1.3523033882671863E-4
3.85E-5                   1.3177871045030502E-4
3.8599999999999996E-5     1.28327082073898E-4
3.87E-5                   1.2487545369749717E-4
3.88E-5                   1.2142382532110271E-4
3.89E-5                   1.1797219694471486E-4
3.9E-5                    1.1452056856833316E-4
3.9099999999999995E-5     1.1106894019195805E-4
3.92E-5                   1.0761731181558909E-4
3.93E-5                   1.0416568343922653E-4
3.9399999999999995E-5     1.0071405506287056E-4
3.95E-5                   9.726242668652073E-5
3.96E-5                   9.381079831017729E-5
3.9699999999999996E-5     9.035916993384046E-5
3.98E-5                   8.690754155750979E-5
3.99E-5                   8.345591318118547E-5
3.9999999999999996E-5     8.000428480486776E-5
4.01E-5                   7.65526564285562E-5
4.02E-5                   7.310102805225101E-5
4.03E-5                   6.964939967595243E-5
4.04E-5                   6.619777129966001E-5
4.0499999999999995E-5     6.274614292337418E-5
4.06E-5                   5.9294514547094486E-5
4.07E-5                   5.584288617082117E-5
4.0799999999999996E-5     5.239125779455446E-5
4.09E-5                   4.893962941829389E-5
4.1E-5                    4.5488001042039694E-5
4.1099999999999996E-5     4.408224683078554E-5
4.12E-5                   4.320952346494117E-5
4.13E-5                   4.233680009909571E-5
4.14E-5                   4.146407673324925E-5
4.15E-5                   4.059135336740165E-5
4.1599999999999995E-5     3.971863000155303E-5
4.17E-5                   3.884590663570328E-5
4.18E-5                   3.797318326985244E-5
4.1899999999999995E-5     3.71004599040006E-5
4.2E-5                    3.6227736538147615E-5
4.21E-5                   3.535501317229356E-5
4.2199999999999996E-5     3.4482289806438477E-5
4.23E-5                   3.360956644058227E-5
4.24E-5                   3.2736843074724975E-5
4.2499999999999996E-5     3.186411970886667E-5
4.26E-5                   3.099139634300723E-5
4.27E-5                   3.0118672977146715E-5
4.28E-5                   2.9245949611285184E-5
4.29E-5                   2.8373226245422517E-5
4.2999999999999995E-5     2.7500502879558827E-5
4.31E-5                   2.6627779513694002E-5
4.32E-5                   2.5755056147828106E-5
4.3299999999999995E-5     2.488233278196119E-5
4.34E-5                   2.400960941609314E-5
4.35E-5                   2.3136886050224016E-5
4.3599999999999996E-5     2.2264162684353868E-5
4.37E-5                   2.139143931848259E-5
4.38E-5                   2.0518715952610232E-5
4.3899999999999996E-5     1.964599258673686E-5
4.4E-5                    1.8773269220862347E-5
4.41E-5                   1.7900545854986765E-5
4.42E-5                   1.7027822489110163E-5
4.43E-5                   1.6155099123232426E-5
4.4399999999999995E-5     1.528237575735367E-5
4.45E-5                   1.4409652391473777E-5
4.46E-5                   1.3536929025592811E-5
4.4699999999999996E-5     1.2664205659710827E-5
4.48E-5                   1.1820008892130498E-5
4.49E-5                   1.1643707192864856E-5
4.4999999999999996E-5     1.1467405493599295E-5
4.51E-5                   1.12911037943338E-5
4.52E-5                   1.1114802095068377E-5
4.5299999999999997E-5     1.0938500395803042E-5
4.54E-5                   1.0762198696537769E-5
4.5499999999999995E-5     1.0585896997272584E-5
4.56E-5                   1.0409595298007459E-5
4.57E-5                   1.0233293598742415E-5
4.5799999999999995E-5     1.0056991899477452E-5
4.59E-5                   9.880690200212555E-6
4.6E-5                    9.70438850094773E-6
4.6099999999999996E-5     9.528086801682992E-6
4.62E-5                   9.351785102418318E-6
4.63E-5                   9.17548340315372E-6
4.6399999999999996E-5     8.999181703889205E-6
4.65E-5                   8.822880004624756E-6
4.66E-5                   8.646578305360381E-6
4.67E-5                   8.470276606096093E-6
4.68E-5                   8.293974906831867E-6
4.6899999999999995E-5     8.117673207567726E-6
4.7E-5                    7.941371508303652E-6
4.71E-5                   7.76506980903965E-6
4.7199999999999995E-5     7.588768109775734E-6
4.73E-5                   7.412466410511881E-6
4.74E-5                   7.236164711248106E-6
4.7499999999999996E-5     7.059863011984415E-6
4.76E-5                   6.883561312720785E-6
4.77E-5                   6.707259613457233E-6
4.7799999999999996E-5     6.530957914193767E-6
4.79E-5                   6.354656214930362E-6
4.8E-5                    6.178354515667034E-6
4.81E-5                   6.00205281640379E-6
4.82E-5                   5.8257511171406115E-6
4.8299999999999995E-5     5.649449417877519E-6
4.84E-5                   5.473147718614488E-6
4.85E-5                   5.296846019351535E-6
4.8599999999999995E-5     5.120544320088664E-6
4.87E-5                   4.944242620825859E-6
4.88E-5                   4.767940921563127E-6
4.8899999999999996E-5     4.591639222300482E-6
4.9E-5                    4.415337523037902E-6
4.91E-5                   4.239035823775395E-6
4.9199999999999997E-5     4.062734124512975E-6
4.93E-5                   3.8864324252506175E-6
4.9399999999999995E-5     3.7101307259883462E-6
4.95E-5                   3.533829026726138E-6
4.96E-5                   3.3575273274640057E-6
4.9699999999999995E-5     3.1812256282019584E-6
4.98E-5                   3.004923928939975E-6
4.99E-5                   2.828622229678066E-6
4.9999999999999996E-5     2.652320530416244E-6
5.01E-5                   2.4760188311544843E-6
5.02E-5                   2.2997171318927987E-6
5.0299999999999996E-5     2.1234154326312013E-6
5.04E-5                   1.9471137333696656E-6
5.05E-5                   1.770812034108205E-6
5.06E-5                   1.5945103348468315E-6
5.07E-5                   1.4182086355855203E-6
5.0799999999999995E-5     1.2419069363242958E-6
5.09E-5                   1.0656052370631343E-6
5.1E-5                    8.893035378020475E-7
5.1099999999999995E-5     7.130018385410468E-7
5.12E-5                   5.367001392801094E-7
5.13E-5                   3.6039844001924695E-7
5.1399999999999996E-5     1.840967407584712E-7
5.15E-5                   7.795041497757695E-9
5.16E-5                   -1.6850665776288085E-7
5.1699999999999996E-5     -3.448083570234325E-7
5.18E-5                   -5.211100562839216E-7
5.1899999999999994E-5     -6.974117555443238E-7
5.2E-5                    -8.737134548046633E-7
5.21E-5                   -1.050015154064928E-6
5.2199999999999995E-5     -1.2263168533251065E-6
5.23E-5                   -1.4026185525852217E-6
5.24E-5                   -1.4715202851868597E-6
5.2499999999999995E-5     -1.4475470603645265E-6
5.26E-5                   -1.4235738355421833E-6
5.27E-5                   -1.3996006107198319E-6
5.2799999999999996E-5     -1.3756273858974735E-6
5.29E-5                   -1.3516541610751053E-6
5.3E-5                    -1.327680936252729E-6
5.3099999999999996E-5     -1.3037077114303457E-6
5.32E-5                   -1.2797344866079526E-6
5.3299999999999995E-5     -1.2557612617855528E-6
5.34E-5                   -1.2317880369631428E-6
5.35E-5                   -1.2078148121407253E-6
5.3599999999999995E-5     -1.1838415873183006E-6
5.37E-5                   -1.159868362495866E-6
5.38E-5                   -1.1358951376734232E-6
5.3899999999999996E-5     -1.1119219128509733E-6
5.4E-5                    -1.087948688028514E-6
5.41E-5                   -1.0639754632060462E-6
5.4199999999999996E-5     -1.0400022383835717E-6
5.43E-5                   -1.0160290135610875E-6
5.4399999999999994E-5     -9.920557887385963E-7
5.4499999999999997E-5     -9.680825639160952E-7
5.46E-5                   -9.44109339093586E-7
5.4699999999999995E-5     -9.201361142710699E-7
5.48E-5                   -8.96162889448544E-7
5.49E-5                   -8.721896646260098E-7
5.4999999999999995E-5     -8.482164398034691E-7
5.51E-5                   -8.242432149809182E-7
5.52E-5                   -8.002699901583589E-7
5.5299999999999996E-5     -7.762967653357931E-7
5.54E-5                   -7.523235405132174E-7
5.55E-5                   -7.283503156906335E-7
5.5599999999999996E-5     -7.043770908680426E-7
5.57E-5                   -6.804038660454422E-7
5.5799999999999994E-5     -6.564306412228348E-7
5.59E-5                   -6.324574164002177E-7
5.6E-5                    -6.084841915775921E-7
5.6099999999999995E-5     -5.845109667549599E-7
5.62E-5                   -5.605377419323175E-7
5.63E-5                   -5.365645171096671E-7
5.6399999999999995E-5     -5.125912922870101E-7
5.65E-5                   -4.88618067464343E-7
5.66E-5                   -4.6464484264166764E-7
5.6699999999999996E-5     -4.406716178189856E-7
5.68E-5                   -4.166983929962936E-7
5.69E-5                   -3.927251681735933E-7
5.6999999999999996E-5     -3.687519433508864E-7
5.71E-5                   -3.4477871852816957E-7
5.7199999999999994E-5     -3.208054937054459E-7
5.73E-5                   -2.968322688827125E-7
5.74E-5                   -2.728590440599708E-7
5.7499999999999995E-5     -2.4888581923722225E-7
5.76E-5                   -2.2491259441446387E-7
5.77E-5                   -2.009393695916972E-7
5.7799999999999995E-5     -1.7696614476892385E-7
5.79E-5                   -1.5299291994614046E-7
5.8E-5                    -1.2901969512334883E-7
5.8099999999999996E-5     -1.0504647030055066E-7
5.82E-5                   -8.107324547774248E-8
5.8299999999999994E-5     -5.710002065492753E-8
5.8399999999999997E-5     -3.312679583210276E-8
5.85E-5                   -9.153571009269652E-9
5.8599999999999995E-5     1.4819653813570105E-8
5.87E-5                   3.87928786364198E-8
5.88E-5                   6.276610345927784E-8
5.8899999999999995E-5     8.673932828214256E-8
5.9E-5                    1.1071255310501717E-7
5.91E-5                   1.346857779279001E-7
5.9199999999999996E-5     1.5865900275078973E-7
5.93E-5                   1.8263222757368924E-7
5.94E-5                   2.0660545239659707E-7
5.9499999999999996E-5     2.305786772195116E-7
5.96E-5                   2.54551902042436E-7
5.9699999999999994E-5     2.7852512686536713E-7
5.98E-5                   3.024983516883082E-7
5.99E-5                   3.2551997260529644E-7
5.9999999999999995E-5     3.193444939009069E-7
6.01E-5                   3.131690151965193E-7
6.02E-5                   3.0699353649213386E-7
6.0299999999999995E-5     3.00818057787751E-7
6.04E-5                   2.9464257908337015E-7
6.05E-5                   2.884671003789914E-7
6.0599999999999996E-5     2.8229162167461534E-7
6.07E-5                   2.7611614297024114E-7
6.08E-5                   2.6994066426586916E-7
6.0899999999999996E-5     2.637651855614999E-7
6.1E-5                    2.5758970685713234E-7
6.11E-5                   2.514142281527674E-7
6.12E-5                   2.4523874944840437E-7
6.13E-5                   2.390632707440436E-7
6.14E-5                   2.3288779203968506E-7
6.149999999999999E-5      2.2671231333532957E-7
6.159999999999999E-5      2.205368346309755E-7
6.17E-5                   2.1436135592662362E-7
6.18E-5                   2.0818587722227403E-7
6.19E-5                   2.0201039851792664E-7
6.2E-5                    1.9583491981358153E-7
6.209999999999999E-5      1.8965944110923949E-7
6.22E-5                   1.8348396240489877E-7
6.23E-5                   1.7730848370056043E-7
6.24E-5                   1.7113300499622426E-7
6.25E-5                   1.649575262918903E-7
6.26E-5                   1.5878204758755863E-7
6.269999999999999E-5      1.5260656888322998E-7
6.28E-5                   1.4643109017890273E-7
6.29E-5                   1.4025561147457776E-7
6.3E-5                    1.34080132770255E-7
6.31E-5                   1.279046540659345E-7
6.319999999999999E-5      1.217291753616171E-7
6.33E-5                   1.1555369665730103E-7
6.34E-5                   1.0937821795298726E-7
6.35E-5                   1.0320273924867575E-7
6.36E-5                   9.702726054436637E-8
6.37E-5                   9.085178184005934E-8
6.379999999999999E-5      8.467630313575534E-8
6.39E-5                   7.850082443145272E-8
6.4E-5                    7.232534572715236E-8
6.41E-5                   6.614986702285425E-8
6.42E-5                   5.997438831855837E-8
6.429999999999999E-5      5.379890961426555E-8
6.44E-5                   4.7623430909974166E-8
6.45E-5                   4.1447952205684984E-8
6.46E-5                   3.527247350139805E-8
6.47E-5                   2.909699479711336E-8
6.48E-5                   2.2921516092830916E-8
6.489999999999999E-5      1.6746037388551554E-8
6.5E-5                    1.057055868427356E-8
6.51E-5                   4.395079979997823E-9
6.52E-5                   -1.7803987242756603E-9
6.53E-5                   -7.955877428546927E-9
6.539999999999999E-5      -1.4131356132815112E-8
6.549999999999999E-5      -2.0306834837081863E-8
6.56E-5                   -2.6482313541346432E-8
6.57E-5                   -3.2657792245608744E-8
6.58E-5                   -3.883327094986881E-8
6.59E-5                   -4.5008749654126625E-8
6.599999999999999E-5      -5.118422835838137E-8
6.61E-5                   -5.7359707062634726E-8
6.62E-5                   -6.353518576688584E-8
6.63E-5                   -6.971066447113474E-8
6.64E-5                   -7.588614317538135E-8
6.65E-5                   -8.206162187962575E-8
6.659999999999999E-5      -8.823710058386707E-8
6.67E-5                   -9.441257928810699E-8
6.68E-5                   -1.0058805799234466E-7
6.69E-5                   -1.0676353669658014E-7
6.7E-5                    -1.1293901540081331E-7
6.709999999999999E-5      -1.1911449410504345E-7
6.72E-5                   -1.2528997280927218E-7
6.73E-5                   -1.3146545151349865E-7
6.74E-5                   -1.3764093021772293E-7
6.75E-5                   -1.3900963029448663E-7
6.76E-5                   -1.360617442224271E-7
6.769999999999999E-5      -1.331138581503669E-7
6.78E-5                   -1.301659720783053E-7
6.79E-5                   -1.2721808600624257E-7
6.8E-5                    -1.242701999341788E-7
6.81E-5                   -1.2132231386211395E-7
6.819999999999999E-5      -1.1837442779004843E-7
6.829999999999999E-5      -1.1542654171798146E-7
6.84E-5                   -1.1247865564591341E-7
6.85E-5                   -1.0953076957384427E-7
6.86E-5                   -1.0658288350177413E-7
6.87E-5                   -1.0363499742970285E-7
6.879999999999999E-5      -1.0068711135763093E-7
6.89E-5                   -9.773922528555754E-8
6.9E-5                    -9.47913392134831E-8
6.91E-5                   -9.184345314140757E-8
6.92E-5                   -8.889556706933099E-8
6.929999999999999E-5      -8.594768099725372E-8
6.939999999999999E-5      -8.299979492517501E-8
6.95E-5                   -8.005190885309522E-8
6.96E-5                   -7.710402278101438E-8
6.97E-5                   -7.415613670893244E-8
6.98E-5                   -7.120825063684947E-8
6.989999999999999E-5      -6.826036456476584E-8
7.0E-5                    -6.53124784926807E-8
7.01E-5                   -6.23645924205945E-8
7.02E-5                   -5.941670634850725E-8
7.03E-5                   -5.646882027641893E-8
7.04E-5                   -5.352093420432953E-8
7.049999999999999E-5      -5.057304813223947E-8
7.06E-5                   -4.762516206014793E-8
7.07E-5                   -4.467727598805536E-8
7.08E-5                   -4.172938991596168E-8
7.09E-5                   -3.878150384386697E-8
7.099999999999999E-5      -3.583361777177158E-8
7.11E-5                   -3.288573169967472E-8
7.12E-5                   -2.993784562757678E-8
7.13E-5                   -2.698995955547779E-8
7.14E-5                   -2.4042073483377733E-8
7.15E-5                   -2.10941874112766E-8
7.159999999999999E-5      -1.814630133917479E-8
7.17E-5                   -1.5198415267071534E-8
7.18E-5                   -1.2250529194967207E-8
7.19E-5                   -9.302643122861804E-9
7.2E-5                    -6.354757050755335E-9
7.209999999999999E-5      -3.4068709786482054E-9
7.219999999999999E-5      -4.589849065396098E-10
7.23E-5                   2.4889011655700595E-9
7.24E-5                   5.436787237680798E-9
7.25E-5                   8.384673309792598E-9
7.26E-5                   1.133255938190546E-8
7.269999999999999E-5      1.4280445454018984E-8
7.28E-5                   1.7228331526133996E-8
7.29E-5                   2.0176217598250068E-8
7.3E-5                    2.3124103670367198E-8
7.31E-5                   2.6071989742485394E-8
7.319999999999999E-5      2.901987581460428E-8
7.329999999999999E-5      3.196776188672462E-8
7.34E-5                   3.491564795884602E-8
7.35E-5                   3.78635340309685E-8
7.36E-5                   4.081142010309203E-8
7.37E-5                   4.3759306175216646E-8
7.379999999999999E-5      4.670719224734192E-8
7.39E-5                   4.9655078319468656E-8
7.4E-5                    5.260296439159646E-8
7.41E-5                   5.555085046372534E-8
7.42E-5                   5.849873653585528E-8
7.429999999999999E-5      6.14466226079859E-8
7.439999999999999E-5      6.439450868011799E-8
7.45E-5                   6.734239475225111E-8
7.46E-5                   7.029028082438532E-8
7.47E-5                   7.323816689652059E-8
7.48E-5                   7.618605296865693E-8
7.489999999999999E-5      7.913393904079396E-8
7.5E-5                    8.197688438531928E-8
7.51E-5                   8.019039076201003E-8
7.52E-5                   7.840389713870137E-8
7.53E-5                   7.661740351539327E-8
7.54E-5                   7.483090989208575E-8
7.549999999999999E-5      7.304441626877907E-8
7.56E-5                   7.12579226454727E-8
7.57E-5                   6.947142902216689E-8
7.58E-5                   6.768493539886166E-8
7.59E-5                   6.5898441775557E-8
7.599999999999999E-5      6.411194815225317E-8
7.609999999999999E-5      6.232545452894965E-8
7.62E-5                   6.053896090564671E-8
7.63E-5                   5.875246728234434E-8
7.64E-5                   5.696597365904258E-8
7.65E-5                   5.517948003574134E-8
7.659999999999999E-5      5.339298641244094E-8
7.67E-5                   5.160649278914086E-8
7.68E-5                   4.981999916584137E-8
7.69E-5                   4.803350554254243E-8
7.7E-5                    4.624701191924409E-8
7.709999999999999E-5      4.446051829594655E-8
7.719999999999999E-5      4.2674024672649334E-8
7.73E-5                   4.088753104935271E-8
7.74E-5                   3.9101037426056635E-8
7.75E-5                   3.731454380276115E-8
7.76E-5                   3.552805017946623E-8
7.769999999999999E-5      3.374155655617213E-8
7.78E-5                   3.195506293287835E-8
7.79E-5                   3.0168569309585164E-8
7.8E-5                    2.838207568629253E-8
7.81E-5                   2.6595582063000485E-8
7.819999999999999E-5      2.480908843970923E-8
7.829999999999999E-5      2.3022594816418338E-8
7.84E-5                   2.1236101193127993E-8
7.85E-5                   1.9449607569838238E-8
7.86E-5                   1.766311394654904E-8
7.87E-5                   1.5876620323260435E-8
7.879999999999999E-5      1.4090126699972627E-8
7.89E-5                   1.2303633076685156E-8
7.9E-5                    1.0517139453398265E-8
7.91E-5                   8.730645830111934E-9
7.92E-5                   6.944152206826179E-9
7.93E-5                   5.157658583541002E-9
7.939999999999999E-5      3.3711649602566373E-9
7.95E-5                   1.5846713369726054E-9
7.96E-5                   -2.0182228631086137E-10
7.97E-5                   -1.988315909593746E-9
7.98E-5                   -3.77480953287606E-9
7.989999999999999E-5      -5.561303156157555E-9
7.999999999999999E-5      -7.347796779438727E-9
8.01E-5                   -9.134290402719326E-9
8.02E-5                   -1.0920784025999352E-8
8.03E-5                   -1.2707277649278797E-8
8.04E-5                   -1.449377127255768E-8
8.049999999999999E-5      -1.6280264895835745E-8
8.06E-5                   -1.8066758519113477E-8
8.07E-5                   -1.985325214239064E-8
8.08E-5                   -2.163974576566723E-8
8.09E-5                   -2.3426239388943243E-8
8.099999999999999E-5      -2.5212733012218437E-8
8.109999999999999E-5      -2.699922663549331E-8
8.12E-5                   -2.8785720258767603E-8
8.13E-5                   -3.0572213882041324E-8
8.14E-5                   -3.235870750531448E-8
8.15E-5                   -3.414520112858705E-8
8.159999999999999E-5      -3.5931694751858825E-8
8.17E-5                   -3.7718188375130254E-8
8.18E-5                   -3.950468199840112E-8
8.19E-5                   -4.12911756216714E-8
8.2E-5                    -4.307766924494111E-8
8.209999999999999E-5      -4.4864162868210004E-8
8.219999999999999E-5      -4.665065649147858E-8
8.23E-5                   -4.8437150114746574E-8
8.24E-5                   -5.0223643738014E-8
8.25E-5                   -5.2010137361280835E-8
8.26E-5                   -5.2384918254615215E-8
8.269999999999999E-5      -5.144328890075315E-8
8.28E-5                   -5.0501659546890785E-8
8.29E-5                   -4.9560030193028206E-8
8.3E-5                    -4.861840083916547E-8
8.31E-5                   -4.767677148530254E-8
8.319999999999999E-5      -4.673514213143956E-8
8.329999999999999E-5      -4.5793512777576275E-8
8.34E-5                   -4.4851883423712776E-8
8.35E-5                   -4.391025406984911E-8
8.36E-5                   -4.2968624715985276E-8
8.37E-5                   -4.202699536212124E-8
8.379999999999999E-5      -4.1085366008257146E-8
8.389999999999999E-5      -4.014373665439275E-8
8.4E-5                    -3.920210730052816E-8
8.41E-5                   -3.826047794666337E-8
8.42E-5                   -3.7318848592798426E-8
8.43E-5                   -3.637721923893328E-8
8.439999999999999E-5      -3.543558988506808E-8
8.45E-5                   -3.4493960531202576E-8
8.46E-5                   -3.3552331177336874E-8
8.47E-5                   -3.261070182347101E-8
8.48E-5                   -3.1669072469604946E-8
8.489999999999999E-5      -3.072744311573883E-8
8.499999999999999E-5      -2.9785813761872396E-8
8.51E-5                   -2.884418440800578E-8
8.52E-5                   -2.7902555054138983E-8
8.53E-5                   -2.6960925700271994E-8
8.54E-5                   -2.601929634640482E-8
8.549999999999999E-5      -2.5077666992537594E-8
8.56E-5                   -2.413603763867006E-8
8.57E-5                   -2.3194408284802338E-8
8.58E-5                   -2.2252778930934432E-8
8.59E-5                   -2.1311149577066347E-8
8.599999999999999E-5      -2.0369520223198197E-8
8.609999999999999E-5      -1.942789086932974E-8
8.62E-5                   -1.8486261515461097E-8
8.63E-5                   -1.7544632161592268E-8
8.64E-5                   -1.6603002807723257E-8
8.65E-5                   -1.566137345385405E-8
8.659999999999999E-5      -1.4719744099984808E-8
8.669999999999999E-5      -1.3778114746115233E-8
8.68E-5                   -1.2836485392245484E-8
8.69E-5                   -1.189485603837555E-8
8.7E-5                    -1.095322668450543E-8
8.709999999999999E-5      -1.0011597330635256E-8
8.719999999999999E-5      -9.069967976764769E-9
8.73E-5                   -8.1283386228941E-9
8.74E-5                   -7.186709269023247E-9
8.75E-5                   -6.245079915152204E-9
8.76E-5                   -5.3034505612809735E-9
8.769999999999999E-5      -4.36182120740969E-9
8.779999999999999E-5      -3.420191853538098E-9
8.79E-5                   -2.4785624996663196E-9
8.8E-5                    -1.5369331457943583E-9
8.81E-5                   -5.953037919222096E-10
8.82E-5                   3.463255619501218E-10
8.829999999999999E-5      1.2879549158225105E-9
8.84E-5                   2.2295842696952074E-9
8.85E-5                   3.1712136235680922E-9
8.86E-5                   4.112842977441161E-9
8.87E-5                   5.054472331314415E-9
8.879999999999999E-5      5.996101685187723E-9
8.889999999999999E-5      6.937731039061347E-9
8.9E-5                    7.879360392935151E-9
8.91E-5                   8.820989746809143E-9
8.92E-5                   9.762619100683318E-9
8.93E-5                   1.0704248454557684E-8
8.939999999999999E-5      1.1645877808432093E-8
8.95E-5                   1.2587507162306827E-8
8.96E-5                   1.352913651618174E-8
8.97E-5                   1.4470765870056835E-8
8.98E-5                   1.5412395223932118E-8
8.989999999999999E-5      1.635402457780746E-8
8.999999999999999E-5      1.7295653931683104E-8
9.01E-5                   1.823728328555894E-8
9.02E-5                   1.9178912639434967E-8
9.03E-5                   2.012054199331117E-8
9.04E-5                   2.1062171347187557E-8
9.049999999999999E-5      2.2003800701063996E-8
9.059999999999999E-5      2.294543005494076E-8
9.07E-5                   2.3887059408817696E-8
9.08E-5                   2.482868876269482E-8
9.09E-5                   2.5770318116572136E-8
9.099999999999999E-5      2.6711947470449498E-8
9.109999999999999E-5      2.7653576824327178E-8
9.12E-5                   2.859520617820504E-8
9.13E-5                   2.9536835532083084E-8
9.14E-5                   3.0478464885961317E-8
9.15E-5                   3.142009423983974E-8
9.159999999999999E-5      3.236172359371821E-8
9.169999999999999E-5      3.3303352947597004E-8
9.18E-5                   3.424498230147597E-8
9.19E-5                   3.5186611655355116E-8
9.2E-5                    3.6128241009234464E-8
9.21E-5                   3.706987036311398E-8
9.219999999999999E-5      3.8011499716993556E-8
9.23E-5                   3.895312907087345E-8
9.24E-5                   3.989475842475353E-8
9.25E-5                   4.083638777863378E-8
9.26E-5                   4.093519148873164E-8
9.269999999999999E-5      4.024806737473995E-8
9.279999999999999E-5      3.956094326074828E-8
9.29E-5                   3.887381914675671E-8
9.3E-5                    3.8186695032765235E-8
9.31E-5                   3.749957091877389E-8
9.32E-5                   3.681244680478264E-8
9.329999999999999E-5      3.61253226907916E-8
9.34E-5                   3.543819857680056E-8
9.35E-5                   3.4751074462809646E-8
9.36E-5                   3.406395034881882E-8
9.37E-5                   3.337682623482811E-8
9.379999999999999E-5      3.26897021208376E-8
9.389999999999999E-5      3.2002578006847107E-8
9.4E-5                    3.131545389285672E-8
9.41E-5                   3.062832977886644E-8
9.42E-5                   2.994120566487627E-8
9.43E-5                   2.9254081550886195E-8
9.439999999999999E-5      2.8566957436896335E-8
9.449999999999999E-5      2.787983332290648E-8
9.46E-5                   2.719270920891674E-8
9.47E-5                   2.65055850949271E-8
9.48E-5                   2.581846098093758E-8
9.489999999999999E-5      2.5131336866948243E-8
9.499999999999999E-5      2.444421275295893E-8
9.51E-5                   2.3757088638969727E-8
9.52E-5                   2.306996452498062E-8
9.53E-5                   2.2382840410991627E-8
9.54E-5                   2.1695716297002743E-8
9.549999999999999E-5      2.1008592183014057E-8
9.559999999999999E-5      2.0321468069025384E-8
9.57E-5                   1.963434395503682E-8
9.58E-5                   1.894721984104837E-8
9.59E-5                   1.826009572706002E-8
9.6E-5                    1.757297161307178E-8
9.609999999999999E-5      1.6885847499083735E-8
9.62E-5                   1.619872338509571E-8
9.63E-5                   1.551159927110779E-8
9.64E-5                   1.4824475157119985E-8
9.65E-5                   1.4137351043132271E-8
9.659999999999999E-5      1.3450226929144772E-8
9.669999999999999E-5      1.2763102815157274E-8
9.68E-5                   1.2075978701169895E-8
9.69E-5                   1.138885458718262E-8
9.7E-5                    1.0701730473195451E-8
9.71E-5                   1.0014606359208391E-8
9.719999999999999E-5      9.327482245221529E-9
9.73E-5                   8.640358131234684E-9
9.74E-5                   7.953234017247947E-9
9.75E-5                   7.266109903261315E-9
9.76E-5                   6.578985789274788E-9
9.769999999999999E-5      5.891861675288462E-9
9.779999999999999E-5      5.204737561302153E-9
9.79E-5                   4.5176134473159515E-9
9.8E-5                    3.830489333329857E-9
9.81E-5                   3.143365219343869E-9
9.82E-5                   2.4562411053579898E-9
9.829999999999999E-5      1.7691169913723094E-9
9.839999999999999E-5      1.0819928773866444E-9
9.85E-5                   3.948687634010861E-10
9.86E-5                   -2.922553505843639E-10
9.87E-5                   -9.793794645697087E-10
9.879999999999999E-5      -1.6665035785548487E-9
9.889999999999999E-5      -2.35362769253998E-9
9.9E-5                    -3.040751806525E-9
9.91E-5                   -3.7278759205099165E-9
9.92E-5                   -4.415000034494719E-9
9.93E-5                   -5.102124148479427E-9
9.939999999999999E-5      -5.7892482624639206E-9
9.949999999999999E-5      -6.47637237644841E-9
9.96E-5                   -7.163496490432786E-9
9.97E-5                   -7.850620604417057E-9
9.98E-5                   -8.537744718401216E-9
9.989999999999999E-5      -9.224868832385183E-9
9.999999999999999E-5      -9.911992946369129E-9
