% Model:              20230225_JW_4_35.mph
% Version:            COMSOL 5.6.0.401
% Date:               Feb 25 2023, 21:04
% Dimension:          1
% Nodes:              1001
% Expressions:        1
% Description:        点图
% X                       Height
0                         0.14100834788015187
1.0E-7                    0.14156349369327925
2.0E-7                    0.162494743834879
3.0E-7                    0.15671983829876068
4.0E-7                    0.16465274785219447
5.0E-7                    0.16538198917145708
6.0E-7                    0.16291503943369567
7.0E-7                    0.16072830773274946
8.0E-7                    0.15603237718564916
9.0E-7                    0.15168790006027172
1.0E-6                    0.1469736963529956
1.1E-6                    0.14260807511714038
1.2E-6                    0.13831173727519377
1.2999999999999998E-6     0.13407767272611124
1.4E-6                    0.12995716962161566
1.5E-6                    0.1259654871310134
1.6E-6                    0.12205762637220958
1.6999999999999998E-6     0.11839500628891231
1.8E-6                    0.11474081842502229
1.9E-6                    0.11122071337816097
2.0E-6                    0.10784717746661655
2.1E-6                    0.10452206047724812
2.2E-6                    0.10128737284737949
2.3E-6                    0.09823290624796997
2.4E-6                    0.09519910084908721
2.4999999999999998E-6     0.09226649580702309
2.5999999999999997E-6     0.08936744369925101
2.7E-6                    0.0866840184622855
2.8E-6                    0.08382696681244435
2.8999999999999998E-6     0.08124995127015057
3.0E-6                    0.0791935221542754
3.1E-6                    0.07616521045906058
3.2E-6                    0.0738716540862149
3.2999999999999997E-6     0.07200004143126862
3.3999999999999996E-6     0.06995563671421091
3.5E-6                    0.06770454446636993
3.6E-6                    0.06559486084864309
3.6999999999999997E-6     0.0636480770418599
3.8E-6                    0.06162935390315485
3.9E-6                    0.05981872899742385
4.0E-6                    0.057972972639202404
4.1E-6                    0.056200462806791106
4.2E-6                    0.05447936746080848
4.2999999999999995E-6     0.05279401499454191
4.4E-6                    0.051189371419812384
4.5E-6                    0.04962423802805244
4.6E-6                    0.04810085152834675
4.7E-6                    0.04663823433388789
4.8E-6                    0.0452079357756221
4.9E-6                    0.043832851638813404
4.9999999999999996E-6     0.04249916864616112
5.0999999999999995E-6     0.04119531727076057
5.199999999999999E-6      0.03994296216971776
5.3E-6                    0.03872741421475662
5.4E-6                    0.0375424178644131
5.5E-6                    0.036394674931232496
5.6E-6                    0.0352851141677047
5.7E-6                    0.03420479403500093
5.7999999999999995E-6     0.033160995575073314
5.899999999999999E-6      0.03215330358353074
6.0E-6                    0.031170398885532417
6.1E-6                    0.030212950899789825
6.2E-6                    0.02929744898177198
6.3E-6                    0.028395034291149503
6.4E-6                    0.027534051731111817
6.5E-6                    0.026640816012594534
6.5999999999999995E-6     0.02588000453411501
6.699999999999999E-6      0.025086044729631118
6.799999999999999E-6      0.024344097717799183
6.9E-6                    0.02357824025969349
7.0E-6                    0.02285004186793319
7.1E-6                    0.022170283756480707
7.2E-6                    0.021477708365209368
7.2999999999999996E-6     0.020831512713860436
7.3999999999999995E-6     0.02019961006775176
7.499999999999999E-6      0.01958059052208237
7.6E-6                    0.018981756289754608
7.699999999999999E-6      0.01840490160804717
7.8E-6                    0.017841257924243042
7.899999999999999E-6      0.017297779413257778
8.0E-6                    0.016770476584235892
8.1E-6                    0.016259419773973372
8.2E-6                    0.01576373884731306
8.3E-6                    0.015283468687907236
8.4E-6                    0.01481558483221529
8.5E-6                    0.014363607386366438
8.599999999999999E-6      0.013924634852598086
8.7E-6                    0.013499580565510842
8.8E-6                    0.013089165839843011
8.9E-6                    0.012689917429961653
9.0E-6                    0.012302801786433084
9.1E-6                    0.011927426021058663
9.2E-6                    0.011564715603459615
9.299999999999999E-6      0.011215829532656674
9.4E-6                    0.010866969349643096
9.499999999999999E-6      0.010541574041533051
9.6E-6                    0.010216178782282266
9.7E-6                    0.009907006496342638
9.8E-6                    0.009604379169445992
9.9E-6                    0.009310319358686705
9.999999999999999E-6      0.009027899454633411
1.01E-5                   0.008748152850612468
1.0199999999999999E-5     0.008485473938488051
1.03E-5                   0.008222795056731805
1.0399999999999999E-5     0.00797516386516442
1.05E-5                   0.0077302538886151574
1.06E-5                   0.007494844173357711
1.07E-5                   0.007266950703393276
1.08E-5                   0.007043160186179119
1.0899999999999999E-5     0.006830477669394838
1.1E-5                    0.006617795172623144
1.1099999999999999E-5     0.006419920356713937
1.12E-5                   0.006222329648240884
1.13E-5                   0.006033732851279517
1.14E-5                   0.005849127577028619
1.15E-5                   0.005669783985790485
1.1599999999999999E-5     0.0054982008974842535
1.17E-5                   0.005327965887847776
1.1799999999999999E-5     0.00516805490660416
1.19E-5                   0.005008143932719071
1.2E-5                    0.004856995147010751
1.21E-5                   0.004707680166069708
1.22E-5                   0.004564317748947358
1.2299999999999999E-5     0.004426059322919295
1.24E-5                   0.0042898313282019995
1.2499999999999999E-5     0.004159700664677567
1.26E-5                   0.004029570004449117
1.2699999999999999E-5     0.00390971923129852
1.28E-5                   0.0037902828269580934
1.29E-5                   0.003674944652305457
1.3E-5                    0.003561600519502586
1.31E-5                   0.0034520254700695285
1.3199999999999999E-5     0.0033484932629708
1.33E-5                   0.003245503216853535
1.3399999999999999E-5     0.003147643752019551
1.35E-5                   0.0030497842885121563
1.3599999999999999E-5     0.002957158673889242
1.37E-5                   0.0028657846763721195
1.38E-5                   0.0027805145230082877
1.3899999999999999E-5     0.0027004426187974386
1.4E-5                    0.002604293481916458
1.4099999999999999E-5     0.002517232000360933
1.42E-5                   0.0024584367864358765
1.4299999999999999E-5     0.0023861694858965973
1.44E-5                   0.002298749833617922
1.45E-5                   0.002237773923816312
1.4599999999999999E-5     0.00216408384362561
1.47E-5                   0.0020991721196784337
1.4799999999999999E-5     0.0020349985114072903
1.49E-5                   0.0019739791764839315
1.4999999999999999E-5     0.0019120066119088495
1.51E-5                   0.0018554389616535054
1.52E-5                   0.0017989677892951907
1.53E-5                   0.0017421229697887994
1.5399999999999998E-5     0.0016912670566776894
1.55E-5                   0.001638774669435281
1.56E-5                   0.001588541916962485
1.57E-5                   0.001540685338165358
1.5799999999999998E-5     0.0014937051240627379
1.59E-5                   0.0014469204038198966
1.6E-5                    0.0014040172227021803
1.61E-5                   0.0013617594295789255
1.62E-5                   0.001319571259797852
1.63E-5                   0.0012792371057594725
1.64E-5                   0.0012404626706321255
1.6499999999999998E-5     0.001202194580584644
1.66E-5                   0.0011661782736894905
1.67E-5                   0.001130161967177363
1.68E-5                   0.0010959480605314174
1.69E-5                   0.001062118970182519
1.7E-5                    0.0010300613599748137
1.71E-5                   0.0010000456832475726
1.7199999999999998E-5     9.700300066629109E-4
1.73E-5                   9.400143302147438E-4
1.74E-5                   9.099986538969874E-4
1.75E-5                   8.828509584626274E-4
1.76E-5                   8.566823619153285E-4
1.77E-5                   8.305137653416016E-4
1.78E-5                   8.043451687374696E-4
1.7899999999999998E-5     7.782763118813322E-4
1.8E-5                    7.558783300296335E-4
1.81E-5                   7.334803482611967E-4
1.82E-5                   7.110823665734933E-4
1.8299999999999998E-5     6.886843849639949E-4
1.84E-5                   6.671760980388503E-4
1.85E-5                   6.476722965727337E-4
1.8599999999999998E-5     6.281684950832179E-4
1.87E-5                   6.086646935686547E-4
1.88E-5                   5.891608920273967E-4
1.89E-5                   5.712859021620695E-4
1.8999999999999998E-5     5.545504725003369E-4
1.91E-5                   5.378150428751341E-4
1.92E-5                   5.210796132854098E-4
1.9299999999999998E-5     5.043441837301113E-4
1.94E-5                   4.903426304422886E-4
1.95E-5                   4.76752042544448E-4
1.96E-5                   4.6316145464603547E-4
1.9699999999999998E-5     4.495708667464911E-4
1.98E-5                   4.3598027884525487E-4
1.99E-5                   4.2238969094176746E-4
1.9999999999999998E-5     4.087991030354686E-4
2.01E-5                   3.9520851512579795E-4
2.02E-5                   3.8161792721219656E-4
2.03E-5                   3.695308436959223E-4
2.0399999999999998E-5     3.5942677680313417E-4
2.05E-5                   3.493227099143442E-4
2.06E-5                   3.392186430293224E-4
2.07E-5                   3.291145761478375E-4
2.0799999999999997E-5     3.1901050926965856E-4
2.09E-5                   3.089064423945546E-4
2.1E-5                    2.9880237552229526E-4
2.1099999999999998E-5     2.8869830865264944E-4
2.12E-5                   2.785942417853859E-4
2.13E-5                   2.7104419485998965E-4
2.14E-5                   2.635117738713094E-4
2.1499999999999997E-5     2.559793528866855E-4
2.16E-5                   2.4844693190602255E-4
2.17E-5                   2.4091451092922536E-4
2.1799999999999998E-5     2.3338208995619838E-4
2.19E-5                   2.25849668986846E-4
2.2E-5                    2.1831724802107323E-4
2.21E-5                   2.1078482705878446E-4
2.2199999999999998E-5     2.0431882518157484E-4
2.23E-5                   1.987076769259852E-4
2.24E-5                   1.9309652866734771E-4
2.2499999999999998E-5     1.8748538040562254E-4
2.26E-5                   1.8187423214077012E-4
2.27E-5                   1.762630838727513E-4
2.28E-5                   1.7065193560152636E-4
2.2899999999999998E-5     1.650407873270559E-4
2.3E-5                    1.5942963904930018E-4
2.31E-5                   1.5398667156798232E-4
2.3199999999999998E-5     1.4981331871128032E-4
2.33E-5                   1.4563996585780333E-4
2.34E-5                   1.4146661300753542E-4
2.35E-5                   1.3729326016046026E-4
2.3599999999999998E-5     1.3311990731656155E-4
2.37E-5                   1.289465544758229E-4
2.38E-5                   1.2477320163822834E-4
2.3899999999999998E-5     1.205998488037616E-4
2.4E-5                    1.164264959724061E-4
2.41E-5                   1.129710475177458E-4
2.42E-5                   1.0985517203774123E-4
2.4299999999999998E-5     1.0673929655559255E-4
2.44E-5                   1.0362342107129283E-4
2.45E-5                   1.0050754558483551E-4
2.4599999999999998E-5     9.739167009621378E-5
2.4699999999999997E-5     9.427579460542085E-5
2.48E-5                   9.115991911244986E-5
2.49E-5                   8.804404361729432E-5
2.4999999999999998E-5     8.512137186730115E-5
2.51E-5                   8.280784900911622E-5
2.52E-5                   8.049432615234234E-5
2.53E-5                   7.818080329697661E-5
2.5399999999999997E-5     7.586728044301633E-5
2.55E-5                   7.355375759045855E-5
2.56E-5                   7.124023473930081E-5
2.5699999999999998E-5     6.892671188954011E-5
2.58E-5                   6.661318904117369E-5
2.59E-5                   6.42996661941989E-5
2.6E-5                    6.261245561361681E-5
2.6099999999999997E-5     6.107918081348367E-5
2.62E-5                   5.9545906012987E-5
2.63E-5                   5.801263121212608E-5
2.6399999999999998E-5     5.647935641090006E-5
2.65E-5                   5.4946081609308096E-5
2.66E-5                   5.3412806807349475E-5
2.67E-5                   5.187953200502335E-5
2.6799999999999998E-5     5.0346257202328915E-5
2.69E-5                   4.8812982399265296E-5
2.7E-5                    4.72797075958318E-5
2.7099999999999998E-5     4.57464327920276E-5
2.7199999999999997E-5     4.421315798785185E-5
2.73E-5                   4.267988318330371E-5
2.74E-5                   4.114660837838248E-5
2.7499999999999998E-5     3.9613333573087285E-5
2.76E-5                   3.808005876741729E-5
2.77E-5                   3.654678396137179E-5
2.7799999999999998E-5     3.501350915494994E-5
2.7899999999999997E-5     3.4124576397629435E-5
2.8E-5                    3.3286733980783445E-5
2.81E-5                   3.244889156406214E-5
2.8199999999999998E-5     3.1611049147465346E-5
2.83E-5                   3.0773206730992925E-5
2.84E-5                   2.9935364314644804E-5
2.8499999999999998E-5     2.909752189842081E-5
2.8599999999999997E-5     2.8259679482320817E-5
2.87E-5                   2.7421837066344676E-5
2.88E-5                   2.658399465049229E-5
2.8899999999999998E-5     2.5746152234763516E-5
2.9E-5                    2.490830981915819E-5
2.91E-5                   2.4070467403676234E-5
2.9199999999999998E-5     2.3232624988317488E-5
2.9299999999999997E-5     2.2394782573081826E-5
2.94E-5                   2.1556940157969083E-5
2.95E-5                   2.071909774297919E-5
2.9599999999999998E-5     1.9881255328111984E-5
2.97E-5                   1.9062543469545362E-5
2.98E-5                   1.8604579522001087E-5
2.99E-5                   1.8146615574427937E-5
2.9999999999999997E-5     1.7688651626825887E-5
3.01E-5                   1.7230687679194902E-5
3.02E-5                   1.6772723731534983E-5
3.0299999999999998E-5     1.6314759783846105E-5
3.04E-5                   1.585679583612822E-5
3.05E-5                   1.539883188838135E-5
3.06E-5                   1.4940867940605445E-5
3.07E-5                   1.4482903992800477E-5
3.0799999999999996E-5     1.4024940044966468E-5
3.09E-5                   1.3566976097103332E-5
3.1E-5                    1.3109012149211087E-5
3.11E-5                   1.2651048201289732E-5
3.12E-5                   1.2193084253339189E-5
3.13E-5                   1.1735120305359472E-5
3.14E-5                   1.1277156357350579E-5
3.15E-5                   1.0819192409312437E-5
3.1599999999999996E-5     1.0397294738069309E-5
3.17E-5                   1.0146388184862044E-5
3.18E-5                   9.895481631655833E-6
3.1899999999999996E-5     9.6445750784507E-6
3.2E-5                    9.393668525246595E-6
3.21E-5                   9.14276197204354E-6
3.22E-5                   8.891855418841544E-6
3.23E-5                   8.640948865640574E-6
3.24E-5                   8.390042312440638E-6
3.25E-5                   8.139135759241754E-6
3.26E-5                   7.888229206043878E-6
3.2699999999999995E-5     7.63732265284705E-6
3.28E-5                   7.386416099651223E-6
3.29E-5                   7.135509546456419E-6
3.2999999999999996E-5     6.884602993262646E-6
3.31E-5                   6.633696440069868E-6
3.32E-5                   6.382789886878097E-6
3.3299999999999996E-5     6.131883333687348E-6
3.34E-5                   5.880976780497585E-6
3.35E-5                   5.671496991333093E-6
3.36E-5                   5.559601678277992E-6
3.37E-5                   5.44770636522442E-6
3.38E-5                   5.335811052172384E-6
3.39E-5                   5.223915739121893E-6
3.4E-5                    5.112020426072929E-6
3.4099999999999995E-5     5.000125113025511E-6
3.42E-5                   4.888229799979618E-6
3.43E-5                   4.776334486935261E-6
3.4399999999999996E-5     4.664439173892446E-6
3.45E-5                   4.552543860851157E-6
3.46E-5                   4.440648547811404E-6
3.4699999999999996E-5     4.3287532347731915E-6
3.48E-5                   4.216857921736504E-6
3.49E-5                   4.104962608701351E-6
3.5E-5                    3.9930672956677385E-6
3.51E-5                   3.88117198263565E-6
3.52E-5                   3.769276669605093E-6
3.53E-5                   3.657381356576076E-6
3.54E-5                   3.5454860435485843E-6
3.5499999999999996E-5     3.4335907305226304E-6
3.56E-5                   3.3216954174982003E-6
3.57E-5                   3.209800104475301E-6
3.5799999999999996E-5     3.0979047914539382E-6
3.59E-5                   2.986009478434099E-6
3.6E-5                    2.874114165415789E-6
3.6099999999999997E-5     2.7622188523990175E-6
3.62E-5                   2.6503235393837654E-6
3.63E-5                   2.5384282263700435E-6
3.64E-5                   2.4265329133578564E-6
3.65E-5                   2.3146376003471906E-6
3.6599999999999995E-5     2.20274228733806E-6
3.67E-5                   2.09084697433045E-6
3.68E-5                   1.9789516613243665E-6
3.6899999999999996E-5     1.8670563483198171E-6
3.7E-5                    1.755161035316787E-6
3.71E-5                   1.6432657223152836E-6
3.7199999999999996E-5     1.5313704093153135E-6
3.73E-5                   1.464595678976174E-6
3.74E-5                   1.4353901853164764E-6
3.75E-5                   1.4061846916561782E-6
3.76E-5                   1.3769791979952768E-6
3.77E-5                   1.347773704333773E-6
3.78E-5                   1.3185682106716697E-6
3.79E-5                   1.2893627170089619E-6
3.7999999999999995E-5     1.2601572233456546E-6
3.81E-5                   1.2309517296817436E-6
3.82E-5                   1.2017462360172304E-6
3.8299999999999996E-5     1.1725407423521175E-6
3.84E-5                   1.1433352486864007E-6
3.85E-5                   1.1141297550200816E-6
3.8599999999999996E-5     1.0849242613531623E-6
3.87E-5                   1.0557187676856396E-6
3.88E-5                   1.0265132740175149E-6
3.89E-5                   9.973077803487902E-7
3.9E-5                    9.681022866794614E-7
3.9099999999999995E-5     9.388967930095325E-7
3.92E-5                   9.09691299339E-7
3.93E-5                   8.804858056678652E-7
3.9399999999999995E-5     8.512803119961305E-7
3.95E-5                   8.220748183237919E-7
3.96E-5                   7.928693246508513E-7
3.9699999999999996E-5     7.636638309773107E-7
3.98E-5                   7.344583373031661E-7
3.99E-5                   7.052528436284193E-7
3.9999999999999996E-5     6.760473499530726E-7
4.01E-5                   6.468418562771221E-7
4.02E-5                   6.176363626005692E-7
4.03E-5                   5.884308689234164E-7
4.04E-5                   5.592253752456594E-7
4.0499999999999995E-5     5.300198815673025E-7
4.06E-5                   5.008143878883416E-7
4.07E-5                   4.716088942087785E-7
4.0799999999999996E-5     4.424034005286155E-7
4.09E-5                   4.1319790684784826E-7
4.1E-5                    3.839924131664791E-7
4.1099999999999996E-5     3.7210623302472125E-7
4.12E-5                   3.6473241659350586E-7
4.13E-5                   3.573586001624641E-7
4.14E-5                   3.4998478373159633E-7
4.15E-5                   3.4261096730090166E-7
4.1599999999999995E-5     3.3523715087038105E-7
4.17E-5                   3.278633344400335E-7
4.18E-5                   3.204895180098595E-7
4.1899999999999995E-5     3.131157015798597E-7
4.2E-5                    3.0574188515003287E-7
4.21E-5                   2.983680687203796E-7
4.2199999999999996E-5     2.909942522909004E-7
4.23E-5                   2.836204358615942E-7
4.24E-5                   2.762466194324618E-7
4.2499999999999996E-5     2.688728030035032E-7
4.26E-5                   2.6149898657471776E-7
4.27E-5                   2.54125170146106E-7
4.28E-5                   2.467513537176682E-7
4.29E-5                   2.393775372894035E-7
4.2999999999999995E-5     2.3200372086131287E-7
4.31E-5                   2.2462990443339528E-7
4.32E-5                   2.172560880056513E-7
4.3299999999999995E-5     2.0988227157808136E-7
4.34E-5                   2.0250845515068447E-7
4.35E-5                   1.9513463872346115E-7
4.3599999999999996E-5     1.8776082229641193E-7
4.37E-5                   1.8038700586953578E-7
4.38E-5                   1.7301318944283315E-7
4.3899999999999996E-5     1.6563937301630464E-7
4.4E-5                    1.5826555658994916E-7
4.41E-5                   1.508917401637673E-7
4.42E-5                   1.4351792373775946E-7
4.43E-5                   1.361441073119247E-7
4.4399999999999995E-5     1.28770290886264E-7
4.45E-5                   1.2139647446077638E-7
4.46E-5                   1.1402265803546231E-7
4.4699999999999996E-5     1.0664884161032231E-7
4.48E-5                   9.951697126552488E-8
4.49E-5                   9.804979995109501E-8
4.4999999999999996E-5     9.658262863664948E-8
4.51E-5                   9.511545732218811E-8
4.52E-5                   9.364828600771098E-8
4.5299999999999997E-5     9.218111469321817E-8
4.54E-5                   9.071394337870951E-8
4.5499999999999995E-5     8.924677206418522E-8
4.56E-5                   8.777960074964504E-8
4.57E-5                   8.631242943508911E-8
4.5799999999999995E-5     8.484525812051751E-8
4.59E-5                   8.337808680593009E-8
4.6E-5                    8.191091549132688E-8
4.6099999999999996E-5     8.044374417670804E-8
4.62E-5                   7.897657286207333E-8
4.63E-5                   7.750940154742286E-8
4.6399999999999996E-5     7.604223023275674E-8
4.65E-5                   7.457505891807475E-8
4.66E-5                   7.310788760337702E-8
4.67E-5                   7.164071628866362E-8
4.68E-5                   7.017354497393437E-8
4.6899999999999995E-5     6.870637365918944E-8
4.7E-5                    6.723920234442868E-8
4.71E-5                   6.577203102965216E-8
4.7199999999999995E-5     6.430485971485998E-8
4.73E-5                   6.283768840005193E-8
4.74E-5                   6.137051708522813E-8
4.7499999999999996E-5     5.990334577038867E-8
4.76E-5                   5.843617445553337E-8
4.77E-5                   5.6969003140662285E-8
4.7799999999999996E-5     5.550183182577556E-8
4.79E-5                   5.403466051087298E-8
4.8E-5                    5.256748919595463E-8
4.81E-5                   5.110031788102062E-8
4.82E-5                   4.9633146566070774E-8
4.8299999999999995E-5     4.816597525110526E-8
4.84E-5                   4.6698803936123886E-8
4.85E-5                   4.523163262112676E-8
4.8599999999999995E-5     4.3764461306113974E-8
4.87E-5                   4.229728999108533E-8
4.88E-5                   4.083011867604092E-8
4.8899999999999996E-5     3.9362947360980864E-8
4.9E-5                    3.789577604590495E-8
4.91E-5                   3.642860473081327E-8
4.9199999999999997E-5     3.496143341570595E-8
4.93E-5                   3.349426210058276E-8
4.9399999999999995E-5     3.202709078544392E-8
4.95E-5                   3.055991947028922E-8
4.96E-5                   2.9092748155118752E-8
4.9699999999999995E-5     2.7625576839932633E-8
4.98E-5                   2.6158405524730662E-8
4.99E-5                   2.4691234209512935E-8
4.9999999999999996E-5     2.322406289427954E-8
5.01E-5                   2.1756891579030296E-8
5.02E-5                   2.0289720263765297E-8
5.0299999999999996E-5     1.882254894848463E-8
5.04E-5                   1.7355377633188108E-8
5.05E-5                   1.5888206317875834E-8
5.06E-5                   1.4421035002547903E-8
5.07E-5                   1.2953863687204112E-8
5.0799999999999995E-5     1.1486692371844661E-8
5.09E-5                   1.0019521056469358E-8
5.1E-5                    8.552349741078299E-9
5.1099999999999995E-5     7.0851784256715735E-9
5.12E-5                   5.6180071102489994E-9
5.13E-5                   4.150835794810665E-9
5.1399999999999996E-5     2.6836644793566747E-9
5.15E-5                   1.2164931638868237E-9
5.16E-5                   -2.5067815159878253E-10
5.1699999999999996E-5     -1.7178494671000457E-9
5.18E-5                   -3.1850207826171664E-9
5.1899999999999994E-5     -4.652192098149945E-9
5.2E-5                    -6.11936341369858E-9
5.21E-5                   -7.586534729262973E-9
5.2199999999999995E-5     -9.053706044843025E-9
5.23E-5                   -1.052087736043893E-8
5.24E-5                   -1.1114706765408165E-8
5.2499999999999995E-5     -1.0953306952989007E-8
5.26E-5                   -1.0791907140571153E-8
5.27E-5                   -1.0630507328154617E-8
5.2799999999999996E-5     -1.0469107515739408E-8
5.29E-5                   -1.0307707703325501E-8
5.3E-5                    -1.0146307890912914E-8
5.3099999999999996E-5     -9.984908078501654E-9
5.32E-5                   -9.823508266091699E-9
5.3299999999999995E-5     -9.662108453683071E-9
5.34E-5                   -9.500708641275745E-9
5.35E-5                   -9.339308828869738E-9
5.3599999999999995E-5     -9.17790901646506E-9
5.37E-5                   -9.016509204061685E-9
5.38E-5                   -8.855109391659626E-9
5.3899999999999996E-5     -8.693709579258893E-9
5.4E-5                    -8.532309766859466E-9
5.41E-5                   -8.370909954461357E-9
5.4199999999999996E-5     -8.209510142064574E-9
5.43E-5                   -8.048110329669095E-9
5.4399999999999994E-5     -7.886710517274944E-9
5.4499999999999997E-5     -7.725310704882099E-9
5.46E-5                   -7.563910892490567E-9
5.4699999999999995E-5     -7.4025110801003645E-9
5.48E-5                   -7.241111267711468E-9
5.49E-5                   -7.079711455323886E-9
5.4999999999999995E-5     -6.9183116429376316E-9
5.51E-5                   -6.7569118305526825E-9
5.52E-5                   -6.59551201816905E-9
5.5299999999999996E-5     -6.434112205786745E-9
5.54E-5                   -6.272712393405744E-9
5.55E-5                   -6.111312581026058E-9
5.5599999999999996E-5     -5.949912768647702E-9
5.57E-5                   -5.78851295627065E-9
5.5799999999999994E-5     -5.627113143894924E-9
5.59E-5                   -5.465713331520504E-9
5.6E-5                    -5.304313519147401E-9
5.6099999999999995E-5     -5.142913706775624E-9
5.62E-5                   -4.981513894405152E-9
5.63E-5                   -4.8201140820359965E-9
5.6399999999999995E-5     -4.658714269668169E-9
5.65E-5                   -4.497314457301646E-9
5.66E-5                   -4.33591464493644E-9
5.6699999999999996E-5     -4.17451483257256E-9
5.68E-5                   -4.013115020209986E-9
5.69E-5                   -3.851715207848727E-9
5.6999999999999996E-5     -3.690315395488796E-9
5.71E-5                   -3.528915583130169E-9
5.7199999999999994E-5     -3.367515770772871E-9
5.73E-5                   -3.2061159584168763E-9
5.74E-5                   -3.044716146062199E-9
5.7499999999999995E-5     -2.8833163337088482E-9
5.76E-5                   -2.7219165213568027E-9
5.77E-5                   -2.5605167090060736E-9
5.7799999999999995E-5     -2.3991168966566713E-9
5.79E-5                   -2.237717084308575E-9
5.8E-5                    -2.076317271961794E-9
5.8099999999999996E-5     -1.9149174596163405E-9
5.82E-5                   -1.7535176472721916E-9
5.8299999999999994E-5     -1.5921178349293702E-9
5.8399999999999997E-5     -1.4307180225878543E-9
5.85E-5                   -1.2693182102476542E-9
5.8599999999999995E-5     -1.1079183979087813E-9
5.87E-5                   -9.465185855712133E-10
5.88E-5                   -7.85118773234962E-10
5.8899999999999995E-5     -6.237189609000372E-10
5.9E-5                    -4.6231914856641793E-10
5.91E-5                   -3.009193362341148E-10
5.9199999999999996E-5     -1.3951952390313874E-10
5.93E-5                   2.188028842653224E-11
5.94E-5                   1.8328010075488688E-10
5.9499999999999996E-5     3.4467991308191444E-10
5.96E-5                   5.06079725407637E-10
5.9699999999999994E-5     6.674795377320323E-10
5.98E-5                   8.288793500551226E-10
5.99E-5                   9.85043134058205E-10
5.9999999999999995E-5     9.805551600302766E-10
6.01E-5                   9.760671860023397E-10
6.02E-5                   9.715792119743948E-10
6.0299999999999995E-5     9.67091237946442E-10
6.04E-5                   9.626032639184805E-10
6.05E-5                   9.581152898905108E-10
6.0599999999999996E-5     9.536273158625334E-10
6.07E-5                   9.491393418345473E-10
6.08E-5                   9.44651367806553E-10
6.0899999999999996E-5     9.401633937785507E-10
6.1E-5                    9.3567541975054E-10
6.11E-5                   9.311874457225218E-10
6.12E-5                   9.266994716944947E-10
6.13E-5                   9.222114976664593E-10
6.14E-5                   9.177235236384158E-10
6.149999999999999E-5      9.132355496103647E-10
6.159999999999999E-5      9.08747575582305E-10
6.17E-5                   9.042596015542369E-10
6.18E-5                   8.997716275261608E-10
6.19E-5                   8.95283653498076E-10
6.2E-5                    8.907956794699833E-10
6.209999999999999E-5      8.863077054418833E-10
6.22E-5                   8.818197314137742E-10
6.23E-5                   8.773317573856568E-10
6.24E-5                   8.728437833575312E-10
6.25E-5                   8.683558093293975E-10
6.26E-5                   8.638678353012556E-10
6.269999999999999E-5      8.593798612731061E-10
6.28E-5                   8.54891887244948E-10
6.29E-5                   8.504039132167814E-10
6.3E-5                    8.459159391886066E-10
6.31E-5                   8.414279651604237E-10
6.319999999999999E-5      8.369399911322331E-10
6.33E-5                   8.324520171040338E-10
6.34E-5                   8.279640430758262E-10
6.35E-5                   8.234760690476106E-10
6.36E-5                   8.189880950193866E-10
6.37E-5                   8.145001209911544E-10
6.379999999999999E-5      8.100121469629146E-10
6.39E-5                   8.055241729346662E-10
6.4E-5                    8.010361989064094E-10
6.41E-5                   7.965482248781444E-10
6.42E-5                   7.920602508498711E-10
6.429999999999999E-5      7.875722768215904E-10
6.44E-5                   7.830843027933007E-10
6.45E-5                   7.78596328765003E-10
6.46E-5                   7.741083547366972E-10
6.47E-5                   7.696203807083828E-10
6.48E-5                   7.651324066800604E-10
6.489999999999999E-5      7.606444326517304E-10
6.5E-5                    7.561564586233916E-10
6.51E-5                   7.516684845950447E-10
6.52E-5                   7.471805105666893E-10
6.53E-5                   7.42692536538326E-10
6.539999999999999E-5      7.382045625099549E-10
6.549999999999999E-5      7.33716588481575E-10
6.56E-5                   7.29228614453187E-10
6.57E-5                   7.24740640424791E-10
6.58E-5                   7.202526663963864E-10
6.59E-5                   7.157646923679738E-10
6.599999999999999E-5      7.112767183395536E-10
6.61E-5                   7.067887443111245E-10
6.62E-5                   7.023007702826872E-10
6.63E-5                   6.978127962542419E-10
6.64E-5                   6.933248222257882E-10
6.65E-5                   6.888368481973262E-10
6.659999999999999E-5      6.843488741688569E-10
6.67E-5                   6.798609001403784E-10
6.68E-5                   6.75372926111892E-10
6.69E-5                   6.708849520833973E-10
6.7E-5                    6.663969780548944E-10
6.709999999999999E-5      6.619090040263841E-10
6.72E-5                   6.574210299978646E-10
6.73E-5                   6.529330559693372E-10
6.74E-5                   6.484450819408014E-10
6.75E-5                   6.348710929801502E-10
6.76E-5                   6.131376755866097E-10
6.769999999999999E-5      5.914042581931934E-10
6.78E-5                   5.696708407998957E-10
6.79E-5                   5.479374234067188E-10
6.8E-5                    5.262040060136636E-10
6.81E-5                   5.044705886207296E-10
6.819999999999999E-5      4.827371712279197E-10
6.829999999999999E-5      4.6100375383522815E-10
6.84E-5                   4.3927033644265796E-10
6.85E-5                   4.17536919050209E-10
6.86E-5                   3.958035016578815E-10
6.87E-5                   3.7407008426567506E-10
6.879999999999999E-5      3.5233666687359307E-10
6.89E-5                   3.3060324948162926E-10
6.9E-5                    3.088698320897868E-10
6.91E-5                   2.8713641469806554E-10
6.92E-5                   2.654029973064658E-10
6.929999999999999E-5      2.436695799149899E-10
6.939999999999999E-5      2.2193616252363276E-10
6.95E-5                   2.0020274513239669E-10
6.96E-5                   1.7846932774128208E-10
6.97E-5                   1.5673591035028852E-10
6.98E-5                   1.3500249295941638E-10
6.989999999999999E-5      1.1326907556866854E-10
7.0E-5                    9.153565817803887E-11
7.01E-5                   6.980224078753073E-11
7.02E-5                   4.8068823397143624E-11
7.03E-5                   2.6335406006878E-11
7.04E-5                   4.6019886167334145E-12
7.049999999999999E-5      -1.71314287732867E-11
7.06E-5                   -3.886484616318859E-11
7.07E-5                   -6.059826355296906E-11
7.08E-5                   -8.233168094262845E-11
7.09E-5                   -1.0406509833216635E-10
7.099999999999999E-5      -1.2579851572158017E-10
7.11E-5                   -1.475319331108755E-10
7.12E-5                   -1.6926535050004965E-10
7.13E-5                   -1.9099876788910243E-10
7.14E-5                   -2.1273218527803392E-10
7.15E-5                   -2.3446560266684416E-10
7.159999999999999E-5      -2.5619902005553027E-10
7.17E-5                   -2.77932437444098E-10
7.18E-5                   -2.996658548325443E-10
7.19E-5                   -3.213992722208694E-10
7.2E-5                    -3.431326896090733E-10
7.209999999999999E-5      -3.6486610699715275E-10
7.219999999999999E-5      -3.8659952438511404E-10
7.23E-5                   -4.08332941772954E-10
7.24E-5                   -4.3006635916067277E-10
7.25E-5                   -4.5179977654827E-10
7.26E-5                   -4.73533193935746E-10
7.269999999999999E-5      -4.952666113230978E-10
7.28E-5                   -5.170000287103313E-10
7.29E-5                   -5.387334460974437E-10
7.3E-5                    -5.604668634844345E-10
7.31E-5                   -5.822002808713042E-10
7.319999999999999E-5      -6.039336982580495E-10
7.329999999999999E-5      -6.256671156446767E-10
7.34E-5                   -6.474005330311823E-10
7.35E-5                   -6.691339504175668E-10
7.36E-5                   -6.9086736780383E-10
7.37E-5                   -7.12600785189972E-10
7.379999999999999E-5      -7.343342025759897E-10
7.39E-5                   -7.56067619961889E-10
7.4E-5                    -7.778010373476671E-10
7.41E-5                   -7.995344547333235E-10
7.42E-5                   -8.21267872118859E-10
7.429999999999999E-5      -8.430012895042703E-10
7.439999999999999E-5      -8.647347068895634E-10
7.45E-5                   -8.864681242747348E-10
7.46E-5                   -9.082015416597852E-10
7.47E-5                   -9.299349590447141E-10
7.48E-5                   -9.516683764295221E-10
7.489999999999999E-5      -9.734017938142052E-10
7.5E-5                    -9.94070833216085E-10
7.51E-5                   -9.677850532486397E-10
7.52E-5                   -9.414992732810871E-10
7.53E-5                   -9.152134933134265E-10
7.54E-5                   -8.889277133456581E-10
7.549999999999999E-5      -8.626419333777865E-10
7.56E-5                   -8.363561534098034E-10
7.57E-5                   -8.100703734417128E-10
7.58E-5                   -7.837845934735146E-10
7.59E-5                   -7.574988135052087E-10
7.599999999999999E-5      -7.312130335367991E-10
7.609999999999999E-5      -7.04927253568278E-10
7.62E-5                   -6.786414735996497E-10
7.63E-5                   -6.523556936309138E-10
7.64E-5                   -6.260699136620702E-10
7.65E-5                   -5.99784133693119E-10
7.659999999999999E-5      -5.73498353724064E-10
7.67E-5                   -5.472125737548976E-10
7.68E-5                   -5.20926793785624E-10
7.69E-5                   -4.946410138162425E-10
7.7E-5                    -4.683552338467539E-10
7.709999999999999E-5      -4.420694538771609E-10
7.719999999999999E-5      -4.157836739074568E-10
7.73E-5                   -3.8949789393764535E-10
7.74E-5                   -3.6321211396772625E-10
7.75E-5                   -3.369263339976997E-10
7.76E-5                   -3.106405540275653E-10
7.769999999999999E-5      -2.8435477405732717E-10
7.78E-5                   -2.5806899408697773E-10
7.79E-5                   -2.31783214116521E-10
7.8E-5                    -2.054974341459564E-10
7.81E-5                   -1.7921165417528454E-10
7.819999999999999E-5      -1.529258742045084E-10
7.829999999999999E-5      -1.2664009423362143E-10
7.84E-5                   -1.0035431426262659E-10
7.85E-5                   -7.406853429152451E-11
7.86E-5                   -4.7782754320314605E-11
7.87E-5                   -2.149697434899741E-11
7.879999999999999E-5      4.788805622424049E-12
7.89E-5                   3.107458559395644E-11
7.9E-5                    5.736036556559631E-11
7.91E-5                   8.364614553734399E-11
7.92E-5                   1.0993192550919911E-10
7.93E-5                   1.3621770548116172E-10
7.939999999999999E-5      1.6250348545322833E-10
7.95E-5                   1.8878926542540618E-10
7.96E-5                   2.150750453976916E-10
7.97E-5                   2.4136082537008447E-10
7.98E-5                   2.676466053425848E-10
7.989999999999999E-5      2.939323853151892E-10
7.999999999999999E-5      3.2021816528790476E-10
8.01E-5                   3.4650394526072804E-10
8.02E-5                   3.7278972523365865E-10
8.03E-5                   3.990755052066968E-10
8.04E-5                   4.2536128517984256E-10
8.049999999999999E-5      4.5164706515309256E-10
8.06E-5                   4.779328451264534E-10
8.07E-5                   5.042186250999219E-10
8.08E-5                   5.305044050734978E-10
8.09E-5                   5.567901850471813E-10
8.099999999999999E-5      5.83075965020969E-10
8.109999999999999E-5      6.093617449948675E-10
8.12E-5                   6.356475249688739E-10
8.13E-5                   6.619333049429876E-10
8.14E-5                   6.882190849172091E-10
8.15E-5                   7.145048648915378E-10
8.159999999999999E-5      7.407906448659706E-10
8.17E-5                   7.670764248405147E-10
8.18E-5                   7.933622048151663E-10
8.19E-5                   8.196479847899256E-10
8.2E-5                    8.459337647647922E-10
8.209999999999999E-5      8.722195447397626E-10
8.219999999999999E-5      8.985053247148447E-10
8.23E-5                   9.247911046900338E-10
8.24E-5                   9.510768846653307E-10
8.25E-5                   9.773626646407352E-10
8.26E-5                   9.807148013173948E-10
8.269999999999999E-5      9.626815085054872E-10
8.28E-5                   9.44648215693617E-10
8.29E-5                   9.266149228817855E-10
8.3E-5                    9.085816300699941E-10
8.31E-5                   8.905483372582419E-10
8.319999999999999E-5      8.725150444465316E-10
8.329999999999999E-5      8.544817516348584E-10
8.34E-5                   8.364484588232247E-10
8.35E-5                   8.184151660116306E-10
8.36E-5                   8.003818732000757E-10
8.37E-5                   7.823485803885605E-10
8.379999999999999E-5      7.64315287577087E-10
8.389999999999999E-5      7.462819947656508E-10
8.4E-5                    7.282487019542537E-10
8.41E-5                   7.102154091428964E-10
8.42E-5                   6.921821163315785E-10
8.43E-5                   6.741488235203E-10
8.439999999999999E-5      6.561155307090632E-10
8.45E-5                   6.380822378978637E-10
8.46E-5                   6.200489450867036E-10
8.47E-5                   6.020156522755832E-10
8.48E-5                   5.83982359464502E-10
8.489999999999999E-5      5.659490666534628E-10
8.499999999999999E-5      5.479157738424605E-10
8.51E-5                   5.298824810314978E-10
8.52E-5                   5.118491882205745E-10
8.53E-5                   4.938158954096906E-10
8.54E-5                   4.757826025988463E-10
8.549999999999999E-5      4.5774930978804394E-10
8.56E-5                   4.397160169772784E-10
8.57E-5                   4.2168272416655254E-10
8.58E-5                   4.036494313558661E-10
8.59E-5                   3.856161385452191E-10
8.599999999999999E-5      3.6758284573461403E-10
8.609999999999999E-5      3.49549552924046E-10
8.62E-5                   3.3151626011351745E-10
8.63E-5                   3.134829673030283E-10
8.64E-5                   2.9544967449257867E-10
8.65E-5                   2.7741638168216836E-10
8.659999999999999E-5      2.5938308887180025E-10
8.669999999999999E-5      2.4134979606146884E-10
8.68E-5                   2.2331650325117705E-10
8.69E-5                   2.0528321044092482E-10
8.7E-5                    1.8724991763071198E-10
8.709999999999999E-5      1.6921662482054104E-10
8.719999999999999E-5      1.5118333201040717E-10
8.73E-5                   1.3315003920031277E-10
8.74E-5                   1.1511674639025777E-10
8.75E-5                   9.708345358024236E-11
8.76E-5                   7.905016077026617E-11
8.769999999999999E-5      6.101686796033212E-11
8.779999999999999E-5      4.2983575150435026E-11
8.79E-5                   2.4950282340577393E-11
8.8E-5                    6.916989530759327E-12
8.81E-5                   -1.1116303279019439E-11
8.82E-5                   -2.914959608875865E-11
8.829999999999999E-5      -4.718288889845598E-11
8.84E-5                   -6.521618170811626E-11
8.85E-5                   -8.324947451773698E-11
8.86E-5                   -1.0128276732731833E-10
8.87E-5                   -1.1931606013686025E-10
8.879999999999999E-5      -1.3734935294636013E-10
8.889999999999999E-5      -1.553826457558231E-10
8.9E-5                    -1.7341593856524648E-10
8.91E-5                   -1.9144923137463048E-10
8.92E-5                   -2.0948252418397502E-10
8.93E-5                   -2.2751581699328023E-10
8.939999999999999E-5      -2.455491098025432E-10
8.95E-5                   -2.6358240261176946E-10
8.96E-5                   -2.8161569542095605E-10
8.97E-5                   -2.9964898823010325E-10
8.98E-5                   -3.1768228103921095E-10
8.989999999999999E-5      -3.3571557384827677E-10
8.999999999999999E-5      -3.537488666573056E-10
9.01E-5                   -3.717821594662948E-10
9.02E-5                   -3.898154522752447E-10
9.03E-5                   -4.0784874508415517E-10
9.04E-5                   -4.25882037893026E-10
9.049999999999999E-5      -4.4391533070185503E-10
9.059999999999999E-5      -4.6194862351064695E-10
9.07E-5                   -4.799819163193994E-10
9.08E-5                   -4.980152091281124E-10
9.09E-5                   -5.160485019367859E-10
9.099999999999999E-5      -5.340817947454176E-10
9.109999999999999E-5      -5.521150875540121E-10
9.12E-5                   -5.701483803625675E-10
9.13E-5                   -5.88181673171083E-10
9.14E-5                   -6.062149659795593E-10
9.15E-5                   -6.242482587879961E-10
9.159999999999999E-5      -6.422815515963908E-10
9.169999999999999E-5      -6.603148444047488E-10
9.18E-5                   -6.783481372130671E-10
9.19E-5                   -6.963814300213459E-10
9.2E-5                    -7.144147228295854E-10
9.21E-5                   -7.324480156377851E-10
9.219999999999999E-5      -7.504813084459434E-10
9.23E-5                   -7.685146012540643E-10
9.24E-5                   -7.865478940621458E-10
9.25E-5                   -8.04581186870188E-10
9.26E-5                   -8.056053127369462E-10
9.269999999999999E-5      -7.907685334896455E-10
9.279999999999999E-5      -7.759317542423217E-10
9.29E-5                   -7.610949749949766E-10
9.3E-5                    -7.462581957476107E-10
9.31E-5                   -7.314214165002238E-10
9.32E-5                   -7.16584637252816E-10
9.329999999999999E-5      -7.017478580053894E-10
9.34E-5                   -6.869110787579393E-10
9.35E-5                   -6.720742995104685E-10
9.36E-5                   -6.572375202629767E-10
9.37E-5                   -6.424007410154636E-10
9.379999999999999E-5      -6.275639617679319E-10
9.389999999999999E-5      -6.127271825203768E-10
9.4E-5                    -5.978904032728011E-10
9.41E-5                   -5.830536240252039E-10
9.42E-5                   -5.68216844777586E-10
9.43E-5                   -5.533800655299471E-10
9.439999999999999E-5      -5.385432862822891E-10
9.449999999999999E-5      -5.237065070346082E-10
9.46E-5                   -5.088697277869062E-10
9.47E-5                   -4.940329485391832E-10
9.48E-5                   -4.791961692914392E-10
9.489999999999999E-5      -4.643593900436764E-10
9.499999999999999E-5      -4.4952261079589034E-10
9.51E-5                   -4.346858315480833E-10
9.52E-5                   -4.1984905230025534E-10
9.53E-5                   -4.050122730524061E-10
9.54E-5                   -3.901754938045362E-10
9.549999999999999E-5      -3.7533871455664704E-10
9.559999999999999E-5      -3.6050193530873506E-10
9.57E-5                   -3.45665156060802E-10
9.58E-5                   -3.3082837681284793E-10
9.59E-5                   -3.1599159756487293E-10
9.6E-5                    -3.0115481831687683E-10
9.609999999999999E-5      -2.863180390688617E-10
9.62E-5                   -2.7148125982082364E-10
9.63E-5                   -2.566444805727645E-10
9.64E-5                   -2.418077013246844E-10
9.65E-5                   -2.269709220765832E-10
9.659999999999999E-5      -2.1213414282846325E-10
9.669999999999999E-5      -1.9729736358031992E-10
9.68E-5                   -1.824605843321558E-10
9.69E-5                   -1.6762380508397062E-10
9.7E-5                    -1.527870258357645E-10
9.71E-5                   -1.3795024658753732E-10
9.719999999999999E-5      -1.2311346733929118E-10
9.73E-5                   -1.08276688091022E-10
9.74E-5                   -9.343990884273178E-11
9.75E-5                   -7.860312959442064E-11
9.76E-5                   -6.37663503460883E-11
9.769999999999999E-5      -4.892957109773703E-11
9.779999999999999E-5      -3.4092791849362873E-11
9.79E-5                   -1.925601260096766E-11
9.8E-5                    -4.419233352551398E-12
9.81E-5                   1.0417545895885873E-11
9.82E-5                   2.5254325144344115E-11
9.829999999999999E-5      4.009110439282136E-11
9.839999999999999E-5      5.4927883641321657E-11
9.85E-5                   6.97646628898429E-11
9.86E-5                   8.460144213838515E-11
9.87E-5                   9.943822138694851E-11
9.879999999999999E-5      1.1427500063553081E-10
9.889999999999999E-5      1.2911177988413617E-10
9.9E-5                    1.4394855913276244E-10
9.91E-5                   1.587853383814097E-10
9.92E-5                   1.7362211763007804E-10
9.93E-5                   1.8845889687876752E-10
9.939999999999999E-5      2.0329567612747582E-10
9.949999999999999E-5      2.181324553762072E-10
9.96E-5                   2.329692346249596E-10
9.97E-5                   2.47806013873733E-10
9.98E-5                   2.626427931225273E-10
9.989999999999999E-5      2.7747957237134076E-10
9.999999999999999E-5      2.9231635162017716E-10
