% Model:              20230225_JW_4_35.mph
% Version:            COMSOL 5.6.0.401
% Date:               Feb 25 2023, 21:02
% Dimension:          1
% Nodes:              1001
% Expressions:        1
% Description:        点图
% X                       Height
0                         23.41019405515608
1.0E-7                    23.380121928597962
2.0E-7                    23.20741290475954
3.0E-7                    22.90129571464453
4.0E-7                    22.465632612877567
5.0E-7                    22.0217224470234
6.0E-7                    21.53708432831881
7.0E-7                    21.031331405544854
8.0E-7                    20.534498395746265
9.0E-7                    20.035464772662753
1.0E-6                    19.54098886416182
1.1E-6                    19.04902766716485
1.2E-6                    18.562897651432866
1.2999999999999998E-6     18.08316657266474
1.4E-6                    17.60964722029341
1.5E-6                    17.1422087181534
1.6E-6                    16.68322734328652
1.6999999999999998E-6     16.23279781410152
1.8E-6                    15.790798622897146
1.9E-6                    15.35686546633244
2.0E-6                    14.93171490101789
2.1E-6                    14.516145062057486
2.2E-6                    14.109129696083219
2.3E-6                    13.710987786829332
2.4E-6                    13.324425681943241
2.4999999999999998E-6     12.938753950812565
2.5999999999999997E-6     12.594450600761734
2.7E-6                    12.212239967012602
2.8E-6                    11.855471929483194
2.8999999999999998E-6     11.515664489596222
3.0E-6                    11.18366734202724
3.1E-6                    10.858854444747955
3.2E-6                    10.539809154364985
3.2999999999999997E-6     10.231621530719163
3.3999999999999996E-6     9.93116187438151
3.5E-6                    9.638681608808735
3.6E-6                    9.353949702050175
3.6999999999999997E-6     9.07695486800724
3.8E-6                    8.807352212891287
3.9E-6                    8.545526458766815
4.0E-6                    8.291110494937115
4.1E-6                    8.043782895544835
4.2E-6                    7.803398624179379
4.2999999999999995E-6     7.569834672195192
4.4E-6                    7.343421304307323
4.5E-6                    7.123240279424637
4.6E-6                    6.909480973459148
4.7E-6                    6.702277044138235
4.8E-6                    6.500622941382685
4.9E-6                    6.305329724482389
4.9999999999999996E-6     6.116519394159278
5.0999999999999995E-6     5.931187749008401
5.199999999999999E-6      5.753213985163289
5.3E-6                    5.579898864839861
5.4E-6                    5.410711827927708
5.5E-6                    5.247366781552367
5.6E-6                    5.089263685287112
5.7E-6                    4.934963826921442
5.7999999999999995E-6     4.785210342419838
5.899999999999999E-6      4.641028998523248
6.0E-6                    4.500287864011256
6.1E-6                    4.362972898989747
6.2E-6                    4.231604087364118
6.3E-6                    4.103714665604996
6.4E-6                    3.977786293218075
6.5E-6                    3.8574619255253184
6.5999999999999995E-6     3.74028001952404
6.699999999999999E-6      3.6267913426570764
6.799999999999999E-6      3.51657677733143
6.9E-6                    3.4097238242296286
7.0E-6                    3.3060715169249018
7.1E-6                    3.205595577986269
7.2E-6                    3.1081123303519216
7.2999999999999996E-6     3.0136066157212147
7.3999999999999995E-6     2.9219406538908217
7.499999999999999E-6      2.8331228635026586
7.6E-6                    2.7469415182948436
7.699999999999999E-6      2.663327334938897
7.8E-6                    2.5821964899723606
7.899999999999999E-6      2.503646041410456
8.0E-6                    2.4274543111048703
8.1E-6                    2.3537865837625627
8.2E-6                    2.282132071527769
8.3E-6                    2.212605505490922
8.4E-6                    2.1451429323297417
8.5E-6                    2.0796975340795547
8.599999999999999E-6      2.016199622522397
8.7E-6                    1.954881101015762
8.8E-6                    1.895414612008847
8.9E-6                    1.8377046489432651
9.0E-6                    1.7817182152066822
9.1E-6                    1.7273994437906206
9.2E-6                    1.6749474648547598
9.299999999999999E-6      1.6244413130819613
9.4E-6                    1.573938948457513
9.499999999999999E-6      1.5268811318276583
9.6E-6                    1.4798233151978029
9.7E-6                    1.4350500461806757
9.8E-6                    1.3911984415321204
9.9E-6                    1.3486240267667333
9.999999999999999E-6      1.3077848216703154
1.01E-5                   1.2673215536459659
1.0199999999999999E-5     1.2292584873088868
1.03E-5                   1.191195420971807
1.0399999999999999E-5     1.1553486957996213
1.05E-5                   1.1199027671753492
1.06E-5                   1.085800692898477
1.07E-5                   1.052761826041075
1.08E-5                   1.020336646907513
1.0899999999999999E-5     0.9895729200818054
1.1E-5                    0.958809193256097
1.1099999999999999E-5     0.9300998027115042
1.12E-5                   0.9014298250957137
1.13E-5                   0.8741181757649884
1.14E-5                   0.8474093557371312
1.15E-5                   0.8214449171409997
1.1599999999999999E-5     0.7965783735236636
1.17E-5                   0.7719042754904463
1.1799999999999999E-5     0.7487040009562422
1.19E-5                   0.7255037264220379
1.2E-5                    0.7036643630919154
1.21E-5                   0.6821098187752112
1.22E-5                   0.6613071627996567
1.2299999999999999E-5     0.6411492089908226
1.24E-5                   0.6213573116876957
1.2499999999999999E-5     0.6026646747064561
1.26E-5                   0.5839720377252162
1.2699999999999999E-5     0.5664460727053547
1.28E-5                   0.5489671341788076
1.29E-5                   0.5322959536141045
1.3E-5                    0.5160177971544477
1.31E-5                   0.5002090610840735
1.3199999999999999E-5     0.48515293064986553
1.33E-5                   0.4701699808454904
1.3399999999999999E-5     0.45587955799038093
1.35E-5                   0.4415891351352711
1.3599999999999999E-5     0.4284428690838402
1.37E-5                   0.4155702150994381
1.38E-5                   0.40296340554562415
1.3899999999999999E-5     0.39060990083966407
1.4E-5                    0.37847423317793955
1.4099999999999999E-5     0.3668257888443191
1.42E-5                   0.3554845452307991
1.4299999999999999E-5     0.3445337624868172
1.44E-5                   0.3338813067607535
1.45E-5                   0.32368773755966435
1.4599999999999999E-5     0.3138517211280066
1.47E-5                   0.3042215502890362
1.4799999999999999E-5     0.29497664473649177
1.49E-5                   0.28595709861144236
1.4999999999999999E-5     0.2772457691771881
1.51E-5                   0.2688031770919971
1.52E-5                   0.26060110643253415
1.53E-5                   0.25263081232143275
1.5399999999999998E-5     0.24493492493083974
1.55E-5                   0.23748118081560163
1.56E-5                   0.230240784043846
1.57E-5                   0.2232108692289951
1.5799999999999998E-5     0.21639301748128315
1.59E-5                   0.20977765084355163
1.6E-5                    0.20337650018928527
1.61E-5                   0.19728384735020754
1.62E-5                   0.19122447458173364
1.63E-5                   0.18539659580196963
1.64E-5                   0.17976346489720543
1.6499999999999998E-5     0.17420328072541755
1.66E-5                   0.16896750013565756
1.67E-5                   0.1637317195458978
1.68E-5                   0.15880076258133194
1.69E-5                   0.15393488615550138
1.7E-5                    0.14929945717795537
1.71E-5                   0.14492965821943576
1.7199999999999998E-5     0.1405598592609162
1.73E-5                   0.13619006030239647
1.74E-5                   0.13182026134387687
1.75E-5                   0.1278947755767223
1.76E-5                   0.12412097372576847
1.77E-5                   0.1203471718748148
1.78E-5                   0.1165733700238611
1.7899999999999998E-5     0.11281316100719523
1.8E-5                    0.10955322975422756
1.81E-5                   0.10629329850126
1.82E-5                   0.10303336724829244
1.8299999999999998E-5     0.09977343599532487
1.84E-5                   0.09665007995492725
1.85E-5                   0.0938344284048734
1.8599999999999998E-5     0.09101877685481952
1.87E-5                   0.08820312530476555
1.88E-5                   0.08538747375471169
1.89E-5                   0.08279757298419413
1.8999999999999998E-5     0.08036561348967282
1.91E-5                   0.07793365399515144
1.92E-5                   0.07550169450063016
1.9299999999999998E-5     0.07306973500610886
1.94E-5                   0.07104178465392477
1.95E-5                   0.06907456630262973
1.96E-5                   0.06710734795133469
1.9699999999999998E-5     0.06514012960003965
1.98E-5                   0.06317291124874454
1.99E-5                   0.061205692897449496
1.9999999999999998E-5     0.05923847454615446
2.01E-5                   0.05727125619485935
2.02E-5                   0.055304037843564316
2.03E-5                   0.05355330993759993
2.0399999999999998E-5     0.05208811771150681
2.05E-5                   0.05062292548541363
2.06E-5                   0.04915773325932051
2.07E-5                   0.0476925410332274
2.0799999999999997E-5     0.04622734880713427
2.09E-5                   0.04476215658104111
2.1E-5                    0.04329696435494798
2.1099999999999998E-5     0.04183177212885486
2.12E-5                   0.04036657990276169
2.13E-5                   0.03927274058398549
2.14E-5                   0.038181464064818954
2.1499999999999997E-5     0.03709018754565242
2.16E-5                   0.03599891102648586
2.17E-5                   0.034907634507319325
2.1799999999999998E-5     0.0338163579881528
2.19E-5                   0.032725081468986235
2.2E-5                    0.031633804949819704
2.21E-5                   0.030542528430653176
2.2199999999999998E-5     0.029605887753048406
2.23E-5                   0.028793204918760945
2.24E-5                   0.027980522084473516
2.2499999999999998E-5     0.02716783925018608
2.26E-5                   0.026355156415898622
2.27E-5                   0.02554247358161119
2.28E-5                   0.024729790747323756
2.2899999999999998E-5     0.02391710791303632
2.3E-5                    0.02310442507874886
2.31E-5                   0.022315985197011702
2.3199999999999998E-5     0.021710557925139772
2.33E-5                   0.021105130653267825
2.34E-5                   0.0204997033813959
2.35E-5                   0.01989427610952397
2.3599999999999998E-5     0.01928884883765204
2.37E-5                   0.01868342156578009
2.38E-5                   0.018077994293908165
2.3899999999999998E-5     0.01747256702203624
2.4E-5                    0.016867139750164288
2.41E-5                   0.016366707689381674
2.42E-5                   0.01591593897876342
2.4299999999999998E-5     0.01546517026814516
2.44E-5                   0.015014401557526882
2.45E-5                   0.014563632846908627
2.4599999999999998E-5     0.01411286413629037
2.4699999999999997E-5     0.013662095425672111
2.48E-5                   0.013211326715053838
2.49E-5                   0.012760558004435577
2.4999999999999998E-5     0.012337462823466878
2.51E-5                   0.012001619055310457
2.52E-5                   0.011665775287154049
2.53E-5                   0.01132993151899764
2.5399999999999997E-5     0.01099408775084123
2.55E-5                   0.010658243982684808
2.56E-5                   0.010322400214528401
2.5699999999999998E-5     0.009986556446371992
2.58E-5                   0.009650712678215573
2.59E-5                   0.009314868910059162
2.6E-5                    0.009070397797615329
2.6099999999999997E-5     0.008848384366223115
2.62E-5                   0.008626370934830891
2.63E-5                   0.008404357503438676
2.6399999999999998E-5     0.00818234407204646
2.65E-5                   0.007960330640654238
2.66E-5                   0.007738317209262022
2.67E-5                   0.007516303777869807
2.6799999999999998E-5     0.007294290346477591
2.69E-5                   0.007072276915085369
2.7E-5                    0.006850263483693152
2.7099999999999998E-5     0.006628250052300938
2.7199999999999997E-5     0.006406236620908723
2.73E-5                   0.0061842231895165
2.74E-5                   0.005962209758124284
2.7499999999999998E-5     0.005740196326732069
2.76E-5                   0.005518182895339846
2.77E-5                   0.00529616946394763
2.7799999999999998E-5     0.005074156032555414
2.7899999999999997E-5     0.004945339656064353
2.8E-5                    0.004823912940484078
2.81E-5                   0.004702486224903808
2.8199999999999998E-5     0.0045810595093235375
2.83E-5                   0.004459632793743264
2.84E-5                   0.004338206078162994
2.8499999999999998E-5     0.004216779362582725
2.8599999999999997E-5     0.004095352647002455
2.87E-5                   0.00397392593142218
2.88E-5                   0.0038524992158419104
2.8899999999999998E-5     0.003731072500261641
2.9E-5                    0.0036096457846813666
2.91E-5                   0.003488219069101097
2.9199999999999998E-5     0.0033667923535208267
2.9299999999999997E-5     0.0032453656379405563
2.94E-5                   0.0031239389223602825
2.95E-5                   0.0030025122067800134
2.9599999999999998E-5     0.002881085491199743
2.97E-5                   0.002762430109442324
2.98E-5                   0.002696034206077264
2.99E-5                   0.0026296383027122044
2.9999999999999997E-5     0.002563242399347144
3.01E-5                   0.0024968464959820823
3.02E-5                   0.002430450592617022
3.0299999999999998E-5     0.0023640546892519623
3.04E-5                   0.0022976587858869
3.05E-5                   0.0022312628825218402
3.06E-5                   0.00216486697915678
3.07E-5                   0.002098471075791718
3.0799999999999996E-5     0.00203207517242666
3.09E-5                   0.0019656792690615978
3.1E-5                    0.0018992833656965359
3.11E-5                   0.001832887462331478
3.12E-5                   0.001766491558966416
3.13E-5                   0.001700095655601354
3.14E-5                   0.001633699752236296
3.15E-5                   0.0015673038488712339
3.1599999999999996E-5     0.0015061490360646229
3.17E-5                   0.0014698423643274008
3.18E-5                   0.0014335356925901789
3.1899999999999996E-5     0.0013972290208529594
3.2E-5                    0.0013609223491157373
3.21E-5                   0.001324615677378515
3.22E-5                   0.0012883090056412954
3.23E-5                   0.0012520023339040736
3.24E-5                   0.0012156956621668514
3.25E-5                   0.0011793889904296322
3.26E-5                   0.00114308231869241
3.2699999999999995E-5     0.0011067756469551905
3.28E-5                   0.0010704689752179682
3.29E-5                   0.0010341623034807463
3.2999999999999996E-5     9.978556317435268E-4
3.31E-5                   9.615489600063047E-4
3.32E-5                   9.252422882690828E-4
3.3299999999999996E-5     8.889356165318632E-4
3.34E-5                   8.526289447946411E-4
3.35E-5                   8.223045482584144E-4
3.36E-5                   8.060719400907209E-4
3.37E-5                   7.898393319230261E-4
3.38E-5                   7.736067237553316E-4
3.39E-5                   7.57374115587638E-4
3.4E-5                    7.411415074199434E-4
3.4099999999999995E-5     7.249088992522498E-4
3.42E-5                   7.086762910845553E-4
3.43E-5                   6.924436829168605E-4
3.4399999999999996E-5     6.762110747491671E-4
3.45E-5                   6.599784665814723E-4
3.46E-5                   6.437458584137777E-4
3.4699999999999996E-5     6.275132502460842E-4
3.48E-5                   6.112806420783897E-4
3.49E-5                   5.95048033910695E-4
3.5E-5                    5.788154257430014E-4
3.51E-5                   5.625828175753068E-4
3.52E-5                   5.463502094076123E-4
3.53E-5                   5.301176012399186E-4
3.54E-5                   5.138849930722239E-4
3.5499999999999996E-5     4.976523849045304E-4
3.56E-5                   4.814197767368357E-4
3.57E-5                   4.651871685691411E-4
3.5799999999999996E-5     4.489545604014476E-4
3.59E-5                   4.32721952233753E-4
3.6E-5                    4.164893440660583E-4
3.6099999999999997E-5     4.002567358983648E-4
3.62E-5                   3.8402412773067007E-4
3.63E-5                   3.677915195629755E-4
3.64E-5                   3.5155891139528186E-4
3.65E-5                   3.353263032275873E-4
3.6599999999999995E-5     3.1909369505989376E-4
3.67E-5                   3.028610868921991E-4
3.68E-5                   2.8662847872450446E-4
3.6899999999999996E-5     2.7039587055681087E-4
3.7E-5                    2.541632623891162E-4
3.71E-5                   2.3793065422142163E-4
3.7199999999999996E-5     2.216980460537281E-4
3.73E-5                   2.1201720707193577E-4
3.74E-5                   2.0779163822868648E-4
3.75E-5                   2.035660693854375E-4
3.76E-5                   1.993405005421882E-4
3.77E-5                   1.9511493169893898E-4
3.78E-5                   1.9088936285568996E-4
3.79E-5                   1.8666379401244073E-4
3.7999999999999995E-5     1.824382251691917E-4
3.81E-5                   1.7821265632594243E-4
3.82E-5                   1.7398708748269317E-4
3.8299999999999996E-5     1.697615186394442E-4
3.84E-5                   1.6553594979619495E-4
3.85E-5                   1.6131038095294566E-4
3.8599999999999996E-5     1.570848121096967E-4
3.87E-5                   1.528592432664474E-4
3.88E-5                   1.4863367442319815E-4
3.89E-5                   1.444081055799492E-4
3.9E-5                    1.4018253673669988E-4
3.9099999999999995E-5     1.3595696789345092E-4
3.92E-5                   1.3173139905020166E-4
3.93E-5                   1.275058302069524E-4
3.9399999999999995E-5     1.232802613637034E-4
3.95E-5                   1.1905469252045414E-4
3.96E-5                   1.1482912367720487E-4
3.9699999999999996E-5     1.106035548339559E-4
3.98E-5                   1.0637798599070662E-4
3.99E-5                   1.0215241714745736E-4
3.9999999999999996E-5     9.792684830420837E-5
4.01E-5                   9.370127946095911E-5
4.02E-5                   8.947571061770984E-5
4.03E-5                   8.525014177446085E-5
4.04E-5                   8.102457293121158E-5
4.0499999999999995E-5     7.679900408796262E-5
4.06E-5                   7.257343524471333E-5
4.07E-5                   6.834786640146406E-5
4.0799999999999996E-5     6.41222975582151E-5
4.09E-5                   5.9896728714965815E-5
4.1E-5                    5.567115987171654E-5
4.1099999999999996E-5     5.3951088385929596E-5
4.12E-5                   5.2883797700385566E-5
4.13E-5                   5.181650701484155E-5
4.14E-5                   5.074921632929759E-5
4.15E-5                   4.968192564375356E-5
4.1599999999999995E-5     4.86146349582096E-5
4.17E-5                   4.754734427266558E-5
4.18E-5                   4.6480053587121566E-5
4.1899999999999995E-5     4.54127629015776E-5
4.2E-5                    4.434547221603358E-5
4.21E-5                   4.3278181530489555E-5
4.2199999999999996E-5     4.22108908449456E-5
4.23E-5                   4.114360015940157E-5
4.24E-5                   4.007630947385755E-5
4.2499999999999996E-5     3.900901878831359E-5
4.26E-5                   3.7941728102769565E-5
4.27E-5                   3.687443741722554E-5
4.28E-5                   3.5807146731681585E-5
4.29E-5                   3.4739856046137555E-5
4.2999999999999995E-5     3.3672565360593606E-5
4.31E-5                   3.2605274675049575E-5
4.32E-5                   3.153798398950555E-5
4.3299999999999995E-5     3.0470693303961595E-5
4.34E-5                   2.9403402618417575E-5
4.35E-5                   2.833611193287355E-5
4.3599999999999996E-5     2.7268821247329595E-5
4.37E-5                   2.6201530561785568E-5
4.38E-5                   2.5134239876241537E-5
4.3899999999999996E-5     2.4066949190697588E-5
4.4E-5                    2.299965850515356E-5
4.41E-5                   2.1932367819609537E-5
4.42E-5                   2.086507713406558E-5
4.43E-5                   1.9797786448521554E-5
4.4399999999999995E-5     1.87304957629776E-5
4.45E-5                   1.7663205077433578E-5
4.46E-5                   1.659591439188955E-5
4.4699999999999996E-5     1.5528623706345598E-5
4.48E-5                   1.4496174031644486E-5
4.49E-5                   1.427945916941905E-5
4.4999999999999996E-5     1.4062744307193627E-5
4.51E-5                   1.384602944496819E-5
4.52E-5                   1.362931458274275E-5
4.5299999999999997E-5     1.3412599720517328E-5
4.54E-5                   1.3195884858291892E-5
4.5499999999999995E-5     1.2979169996066471E-5
4.56E-5                   1.276245513384103E-5
4.57E-5                   1.2545740271615597E-5
4.5799999999999995E-5     1.2329025409390172E-5
4.59E-5                   1.2112310547164737E-5
4.6E-5                    1.1895595684939298E-5
4.6099999999999996E-5     1.1678880822713875E-5
4.62E-5                   1.1462165960488438E-5
4.63E-5                   1.1245451098263002E-5
4.6399999999999996E-5     1.102873623603758E-5
4.65E-5                   1.0812021373812141E-5
4.66E-5                   1.0595306511586704E-5
4.67E-5                   1.0378591649361281E-5
4.68E-5                   1.0161876787135845E-5
4.6899999999999995E-5     9.945161924910423E-6
4.7E-5                    9.728447062684985E-6
4.71E-5                   9.511732200459547E-6
4.7199999999999995E-5     9.295017338234123E-6
4.73E-5                   9.078302476008686E-6
4.74E-5                   8.86158761378325E-6
4.7499999999999996E-5     8.644872751557825E-6
4.76E-5                   8.42815788933239E-6
4.77E-5                   8.211443027106952E-6
4.7799999999999996E-5     7.994728164881531E-6
4.79E-5                   7.778013302656091E-6
4.8E-5                    7.5612984404306555E-6
4.81E-5                   7.344583578205232E-6
4.82E-5                   7.127868715979796E-6
4.8299999999999995E-5     6.911153853754373E-6
4.84E-5                   6.694438991528936E-6
4.85E-5                   6.4777241293035E-6
4.8599999999999995E-5     6.261009267078076E-6
4.87E-5                   6.044294404852639E-6
4.88E-5                   5.827579542627201E-6
4.8899999999999996E-5     5.610864680401778E-6
4.9E-5                    5.39414981817634E-6
4.91E-5                   5.177434955950903E-6
4.9199999999999997E-5     4.960720093725482E-6
4.93E-5                   4.744005231500045E-6
4.9399999999999995E-5     4.5272903692746224E-6
4.95E-5                   4.310575507049184E-6
4.96E-5                   4.093860644823747E-6
4.9699999999999995E-5     3.8771457825983246E-6
4.98E-5                   3.6604309203728873E-6
4.99E-5                   3.4437160581474504E-6
4.9999999999999996E-5     3.227001195922027E-6
5.01E-5                   3.01028633369659E-6
5.02E-5                   2.793571471471153E-6
5.0299999999999996E-5     2.57685660924573E-6
5.04E-5                   2.3601417470202928E-6
5.05E-5                   2.1434268847948555E-6
5.06E-5                   1.926712022569433E-6
5.07E-5                   1.7099971603439962E-6
5.0799999999999995E-5     1.4932822981185737E-6
5.09E-5                   1.2765674358931358E-6
5.1E-5                    1.0598525736676987E-6
5.1099999999999995E-5     8.431377114422758E-7
5.12E-5                   6.264228492168387E-7
5.13E-5                   4.0970798699140117E-7
5.1399999999999996E-5     1.9299312476597903E-7
5.15E-5                   -2.3721737459458475E-8
5.16E-5                   -2.404365996848955E-7
5.1699999999999996E-5     -4.571514619103181E-7
5.18E-5                   -6.738663241357554E-7
5.1899999999999994E-5     -8.90581186361178E-7
5.2E-5                    -1.1072960485866152E-6
5.21E-5                   -1.3240109108120523E-6
5.2199999999999995E-5     -1.5407257730374752E-6
5.23E-5                   -1.7574406352629125E-6
5.24E-5                   -1.8415865951451188E-6
5.2499999999999995E-5     -1.811092564495226E-6
5.26E-5                   -1.7805985338453306E-6
5.27E-5                   -1.7501045031954358E-6
5.2799999999999996E-5     -1.7196104725455427E-6
5.29E-5                   -1.6891164418956476E-6
5.3E-5                    -1.6586224112457524E-6
5.3099999999999996E-5     -1.6281283805958593E-6
5.32E-5                   -1.5976343499459638E-6
5.3299999999999995E-5     -1.567140319296071E-6
5.34E-5                   -1.5366462886461756E-6
5.35E-5                   -1.506152257996281E-6
5.3599999999999995E-5     -1.4756582273463877E-6
5.37E-5                   -1.4451641966964928E-6
5.38E-5                   -1.4146701660465976E-6
5.3899999999999996E-5     -1.3841761353967042E-6
5.4E-5                    -1.3536821047468094E-6
5.41E-5                   -1.3231880740969142E-6
5.4199999999999996E-5     -1.2926940434470212E-6
5.43E-5                   -1.262200012797126E-6
5.4399999999999994E-5     -1.231705982147233E-6
5.4499999999999997E-5     -1.2012119514973376E-6
5.46E-5                   -1.1707179208474428E-6
5.4699999999999995E-5     -1.1402238901975494E-6
5.48E-5                   -1.1097298595476546E-6
5.49E-5                   -1.0792358288977591E-6
5.4999999999999995E-5     -1.0487417982478664E-6
5.51E-5                   -1.018247767597971E-6
5.52E-5                   -9.877537369480761E-7
5.5299999999999996E-5     -9.572597062981828E-7
5.54E-5                   -9.267656756482876E-7
5.55E-5                   -8.962716449983924E-7
5.5599999999999996E-5     -8.657776143484997E-7
5.57E-5                   -8.352835836986046E-7
5.5799999999999994E-5     -8.047895530487113E-7
5.59E-5                   -7.742955223988161E-7
5.6E-5                    -7.43801491748921E-7
5.6099999999999995E-5     -7.133074610990281E-7
5.62E-5                   -6.828134304491328E-7
5.63E-5                   -6.523193997992377E-7
5.6399999999999995E-5     -6.218253691493447E-7
5.65E-5                   -5.913313384994496E-7
5.66E-5                   -5.608373078495544E-7
5.6699999999999996E-5     -5.303432771996612E-7
5.68E-5                   -4.998492465497663E-7
5.69E-5                   -4.6935521589987115E-7
5.6999999999999996E-5     -4.38861185249978E-7
5.71E-5                   -4.0836715460008276E-7
5.7199999999999994E-5     -3.7787312395018974E-7
5.73E-5                   -3.4737909330029464E-7
5.74E-5                   -3.168850626503995E-7
5.7499999999999995E-5     -2.863910320005064E-7
5.76E-5                   -2.5589700135061117E-7
5.77E-5                   -2.2540297070071618E-7
5.7799999999999995E-5     -1.9490894005082304E-7
5.79E-5                   -1.6441490940092793E-7
5.8E-5                    -1.3392087875103275E-7
5.8099999999999996E-5     -1.034268481011397E-7
5.82E-5                   -7.293281745124467E-8
5.8299999999999994E-5     -4.243878680135151E-8
5.8399999999999997E-5     -1.1944756151456435E-8
5.85E-5                   1.8549274498438765E-8
5.8599999999999995E-5     4.904330514833176E-8
5.87E-5                   7.953733579822687E-8
5.88E-5                   1.1003136644812203E-7
5.8899999999999995E-5     1.4052539709801514E-7
5.9E-5                    1.7101942774791023E-7
5.91E-5                   2.0151345839780538E-7
5.9199999999999996E-5     2.320074890476985E-7
5.93E-5                   2.6250151969759366E-7
5.94E-5                   2.9299555034748875E-7
5.9499999999999996E-5     3.234895809973817E-7
5.96E-5                   3.539836116472769E-7
5.9699999999999994E-5     3.8447764229717E-7
5.98E-5                   4.149716729470652E-7
5.99E-5                   4.442266745747088E-7
5.9999999999999995E-5     4.354658026126757E-7
6.01E-5                   4.26704930650642E-7
6.02E-5                   4.179440586886083E-7
6.0299999999999995E-5     4.091831867265751E-7
6.04E-5                   4.0042231476454153E-7
6.05E-5                   3.916614428025078E-7
6.0599999999999996E-5     3.8290057084047477E-7
6.07E-5                   3.741396988784411E-7
6.08E-5                   3.6537882691640736E-7
6.0899999999999996E-5     3.566179549543742E-7
6.1E-5                    3.478570829923406E-7
6.11E-5                   3.3909621103030745E-7
6.12E-5                   3.303353390682737E-7
6.13E-5                   3.2157446710624005E-7
6.14E-5                   3.128135951442064E-7
6.149999999999999E-5      3.0405272318217387E-7
6.159999999999999E-5      2.9529185122014025E-7
6.17E-5                   2.8653097925810647E-7
6.18E-5                   2.777701072960728E-7
6.19E-5                   2.6900923533403907E-7
6.2E-5                    2.6024836337200544E-7
6.209999999999999E-5      2.5148749140997293E-7
6.22E-5                   2.4272661944793915E-7
6.23E-5                   2.3396574748590548E-7
6.24E-5                   2.2520487552387189E-7
6.25E-5                   2.1644400356183813E-7
6.26E-5                   2.0768313159980443E-7
6.269999999999999E-5      1.9892225963777195E-7
6.28E-5                   1.901613876757382E-7
6.29E-5                   1.8140051571370457E-7
6.3E-5                    1.7263964375167082E-7
6.31E-5                   1.6387877178963717E-7
6.319999999999999E-5      1.5511789982760466E-7
6.33E-5                   1.4635702786557094E-7
6.34E-5                   1.375961559035373E-7
6.35E-5                   1.2883528394150361E-7
6.36E-5                   1.200744119794699E-7
6.37E-5                   1.1131354001743621E-7
6.379999999999999E-5      1.025526680554037E-7
6.39E-5                   9.379179609337E-8
6.4E-5                    8.503092413133629E-8
6.41E-5                   7.62700521693026E-8
6.42E-5                   6.750918020726893E-8
6.429999999999999E-5      5.874830824523641E-8
6.44E-5                   4.998743628320275E-8
6.45E-5                   4.122656432116905E-8
6.46E-5                   3.246569235913533E-8
6.47E-5                   2.3704820397101644E-8
6.48E-5                   1.494394843506796E-8
6.489999999999999E-5      6.183076473035462E-9
6.5E-5                    -2.57779548899826E-9
6.51E-5                   -1.1338667451031983E-8
6.52E-5                   -2.0099539413065642E-8
6.53E-5                   -2.8860411375099326E-8
6.539999999999999E-5      -3.762128333713184E-8
6.549999999999999E-5      -4.6382155299165503E-8
6.56E-5                   -5.5143027261199204E-8
6.57E-5                   -6.390389922323293E-8
6.58E-5                   -7.26647711852666E-8
6.59E-5                   -8.142564314730029E-8
6.599999999999999E-5      -9.01865151093328E-8
6.61E-5                   -9.89473870713665E-8
6.62E-5                   -1.0770825903340018E-7
6.63E-5                   -1.1646913099543389E-7
6.64E-5                   -1.2523000295746757E-7
6.65E-5                   -1.3399087491950127E-7
6.659999999999999E-5      -1.4275174688153378E-7
6.67E-5                   -1.5151261884356748E-7
6.68E-5                   -1.6027349080560118E-7
6.69E-5                   -1.6903436276763485E-7
6.7E-5                    -1.7779523472966855E-7
6.709999999999999E-5      -1.8655610669170103E-7
6.72E-5                   -1.9531697865373476E-7
6.73E-5                   -2.0407785061576844E-7
6.74E-5                   -2.1283872257780214E-7
6.75E-5                   -2.1448541213148767E-7
6.76E-5                   -2.0974341944616903E-7
6.769999999999999E-5      -2.0500142676085108E-7
6.78E-5                   -2.0025943407553253E-7
6.79E-5                   -1.955174413902139E-7
6.8E-5                    -1.9077544870489528E-7
6.81E-5                   -1.8603345601957667E-7
6.819999999999999E-5      -1.812914633342587E-7
6.829999999999999E-5      -1.7654947064894006E-7
6.84E-5                   -1.7180747796362145E-7
6.85E-5                   -1.6706548527830285E-7
6.86E-5                   -1.623234925929843E-7
6.87E-5                   -1.5758149990766563E-7
6.879999999999999E-5      -1.5283950722234768E-7
6.89E-5                   -1.4809751453702907E-7
6.9E-5                    -1.433555218517105E-7
6.91E-5                   -1.3861352916639183E-7
6.92E-5                   -1.3387153648107322E-7
6.929999999999999E-5      -1.2912954379575524E-7
6.939999999999999E-5      -1.2438755111043663E-7
6.95E-5                   -1.1964555842511802E-7
6.96E-5                   -1.1490356573979944E-7
6.97E-5                   -1.1016157305448082E-7
6.98E-5                   -1.0541958036916222E-7
6.989999999999999E-5      -1.0067758768384426E-7
7.0E-5                    -9.593559499852564E-8
7.01E-5                   -9.119360231320704E-8
7.02E-5                   -8.645160962788842E-8
7.03E-5                   -8.170961694256982E-8
7.04E-5                   -7.69676242572512E-8
7.049999999999999E-5      -7.222563157193325E-8
7.06E-5                   -6.748363888661462E-8
7.07E-5                   -6.274164620129604E-8
7.08E-5                   -5.799965351597738E-8
7.09E-5                   -5.3257660830658805E-8
7.099999999999999E-5      -4.8515668145340804E-8
7.11E-5                   -4.377367546002221E-8
7.12E-5                   -3.903168277470358E-8
7.13E-5                   -3.4289690089384996E-8
7.14E-5                   -2.9547697404066397E-8
7.15E-5                   -2.480570471874777E-8
7.159999999999999E-5      -2.0063712033429787E-8
7.17E-5                   -1.532171934811119E-8
7.18E-5                   -1.0579726662792584E-8
7.19E-5                   -5.837733977473979E-9
7.2E-5                    -1.0957412921553625E-9
7.209999999999999E-5      3.6462513931626114E-9
7.219999999999999E-5      8.388244078481218E-9
7.23E-5                   1.3130236763799834E-8
7.24E-5                   1.787222944911844E-8
7.25E-5                   2.2614222134437054E-8
7.26E-5                   2.7356214819755653E-8
7.269999999999999E-5      3.209820750507361E-8
7.28E-5                   3.684020019039222E-8
7.29E-5                   4.158219287571084E-8
7.3E-5                    4.632418556102945E-8
7.31E-5                   5.1066178246348044E-8
7.319999999999999E-5      5.5808170931666025E-8
7.329999999999999E-5      6.055016361698464E-8
7.34E-5                   6.529215630230324E-8
7.35E-5                   7.003414898762185E-8
7.36E-5                   7.477614167294048E-8
7.37E-5                   7.951813435825909E-8
7.379999999999999E-5      8.426012704357705E-8
7.39E-5                   8.900211972889563E-8
7.4E-5                    9.374411241421427E-8
7.41E-5                   9.848610509953287E-8
7.42E-5                   1.0322809778485148E-7
7.429999999999999E-5      1.0797009047016945E-7
7.439999999999999E-5      1.1271208315548806E-7
7.45E-5                   1.1745407584080665E-7
7.46E-5                   1.221960685261253E-7
7.47E-5                   1.269380612114439E-7
7.48E-5                   1.316800538967625E-7
7.489999999999999E-5      1.3642204658208047E-7
7.5E-5                    1.4098828892967404E-7
7.51E-5                   1.3780134068501497E-7
7.52E-5                   1.3461439244035592E-7
7.53E-5                   1.3142744419569685E-7
7.54E-5                   1.282404959510378E-7
7.549999999999999E-5      1.2505354770637916E-7
7.56E-5                   1.2186659946172008E-7
7.57E-5                   1.1867965121706103E-7
7.58E-5                   1.1549270297240198E-7
7.59E-5                   1.123057547277429E-7
7.599999999999999E-5      1.0911880648308427E-7
7.609999999999999E-5      1.059318582384252E-7
7.62E-5                   1.0274490999376616E-7
7.63E-5                   9.955796174910709E-8
7.64E-5                   9.637101350444805E-8
7.65E-5                   9.318406525978897E-8
7.659999999999999E-5      8.999711701513036E-8
7.67E-5                   8.681016877047128E-8
7.68E-5                   8.362322052581222E-8
7.69E-5                   8.043627228115315E-8
7.7E-5                    7.72493240364941E-8
7.709999999999999E-5      7.406237579183549E-8
7.719999999999999E-5      7.08754275471764E-8
7.73E-5                   6.768847930251736E-8
7.74E-5                   6.450153105785829E-8
7.75E-5                   6.131458281319924E-8
7.76E-5                   5.8127634568540166E-8
7.769999999999999E-5      5.4940686323881544E-8
7.78E-5                   5.175373807922246E-8
7.79E-5                   4.856678983456342E-8
7.8E-5                    4.537984158990434E-8
7.81E-5                   4.21928933452453E-8
7.819999999999999E-5      3.900594510058665E-8
7.829999999999999E-5      3.58189968559276E-8
7.84E-5                   3.2632048611268526E-8
7.85E-5                   2.9445100366609464E-8
7.86E-5                   2.6258152121950395E-8
7.87E-5                   2.3071203877291357E-8
7.879999999999999E-5      1.9884255632632715E-8
7.89E-5                   1.6697307387973653E-8
7.9E-5                    1.3510359143314603E-8
7.91E-5                   1.0323410898655533E-8
7.92E-5                   7.136462653996463E-9
7.93E-5                   3.949514409337413E-9
7.939999999999999E-5      7.625661646787811E-10
7.95E-5                   -2.424382079980289E-9
7.96E-5                   -5.61133032463935E-9
7.97E-5                   -8.798278569298409E-9
7.98E-5                   -1.1985226813957469E-8
7.989999999999999E-5      -1.517217505861609E-8
7.999999999999999E-5      -1.8359123303275153E-8
8.01E-5                   -2.1546071547934218E-8
8.02E-5                   -2.4733019792593283E-8
8.03E-5                   -2.7919968037252335E-8
8.04E-5                   -3.11069162819114E-8
8.049999999999999E-5      -3.4293864526570035E-8
8.06E-5                   -3.74808127712291E-8
8.07E-5                   -4.066776101588815E-8
8.08E-5                   -4.3854709260547217E-8
8.09E-5                   -4.704165750520629E-8
8.099999999999999E-5      -5.0228605749864917E-8
8.109999999999999E-5      -5.341555399452397E-8
8.12E-5                   -5.660250223918303E-8
8.13E-5                   -5.978945048384209E-8
8.14E-5                   -6.297639872850116E-8
8.15E-5                   -6.616334697316021E-8
8.159999999999999E-5      -6.935029521781886E-8
8.17E-5                   -7.25372434624779E-8
8.18E-5                   -7.572419170713697E-8
8.19E-5                   -7.891113995179603E-8
8.2E-5                    -8.209808819645509E-8
8.209999999999999E-5      -8.528503644111373E-8
8.219999999999999E-5      -8.847198468577278E-8
8.23E-5                   -9.165893293043186E-8
8.24E-5                   -9.484588117509089E-8
8.25E-5                   -9.803282941974997E-8
8.26E-5                   -9.864809042677384E-8
8.269999999999999E-5      -9.686527471434373E-8
8.28E-5                   -9.508245900191337E-8
8.29E-5                   -9.3299643289483E-8
8.3E-5                    -9.151682757705264E-8
8.31E-5                   -8.973401186462228E-8
8.319999999999999E-5      -8.795119615219218E-8
8.329999999999999E-5      -8.616838043976182E-8
8.34E-5                   -8.438556472733146E-8
8.35E-5                   -8.26027490149011E-8
8.36E-5                   -8.081993330247075E-8
8.37E-5                   -7.90371175900404E-8
8.379999999999999E-5      -7.725430187761027E-8
8.389999999999999E-5      -7.547148616517991E-8
8.4E-5                    -7.368867045274957E-8
8.41E-5                   -7.190585474031918E-8
8.42E-5                   -7.012303902788885E-8
8.43E-5                   -6.834022331545849E-8
8.439999999999999E-5      -6.655740760302836E-8
8.45E-5                   -6.4774591890598E-8
8.46E-5                   -6.299177617816766E-8
8.47E-5                   -6.12089604657373E-8
8.48E-5                   -5.942614475330695E-8
8.489999999999999E-5      -5.7643329040876835E-8
8.499999999999999E-5      -5.586051332844648E-8
8.51E-5                   -5.407769761601613E-8
8.52E-5                   -5.2294881903585775E-8
8.53E-5                   -5.0512066191155395E-8
8.54E-5                   -4.872925047872504E-8
8.549999999999999E-5      -4.694643476629493E-8
8.56E-5                   -4.516361905386457E-8
8.57E-5                   -4.338080334143421E-8
8.58E-5                   -4.159798762900386E-8
8.59E-5                   -3.981517191657351E-8
8.599999999999999E-5      -3.80323562041434E-8
8.609999999999999E-5      -3.624954049171304E-8
8.62E-5                   -3.446672477928269E-8
8.63E-5                   -3.268390906685234E-8
8.64E-5                   -3.0901093354421984E-8
8.65E-5                   -2.9118277641991604E-8
8.659999999999999E-5      -2.733546192956151E-8
8.669999999999999E-5      -2.5552646217131132E-8
8.68E-5                   -2.376983050470078E-8
8.69E-5                   -2.1987014792270422E-8
8.7E-5                    -2.0204199079840076E-8
8.709999999999999E-5      -1.8421383367409954E-8
8.719999999999999E-5      -1.66385676549796E-8
8.73E-5                   -1.4855751942549249E-8
8.74E-5                   -1.3072936230118894E-8
8.75E-5                   -1.129012051768854E-8
8.76E-5                   -9.507304805258174E-9
8.769999999999999E-5      -7.724489092828058E-9
8.779999999999999E-5      -5.941673380397704E-9
8.79E-5                   -4.158857667967349E-9
8.8E-5                    -2.3760419555369946E-9
8.81E-5                   -5.932262431066346E-10
8.82E-5                   1.1895894693237153E-9
8.829999999999999E-5      2.9724051817538356E-9
8.84E-5                   4.755220894184191E-9
8.85E-5                   6.538036606614545E-9
8.86E-5                   8.3208523190449E-9
8.87E-5                   1.010366803147526E-8
8.879999999999999E-5      1.1886483743905366E-8
8.889999999999999E-5      1.3669299456335726E-8
8.9E-5                    1.545211516876608E-8
8.91E-5                   1.7234930881196436E-8
8.92E-5                   1.901774659362679E-8
8.93E-5                   2.0800562306057162E-8
8.939999999999999E-5      2.2583378018487264E-8
8.95E-5                   2.4366193730917624E-8
8.96E-5                   2.6149009443347978E-8
8.97E-5                   2.7931825155778334E-8
8.98E-5                   2.971464086820869E-8
8.989999999999999E-5      3.149745658063881E-8
8.999999999999999E-5      3.328027229306916E-8
9.01E-5                   3.506308800549952E-8
9.02E-5                   3.6845903717929876E-8
9.03E-5                   3.862871943036023E-8
9.04E-5                   4.041153514279059E-8
9.049999999999999E-5      4.219435085522071E-8
9.059999999999999E-5      4.397716656765107E-8
9.07E-5                   4.5759982280081425E-8
9.08E-5                   4.7542797992511785E-8
9.09E-5                   4.932561370494214E-8
9.099999999999999E-5      5.1108429417372253E-8
9.109999999999999E-5      5.289124512980261E-8
9.12E-5                   5.467406084223296E-8
9.13E-5                   5.6456876554663314E-8
9.14E-5                   5.823969226709367E-8
9.15E-5                   6.002250797952403E-8
9.159999999999999E-5      6.180532369195414E-8
9.169999999999999E-5      6.35881394043845E-8
9.18E-5                   6.537095511681485E-8
9.19E-5                   6.715377082924521E-8
9.2E-5                    6.893658654167557E-8
9.21E-5                   7.071940225410593E-8
9.219999999999999E-5      7.250221796653605E-8
9.23E-5                   7.428503367896641E-8
9.24E-5                   7.606784939139676E-8
9.25E-5                   7.785066510382712E-8
9.26E-5                   7.80152601377201E-8
9.269999999999999E-5      7.667087799921485E-8
9.279999999999999E-5      7.532649586070941E-8
9.29E-5                   7.398211372220396E-8
9.3E-5                    7.263773158369853E-8
9.31E-5                   7.129334944519309E-8
9.32E-5                   6.994896730668765E-8
9.329999999999999E-5      6.860458516818242E-8
9.34E-5                   6.726020302967698E-8
9.35E-5                   6.591582089117154E-8
9.36E-5                   6.45714387526661E-8
9.37E-5                   6.322705661416066E-8
9.379999999999999E-5      6.188267447565541E-8
9.389999999999999E-5      6.053829233714997E-8
9.4E-5                    5.919391019864453E-8
9.41E-5                   5.7849528060139095E-8
9.42E-5                   5.650514592163366E-8
9.43E-5                   5.516076378312822E-8
9.439999999999999E-5      5.381638164462296E-8
9.449999999999999E-5      5.247199950611752E-8
9.46E-5                   5.1127617367612094E-8
9.47E-5                   4.978323522910666E-8
9.48E-5                   4.843885309060122E-8
9.489999999999999E-5      4.7094470952095965E-8
9.499999999999999E-5      4.5750088813590536E-8
9.51E-5                   4.44057066750851E-8
9.52E-5                   4.306132453657967E-8
9.53E-5                   4.171694239807421E-8
9.54E-5                   4.037256025956878E-8
9.549999999999999E-5      3.902817812106353E-8
9.559999999999999E-5      3.768379598255809E-8
9.57E-5                   3.6339413844052657E-8
9.58E-5                   3.4995031705547214E-8
9.59E-5                   3.365064956704178E-8
9.6E-5                    3.230626742853635E-8
9.609999999999999E-5      3.096188529003109E-8
9.62E-5                   2.9617503151525652E-8
9.63E-5                   2.8273121013020217E-8
9.64E-5                   2.692873887451478E-8
9.65E-5                   2.5584356736009345E-8
9.659999999999999E-5      2.4239974597504097E-8
9.669999999999999E-5      2.2895592458998645E-8
9.68E-5                   2.1551210320493212E-8
9.69E-5                   2.0206828181987773E-8
9.7E-5                    1.8862446043482347E-8
9.71E-5                   1.751806390497691E-8
9.719999999999999E-5      1.6173681766471654E-8
9.73E-5                   1.4829299627966218E-8
9.74E-5                   1.348491748946078E-8
9.75E-5                   1.214053535095535E-8
9.76E-5                   1.0796153212449902E-8
9.769999999999999E-5      9.45177107394465E-9
9.779999999999999E-5      8.107388935439213E-9
9.79E-5                   6.763006796933776E-9
9.8E-5                    5.418624658428338E-9
9.81E-5                   4.074242519922902E-9
9.82E-5                   2.72986038141747E-9
9.829999999999999E-5      1.3854782429122114E-9
9.839999999999999E-5      4.109610440677455E-11
9.85E-5                   -1.3032860340986572E-9
9.86E-5                   -2.647668172604089E-9
9.87E-5                   -3.992050311109531E-9
9.879999999999999E-5      -5.33643244961478E-9
9.889999999999999E-5      -6.6808145881202215E-9
9.9E-5                    -8.025196726625659E-9
9.91E-5                   -9.369578865131092E-9
9.92E-5                   -1.0713961003636528E-8
9.93E-5                   -1.2058343142141975E-8
9.939999999999999E-5      -1.3402725280647217E-8
9.949999999999999E-5      -1.4747107419152666E-8
9.96E-5                   -1.6091489557658102E-8
9.97E-5                   -1.743587169616353E-8
9.98E-5                   -1.8780253834668967E-8
9.989999999999999E-5      -2.012463597317422E-8
9.999999999999999E-5      -2.146901811167966E-8
