% Model:              20230225_JW_4_15.mph
% Version:            COMSOL 5.6.0.401
% Date:               Feb 25 2023, 20:34
% Dimension:          1
% Nodes:              1501
% Expressions:        1
% Description:        点图
% X                       Height
0                         10.503691744115395
1.0E-7                    10.509359236247112
2.0E-7                    10.544935635886112
3.0E-7                    10.595530546964795
4.0E-7                    10.61392675085143
5.0E-7                    10.634863124603877
6.0E-7                    10.645871884716938
7.0E-7                    10.642337955717073
8.0E-7                    10.636634478094088
9.0E-7                    10.618152191464196
1.0E-6                    10.595328268259898
1.1E-6                    10.566600367410249
1.2E-6                    10.53243974769684
1.2999999999999998E-6     10.494398786884322
1.4E-6                    10.451337003153391
1.5E-6                    10.405672795176248
1.6E-6                    10.357178805138583
1.6999999999999998E-6     10.306278315433936
1.8E-6                    10.253466560337486
1.9E-6                    10.198952480572629
2.0E-6                    10.143114757045709
2.1E-6                    10.086177140368445
2.2E-6                    10.028203918796782
2.3E-6                    9.969653183395543
2.4E-6                    9.910649203526267
2.4999999999999998E-6     9.851184672640127
2.5999999999999997E-6     9.791265206106097
2.7E-6                    9.731215228768827
2.8E-6                    9.671049106915996
2.8999999999999998E-6     9.610806601667914
3.0E-6                    9.550546402291923
3.1E-6                    9.490340818440881
3.2E-6                    9.43024776091153
3.2999999999999997E-6     9.370260793868916
3.3999999999999996E-6     9.31042671005049
3.5E-6                    9.250780105994208
3.6E-6                    9.191284727582113
3.6999999999999997E-6     9.132217803500197
3.8E-6                    9.073190719633804
3.9E-6                    9.014439414258584
4.0E-6                    8.95601569994537
4.1E-6                    8.897594406338222
4.2E-6                    8.839913674832587
4.2999999999999995E-6     8.782241935262787
4.4E-6                    8.724877991786094
4.5E-6                    8.667790132250081
4.6E-6                    8.610755614607633
4.7E-6                    8.554491194201466
4.8E-6                    8.498229193043429
4.9E-6                    8.442342652011906
4.9999999999999996E-6     8.386709055320921
5.0999999999999995E-6     8.331189568245598
5.199999999999999E-6      8.276401117322857
5.3E-6                    8.221614785354296
5.4E-6                    8.167293479744965
5.5E-6                    8.113203403888518
5.6E-6                    8.059259425883537
5.7E-6                    8.005879206600625
5.7999999999999995E-6     7.952500659280246
5.899999999999999E-6      7.899839022338873
6.0E-6                    7.8474312517310025
6.1E-6                    7.795055811497135
6.2E-6                    7.742761349071389
6.3E-6                    7.690467804853866
6.4E-6                    7.639833223538217
6.5E-6                    7.589589001728599
6.5999999999999995E-6     7.538292265774228
6.699999999999999E-6      7.485001131124166
6.799999999999999E-6      7.431710472886789
6.9E-6                    7.382710183077537
7.0E-6                    7.334287896220321
7.1E-6                    7.287651710182012
7.2E-6                    7.24177751346492
7.2999999999999996E-6     7.19088756161452
7.3999999999999995E-6     7.140774337162443
7.499999999999999E-6      7.09380610782053
7.6E-6                    7.048209720733999
7.699999999999999E-6      6.999677629645073
7.8E-6                    6.952020285370691
7.899999999999999E-6      6.905795629422945
8.0E-6                    6.859324467097798
8.1E-6                    6.812756451429038
8.2E-6                    6.766826899189458
8.3E-6                    6.720619187477026
8.4E-6                    6.67582786161579
8.5E-6                    6.629760101874893
8.599999999999999E-6      6.584908906681185
8.7E-6                    6.540635523016325
8.8E-6                    6.495720943813417
8.9E-6                    6.451556106440793
9.0E-6                    6.407813196377424
9.1E-6                    6.363952026442512
9.2E-6                    6.3206843249209
9.299999999999999E-6      6.277662331344338
9.4E-6                    6.234814985068852
9.499999999999999E-6      6.192308606315347
9.6E-6                    6.150035427026647
9.7E-6                    6.108053521356766
9.8E-6                    6.066305190626527
9.9E-6                    6.024850352159556
9.999999999999999E-6      5.983671071048689
1.01E-5                   5.9427572435325215
1.0199999999999999E-5     5.902086315276694
1.03E-5                   5.861695871723962
1.0399999999999999E-5     5.821540510315303
1.05E-5                   5.781722898988096
1.06E-5                   5.7420070617725
1.07E-5                   5.702719527883358
1.08E-5                   5.6635383193534174
1.0899999999999999E-5     5.624734745909729
1.1E-5                    5.5861086020118815
1.1099999999999999E-5     5.547741800490915
1.12E-5                   5.509645837245384
1.13E-5                   5.471703877399065
1.14E-5                   5.434159257460191
1.15E-5                   5.396716415648114
1.1599999999999999E-5     5.359643681486812
1.17E-5                   5.322786071718074
1.1799999999999999E-5     5.286358288953335
1.19E-5                   5.249931009485663
1.2E-5                    5.213504237163757
1.21E-5                   5.177750095616746
1.22E-5                   5.14216766653422
1.2299999999999999E-5     5.1065856908473695
1.24E-5                   5.071215079252452
1.2499999999999999E-5     5.036443340752923
1.26E-5                   5.001672030094334
1.2699999999999999E-5     4.966901150570976
1.28E-5                   4.932709214169552
1.29E-5                   4.898737940793291
1.3E-5                    4.864767056523332
1.31E-5                   4.830945446351451
1.3199999999999999E-5     4.7977677094776086
1.33E-5                   4.764590340470447
1.3399999999999999E-5     4.731413342120461
1.35E-5                   4.6987536558731495
1.3599999999999999E-5     4.666370778094558
1.37E-5                   4.633988236347149
1.38E-5                   4.601687777916023
1.3899999999999999E-5     4.5700155234129465
1.4E-5                    4.538343583930706
1.4099999999999999E-5     4.506671961835482
1.42E-5                   4.4754857432617605
1.4299999999999999E-5     4.444652754930321
1.44E-5                   4.413820055662119
1.45E-5                   4.383012080574453
1.4599999999999999E-5     4.352754896709339
1.47E-5                   4.322497989960456
1.4799999999999999E-5     4.29224136224489
1.49E-5                   4.2624585338608725
1.4999999999999999E-5     4.233137965327585
1.51E-5                   4.203817628860138
1.52E-5                   4.174497526783549
1.53E-5                   4.145554261279638
1.5399999999999998E-5     4.116622999865651
1.55E-5                   4.08769201584068
1.56E-5                   4.0592108518859344
1.57E-5                   4.031317450376814
1.5799999999999998E-5     4.003424187421319
1.59E-5                   3.9755310658855305
1.6E-5                    3.9479156149035113
1.61E-5                   3.920332331954719
1.62E-5                   3.8927493927605674
1.63E-5                   3.864855032170121
1.64E-5                   3.8364083257152877
1.6499999999999998E-5     3.807961609159731
1.66E-5                   3.7825108754449053
1.67E-5                   3.757134853852893
1.68E-5                   3.7328410359048814
1.69E-5                   3.708087279366771
1.7E-5                    3.6802700684542766
1.71E-5                   3.6547794443267847
1.7199999999999998E-5     3.6308303874922405
1.73E-5                   3.6048909839901397
1.74E-5                   3.579902087127306
1.75E-5                   3.554974911671873
1.76E-5                   3.5302946711618297
1.77E-5                   3.505311580555488
1.78E-5                   3.48123586159366
1.7899999999999998E-5     3.456748321977233
1.8E-5                    3.432603588111612
1.81E-5                   3.4086626246583305
1.82E-5                   3.384795238992413
1.8299999999999998E-5     3.3611289976375796
1.84E-5                   3.3376053300024995
1.85E-5                   3.3142727659521056
1.8599999999999998E-5     3.291038953524708
1.87E-5                   3.268032187475882
1.88E-5                   3.2451123739961822
1.89E-5                   3.222411318834588
1.8999999999999998E-5     3.199810562369538
1.91E-5                   3.17745128479614
1.92E-5                   3.1552304130889026
1.9299999999999998E-5     3.1331437179763433
1.94E-5                   3.1111967423998115
1.95E-5                   3.0894648568372935
1.96E-5                   3.0678513975863857
1.9699999999999998E-5     3.0463658645002996
1.98E-5                   3.0250363040750146
1.99E-5                   3.0038842032052537
1.9999999999999998E-5     2.982859836940915
2.01E-5                   2.9619638496711684
2.02E-5                   2.9412192990754216
2.03E-5                   2.9206442244878
2.0399999999999998E-5     2.9002438946497393
2.05E-5                   2.8799758747820703
2.06E-5                   2.85970793422979
2.07E-5                   2.8397573703570624
2.0799999999999997E-5     2.8198684694804705
2.09E-5                   2.8000302868887097
2.1E-5                    2.7805057798365276
2.1099999999999998E-5     2.760981342875393
2.12E-5                   2.7416954841379524
2.13E-5                   2.7227124840948416
2.14E-5                   2.70372954894854
2.1499999999999997E-5     2.68474667920132
2.16E-5                   2.6657638753564683
2.17E-5                   2.646811707419388
2.1799999999999998E-5     2.628527122526847
2.19E-5                   2.610242594174077
2.2E-5                    2.5919581228113686
2.21E-5                   2.5736737088898742
2.2199999999999998E-5     2.555389352861594
2.23E-5                   2.5375426780821626
2.24E-5                   2.519934861692887
2.2499999999999998E-5     2.502327096211265
2.26E-5                   2.4847193820360536
2.27E-5                   2.46711171956671
2.28E-5                   2.449664968112549
2.2899999999999998E-5     2.4327005055680275
2.3E-5                    2.4157360882158208
2.31E-5                   2.398771716414225
2.3199999999999998E-5     2.3818073905221175
2.33E-5                   2.3648431108989456
2.34E-5                   2.3484240074671083
2.35E-5                   2.3320986635041625
2.3599999999999998E-5     2.3157733601810087
2.37E-5                   2.299448097814654
2.38E-5                   2.283122876722579
2.3899999999999998E-5     2.2670698929963073
2.4E-5                    2.2513410558225613
2.41E-5                   2.235612254593606
2.42E-5                   2.2198834895934754
2.4299999999999998E-5     2.2041547611065986
2.44E-5                   2.1884610792317156
2.45E-5                   2.173319432067129
2.4599999999999998E-5     2.1581778171185664
2.4699999999999997E-5     2.1430362346393377
2.48E-5                   2.1278946848830786
2.49E-5                   2.1127531681037444
2.4999999999999998E-5     2.0979862331839954
2.51E-5                   2.0834098699605934
2.52E-5                   2.0688335353238565
2.53E-5                   2.0542572294962897
2.5399999999999997E-5     2.0396809527006674
2.55E-5                   2.025244313485324
2.56E-5                   2.011192973399286
2.5699999999999998E-5     1.997141659169512
2.58E-5                   1.983090371002605
2.59E-5                   1.9690391091053818
2.6E-5                    1.9549878736848743
2.6099999999999997E-5     1.9414185642612085
2.62E-5                   1.9279218261364501
2.63E-5                   1.9144251104023247
2.6399999999999998E-5     1.900928417228743
2.65E-5                   1.887431746785808
2.66E-5                   1.8741445222530342
2.67E-5                   1.8610912872058387
2.6799999999999998E-5     1.8480380735582247
2.69E-5                   1.8349848814832566
2.7E-5                    1.8219317111541424
2.7099999999999998E-5     1.8089218766111785
2.7199999999999997E-5     1.796442503981977
2.73E-5                   1.7839631477367417
2.74E-5                   1.7714838080016526
2.7499999999999998E-5     1.7590044849030226
2.76E-5                   1.7465251785672975
2.77E-5                   1.7342756826343368
2.7799999999999998E-5     1.722135009943579
2.7899999999999997E-5     1.7099943565323115
2.8E-5                    1.6978537225465746
2.81E-5                   1.6857131081325019
2.8199999999999998E-5     1.6737416759533477
2.83E-5                   1.662201319483129
2.84E-5                   1.6506609731278101
2.8499999999999998E-5     1.6391206369858002
2.8599999999999997E-5     1.627580311155601
2.87E-5                   1.6160399957358027
2.88E-5                   1.6047702857248338
2.8899999999999998E-5     1.5935357560296501
2.9E-5                    1.5823012459596923
2.91E-5                   1.571066755619405
2.9199999999999998E-5     1.5598322851132924
2.9299999999999997E-5     1.5487350618362705
2.94E-5                   1.5377817244224372
2.95E-5                   1.5268283922421408
2.9599999999999998E-5     1.5158750654058228
2.97E-5                   1.5049217440239833
2.98E-5                   1.4945273945925603
2.99E-5                   1.4843324044866848
2.9999999999999997E-5     1.47413743024282
3.01E-5                   1.463942471899561
3.02E-5                   1.4536802586970634
3.0299999999999998E-5     1.4433941547447833
3.04E-5                   1.4331080589353304
3.05E-5                   1.4229254096385668
3.06E-5                   1.4129153154493639
3.07E-5                   1.402905229314383
3.0799999999999996E-5     1.3930673597479009
3.09E-5                   1.3834092473424144
3.1E-5                    1.3737511467099466
3.11E-5                   1.3639124306970116
3.12E-5                   1.3540656957709656
3.13E-5                   1.3444814432318197
3.14E-5                   1.3350194770162684
3.15E-5                   1.3256657463611032
3.1599999999999996E-5     1.316374381727411
3.17E-5                   1.3070899177127906
3.18E-5                   1.2978103147183178
3.1899999999999996E-5     1.288666330041295
3.2E-5                    1.2796383596234648
3.21E-5                   1.2706447521186033
3.22E-5                   1.2616867344473892
3.23E-5                   1.2527873784621353
3.24E-5                   1.243961637358509
3.25E-5                   1.2351968136337412
3.26E-5                   1.2265250072041696
3.2699999999999995E-5     1.217884836849699
3.28E-5                   1.2093039357587034
3.29E-5                   1.2007661507918008
3.2999999999999996E-5     1.1923288487544457
3.31E-5                   1.1839221788369556
3.32E-5                   1.175606182003946
3.3299999999999996E-5     1.1673112900806377
3.34E-5                   1.1590983526150547
3.35E-5                   1.150906906069946
3.36E-5                   1.1428308257769708
3.37E-5                   1.13476624048714
3.38E-5                   1.1267953254322611
3.39E-5                   1.1188349386612286
3.4E-5                    1.1110350967777418
3.4099999999999995E-5     1.1032352593745083
3.42E-5                   1.095435426485988
3.43E-5                   1.0876355981466537
3.4399999999999996E-5     1.0800539706409065
3.45E-5                   1.072480019390137
3.46E-5                   1.0649060721444459
3.4699999999999996E-5     1.0573321289346407
3.48E-5                   1.0499415428448062
3.49E-5                   1.0425782262560976
3.5E-5                    1.035214913313662
3.51E-5                   1.0278516040465073
3.52E-5                   1.0206549234222528
3.53E-5                   1.0135066056444388
3.54E-5                   1.0063582912885134
3.5499999999999996E-5     0.9992099803804259
3.56E-5                   0.9921971818009873
3.57E-5                   0.9852482818347815
3.5799999999999996E-5     0.9782993849104329
3.59E-5                   0.9713504910521696
3.6E-5                    0.9645187922062902
3.6099999999999997E-5     0.9577705479176204
3.62E-5                   0.951022306499143
3.63E-5                   0.9442740679728474
3.64E-5                   0.9376194829780796
3.65E-5                   0.9310629244491146
3.6599999999999995E-5     0.9245063684842032
3.67E-5                   0.9179498151035359
3.68E-5                   0.9115017137539738
3.6899999999999996E-5     0.905221045035732
3.7E-5                    0.8989403786257955
3.71E-5                   0.8926597145419498
3.7199999999999996E-5     0.8863790528019838
3.73E-5                   0.8800983934236902
3.74E-5                   0.8738177364248648
3.75E-5                   0.8675370818233085
3.76E-5                   0.861327928834489
3.77E-5                   0.855401010850117
3.78E-5                   0.8494740947016229
3.79E-5                   0.8435471804038954
3.7999999999999995E-5     0.8376202679718272
3.81E-5                   0.8316933574203126
3.82E-5                   0.8257664487642503
3.8299999999999996E-5     0.8198395420185415
3.84E-5                   0.813916355148307
3.85E-5                   0.8083228388086896
3.8599999999999996E-5     0.802729324040653
3.87E-5                   0.7971358108567341
3.88E-5                   0.7915422992694734
3.89E-5                   0.7859487892914128
3.9E-5                    0.7803552809350965
3.9099999999999995E-5     0.7747617742130715
3.92E-5                   0.7691682691378855
3.93E-5                   0.7638315921628022
3.9399999999999995E-5     0.7585512258493745
3.95E-5                   0.7532708608692346
3.96E-5                   0.747990497232929
3.9699999999999996E-5     0.742710134951006
3.98E-5                   0.7374297740340143
3.99E-5                   0.7321494144925054
3.9999999999999996E-5     0.7268690563370322
4.01E-5                   0.7217770768797376
4.02E-5                   0.7167961130260739
4.03E-5                   0.7118151502741924
4.04E-5                   0.7068341886329264
4.0499999999999995E-5     0.7018532281111107
4.06E-5                   0.6968722687175809
4.07E-5                   0.6918913104611744
4.0799999999999996E-5     0.6869103533507298
4.09E-5                   0.6820512862497157
4.1E-5                    0.6773484740969993
4.1099999999999996E-5     0.6726456628939724
4.12E-5                   0.6679428526480887
4.13E-5                   0.6632400433668035
4.14E-5                   0.6585372350575728
4.15E-5                   0.6538344277278529
4.1599999999999995E-5     0.649131621385102
4.17E-5                   0.6444945304238673
4.18E-5                   0.6400575092165376
4.1899999999999995E-5     0.6356204887773511
4.2E-5                    0.6311834691125493
4.21E-5                   0.6267464502283752
4.2199999999999996E-5     0.6223094321310721
4.23E-5                   0.6178724148268842
4.24E-5                   0.613435398322056
4.2499999999999996E-5     0.6090124317542749
4.26E-5                   0.6048250815451159
4.27E-5                   0.6006377320144942
4.28E-5                   0.596450383167661
4.29E-5                   0.5922630350098669
4.2999999999999995E-5     0.5880756875463641
4.31E-5                   0.5838883407824043
4.32E-5                   0.5797009947232407
4.3299999999999995E-5     0.5755136493741265
4.34E-5                   0.5715285701481498
4.35E-5                   0.5675749789198153
4.3599999999999996E-5     0.5636213882288207
4.37E-5                   0.559667798079596
4.38E-5                   0.5557142084765734
4.3899999999999996E-5     0.5517606194241852
4.4E-5                    0.547807030926863
4.41E-5                   0.5438534429890398
4.42E-5                   0.5400525118198184
4.43E-5                   0.536325310362772
4.4399999999999995E-5     0.5325981093951712
4.45E-5                   0.5288709089206962
4.46E-5                   0.5251437089430282
4.4699999999999996E-5     0.5214165094658487
4.48E-5                   0.517689310492839
4.49E-5                   0.513962112027681
4.4999999999999996E-5     0.5103331300898177
4.51E-5                   0.5068091336352174
4.52E-5                   0.5032851375547001
4.5299999999999997E-5     0.49976114185142556
4.54E-5                   0.49623714652855383
4.5499999999999995E-5     0.49271315158924567
4.56E-5                   0.48918915703666094
4.57E-5                   0.4856651628739611
4.5799999999999995E-5     0.4822270785944556
4.59E-5                   0.47899692552203216
4.6E-5                    0.475766772788009
4.6099999999999996E-5     0.47253662039478755
4.62E-5                   0.4693064683447693
4.63E-5                   0.4660763166403557
4.6399999999999996E-5     0.4628461652839489
4.65E-5                   0.4596160142779503
4.66E-5                   0.45638586362476224
4.67E-5                   0.4531557133267868
4.68E-5                   0.4499255633864257
4.6899999999999995E-5     0.44669541380608213
4.7E-5                    0.44346526458815777
4.71E-5                   0.44023511573505547
4.7199999999999995E-5     0.4370049672491781
4.73E-5                   0.4337748191329281
4.74E-5                   0.43054467138870817
4.7499999999999996E-5     0.4276362443789472
4.76E-5                   0.4247594745456196
4.77E-5                   0.4218827048863886
4.7799999999999996E-5     0.4190059354029605
4.79E-5                   0.4161291660970412
4.8E-5                    0.4132523969703373
4.81E-5                   0.41037562802455535
4.82E-5                   0.4074988592614018
4.8299999999999995E-5     0.4046220906825834
4.84E-5                   0.40174532228980686
4.85E-5                   0.3988685540847789
4.8599999999999995E-5     0.39599178606920676
4.87E-5                   0.3931150182447973
4.88E-5                   0.3902382506132575
4.8899999999999996E-5     0.3873614831762949
4.9E-5                    0.3844847159356163
4.91E-5                   0.38177552394411135
4.9199999999999997E-5     0.37921585547921544
4.93E-5                   0.376656187171135
4.9399999999999995E-5     0.3740965190210613
4.95E-5                   0.3715368510301846
4.96E-5                   0.3689771831996957
4.9699999999999995E-5     0.3664175155307857
4.98E-5                   0.36385784802464516
4.99E-5                   0.3612981806824651
4.9999999999999996E-5     0.35873851350543645
5.01E-5                   0.3561788464947499
5.02E-5                   0.3536191796515967
5.0299999999999996E-5     0.351059512977168
5.04E-5                   0.34849984647265453
5.05E-5                   0.3459401801392475
5.06E-5                   0.3433805139781384
5.07E-5                   0.34085837773491157
5.0799999999999995E-5     0.33855486693292536
5.09E-5                   0.3362513562482316
5.1E-5                    0.33394784568170904
5.1099999999999995E-5     0.3316443352342363
5.12E-5                   0.3293408249066917
5.13E-5                   0.32703731469995406
5.1399999999999996E-5     0.32473380461490226
5.15E-5                   0.3224302946524146
5.16E-5                   0.3201267848133699
5.1699999999999996E-5     0.3178232750986471
5.18E-5                   0.3155197655091247
5.1899999999999994E-5     0.3132162560456816
5.2E-5                    0.3109127467091965
5.21E-5                   0.30868636384282216
5.2199999999999995E-5     0.30658119482680424
5.23E-5                   0.3044760258839795
5.24E-5                   0.30237085701501687
5.2499999999999995E-5     0.3002656882205854
5.26E-5                   0.2981605195013536
5.27E-5                   0.2960553508579903
5.2799999999999996E-5     0.2939501822911647
5.29E-5                   0.2918450138015453
5.3E-5                    0.2897398453898012
5.3099999999999996E-5     0.28763467705660123
5.32E-5                   0.2855295088026144
5.3299999999999995E-5     0.28350217936535144
5.34E-5                   0.2815653684829144
5.35E-5                   0.2796285576702092
5.3599999999999995E-5     0.2776917469277513
5.37E-5                   0.2757549362560558
5.38E-5                   0.2738181256556382
5.3899999999999996E-5     0.27188131512701386
5.4E-5                    0.269944504670698
5.41E-5                   0.26800769428720617
5.4199999999999996E-5     0.2660708839770539
5.43E-5                   0.26413407374075626
5.4399999999999994E-5     0.2622988411443424
5.4499999999999997E-5     0.2605014690931007
5.46E-5                   0.25870409709098735
5.4699999999999995E-5     0.25690672513842067
5.48E-5                   0.2551093532358185
5.49E-5                   0.2533119813835994
5.4999999999999995E-5     0.2515146095821814
5.51E-5                   0.24971723783198263
5.52E-5                   0.2479198661334214
5.5299999999999996E-5     0.24612249448691603
5.54E-5                   0.24432512289288455
5.55E-5                   0.2426589697514577
5.5599999999999996E-5     0.24099352730285994
5.57E-5                   0.2393280848952442
5.5799999999999994E-5     0.23766264252893876
5.59E-5                   0.23599720020427137
5.6E-5                    0.23433175792157016
5.6099999999999995E-5     0.23266631568116328
5.62E-5                   0.2310008734833785
5.63E-5                   0.22933543132854387
5.6399999999999995E-5     0.22766998921698758
5.65E-5                   0.22603647535730387
5.66E-5                   0.22449348152449466
5.6699999999999996E-5     0.22295048772506584
5.68E-5                   0.22140749395928105
5.69E-5                   0.21986450022740428
5.6999999999999996E-5     0.21832150652969948
5.71E-5                   0.21677851286643032
5.7199999999999994E-5     0.215235519237861
5.73E-5                   0.21369252564425503
5.74E-5                   0.21214953208587656
5.7499999999999995E-5     0.21060653856298947
5.76E-5                   0.20912271561823495
5.77E-5                   0.20769202494238875
5.7799999999999995E-5     0.2062613342912613
5.79E-5                   0.20483064366506096
5.8E-5                    0.20339995306399586
5.8099999999999996E-5     0.2019692624882746
5.82E-5                   0.20053857193810515
5.8299999999999994E-5     0.19910788141369612
5.8399999999999997E-5     0.1976771909152555
5.85E-5                   0.1962465004429918
5.8599999999999995E-5     0.19481580999711345
5.87E-5                   0.19346819431017642
5.88E-5                   0.1921422614238606
5.8899999999999995E-5     0.19081632855933647
5.9E-5                    0.18949039571677115
5.91E-5                   0.18816446289633218
5.9199999999999996E-5     0.18683853009818696
5.93E-5                   0.18551259732250266
5.94E-5                   0.18418666456944677
5.9499999999999996E-5     0.18286073183918677
5.96E-5                   0.18153479913188977
5.9699999999999994E-5     0.18021463022921874
5.98E-5                   0.17898613335455563
5.99E-5                   0.1777576364954474
5.9999999999999995E-5     0.17652913965202582
6.01E-5                   0.1753006428244225
6.02E-5                   0.17407214601276932
6.0299999999999995E-5     0.17284364921719794
6.04E-5                   0.17161515243784004
6.05E-5                   0.1703866556748274
6.0599999999999996E-5     0.1691581589282918
6.07E-5                   0.16792966219836494
6.08E-5                   0.1667301173922749
6.0899999999999996E-5     0.16559062407019356
6.1E-5                    0.164451130761912
6.11E-5                   0.16331163746753677
6.12E-5                   0.16217214418717418
6.13E-5                   0.16103265092093078
6.14E-5                   0.15989315766891302
6.149999999999999E-5      0.15875366443122746
6.159999999999999E-5      0.15761417120798027
6.17E-5                   0.1564746779992781
6.18E-5                   0.15533518480522737
6.19E-5                   0.1542456797623957
6.2E-5                    0.1531907080639044
6.209999999999999E-5      0.15213573637529645
6.22E-5                   0.15108076469665482
6.23E-5                   0.15002579302806282
6.24E-5                   0.14897082136960366
6.25E-5                   0.14791584972136063
6.26E-5                   0.1468608780834168
6.269999999999999E-5      0.1458059064558557
6.28E-5                   0.14475093483876014
6.29E-5                   0.1436959632322135
6.3E-5                    0.14270601877266867
6.31E-5                   0.14172687521944588
6.319999999999999E-5      0.14074773167518972
6.33E-5                   0.13976858813996754
6.34E-5                   0.13878944461384712
6.35E-5                   0.13781030109689613
6.36E-5                   0.13683115758918224
6.37E-5                   0.1358520140907732
6.379999999999999E-5      0.13487287060173664
6.39E-5                   0.13389372712214007
6.4E-5                    0.13292750581167093
6.41E-5                   0.1320528294669891
6.42E-5                   0.13117815312900757
6.429999999999999E-5      0.13030347679777418
6.44E-5                   0.12942880047333624
6.45E-5                   0.1285541241557416
6.46E-5                   0.1276794478450379
6.47E-5                   0.12680477154127284
6.48E-5                   0.12593009524449397
6.489999999999999E-5      0.1250554189547492
6.5E-5                    0.12418074267208587
6.51E-5                   0.12330606639655174
6.52E-5                   0.12243139012819455
6.53E-5                   0.12155671386706189
6.539999999999999E-5      0.12068203761320156
6.549999999999999E-5      0.11980736136666097
6.56E-5                   0.11893268512748793
6.57E-5                   0.11805800889573005
6.58E-5                   0.11718333267143506
6.59E-5                   0.11630865645465052
6.599999999999999E-5      0.11543398024542434
6.61E-5                   0.11455930404380381
6.62E-5                   0.11376553825751631
6.63E-5                   0.11301420738392236
6.64E-5                   0.11226287651308617
6.65E-5                   0.11151154564503815
6.659999999999999E-5      0.11076021477980873
6.67E-5                   0.11000888391742807
6.68E-5                   0.10925755305792666
6.69E-5                   0.10850622220133482
6.7E-5                    0.10775489134768296
6.709999999999999E-5      0.10700356049700151
6.72E-5                   0.1062522296493206
6.73E-5                   0.1055008988046708
6.74E-5                   0.10474956796308235
6.75E-5                   0.10399823712458568
6.76E-5                   0.10324690628921113
6.769999999999999E-5      0.1024955754569892
6.78E-5                   0.10174424462795001
6.79E-5                   0.10099291380212401
6.8E-5                    0.10024158297954162
6.81E-5                   0.0994902521602332
6.819999999999999E-5      0.09873892134422917
6.829999999999999E-5      0.09800756685492769
6.84E-5                   0.09736235916546639
6.85E-5                   0.09671715147846639
6.86E-5                   0.0960719437939468
6.87E-5                   0.09542673611192679
6.879999999999999E-5      0.09478152843242559
6.89E-5                   0.09413632075546216
6.9E-5                    0.09349111308105582
6.91E-5                   0.09284590540922559
6.92E-5                   0.0922006977399907
6.929999999999999E-5      0.09155549007337044
6.939999999999999E-5      0.09091028240938369
6.95E-5                   0.09026507474804973
6.96E-5                   0.0896198670893877
6.97E-5                   0.08897465943341676
6.98E-5                   0.08832945178015607
6.989999999999999E-5      0.08768424412962485
7.0E-5                    0.08703903648184211
7.01E-5                   0.08639382883682704
7.02E-5                   0.08574862119459883
7.03E-5                   0.08510341355517663
7.04E-5                   0.08445820591857955
7.049999999999999E-5      0.08387832694650776
7.06E-5                   0.08332378960817532
7.07E-5                   0.082769252271153
7.08E-5                   0.082214714935453
7.09E-5                   0.08166017760108756
7.099999999999999E-5      0.08110564026806893
7.11E-5                   0.08055110293640923
7.12E-5                   0.07999656560612073
7.13E-5                   0.07944202827721562
7.14E-5                   0.07888749094970618
7.15E-5                   0.07833295362360457
7.159999999999999E-5      0.07777841629892313
7.17E-5                   0.07722387897567387
7.18E-5                   0.07666934165386916
7.19E-5                   0.07611480433352114
7.2E-5                    0.07556026701464208
7.209999999999999E-5      0.07500572969724427
7.219999999999999E-5      0.07445119238133972
7.23E-5                   0.0738966550669408
7.24E-5                   0.07334211775405972
7.25E-5                   0.07278758044270865
7.26E-5                   0.07225302613327507
7.269999999999999E-5      0.07177754221756741
7.28E-5                   0.07130205830278684
7.29E-5                   0.07082657438894113
7.3E-5                    0.07035109047603794
7.31E-5                   0.06987560656408487
7.319999999999999E-5      0.0694001226530897
7.329999999999999E-5      0.0689246387430599
7.34E-5                   0.06844915483400324
7.35E-5                   0.06797367092592732
7.36E-5                   0.06749818701883985
7.37E-5                   0.06702270311274845
7.379999999999999E-5      0.06654721920766082
7.39E-5                   0.06607173530358453
7.4E-5                    0.06559625140052729
7.41E-5                   0.06512076749849671
7.42E-5                   0.06464528359750049
7.429999999999999E-5      0.06416979969754633
7.439999999999999E-5      0.06369431579864177
7.45E-5                   0.0632188319007945
7.46E-5                   0.0627433480040122
7.47E-5                   0.06226786410830251
7.48E-5                   0.0618443254812444
7.489999999999999E-5      0.06143500975779242
7.5E-5                    0.06102569403491324
7.51E-5                   0.06061637831261183
7.52E-5                   0.060207062590893125
7.53E-5                   0.05979774686976205
7.54E-5                   0.0593884311492235
7.549999999999999E-5      0.058979115429282455
7.56E-5                   0.05856979970994373
7.57E-5                   0.05816048399121227
7.58E-5                   0.057751168273093026
7.59E-5                   0.05734185255559089
7.599999999999999E-5      0.05693253683871086
7.609999999999999E-5      0.0565232211224577
7.62E-5                   0.05611390540683641
7.63E-5                   0.05570458969185192
7.64E-5                   0.05529527397750911
7.65E-5                   0.054885958263812915
7.659999999999999E-5      0.05447664255076832
7.67E-5                   0.054067326838380114
7.68E-5                   0.05365801112665327
7.69E-5                   0.05326732654461524
7.7E-5                    0.05291672487590378
7.709999999999999E-5      0.05256612320758475
7.719999999999999E-5      0.05221552153966114
7.73E-5                   0.051864919872136074
7.74E-5                   0.051514318205012614
7.75E-5                   0.051163716538293845
7.76E-5                   0.05081311487198283
7.769999999999999E-5      0.05046251320608269
7.78E-5                   0.05011191154059642
7.79E-5                   0.04976130987552712
7.8E-5                    0.049410708210877854
7.81E-5                   0.049060106546651716
7.819999999999999E-5      0.04870950488285181
7.829999999999999E-5      0.04835890321948113
7.84E-5                   0.04800830155654278
7.85E-5                   0.047657699894039854
7.86E-5                   0.047307098231975396
7.87E-5                   0.046956496570352495
7.879999999999999E-5      0.04660589490917427
7.89E-5                   0.0462552932484437
7.9E-5                    0.04590469158816388
7.91E-5                   0.04559550403900358
7.92E-5                   0.04529364834885755
7.93E-5                   0.04499179265892095
7.939999999999999E-5      0.044689936969195744
7.95E-5                   0.044388081279683814
7.96E-5                   0.0440862255903872
7.97E-5                   0.043784369901307824
7.98E-5                   0.04348251421244768
7.989999999999999E-5      0.04318065852380876
7.999999999999999E-5      0.04287880283539294
8.01E-5                   0.04257694714720224
8.02E-5                   0.04227509145923861
8.03E-5                   0.04197323577150402
8.04E-5                   0.04167138008400043
8.049999999999999E-5      0.04136952439672984
8.06E-5                   0.041067668709694145
8.07E-5                   0.040765813022895336
8.08E-5                   0.0404639573363354
8.09E-5                   0.04016210165001626
8.099999999999999E-5      0.03986024596393995
8.109999999999999E-5      0.03955839027810834
8.12E-5                   0.03927297735496314
8.13E-5                   0.03901418120673778
8.14E-5                   0.03875538505872377
8.15E-5                   0.03849658891092236
8.159999999999999E-5      0.038237792763334846
8.17E-5                   0.03797899661596237
8.18E-5                   0.03772020046880625
8.19E-5                   0.03746140432186771
8.2E-5                    0.03720260817514801
8.209999999999999E-5      0.036943812028648416
8.219999999999999E-5      0.036685015882370116
8.23E-5                   0.03642621973631439
8.24E-5                   0.03616742359048247
8.25E-5                   0.03590862744487562
8.26E-5                   0.035649831299495074
8.269999999999999E-5      0.03539103515434212
8.28E-5                   0.035132239009417934
8.29E-5                   0.03487344286472379
8.3E-5                    0.03461464672026094
8.31E-5                   0.03435585057603065
8.319999999999999E-5      0.034097054432034146
8.329999999999999E-5      0.03383825828827265
8.34E-5                   0.03361280089985568
8.35E-5                   0.03339047516135819
8.36E-5                   0.03316814942289102
8.37E-5                   0.03294582368445495
8.379999999999999E-5      0.03272349794605078
8.389999999999999E-5      0.03250117220767922
8.4E-5                    0.03227884646934108
8.41E-5                   0.03205652073103713
8.42E-5                   0.03183419499276815
8.43E-5                   0.03161186925453489
8.439999999999999E-5      0.031389543516338186
8.45E-5                   0.031167217778178734
8.46E-5                   0.030944892040057348
8.47E-5                   0.030722566301974782
8.48E-5                   0.03050024056393183
8.489999999999999E-5      0.03027791482592928
8.499999999999999E-5      0.030055589087967866
8.51E-5                   0.02983326335004837
8.52E-5                   0.02961093761217157
8.53E-5                   0.029388611874338253
8.54E-5                   0.029166286136549185
8.549999999999999E-5      0.028957804916180094
8.56E-5                   0.0287664927160836
8.57E-5                   0.02857518051614248
8.58E-5                   0.028383868316357242
8.59E-5                   0.028192556116728402
8.599999999999999E-5      0.028001243917256502
8.609999999999999E-5      0.027809931717941997
8.62E-5                   0.027618619518785432
8.63E-5                   0.02742730731978731
8.64E-5                   0.027235995120948153
8.65E-5                   0.02704468292226848
8.659999999999999E-5      0.026853370723748826
8.669999999999999E-5      0.02666205852538964
8.68E-5                   0.026470746327191482
8.69E-5                   0.026279434129154847
8.7E-5                    0.02608812193128026
8.709999999999999E-5      0.02589680973356825
8.719999999999999E-5      0.0257054975360193
8.73E-5                   0.025514185338633928
8.74E-5                   0.02532287314141265
8.75E-5                   0.02513156094435599
8.76E-5                   0.024940248747464453
8.769999999999999E-5      0.02477619684215971
8.779999999999999E-5      0.02461273898526766
8.79E-5                   0.02444928112832019
8.8E-5                    0.02428582327131758
8.81E-5                   0.02412236541426015
8.82E-5                   0.023958907557148197
8.829999999999999E-5      0.023795449699982024
8.84E-5                   0.0236319918427619
8.85E-5                   0.023468533985488146
8.86E-5                   0.023305076128161045
8.87E-5                   0.02314161827078092
8.879999999999999E-5      0.02297816041334807
8.889999999999999E-5      0.022814702555862758
8.9E-5                    0.0226512446983253
8.91E-5                   0.022487786840736
8.92E-5                   0.022324328983095162
8.93E-5                   0.022160871125403072
8.939999999999999E-5      0.021997413267660054
8.95E-5                   0.02183395540986636
8.96E-5                   0.021670497552022317
8.97E-5                   0.021507039694128226
8.98E-5                   0.021354696609621224
8.989999999999999E-5      0.021212992173602924
8.999999999999999E-5      0.02107128773771837
9.01E-5                   0.020929583301967803
9.02E-5                   0.020787878866351434
9.03E-5                   0.02064617443086948
9.04E-5                   0.02050446999552216
9.049999999999999E-5      0.020362765560309703
9.059999999999999E-5      0.020221061125232292
9.07E-5                   0.02007935669029016
9.08E-5                   0.019937652255483527
9.09E-5                   0.019795947820812614
9.099999999999999E-5      0.019654243386277633
9.109999999999999E-5      0.01951253895187879
9.12E-5                   0.019370834517616297
9.13E-5                   0.019229130083490392
9.14E-5                   0.01908742564950127
9.15E-5                   0.01894572121564916
9.159999999999999E-5      0.018804016781934295
9.169999999999999E-5      0.01866231234835685
9.18E-5                   0.018520607914917064
9.19E-5                   0.018379844634728235
9.2E-5                    0.018259918931128497
9.21E-5                   0.018139993227445157
9.219999999999999E-5      0.018020067523678327
9.23E-5                   0.0179001418198281
9.24E-5                   0.0177802161158946
9.25E-5                   0.01766029041187794
9.26E-5                   0.017540364707778235
9.269999999999999E-5      0.017420439003595602
9.279999999999999E-5      0.01730051329933013
9.29E-5                   0.017180587594981946
9.3E-5                    0.017060661890551165
9.31E-5                   0.01694073618603789
9.32E-5                   0.016820810481442242
9.329999999999999E-5      0.016700884776764346
9.34E-5                   0.01658095907200428
9.35E-5                   0.016461033367162172
9.36E-5                   0.016341107662238136
9.37E-5                   0.016221181957232288
9.379999999999999E-5      0.016101256252144747
9.389999999999999E-5      0.015981330546975595
9.4E-5                    0.015861404841724967
9.41E-5                   0.015749987597995698
9.42E-5                   0.015644846747338386
9.43E-5                   0.015539705896790268
9.439999999999999E-5      0.015434565046351455
9.449999999999999E-5      0.015329424196022007
9.46E-5                   0.015224283345802036
9.47E-5                   0.015119142495691625
9.48E-5                   0.015014001645690878
9.489999999999999E-5      0.014908860795799894
9.499999999999999E-5      0.01480371994601874
9.51E-5                   0.01469857909634752
9.52E-5                   0.014593438246786333
9.53E-5                   0.014488297397335263
9.54E-5                   0.014383156547994411
9.549999999999999E-5      0.014278015698763876
9.559999999999999E-5      0.014172874849643729
9.57E-5                   0.01406773400063407
9.58E-5                   0.013962593151735
9.59E-5                   0.013857452302946605
9.6E-5                    0.013752311454268976
9.609999999999999E-5      0.01364717060570223
9.62E-5                   0.013543887751130535
9.63E-5                   0.01345598956709734
9.64E-5                   0.01336809138299238
9.65E-5                   0.013280193198815692
9.659999999999999E-5      0.013192295014567333
9.669999999999999E-5      0.013104396830247316
9.68E-5                   0.0130164986458557
9.69E-5                   0.012928600461392522
9.7E-5                    0.012840702276857829
9.71E-5                   0.012752804092251654
9.719999999999999E-5      0.012664905907574056
9.73E-5                   0.012577007722825056
9.74E-5                   0.012489109538004696
9.75E-5                   0.012401211353113029
9.76E-5                   0.01231331316815009
9.769999999999999E-5      0.012225414983115936
9.779999999999999E-5      0.012137516798010584
9.79E-5                   0.012049618612834082
9.8E-5                    0.011961720427586482
9.81E-5                   0.011873822242267818
9.82E-5                   0.011785924056878129
9.829999999999999E-5      0.011698025871417477
9.839999999999999E-5      0.01161648614771996
9.85E-5                   0.011538522651253177
9.86E-5                   0.011460559154857703
9.87E-5                   0.011382595658533572
9.879999999999999E-5      0.011304632162280833
9.889999999999999E-5      0.011226668666099506
9.9E-5                    0.01114870516998964
9.91E-5                   0.011070741673951275
9.92E-5                   0.010992778177984453
9.93E-5                   0.01091481468208921
9.939999999999999E-5      0.010836851186265595
9.949999999999999E-5      0.01075888769051363
9.96E-5                   0.010680924194833363
9.97E-5                   0.010602960699224832
9.98E-5                   0.010524997203688083
9.989999999999999E-5      0.010447033708223159
9.999999999999999E-5      0.010369070212830078
1.001E-4                  0.010291106717508894
1.002E-4                  0.010213143222259646
1.003E-4                  0.01013517972708237
1.004E-4                  0.01005721623197711
1.0049999999999999E-4     0.009981552149322772
1.0059999999999999E-4     0.009916934294037562
1.007E-4                  0.0098523164387155
1.008E-4                  0.009787698583356602
1.009E-4                  0.009723080727960883
1.01E-4                   0.00965846287252836
1.0109999999999999E-4     0.00959384501705906
1.012E-4                  0.009529227161552977
1.013E-4                  0.009464609306010138
1.014E-4                  0.009399991450430563
1.015E-4                  0.009335373594814261
1.0159999999999999E-4     0.00927075573916126
1.0169999999999999E-4     0.009206137883471558
1.018E-4                  0.009141520027745183
1.019E-4                  0.009076902171982147
1.02E-4                   0.009012284316182468
1.021E-4                  0.008947666460346159
1.0219999999999999E-4     0.008883048604473249
1.0229999999999999E-4     0.008818430748563737
1.024E-4                  0.008753812892617643
1.025E-4                  0.008689195036634983
1.026E-4                  0.00862457718061578
1.0269999999999999E-4     0.008565012040545812
1.0279999999999999E-4     0.008507565556527284
1.029E-4                  0.008450119072532613
1.03E-4                   0.008392672588561807
1.031E-4                  0.008335226104614887
1.032E-4                  0.008277779620691867
1.0329999999999999E-4     0.008220333136792773
1.0339999999999999E-4     0.0081628866529176
1.035E-4                  0.008105440169066374
1.036E-4                  0.008047993685239112
1.037E-4                  0.007990547201435829
1.0379999999999999E-4     0.007933100717656546
1.0389999999999999E-4     0.007875654233901266
1.04E-4                   0.007818207750170014
1.041E-4                  0.0077607612664628
1.042E-4                  0.007703314782779645
1.043E-4                  0.007645868299120565
1.0439999999999999E-4     0.007588421815485579
1.0449999999999999E-4     0.007530975331874691
1.046E-4                  0.007473528848287923
1.047E-4                  0.007416082364725289
1.048E-4                  0.007360866672665726
1.049E-4                  0.007312839242207054
1.0499999999999999E-4     0.007264811811752035
1.051E-4                  0.007216784381300662
1.052E-4                  0.007168756950852946
1.053E-4                  0.007120729520408896
1.054E-4                  0.007072702089968519
1.0549999999999999E-4     0.007024674659531828
1.0559999999999999E-4     0.006976647229098818
1.057E-4                  0.006928619798669502
1.058E-4                  0.006880592368243886
1.059E-4                  0.006832564937821981
1.06E-4                   0.006784537507403791
1.0609999999999999E-4     0.006736510076989329
1.0619999999999999E-4     0.00668848264657859
1.063E-4                  0.006640455216171588
1.064E-4                  0.00659242778576833
1.065E-4                  0.006544400355368824
1.0659999999999999E-4     0.006496372924973082
1.0669999999999999E-4     0.006448345494581099
1.068E-4                  0.0064003180641928874
1.069E-4                  0.006352290633808455
1.07E-4                   0.006309056320562763
1.071E-4                  0.006267260930332167
1.0719999999999999E-4     0.006225465540097879
1.0729999999999999E-4     0.0061836701498598915
1.074E-4                  0.006141874759618216
1.075E-4                  0.0061000793693728565
1.076E-4                  0.006058283979123821
1.0769999999999999E-4     0.006016488588871119
1.0779999999999999E-4     0.0059746931986147415
1.079E-4                  0.005932897808354702
1.08E-4                   0.005891102418091003
1.081E-4                  0.005849307027823652
1.082E-4                  0.0058075116375526535
1.0829999999999999E-4     0.005765716247278016
1.0839999999999999E-4     0.005723920856999738
1.085E-4                  0.005682125466717823
1.086E-4                  0.005640330076432283
1.087E-4                  0.00559853468614312
1.0879999999999999E-4     0.005556739295850344
1.0889999999999999E-4     0.005516603930594112
1.0899999999999999E-4     0.005478512693153232
1.091E-4                  0.0054404214557208395
1.092E-4                  0.005402330218296935
1.093E-4                  0.005364238980881529
1.0939999999999999E-4     0.005326147743474626
1.0949999999999999E-4     0.005288056506076221
1.096E-4                  0.0052499652686863255
1.097E-4                  0.005211874031304941
1.098E-4                  0.005173782793932076
1.099E-4                  0.005135691556567732
1.0999999999999999E-4     0.005097600319211919
1.1009999999999999E-4     0.005059509081864631
1.102E-4                  0.005021417844525878
1.103E-4                  0.004983326607195664
1.104E-4                  0.004945235369873994
1.1049999999999999E-4     0.004907144132560877
1.1059999999999999E-4     0.004869417434438799
1.107E-4                  0.004837474436775615
1.108E-4                  0.004805531439101117
1.109E-4                  0.004773588441415306
1.11E-4                   0.004741645443718186
1.1109999999999999E-4     0.004709702446009761
1.1119999999999999E-4     0.004677759448290025
1.113E-4                  0.004645816450558983
1.114E-4                  0.004613873452816636
1.115E-4                  0.004581930455062986
1.1159999999999999E-4     0.004549987457298041
1.1169999999999999E-4     0.004518044459521791
1.118E-4                  0.00448610146173424
1.119E-4                  0.004454158463935395
1.12E-4                   0.004422215466125253
1.121E-4                  0.0043902724683038165
1.1219999999999999E-4     0.0043589797173579714
1.1229999999999999E-4     0.004328625334199076
1.124E-4                  0.0042982709510517815
1.125E-4                  0.00426791656791609
1.126E-4                  0.004237562184792005
1.1269999999999999E-4     0.004207207801679531
1.1279999999999999E-4     0.004176853418578665
1.1289999999999999E-4     0.004146499035489412
1.13E-4                   0.004116144652411778
1.131E-4                  0.004085790269345761
1.132E-4                  0.0040554358862913645
1.1329999999999999E-4     0.004025081503248599
1.1339999999999999E-4     0.003994727120217455
1.135E-4                  0.003964372737197941
1.136E-4                  0.003934018354190059
1.137E-4                  0.003903663971193812
1.138E-4                  0.0038765252599888334
1.1389999999999999E-4     0.003850405689225827
1.1399999999999999E-4     0.0038242861184531697
1.141E-4                  0.0037981665476708656
1.142E-4                  0.0037720469768789187
1.143E-4                  0.0037459274060773267
1.1439999999999999E-4     0.0037198078352660958
1.1449999999999999E-4     0.0036936882644452193
1.146E-4                  0.0036675686936146995
1.147E-4                  0.0036414491227745416
1.148E-4                  0.003615329551924742
1.149E-4                  0.003589209981065304
1.1499999999999999E-4     0.0035630904101962317
1.1509999999999999E-4     0.0035369708393175174
1.152E-4                  0.0035108512684291666
1.153E-4                  0.003484984971508282
1.154E-4                  0.0034611812064831086
1.1549999999999999E-4     0.003437377441466501
1.1559999999999999E-4     0.0034135736764584557
1.157E-4                  0.0033897699114589738
1.158E-4                  0.0033659661464680592
1.159E-4                  0.003342162381485713
1.16E-4                   0.0033183586165119357
1.1609999999999999E-4     0.0032945548515467323
1.1619999999999999E-4     0.0032707510865900976
1.163E-4                  0.003246947321642036
1.164E-4                  0.0032231435567025494
1.165E-4                  0.0031993397917716377
1.1659999999999999E-4     0.003175536026849307
1.1669999999999999E-4     0.003151732261935551
1.1679999999999999E-4     0.003127928497030375
1.169E-4                  0.0031053763755980856
1.17E-4                   0.003084297170974366
1.171E-4                  0.00306321796634479
1.1719999999999999E-4     0.003042138761709362
1.1729999999999999E-4     0.0030210595570680757
1.174E-4                  0.0029999803524209346
1.175E-4                  0.0029789011477679398
1.176E-4                  0.0029578219431090915
1.177E-4                  0.00293674273844439
1.1779999999999999E-4     0.0029156635337738383
1.1789999999999999E-4     0.002894584329097432
1.18E-4                   0.002873505124415173
1.181E-4                  0.002852425919727065
1.182E-4                  0.0028313467150331046
1.1829999999999999E-4     0.0028102675103332973
1.1839999999999999E-4     0.0027891883056276375
1.185E-4                  0.0027698397311671603
1.186E-4                  0.002750898642941671
1.187E-4                  0.002731957554720839
1.188E-4                  0.0027130164665046643
1.1889999999999999E-4     0.0026940753782931513
1.1899999999999999E-4     0.0026751342900862953
1.191E-4                  0.0026561932018840987
1.192E-4                  0.002637252113686563
1.193E-4                  0.002618311025493688
1.1939999999999999E-4     0.002599369937305477
1.1949999999999999E-4     0.002580428849121926
1.196E-4                  0.0025614877609430385
1.197E-4                  0.002542546672768814
1.198E-4                  0.0025236055845992526
1.199E-4                  0.0025046644964343574
1.1999999999999999E-4     0.0024860550541932567
1.2009999999999999E-4     0.002469193988484725
1.202E-4                  0.002452332922773255
1.203E-4                  0.0024354718570588478
1.204E-4                  0.0024186107913415035
1.2049999999999999E-4     0.002401749725621225
1.2059999999999999E-4     0.0023848886598980077
1.2069999999999999E-4     0.0023680275941718545
1.208E-4                  0.002351166528442765
1.209E-4                  0.0023343054627107404
1.21E-4                   0.0023174443969757796
1.2109999999999999E-4     0.002300583331237887
1.2119999999999999E-4     0.002283722265497057
1.213E-4                  0.0022668611997532923
1.214E-4                  0.0022500001340065925
1.215E-4                  0.0022331390682569603
1.216E-4                  0.002217165683274527
1.2169999999999999E-4     0.002202046983078374
1.2179999999999999E-4     0.002186928282884312
1.219E-4                  0.0021718095826923425
1.22E-4                   0.0021566908825024667
1.2209999999999999E-4     0.002141572182314686
1.222E-4                  0.002126453482128996
1.223E-4                  0.0021113347819454007
1.224E-4                  0.0020962160817638983
1.225E-4                  0.0020810973815844915
1.226E-4                  0.002065978681407179
1.227E-4                  0.0020508599812319615
1.228E-4                  0.0020357412810588383
1.229E-4                  0.0020206225808878106
1.2299999999999998E-4     0.0020055038807188833
1.2309999999999998E-4     0.001990385180552048
1.2319999999999999E-4     0.0019766691686355733
1.233E-4                  0.0019631824614761003
1.234E-4                  0.0019496957543153673
1.235E-4                  0.0019362090471533734
1.236E-4                  0.0019227223399901187
1.237E-4                  0.001909235632825604
1.238E-4                  0.0018957489256598299
1.239E-4                  0.0018822622184927955
1.24E-4                   0.0018687755113245017
1.241E-4                  0.001855288804154948
1.2419999999999998E-4     0.0018418020969841388
1.2429999999999999E-4     0.001828315389812067
1.244E-4                  0.0018148286826387356
1.245E-4                  0.0018013419754641454
1.246E-4                  0.0017878552682882973
1.247E-4                  0.0017746681786776387
1.248E-4                  0.0017626114949979615
1.249E-4                  0.0017505548113190884
1.25E-4                   0.00173849812764102
1.251E-4                  0.0017264414439637553
1.252E-4                  0.0017143847602872954
1.2529999999999998E-4     0.001702328076611643
1.2539999999999999E-4     0.001690271392936792
1.255E-4                  0.001678214709262746
1.256E-4                  0.0016661580255895045
1.257E-4                  0.001654101341917068
1.258E-4                  0.001642044658245437
1.259E-4                  0.001629987974574611
1.26E-4                   0.0016179312909045903
1.261E-4                  0.0016058746072353752
1.262E-4                  0.0015938179235669657
1.263E-4                  0.0015824674722984115
1.2639999999999998E-4     0.0015716729442489196
1.2649999999999998E-4     0.001560878416198972
1.266E-4                  0.0015500838881485725
1.267E-4                  0.0015392893600977217
1.268E-4                  0.001528494832046418
1.269E-4                  0.001517700303994663
1.27E-4                   0.0015069057759424566
1.271E-4                  0.0014961112478897982
1.272E-4                  0.0014853167198366883
1.273E-4                  0.0014745221917831272
1.274E-4                  0.0014637276637291144
1.2749999999999998E-4     0.0014529331356746534
1.2759999999999998E-4     0.0014421386076197385
1.277E-4                  0.0014313440795643722
1.278E-4                  0.0014205495515085557
1.279E-4                  0.0014108278382836182
1.28E-4                   0.0014012127850496086
1.281E-4                  0.0013915977318158465
1.282E-4                  0.0013819826785823328
1.283E-4                  0.0013723676253490674
1.284E-4                  0.00136275257211605
1.285E-4                  0.0013531375188832809
1.2859999999999998E-4     0.0013435224656507625
1.2869999999999998E-4     0.0013339074124184905
1.288E-4                  0.0013242923591864663
1.289E-4                  0.0013146773059546906
1.29E-4                   0.0013050622527231639
1.291E-4                  0.0012954471994918856
1.292E-4                  0.0012858321462608558
1.293E-4                  0.0012762170930300752
1.294E-4                  0.0012669685362875767
1.295E-4                  0.0012587652828374312
1.296E-4                  0.0012505620293871732
1.2969999999999998E-4     0.0012423587759368053
1.2979999999999998E-4     0.0012341555224863229
1.2989999999999999E-4     0.0012259522690357284
1.3E-4                    0.0012177490155850215
1.301E-4                  0.0012095457621342028
1.302E-4                  0.001201342508683272
1.303E-4                  0.001193139255232229
1.304E-4                  0.0011849360017810741
1.305E-4                  0.0011767327483298074
1.306E-4                  0.0011685294948784288
1.307E-4                  0.0011603262414269385
1.3079999999999998E-4     0.0011521229879753385
1.3089999999999998E-4     0.0011439197345236244
1.3099999999999999E-4     0.0011357164810717984
1.311E-4                  0.0011275132276198612
1.312E-4                  0.0011193099741678121
1.313E-4                  0.0011111067207156514
1.314E-4                  0.001102903467263379
1.315E-4                  0.0010947002138109955
1.316E-4                  0.0010864969603585004
1.317E-4                  0.0010782937069058935
1.318E-4                  0.0010700904534531755
1.3189999999999998E-4     0.0010618872000003486
1.3199999999999998E-4     0.0010536839465474074
1.3209999999999999E-4     0.0010454806930943557
1.322E-4                  0.0010372774396411925
1.323E-4                  0.0010290741861879182
1.324E-4                  0.0010208709327345323
1.325E-4                  0.001012667679281036
1.326E-4                  0.0010060525343268277
1.327E-4                  9.99504171096431E-4
1.328E-4                  9.929558078660907E-4
1.329E-4                  9.864074446358066E-4
1.33E-4                   9.79859081405579E-4
1.3309999999999998E-4     9.733107181754097E-4
1.3319999999999999E-4     9.66762354945295E-4
1.333E-4                  9.602139917152364E-4
1.334E-4                  9.536656284852347E-4
1.335E-4                  9.471172652552893E-4
1.336E-4                  9.405689020254006E-4
1.337E-4                  9.340205387955679E-4
1.338E-4                  9.274721755657924E-4
1.339E-4                  9.209238123360731E-4
1.34E-4                   9.143754491064106E-4
1.341E-4                  9.078270858768044E-4
1.3419999999999998E-4     9.012787226472566E-4
1.3429999999999998E-4     8.94730359417764E-4
1.344E-4                  8.881819961883277E-4
1.345E-4                  8.816336329589481E-4
1.346E-4                  8.750852697296253E-4
1.347E-4                  8.685369065003592E-4
1.348E-4                  8.619885432711499E-4
1.349E-4                  8.554401800419973E-4
1.35E-4                   8.488918168129016E-4
1.351E-4                  8.423434535838626E-4
1.352E-4                  8.357950903548802E-4
1.3529999999999998E-4     8.292467271259566E-4
1.3539999999999998E-4     8.226983638970881E-4
1.355E-4                  8.161500006682763E-4
1.356E-4                  8.096016374395214E-4
1.357E-4                  8.039283340522475E-4
1.358E-4                  7.987064291834722E-4
1.359E-4                  7.93484524314682E-4
1.36E-4                   7.882626194458772E-4
1.361E-4                  7.830407145770575E-4
1.362E-4                  7.778188097082231E-4
1.363E-4                  7.725969048393737E-4
1.3639999999999998E-4     7.673749999705115E-4
1.3649999999999998E-4     7.621530951016326E-4
1.3659999999999999E-4     7.569311902327393E-4
1.367E-4                  7.517092853638311E-4
1.368E-4                  7.464873804949084E-4
1.369E-4                  7.41265475625971E-4
1.37E-4                   7.360435707570186E-4
1.371E-4                  7.308216658880518E-4
1.372E-4                  7.255997610190703E-4
1.373E-4                  7.203778561500741E-4
1.374E-4                  7.151559512810633E-4
1.3749999999999998E-4     7.099340464120393E-4
1.3759999999999998E-4     7.047121415429991E-4
1.3769999999999999E-4     6.994902366739444E-4
1.378E-4                  6.942683318048753E-4
1.379E-4                  6.890464269357914E-4
1.38E-4                   6.83824522066693E-4
1.381E-4                  6.7860261719758E-4
1.382E-4                  6.733807123284527E-4
1.383E-4                  6.681588074593104E-4
1.384E-4                  6.629369025901537E-4
1.385E-4                  6.577149977209827E-4
1.3859999999999998E-4     6.524930928517984E-4
1.3869999999999998E-4     6.472711879825982E-4
1.3879999999999999E-4     6.424321748662171E-4
1.389E-4                  6.382746061122688E-4
1.39E-4                   6.341170373583248E-4
1.391E-4                  6.29959468604385E-4
1.392E-4                  6.258018998504495E-4
1.393E-4                  6.216443310965182E-4
1.394E-4                  6.174867623425912E-4
1.395E-4                  6.133291935886683E-4
1.396E-4                  6.091716248347498E-4
1.3969999999999998E-4     6.050140560808366E-4
1.3979999999999998E-4     6.008564873269265E-4
1.3989999999999999E-4     5.966989185730208E-4
1.4E-4                    5.925413498191193E-4
1.401E-4                  5.88383781065222E-4
1.402E-4                  5.842262123113291E-4
1.403E-4                  5.800686435574403E-4
1.404E-4                  5.759110748035561E-4
1.405E-4                  5.717535060496758E-4
1.406E-4                  5.675959372958002E-4
1.407E-4                  5.634383685419287E-4
1.408E-4                  5.592807997880614E-4
1.4089999999999998E-4     5.551232310341998E-4
1.4099999999999998E-4     5.509656622803412E-4
1.411E-4                  5.46808093526487E-4
1.412E-4                  5.426505247726372E-4
1.413E-4                  5.384929560187915E-4
1.414E-4                  5.343353872649503E-4
1.415E-4                  5.301778185111135E-4
1.416E-4                  5.260202497572811E-4
1.417E-4                  5.218626810034528E-4
1.418E-4                  5.17705112249629E-4
1.419E-4                  5.136173720217016E-4
1.4199999999999998E-4     5.10627550733976E-4
1.4209999999999998E-4     5.076377294462539E-4
1.422E-4                  5.046479081585361E-4
1.423E-4                  5.016580868708227E-4
1.424E-4                  4.986682655831134E-4
1.425E-4                  4.956784442954088E-4
1.426E-4                  4.926886230077084E-4
1.427E-4                  4.896988017200123E-4
1.428E-4                  4.8670898043232054E-4
1.429E-4                  4.8371915914463304E-4
1.43E-4                   4.8072933785695E-4
1.4309999999999998E-4     4.777395165692721E-4
1.4319999999999998E-4     4.7474969528159765E-4
1.433E-4                  4.717598739939277E-4
1.434E-4                  4.687700527062619E-4
1.435E-4                  4.657802314186007E-4
1.436E-4                  4.627904101309436E-4
1.437E-4                  4.59800588843291E-4
1.438E-4                  4.5681076755564273E-4
1.439E-4                  4.5382094626799887E-4
1.44E-4                   4.5083112498035935E-4
1.441E-4                  4.4784130369272416E-4
1.4419999999999998E-4     4.448514824050943E-4
1.4429999999999998E-4     4.418616611174678E-4
1.4439999999999999E-4     4.388718398298458E-4
1.445E-4                  4.3588201854222804E-4
1.446E-4                  4.3289219725461476E-4
1.447E-4                  4.2990237596700586E-4
1.448E-4                  4.2691255467940115E-4
1.449E-4                  4.239227333918011E-4
1.45E-4                   4.209329121042052E-4
1.451E-4                  4.179430908166139E-4
1.452E-4                  4.149532695290269E-4
1.4529999999999998E-4     4.1196344824144505E-4
1.4539999999999998E-4     4.0897362695386684E-4
1.4549999999999999E-4     4.059838056662929E-4
1.456E-4                  4.029939843787234E-4
1.457E-4                  4.0000416309115844E-4
1.458E-4                  3.9701434180359774E-4
1.459E-4                  3.9402452051604154E-4
1.46E-4                   3.910346992284896E-4
1.461E-4                  3.880448779409422E-4
1.462E-4                  3.850550566533992E-4
1.463E-4                  3.820652353658605E-4
1.4639999999999998E-4     3.7907541407832706E-4
1.4649999999999998E-4     3.760855927907972E-4
1.4659999999999999E-4     3.730957715032719E-4
1.467E-4                  3.7010595021575094E-4
1.468E-4                  3.6711612892823437E-4
1.469E-4                  3.6412630764072224E-4
1.47E-4                   3.611364863532145E-4
1.471E-4                  3.581466650657112E-4
1.472E-4                  3.5515684377821226E-4
1.473E-4                  3.521670224907179E-4
1.474E-4                  3.4917720120322785E-4
1.4749999999999998E-4     3.4618737991574304E-4
1.4759999999999998E-4     3.4319755862826187E-4
1.4769999999999999E-4     3.402077373407852E-4
1.478E-4                  3.3721791605331296E-4
1.479E-4                  3.342280947658451E-4
1.48E-4                   3.312382734783817E-4
1.481E-4                  3.2824845219092273E-4
1.482E-4                  3.2576623005814664E-4
1.483E-4                  3.238801279550494E-4
1.484E-4                  3.219940258519501E-4
1.485E-4                  3.2010792374884893E-4
1.4859999999999998E-4     3.182218216457463E-4
1.4869999999999998E-4     3.163357195426412E-4
1.4879999999999998E-4     3.1444961743953403E-4
1.489E-4                  3.1256351533642487E-4
1.49E-4                   3.1067741323331387E-4
1.491E-4                  3.087913111302008E-4
1.492E-4                  3.0690520902708585E-4
1.493E-4                  3.050191069239688E-4
1.494E-4                  3.0313300482084985E-4
1.495E-4                  3.01246902717729E-4
1.496E-4                  2.9936080061460606E-4
1.497E-4                  2.974746985114812E-4
1.4979999999999998E-4     2.9558859640835483E-4
1.4989999999999998E-4     2.93702494305226E-4
1.5E-4                    2.9181639220209526E-4
