% Model:              20230225_JW_4_15.mph
% Version:            COMSOL 5.6.0.401
% Date:               Feb 25 2023, 20:35
% Dimension:          1
% Nodes:              1501
% Expressions:        1
% Description:        点图
% X                       Height
0                         1.1176066937042064
1.0E-7                    1.1166519248266704
2.0E-7                    1.108464397999031
3.0E-7                    1.097177409761585
4.0E-7                    1.1381491188034496
5.0E-7                    1.1816372190194293
6.0E-7                    1.1872416131706733
7.0E-7                    1.2116181776253794
8.0E-7                    1.2242138327285097
9.0E-7                    1.2321711722398556
1.0E-6                    1.240947112362739
1.1E-6                    1.245121429383522
1.2E-6                    1.2494156179320528
1.2999999999999998E-6     1.250938567292479
1.4E-6                    1.2507136529762277
1.5E-6                    1.2494001523178702
1.6E-6                    1.2470633411637206
1.6999999999999998E-6     1.2436669541545955
1.8E-6                    1.2395827782598066
1.9E-6                    1.2346960434317722
2.0E-6                    1.2293207750638713
2.1E-6                    1.2234600493691705
2.2E-6                    1.2171208336937505
2.3E-6                    1.2105036244038578
2.4E-6                    1.2036956482510954
2.4999999999999998E-6     1.1966376361693323
2.5999999999999997E-6     1.189388197546676
2.7E-6                    1.18200731226829
2.8E-6                    1.1744955572904399
2.8999999999999998E-6     1.1669094604386367
3.0E-6                    1.1593204132115253
3.1E-6                    1.1516188056000476
3.2E-6                    1.1439245892332852
3.2999999999999997E-6     1.136217842512162
3.3999999999999996E-6     1.1285119487436364
3.5E-6                    1.1208182886180122
3.6E-6                    1.1131086203805756
3.6999999999999997E-6     1.105449430200638
3.8E-6                    1.0977951168017124
3.9E-6                    1.0901855114924233
4.0E-6                    1.0826290681660038
4.1E-6                    1.075073141606745
4.2E-6                    1.0676500954130634
4.2999999999999995E-6     1.0602286869143984
4.4E-6                    1.0528285746997954
4.5E-6                    1.045447613076142
4.6E-6                    1.0380770617465447
4.7E-6                    1.0308560800128261
4.8E-6                    1.0236355563039998
4.9E-6                    1.0164609486424374
4.9999999999999996E-6     1.0093173617341245
5.0999999999999995E-6     1.0021949753468695
5.199999999999999E-6      0.9952080364221144
5.3E-6                    0.9882215089439399
5.4E-6                    0.9812748331892795
5.5E-6                    0.9743480941451514
5.6E-6                    0.9674628739844665
5.7E-6                    0.960738348293794
5.7999999999999995E-6     0.9540141838258023
5.899999999999999E-6      0.947293426874599
6.0E-6                    0.9405741134544405
6.1E-6                    0.9339222380922777
6.2E-6                    0.9274474849966856
6.3E-6                    0.9209730262125866
6.4E-6                    0.9144589630628999
6.5E-6                    0.9079359461040357
6.5999999999999995E-6     0.9015334751822609
6.699999999999999E-6      0.8953585195321739
6.799999999999999E-6      0.8891837828935869
6.9E-6                    0.8826347213387785
7.0E-6                    0.8760356402717862
7.1E-6                    0.8686914573953722
7.2E-6                    0.8610312807467009
7.2999999999999996E-6     0.857041179469872
7.3999999999999995E-6     0.8531109686842445
7.499999999999999E-6      0.8482232135907032
7.6E-6                    0.8387689595995641
7.699999999999999E-6      0.833098727186835
7.8E-6                    0.8293010719675319
7.899999999999999E-6      0.8229747912261659
8.0E-6                    0.8161010439831224
8.1E-6                    0.8113354087613698
8.2E-6                    0.8059595669512064
8.3E-6                    0.7992261088982638
8.4E-6                    0.7943643248750087
8.5E-6                    0.7888124295925897
8.599999999999999E-6      0.7827871288064973
8.7E-6                    0.7776758266580452
8.8E-6                    0.7720099026658203
8.9E-6                    0.7666156650717747
9.0E-6                    0.7613028024305859
9.1E-6                    0.755748947917819
9.2E-6                    0.7507017666070601
9.299999999999999E-6      0.7452716805466519
9.4E-6                    0.7400122198488716
9.499999999999999E-6      0.734843047705017
9.6E-6                    0.7296320445343547
9.7E-6                    0.7244894934811643
9.8E-6                    0.7194181793947396
9.9E-6                    0.7143152331579603
9.999999999999999E-6      0.7092867670235501
1.01E-5                   0.7043125723497159
1.0199999999999999E-5     0.6993310435402393
1.03E-5                   0.6944216482163654
1.0399999999999999E-5     0.6895147397382119
1.05E-5                   0.6846683975304478
1.06E-5                   0.6798542721061122
1.07E-5                   0.6750641996513549
1.08E-5                   0.6702896016548038
1.0899999999999999E-5     0.6655809959555862
1.1E-5                    0.660895149436108
1.1099999999999999E-5     0.656242539130869
1.12E-5                   0.6516243486144156
1.13E-5                   0.6470257541589737
1.14E-5                   0.6424793118186434
1.15E-5                   0.6379455332352449
1.1599999999999999E-5     0.6334540080161752
1.17E-5                   0.6289916167762336
1.1799999999999999E-5     0.6245873958051056
1.19E-5                   0.6201832713846196
1.2E-5                    0.615779241302294
1.21E-5                   0.6114662286433743
1.22E-5                   0.6071764742439101
1.2299999999999999E-5     0.6028868083520854
1.24E-5                   0.5986249920885705
1.2499999999999999E-5     0.5944420375113373
1.26E-5                   0.5902591671189257
1.2699999999999999E-5     0.5860763790203843
1.28E-5                   0.5819602804368436
1.29E-5                   0.5778696225491181
1.3E-5                    0.573779041920919
1.31E-5                   0.5697079915613914
1.3199999999999999E-5     0.5657211019110355
1.33E-5                   0.5617342838437229
1.3399999999999999E-5     0.5577475357278335
1.35E-5                   0.5538290174931575
1.3599999999999999E-5     0.5499470210348791
1.37E-5                   0.5460650910910124
1.38E-5                   0.5421936438214341
1.3899999999999999E-5     0.5384022779077859
1.4E-5                    0.5346109739401296
1.4099999999999999E-5     0.5308197305169109
1.42E-5                   0.5270815470547022
1.4299999999999999E-5     0.5233819835873111
1.44E-5                   0.519682476604608
1.45E-5                   0.5159875218815408
1.4599999999999999E-5     0.5123939478684681
1.47E-5                   0.5088004279585728
1.4799999999999999E-5     0.5052069609590616
1.49E-5                   0.5016452983196019
1.4999999999999999E-5     0.498114666462911
1.51E-5                   0.4945840824864988
1.52E-5                   0.49105354526323464
1.53E-5                   0.4876405135559594
1.5399999999999998E-5     0.4842311864972217
1.55E-5                   0.4808219050993601
1.56E-5                   0.4774362047437518
1.57E-5                   0.47408131157166505
1.5799999999999998E-5     0.4707264605656476
1.59E-5                   0.4673716507285577
1.6E-5                    0.46407683295192936
1.61E-5                   0.4607889294781459
1.62E-5                   0.4575010626929842
1.63E-5                   0.45432356151725267
1.64E-5                   0.45134160453470334
1.6499999999999998E-5     0.4483596891231314
1.66E-5                   0.44458892492469515
1.67E-5                   0.4407985592258364
1.68E-5                   0.4371245495309103
1.69E-5                   0.43387278342249613
1.7E-5                    0.43254105328857634
1.71E-5                   0.4304412053739815
1.7199999999999998E-5     0.425996686476064
1.73E-5                   0.4222958341346417
1.74E-5                   0.4208675854603389
1.75E-5                   0.4170352366833061
1.76E-5                   0.41460001189934875
1.77E-5                   0.41156113765320096
1.78E-5                   0.4087097943409497
1.7899999999999998E-5     0.4056958401688354
1.8E-5                    0.40303485612468287
1.81E-5                   0.4000781111247913
1.82E-5                   0.3972713474816217
1.8299999999999998E-5     0.3945247009984192
1.84E-5                   0.39167101830296036
1.85E-5                   0.38896203863558965
1.8599999999999998E-5     0.3861762281946056
1.87E-5                   0.3834890723358763
1.88E-5                   0.3807389738679077
1.89E-5                   0.3780905020034331
1.8999999999999998E-5     0.3754002355763212
1.91E-5                   0.3727563490813335
1.92E-5                   0.37013934299181867
1.9299999999999998E-5     0.3675313348233811
1.94E-5                   0.3649157487059302
1.95E-5                   0.3623646617492514
1.96E-5                   0.35981132623403894
1.9699999999999998E-5     0.35726628979889835
1.98E-5                   0.35474766807088354
1.99E-5                   0.3522542254248084
1.9999999999999998E-5     0.3497695179700861
2.01E-5                   0.34729851402346107
2.02E-5                   0.34485615542197273
2.03E-5                   0.342424043441833
2.0399999999999998E-5     0.34001478425893683
2.05E-5                   0.33762416972647036
2.06E-5                   0.33523357016366473
2.07E-5                   0.33287985030970324
2.0799999999999997E-5     0.33053330038142964
2.09E-5                   0.3281931982593262
2.1E-5                    0.3258929506268441
2.1099999999999998E-5     0.3235927165130714
2.12E-5                   0.3213194403896451
2.13E-5                   0.3190803844815019
2.14E-5                   0.31684134135239744
2.1499999999999997E-5     0.314602310718371
2.16E-5                   0.3123632922954071
2.17E-5                   0.3101280915083757
2.1799999999999998E-5     0.30797600449273405
2.19E-5                   0.3058239286669509
2.2E-5                    0.30367186377785677
2.21E-5                   0.30151980957223695
2.2199999999999998E-5     0.29936776579683344
2.23E-5                   0.2972673397727468
2.24E-5                   0.2951950859411899
2.2499999999999998E-5     0.29312284245311737
2.26E-5                   0.29105060908332114
2.27E-5                   0.28897838560655514
2.28E-5                   0.2869247520535535
2.2899999999999998E-5     0.28492682981625406
2.3E-5                    0.28292891659014197
2.31E-5                   0.2809310121734478
2.3199999999999998E-5     0.278933116364371
2.33E-5                   0.27693522896108064
2.34E-5                   0.27500483005391263
2.35E-5                   0.273086040438599
2.3599999999999998E-5     0.27116725873157954
2.37E-5                   0.2692484847539599
2.38E-5                   0.2673297183268214
2.3899999999999998E-5     0.2654430553499184
2.4E-5                    0.26359461726663846
2.41E-5                   0.2617461865273752
2.42E-5                   0.25989776297228445
2.4299999999999998E-5     0.258049346441501
2.44E-5                   0.2562050353738204
2.45E-5                   0.2544253535275239
2.4599999999999998E-5     0.25264567793601345
2.4699999999999997E-5     0.2508660084567425
2.48E-5                   0.2490863449471471
2.49E-5                   0.24730668726464702
2.4999999999999998E-5     0.24557266871631225
2.51E-5                   0.24386187099063358
2.52E-5                   0.24215107913216072
2.53E-5                   0.2404402930142904
2.5399999999999997E-5     0.23872951251040442
2.55E-5                   0.23703535975817222
2.56E-5                   0.23538708404571426
2.5699999999999998E-5     0.23373881328299134
2.58E-5                   0.23209054735643256
2.59E-5                   0.2304422861524556
2.6E-5                    0.2287940295574668
2.6099999999999997E-5     0.22719845013531742
2.62E-5                   0.22561080512218135
2.63E-5                   0.2240231646928191
2.6399999999999998E-5     0.222435528746694
2.65E-5                   0.22084789718325962
2.66E-5                   0.21929148595243753
2.67E-5                   0.21776995347612077
2.6799999999999998E-5     0.2162484250131306
2.69E-5                   0.21472690047339746
2.7E-5                    0.21320537976684412
2.7099999999999998E-5     0.2116870331037917
2.7199999999999997E-5     0.21020751516286407
2.73E-5                   0.2087280008053998
2.74E-5                   0.2072484899508015
2.7499999999999998E-5     0.20576898251846484
2.76E-5                   0.20428947842777903
2.77E-5                   0.20286471700067085
2.7799999999999998E-5     0.20146587734888408
2.7899999999999997E-5     0.20006704098520137
2.8E-5                    0.19866820783925707
2.81E-5                   0.19726937784068027
2.8199999999999998E-5     0.19587541214106238
2.83E-5                   0.1944938367800173
2.84E-5                   0.19311226420533484
2.8499999999999998E-5     0.19173069435095644
2.8599999999999997E-5     0.19034912715081914
2.87E-5                   0.18896756253885527
2.88E-5                   0.1876642095858997
2.8899999999999998E-5     0.18637102173011597
2.9E-5                    0.18507783636794053
2.91E-5                   0.18378465344579173
2.9199999999999998E-5     0.18249147291008486
2.9299999999999997E-5     0.18121404001430025
2.94E-5                   0.17995311783577472
2.95E-5                   0.17869219809605924
2.9599999999999998E-5     0.1774312807397975
2.97E-5                   0.17617036571162978
2.98E-5                   0.1748547438587945
2.99E-5                   0.17351961268719848
2.9999999999999997E-5     0.17218448303106035
3.01E-5                   0.1708493548408442
3.02E-5                   0.16973361062730172
3.0299999999999998E-5     0.1686958104198495
3.04E-5                   0.1676580125376501
3.05E-5                   0.1665689599739853
3.06E-5                   0.165394406487906
3.07E-5                   0.16421985433443642
3.0799999999999996E-5     0.16297801556595992
3.09E-5                   0.16166594524605818
3.1E-5                    0.1603538767023475
3.11E-5                   0.15939184508664
3.12E-5                   0.15844536598523437
3.13E-5                   0.15735438797341092
3.14E-5                   0.1561960938848727
3.15E-5                   0.15502023654533145
3.1599999999999996E-5     0.15383426070320855
3.17E-5                   0.15277413492871583
3.18E-5                   0.1518026624982194
3.1899999999999996E-5     0.15075307447076036
3.2E-5                    0.14963666503281298
3.21E-5                   0.14855414144960263
3.22E-5                   0.1475067151016024
3.23E-5                   0.14647956610395257
3.24E-5                   0.1454778639040201
3.25E-5                   0.14445444360436518
3.26E-5                   0.14339785894971613
3.2699999999999995E-5     0.1423712343407175
3.28E-5                   0.14140074513205964
3.29E-5                   0.1404205682452144
3.2999999999999996E-5     0.1394178106219049
3.31E-5                   0.13842110998902543
3.32E-5                   0.137442339229507
3.3299999999999996E-5     0.13647079747361401
3.34E-5                   0.13552732945261203
3.35E-5                   0.13458074180119345
3.36E-5                   0.13361740059322572
3.37E-5                   0.13265852742244907
3.38E-5                   0.13173607166836945
3.39E-5                   0.13081412692992567
3.4E-5                    0.12989996430065354
3.4099999999999995E-5     0.12898580249607178
3.42E-5                   0.12807164149708597
3.43E-5                   0.12715748128460094
3.4399999999999996E-5     0.12626939044716773
3.45E-5                   0.12538221703469685
3.46E-5                   0.12449504439960934
3.4699999999999996E-5     0.12360787252429505
3.48E-5                   0.12274522567060665
3.49E-5                   0.12188622645432104
3.5E-5                    0.121027227930157
3.51E-5                   0.12016823008201069
3.52E-5                   0.11932441625153235
3.53E-5                   0.11848500975381941
3.54E-5                   0.11764560392570124
3.5499999999999996E-5     0.11680619875240902
3.56E-5                   0.11598656609897973
3.57E-5                   0.11517625692833125
3.5799999999999996E-5     0.11436594832737869
3.59E-5                   0.1135556402825699
3.6E-5                    0.1127565357174579
3.6099999999999997E-5     0.11196540926730084
3.62E-5                   0.11117428338746545
3.63E-5                   0.11038315806555549
3.64E-5                   0.10960417776956295
3.65E-5                   0.10883790956917629
3.6599999999999995E-5     0.1080716418514886
3.67E-5                   0.10730537460510005
3.68E-5                   0.10655151205380761
3.6899999999999996E-5     0.10581680031565079
3.7E-5                    0.10508208904209328
3.71E-5                   0.10434737822314707
3.7199999999999996E-5     0.10361266784882407
3.73E-5                   0.10287795790913565
3.74E-5                   0.10214324839409326
3.75E-5                   0.10140853929370806
3.76E-5                   0.1006822109010851
3.77E-5                   0.0999889629552455
3.78E-5                   0.09929571538607258
3.79E-5                   0.09860246818515733
3.7999999999999995E-5     0.09790922134409076
3.81E-5                   0.0972159748544636
3.82E-5                   0.09652272870786645
3.8299999999999996E-5     0.09582948289588988
3.84E-5                   0.0951366769715039
3.85E-5                   0.09448284707287634
3.8599999999999996E-5     0.09382901752525803
3.87E-5                   0.09317518832160387
3.88E-5                   0.09252135945486871
3.89E-5                   0.09186753091800737
3.9E-5                    0.09121370270397423
3.9099999999999995E-5     0.09055987480572399
3.92E-5                   0.08990604721621083
3.93E-5                   0.0892817244109363
3.9399999999999995E-5     0.08866387074360914
3.95E-5                   0.08804601733503635
3.96E-5                   0.08742816417926975
3.9699999999999996E-5     0.08681031127036103
3.98E-5                   0.08619245860236169
3.99E-5                   0.08557460616932325
3.9999999999999996E-5     0.08495675396529721
4.01E-5                   0.08436136582167278
4.02E-5                   0.08377921629819306
4.03E-5                   0.0831970670130295
4.04E-5                   0.08261491796121147
4.0499999999999995E-5     0.08203276913776837
4.06E-5                   0.0814506205377294
4.07E-5                   0.0808684721561238
4.0799999999999996E-5     0.08028632398798076
4.09E-5                   0.07971834229848748
4.1E-5                    0.07916852108733896
4.1099999999999996E-5     0.07861870006981556
4.12E-5                   0.07806887924171979
4.13E-5                   0.0775190585988541
4.14E-5                   0.07696923813702097
4.15E-5                   0.07641941785202264
4.1599999999999995E-5     0.07586959773966158
4.17E-5                   0.07532741718132548
4.18E-5                   0.07480849506503176
4.1899999999999995E-5     0.07428957310893664
4.2E-5                    0.07377065130952531
4.21E-5                   0.07325172966328304
4.2199999999999996E-5     0.0727328081666951
4.23E-5                   0.07221388681624655
4.24E-5                   0.07169496560842256
4.2499999999999996E-5     0.07117771961815823
4.26E-5                   0.07068856622906612
4.27E-5                   0.0701994129850612
4.28E-5                   0.06971025988318456
4.29E-5                   0.06922110692047705
4.2999999999999995E-5     0.06873195409397971
4.31E-5                   0.06824280140073342
4.32E-5                   0.06775364883777907
4.3299999999999995E-5     0.06726449640215755
4.34E-5                   0.06679845655601113
4.35E-5                   0.06633601482811124
4.3599999999999996E-5     0.06587357320670292
4.37E-5                   0.06541113168929867
4.38E-5                   0.06494869027341091
4.3899999999999996E-5     0.06448624895655224
4.4E-5                    0.06402380773623495
4.41E-5                   0.06356136660997155
4.42E-5                   0.06311704773807428
4.43E-5                   0.06268148153063448
4.4399999999999995E-5     0.06224591542686456
4.45E-5                   0.06181034942467907
4.46E-5                   0.06137478352199256
4.4699999999999996E-5     0.0609392177167196
4.48E-5                   0.06050365200677463
4.49E-5                   0.060068086390072196
4.4999999999999996E-5     0.05964412250076042
4.51E-5                   0.05923255991396793
4.52E-5                   0.058820997402402396
4.5299999999999997E-5     0.05840943496430379
4.54E-5                   0.057997872597912
4.5499999999999995E-5     0.057586310301466964
4.56E-5                   0.05717474807320857
4.57E-5                   0.05676318591137676
4.5799999999999995E-5     0.05636138359838205
4.59E-5                   0.05598320342342075
4.6E-5                    0.05560502331374888
4.6099999999999996E-5     0.05522684326800632
4.62E-5                   0.05484866328483289
4.63E-5                   0.0544704833628685
4.6399999999999996E-5     0.054092303500753
4.65E-5                   0.05371412369712621
4.66E-5                   0.05333594395062799
4.67E-5                   0.052957764259898184
4.68E-5                   0.05257958462357658
4.6899999999999995E-5     0.05220140504030303
4.7E-5                    0.051823225508717305
4.71E-5                   0.051445046027459244
4.7199999999999995E-5     0.051066866595168674
4.73E-5                   0.050688687210485306
4.74E-5                   0.05031050787204898
4.7499999999999996E-5     0.049970908247887205
4.76E-5                   0.04963510487636732
4.77E-5                   0.04929930155185084
4.7799999999999996E-5     0.048963498273381444
4.79E-5                   0.048627695040002764
4.8E-5                    0.04829189185075849
4.81E-5                   0.04795608870469231
4.82E-5                   0.04762028560084785
4.8299999999999995E-5     0.04728448253826875
4.84E-5                   0.04694867951599868
4.85E-5                   0.046612876533081264
4.8599999999999995E-5     0.046277073588560175
4.87E-5                   0.04594127068147899
4.88E-5                   0.0456054678108814
4.8899999999999996E-5     0.04526966497581102
4.9E-5                    0.044933862175311465
4.91E-5                   0.04461750728233297
4.9199999999999997E-5     0.04431850531841021
4.93E-5                   0.04401950339453166
4.9399999999999995E-5     0.04372050151002362
4.95E-5                   0.0434214996642123
4.96E-5                   0.043122497856423955
4.9699999999999995E-5     0.04282349608598483
4.98E-5                   0.04252449435222115
4.99E-5                   0.04222549265445914
4.9999999999999996E-5     0.04192649099202508
5.01E-5                   0.041627489364245124
5.02E-5                   0.04132848777044555
5.0299999999999996E-5     0.04102948620995256
5.04E-5                   0.04073048468209237
5.05E-5                   0.04043148318619121
5.06E-5                   0.04013248172157532
5.07E-5                   0.03983787319693587
5.0799999999999995E-5     0.03956885509321434
5.09E-5                   0.03929983700515485
5.1E-5                    0.03903081893226587
5.1099999999999995E-5     0.038761800874055855
5.12E-5                   0.03849278283003319
5.13E-5                   0.0382237647997063
5.1399999999999996E-5     0.037954746782583655
5.15E-5                   0.03768572877817364
5.16E-5                   0.03741671078598468
5.1699999999999996E-5     0.03714769280552523
5.18E-5                   0.03687867483630368
5.1899999999999994E-5     0.03660965687782847
5.2E-5                    0.03634063892960799
5.21E-5                   0.03608023318286941
5.2199999999999995E-5     0.03583336259914273
5.23E-5                   0.03558649203836639
5.24E-5                   0.03533962150016277
5.2499999999999995E-5     0.03509275098415416
5.26E-5                   0.034845880489962906
5.27E-5                   0.034599010017211336
5.2799999999999996E-5     0.034352139565521765
5.29E-5                   0.03410526913451651
5.3E-5                    0.0338583987238179
5.3099999999999996E-5     0.0336115283330483
5.32E-5                   0.033364657961829955
5.3299999999999995E-5     0.03312741154342855
5.34E-5                   0.03290135678930656
5.35E-5                   0.032675302048011605
5.3599999999999995E-5     0.03244924731925233
5.37E-5                   0.03222319260273739
5.38E-5                   0.031997137898175446
5.3899999999999996E-5     0.03177108320527515
5.4E-5                    0.03154502852374514
5.41E-5                   0.03131897385329409
5.4199999999999996E-5     0.031092919193630636
5.43E-5                   0.030866864544463427
5.4399999999999994E-5     0.030652691139102364
5.4499999999999997E-5     0.030442946176193322
5.46E-5                   0.030233201223366035
5.4699999999999995E-5     0.030023456280387207
5.48E-5                   0.029813711347023524
5.49E-5                   0.02960396642304169
5.4999999999999995E-5     0.029394221508208432
5.51E-5                   0.029184476602290416
5.52E-5                   0.02897473170505437
5.5299999999999996E-5     0.028764986816266984
5.54E-5                   0.028555241935694954
5.55E-5                   0.02835999914027059
5.5599999999999996E-5     0.028164834896093352
5.57E-5                   0.02796967066268747
5.5799999999999994E-5     0.027774506439866443
5.59E-5                   0.027579342227443706
5.6E-5                    0.027384178025232728
5.6099999999999995E-5     0.02718901383304699
5.62E-5                   0.026993849650699925
5.63E-5                   0.026798685478004996
5.6399999999999995E-5     0.02660352131477568
5.65E-5                   0.026412336157372873
5.66E-5                   0.02623243190053984
5.6699999999999996E-5     0.02605252764895308
5.68E-5                   0.025872623402465333
5.69E-5                   0.02569271916092934
5.6999999999999996E-5     0.025512814924197852
5.71E-5                   0.0253329106921236
5.7199999999999994E-5     0.025153006464559348
5.73E-5                   0.024973102241357813
5.74E-5                   0.02479319802237174
5.7499999999999995E-5     0.024613293807453897
5.76E-5                   0.024439972666291013
5.77E-5                   0.024272562804968676
5.7799999999999995E-5     0.024105152950697324
5.79E-5                   0.02393774310335887
5.8E-5                    0.023770333262835255
5.8099999999999996E-5     0.02360292342900841
5.82E-5                   0.02343551360176026
5.8299999999999994E-5     0.023268103780972747
5.8399999999999997E-5     0.023100693966527783
5.85E-5                   0.022933284158307317
5.8599999999999995E-5     0.02276587435619328
5.87E-5                   0.022608382463880305
5.88E-5                   0.022453479180979844
5.8899999999999995E-5     0.02229857590164195
5.9E-5                    0.02214367262577292
5.91E-5                   0.021988769353279078
5.9199999999999996E-5     0.021833866084066747
5.93E-5                   0.021678962818042234
5.94E-5                   0.021524059555111857
5.9499999999999996E-5     0.021369156295181952
5.96E-5                   0.0212142530381588
5.9699999999999994E-5     0.021060022256041838
5.98E-5                   0.02091648703686298
5.99E-5                   0.020772951821756928
5.9999999999999995E-5     0.0206294166106491
6.01E-5                   0.020485881403464874
6.02E-5                   0.020342346200129664
6.0299999999999995E-5     0.02019881100056889
6.04E-5                   0.020055275804707926
6.05E-5                   0.019911740612472202
6.0599999999999996E-5     0.019768205423787117
6.07E-5                   0.019624670238578057
6.08E-5                   0.019484499551948628
6.0899999999999996E-5     0.01935130743714672
6.1E-5                    0.019218115324992277
6.11E-5                   0.019084923215425844
6.12E-5                   0.01895173110838788
6.13E-5                   0.01881853900381892
6.14E-5                   0.018685346901659447
6.149999999999999E-5      0.018552154801849984
6.159999999999999E-5      0.018418962704330997
6.17E-5                   0.01828577060904301
6.18E-5                   0.018152578515926505
6.19E-5                   0.018025234147921444
6.2E-5                    0.017901929568086297
6.209999999999999E-5      0.01777862499053399
6.22E-5                   0.01765532041521722
6.23E-5                   0.017532015842088713
6.24E-5                   0.01740871127110121
6.25E-5                   0.017285406702207434
6.26E-5                   0.01716210213536012
6.269999999999999E-5      0.017038797570512
6.28E-5                   0.01691549300761577
6.29E-5                   0.01679218844662418
6.3E-5                    0.016676577079973248
6.31E-5                   0.016562243541433347
6.319999999999999E-5      0.0164479100047192
6.33E-5                   0.016333576469793096
6.34E-5                   0.016219242936617376
6.35E-5                   0.01610490940515436
6.36E-5                   0.015990575875366366
6.37E-5                   0.01587624234721571
6.379999999999999E-5      0.01576190882066474
6.39E-5                   0.015647575295675738
6.4E-5                    0.015534729512816982
6.41E-5                   0.015432423389928191
6.42E-5                   0.015330117268245845
6.429999999999999E-5      0.015227811147742982
6.44E-5                   0.015125505028392607
6.45E-5                   0.01502319891016776
6.46E-5                   0.014920892793041476
6.47E-5                   0.01481858667698678
6.48E-5                   0.014716280561976705
6.489999999999999E-5      0.014613974447984283
6.5E-5                    0.014511668334982537
6.51E-5                   0.014409362222944484
6.52E-5                   0.014307056111843174
6.53E-5                   0.014204750001651625
6.539999999999999E-5      0.014102443892342888
6.549999999999999E-5      0.014000137783889957
6.56E-5                   0.013897831676265881
6.57E-5                   0.013795525569443683
6.58E-5                   0.013693219463396397
6.59E-5                   0.013590913358097053
6.599999999999999E-5      0.013488607253518692
6.61E-5                   0.013386301149634313
6.62E-5                   0.013293562250212752
6.63E-5                   0.013205841042727283
6.64E-5                   0.013118119836234489
6.65E-5                   0.013030398630717342
6.659999999999999E-5      0.012942677426158842
6.67E-5                   0.012854956222541934
6.68E-5                   0.012767235019849612
6.69E-5                   0.012679513818064848
6.7E-5                    0.012591792617170626
6.709999999999999E-5      0.012504071417149931
6.72E-5                   0.012416350217985718
6.73E-5                   0.012328629019660971
6.74E-5                   0.012240907822158675
6.75E-5                   0.012153186625461807
6.76E-5                   0.012065465429553335
6.769999999999999E-5      0.011977744234416257
6.78E-5                   0.011890023040033528
6.79E-5                   0.011802301846388127
6.8E-5                    0.011714580653463041
6.81E-5                   0.011626859461241243
6.819999999999999E-5      0.01153913826970572
6.829999999999999E-5      0.011453731881268739
6.84E-5                   0.011378307951800328
6.85E-5                   0.011302884022997263
6.86E-5                   0.011227460094848728
6.87E-5                   0.011152036167343907
6.879999999999999E-5      0.01107661224047199
6.89E-5                   0.011001188314222147
6.9E-5                    0.010925764388583569
6.91E-5                   0.01085034046354544
6.92E-5                   0.010774916539096943
6.929999999999999E-5      0.010699492615227273
6.939999999999999E-5      0.01062406869192559
6.95E-5                   0.010548644769181097
6.96E-5                   0.01047322084698297
6.97E-5                   0.010397796925320398
6.98E-5                   0.010322373004182556
6.989999999999999E-5      0.010246949083558648
7.0E-5                    0.010171525163437832
7.01E-5                   0.010096101243809304
7.02E-5                   0.010020677324662249
7.03E-5                   0.009945253405985845
7.04E-5                   0.009869829487769283
7.049999999999999E-5      0.009802046077380566
7.06E-5                   0.009737226495459035
7.07E-5                   0.009672406913801087
7.08E-5                   0.00960758733239986
7.09E-5                   0.009542767751248503
7.099999999999999E-5      0.00947794817034016
7.11E-5                   0.009413128589667964
7.12E-5                   0.009348309009225057
7.13E-5                   0.009283489429004588
7.14E-5                   0.009218669848999697
7.15E-5                   0.009153850269203524
7.159999999999999E-5      0.009089030689609222
7.17E-5                   0.009024211110209917
7.18E-5                   0.008959391530998756
7.19E-5                   0.008894571951968886
7.2E-5                    0.008829752373113448
7.209999999999999E-5      0.00876493279442559
7.219999999999999E-5      0.008700113215898439
7.23E-5                   0.008635293637525146
7.24E-5                   0.008570474059298852
7.25E-5                   0.008505654481212701
7.26E-5                   0.008443181413889009
7.269999999999999E-5      0.008387644707806946
7.28E-5                   0.008332108002064714
7.29E-5                   0.008276571296657997
7.3E-5                    0.008221034591582466
7.31E-5                   0.008165497886833803
7.319999999999999E-5      0.008109961182407694
7.329999999999999E-5      0.008054424478299802
7.34E-5                   0.007998887774505808
7.35E-5                   0.007943351071021391
7.36E-5                   0.007887814367842234
7.37E-5                   0.007832277664964006
7.379999999999999E-5      0.007776740962382396
7.39E-5                   0.0077212042600930675
7.4E-5                    0.007665667558091702
7.41E-5                   0.007610130856373982
7.42E-5                   0.007554594154935581
7.429999999999999E-5      0.007499057453772184
7.439999999999999E-5      0.007443520752879456
7.45E-5                   0.007387984052253082
7.46E-5                   0.007332447351888734
7.47E-5                   0.007276910651782096
7.48E-5                   0.007227412167996667
7.489999999999999E-5      0.007179566981414318
7.5E-5                    0.007131721794891189
7.51E-5                   0.007083876608424526
7.52E-5                   0.007036031422011574
7.53E-5                   0.006988186235649571
7.54E-5                   0.006940341049335763
7.549999999999999E-5      0.006892495863067396
7.56E-5                   0.006844650676841702
7.57E-5                   0.006796805490655929
7.58E-5                   0.006748960304507317
7.59E-5                   0.006701115118393108
7.599999999999999E-5      0.006653269932310552
7.609999999999999E-5      0.00660542474625688
7.62E-5                   0.006557579560229336
7.63E-5                   0.006509734374225169
7.64E-5                   0.0064618891882416134
7.65E-5                   0.006414044002275916
7.659999999999999E-5      0.006366198816325326
7.67E-5                   0.006318353630387069
7.68E-5                   0.0062705084444583965
7.69E-5                   0.00622484032644979
7.7E-5                    0.006183855940984493
7.709999999999999E-5      0.0061428715556703884
7.719999999999999E-5      0.006101887170505725
7.73E-5                   0.006060902785488777
7.74E-5                   0.006019918400617805
7.75E-5                   0.005978934015891078
7.76E-5                   0.005937949631306859
7.769999999999999E-5      0.005896965246863416
7.78E-5                   0.005855980862559003
7.79E-5                   0.005814996478391891
7.8E-5                    0.005774012094360346
7.81E-5                   0.005733027710462629
7.819999999999999E-5      0.005692043326697012
7.829999999999999E-5      0.005651058943061749
7.84E-5                   0.0056100745595551085
7.85E-5                   0.005569090176175355
7.86E-5                   0.005528105792920754
7.87E-5                   0.00548712140978957
7.879999999999999E-5      0.005446137026780073
7.89E-5                   0.005405152643890515
7.9E-5                    0.005364168261119167
7.91E-5                   0.005328068243981722
7.92E-5                   0.005292832943696959
7.93E-5                   0.005257597643432746
7.939999999999999E-5      0.005222362343187984
7.95E-5                   0.005187127042961559
7.96E-5                   0.005151891742752375
7.97E-5                   0.005116656442559329
7.98E-5                   0.005081421142381316
7.989999999999999E-5      0.0050461858422172386
7.999999999999999E-5      0.005010950542065984
8.01E-5                   0.004975715241926452
8.02E-5                   0.004940479941797543
8.03E-5                   0.004905244641678152
8.04E-5                   0.0048700093415671745
8.049999999999999E-5      0.004834774041463514
8.06E-5                   0.004799538741366058
8.07E-5                   0.004764303441273705
8.08E-5                   0.004729068141185355
8.09E-5                   0.004693832841099905
8.099999999999999E-5      0.004658597541016255
8.109999999999999E-5      0.004623362240933291
8.12E-5                   0.004590012131431691
8.13E-5                   0.004559713680296213
8.14E-5                   0.004529415229212003
8.15E-5                   0.00449911677817836
8.159999999999999E-5      0.004468818327194585
8.17E-5                   0.0044385198762599744
8.18E-5                   0.0044082214253738285
8.19E-5                   0.004377922974535449
8.2E-5                    0.004347624523744134
8.209999999999999E-5      0.004317326072999189
8.219999999999999E-5      0.004287027622299905
8.23E-5                   0.004256729171645586
8.24E-5                   0.0042264307210355305
8.25E-5                   0.004196132270469042
8.26E-5                   0.004165833819945418
8.269999999999999E-5      0.00413553536946396
8.28E-5                   0.004105236919023964
8.29E-5                   0.004074938468624732
8.3E-5                    0.004044640018265563
8.31E-5                   0.0040143415679457575
8.319999999999999E-5      0.00398404311766462
8.329999999999999E-5      0.003953744667421442
8.34E-5                   0.0039274458567756685
8.35E-5                   0.003901522749162918
8.36E-5                   0.0038755996415687226
8.37E-5                   0.0038496765339926433
8.379999999999999E-5      0.003823753426434243
8.389999999999999E-5      0.003797830318893076
8.4E-5                    0.0037719072113687065
8.41E-5                   0.003745984103860695
8.42E-5                   0.003720060996368602
8.43E-5                   0.0036941378888919866
8.439999999999999E-5      0.003668214781430414
8.45E-5                   0.003642291673983437
8.46E-5                   0.0036163685665506202
8.47E-5                   0.003590445459131524
8.48E-5                   0.0035645223517257077
8.489999999999999E-5      0.0035385992443327362
8.499999999999999E-5      0.0035126761369521625
8.51E-5                   0.0034867530295835517
8.52E-5                   0.0034608299222264626
8.53E-5                   0.0034349068148804567
8.54E-5                   0.0034089837075450937
8.549999999999999E-5      0.0033846331041928325
8.56E-5                   0.0033622326123389445
8.57E-5                   0.0033398321204938836
8.58E-5                   0.0033174316286573658
8.59E-5                   0.0032950311368291083
8.599999999999999E-5      0.0032726306450088314
8.609999999999999E-5      0.003250230153196245
8.62E-5                   0.003227829661391069
8.63E-5                   0.0032054291695930207
8.64E-5                   0.003183028677801815
8.65E-5                   0.003160628186017171
8.659999999999999E-5      0.003138227694238807
8.669999999999999E-5      0.003115827202466435
8.68E-5                   0.003093426710699773
8.69E-5                   0.0030710262189385393
8.7E-5                    0.0030486257271824502
8.709999999999999E-5      0.0030262252354312244
8.719999999999999E-5      0.003003824743684574
8.73E-5                   0.0029814242519422183
8.74E-5                   0.0029590237602038732
8.75E-5                   0.002936623268469256
8.76E-5                   0.0029142227767380846
8.769999999999999E-5      0.0028950631738804225
8.779999999999999E-5      0.002875974195560134
8.79E-5                   0.0028568852172547753
8.8E-5                    0.002837796238964172
8.81E-5                   0.0028187072606881496
8.82E-5                   0.002799618282426533
8.829999999999999E-5      0.002780529304179149
8.84E-5                   0.0027614403259458194
8.85E-5                   0.0027423513477263703
8.86E-5                   0.002723262369520628
8.87E-5                   0.0027041733913284165
8.879999999999999E-5      0.002685084413149565
8.889999999999999E-5      0.002665995434983892
8.9E-5                    0.0026469064568312253
8.91E-5                   0.0026278174786913914
8.92E-5                   0.0026087285005642136
8.93E-5                   0.0025896395224495193
8.939999999999999E-5      0.002570550544347134
8.95E-5                   0.0025514615662568796
8.96E-5                   0.0025323725881785824
8.97E-5                   0.002513283610112068
8.98E-5                   0.0024955042680758076
8.989999999999999E-5      0.002478978461006762
8.999999999999999E-5      0.0024624526539364544
9.01E-5                   0.0024459268468647716
9.02E-5                   0.0024294010397915996
9.03E-5                   0.002412875232716824
9.04E-5                   0.0023963494256403306
9.049999999999999E-5      0.0023798236185620064
9.059999999999999E-5      0.002363297811481732
9.07E-5                   0.002346772004399396
9.08E-5                   0.0023302461973148825
9.09E-5                   0.002313720390228079
9.099999999999999E-5      0.002297194583138871
9.109999999999999E-5      0.002280668776047141
9.12E-5                   0.002264142968952776
9.13E-5                   0.0022476171618556616
9.14E-5                   0.002231091354755683
9.15E-5                   0.002214565547652726
9.159999999999999E-5      0.002198039740546678
9.169999999999999E-5      0.00218151393343742
9.18E-5                   0.002164988126324841
9.19E-5                   0.002148566759822079
9.2E-5                    0.0021344577580627963
9.21E-5                   0.0021203487563097754
9.219999999999999E-5      0.0021062397545629505
9.23E-5                   0.0020921307528222466
9.24E-5                   0.002078021751087596
9.25E-5                   0.002063912749358929
9.26E-5                   0.0020498037476361763
9.269999999999999E-5      0.0020356947459192693
9.279999999999999E-5      0.002021585744208135
9.29E-5                   0.002007476742502705
9.3E-5                    0.00199336774080291
9.31E-5                   0.00197925873910868
9.32E-5                   0.0019651497374199452
9.329999999999999E-5      0.0019510407357366383
9.34E-5                   0.0019369317340586843
9.35E-5                   0.001922822732386017
9.36E-5                   0.001908713730718566
9.37E-5                   0.0018946047290562611
9.379999999999999E-5      0.001880495727399035
9.389999999999999E-5      0.001866386725746813
9.4E-5                    0.0018522777240995284
9.41E-5                   0.0018393118782497027
9.42E-5                   0.0018271892982422136
9.43E-5                   0.0018150667182366851
9.439999999999999E-5      0.001802944138233073
9.449999999999999E-5      0.0017908215582313276
9.46E-5                   0.0017786989782314056
9.47E-5                   0.0017665763982332603
9.48E-5                   0.0017544538182368461
9.489999999999999E-5      0.0017423312382421185
9.499999999999999E-5      0.001730208658249028
9.51E-5                   0.0017180860782575304
9.52E-5                   0.00170596349826758
9.53E-5                   0.0016938409182791307
9.54E-5                   0.001681718338292136
9.549999999999999E-5      0.001669595758306552
9.559999999999999E-5      0.0016574731783223298
9.57E-5                   0.0016453505983394243
9.58E-5                   0.0016332280183577901
9.59E-5                   0.0016211054383773807
9.6E-5                    0.0016089828583981509
9.609999999999999E-5      0.0015968602784200555
9.62E-5                   0.0015849113977350984
9.63E-5                   0.0015744007921705983
9.64E-5                   0.0015638901866034626
9.65E-5                   0.0015533795810336627
9.659999999999999E-5      0.0015428689754611725
9.669999999999999E-5      0.0015323583698859595
9.68E-5                   0.0015218477643079986
9.69E-5                   0.0015113371587272605
9.7E-5                    0.0015008265531437166
9.71E-5                   0.0014903159475573393
9.719999999999999E-5      0.0014798053419681021
9.73E-5                   0.0014692947363759738
9.74E-5                   0.0014587841307809265
9.75E-5                   0.0014482735251829333
9.76E-5                   0.0014377629195819655
9.769999999999999E-5      0.0014272523139779961
9.779999999999999E-5      0.0014167417083709942
9.79E-5                   0.0014062311027609334
9.8E-5                    0.0013957204971477841
9.81E-5                   0.0013852098915315197
9.82E-5                   0.0013746992859121113
9.829999999999999E-5      0.0013641886802895316
9.839999999999999E-5      0.0013547719540566933
9.85E-5                   0.0013459704648664838
9.86E-5                   0.0013371689756831472
9.87E-5                   0.0013283674865066663
9.879999999999999E-5      0.001319565997337024
9.889999999999999E-5      0.0013107645081742
9.9E-5                    0.0013019630190181767
9.91E-5                   0.0012931615298689368
9.92E-5                   0.001284360040726462
9.93E-5                   0.0012755585515907344
9.939999999999999E-5      0.0012667570624617368
9.949999999999999E-5      0.0012579555733394493
9.96E-5                   0.0012491540842238542
9.97E-5                   0.0012403525951149342
9.98E-5                   0.0012315511060126713
9.989999999999999E-5      0.0012227496169170476
9.999999999999999E-5      0.0012139481278280434
1.001E-4                  0.0012051466387456421
1.002E-4                  0.0011963451496698248
1.003E-4                  0.0011875436606005741
1.004E-4                  0.001178742171537872
1.0049999999999999E-4     0.001170092570878454
1.0059999999999999E-4     0.0011621726321862666
1.007E-4                  0.0011542526934863635
1.008E-4                  0.0011463327547787338
1.009E-4                  0.0011384128160633652
1.01E-4                   0.0011304928773402463
1.0109999999999999E-4     0.0011225729386093663
1.012E-4                  0.0011146529998707114
1.013E-4                  0.0011067330611242705
1.014E-4                  0.0010988131223700326
1.015E-4                  0.001090893183607985
1.0159999999999999E-4     0.0010829732448381178
1.0169999999999999E-4     0.0010750533060604165
1.018E-4                  0.0010671333672748705
1.019E-4                  0.0010592134284814682
1.02E-4                   0.001051293489680198
1.021E-4                  0.0010433735508710478
1.0219999999999999E-4     0.001035453612054007
1.0229999999999999E-4     0.0010275336732290619
1.024E-4                  0.0010196137343962013
1.025E-4                  0.001011693795555414
1.026E-4                  0.0010037738567066875
1.0269999999999999E-4     9.96990097423819E-4
1.0279999999999999E-4     9.906827499854083E-4
1.029E-4                  9.843754025552604E-4
1.03E-4                   9.780680551333693E-4
1.031E-4                  9.717607077197276E-4
1.032E-4                  9.654533603143283E-4
1.0329999999999999E-4     9.591460129171662E-4
1.0339999999999999E-4     9.528386655282319E-4
1.035E-4                  9.465313181475199E-4
1.036E-4                  9.402239707750233E-4
1.037E-4                  9.339166234107356E-4
1.0379999999999999E-4     9.276092760546502E-4
1.0389999999999999E-4     9.21301928706759E-4
1.04E-4                   9.14994581367056E-4
1.041E-4                  9.086872340355342E-4
1.042E-4                  9.02379886712187E-4
1.043E-4                  8.960725393970075E-4
1.0439999999999999E-4     8.897651920899895E-4
1.0449999999999999E-4     8.834578447911247E-4
1.046E-4                  8.771504975004075E-4
1.047E-4                  8.708431502178305E-4
1.048E-4                  8.646026044968251E-4
1.049E-4                  8.585773128869244E-4
1.0499999999999999E-4     8.525520212692221E-4
1.051E-4                  8.465267296437117E-4
1.052E-4                  8.405014380103887E-4
1.053E-4                  8.34476146369248E-4
1.054E-4                  8.284508547202845E-4
1.0549999999999999E-4     8.22425563063494E-4
1.0559999999999999E-4     8.164002713988694E-4
1.057E-4                  8.103749797264071E-4
1.058E-4                  8.043496880461011E-4
1.059E-4                  7.983243963579466E-4
1.06E-4                   7.922991046619386E-4
1.0609999999999999E-4     7.862738129580728E-4
1.0619999999999999E-4     7.802485212463422E-4
1.063E-4                  7.742232295267428E-4
1.064E-4                  7.68197937799269E-4
1.065E-4                  7.621726460639162E-4
1.0659999999999999E-4     7.561473543206799E-4
1.0669999999999999E-4     7.501220625695531E-4
1.068E-4                  7.44096770810532E-4
1.069E-4                  7.38071479043611E-4
1.07E-4                   7.332399478541182E-4
1.071E-4                  7.287667908819233E-4
1.0719999999999999E-4     7.242936339148909E-4
1.0729999999999999E-4     7.198204769530174E-4
1.074E-4                  7.15347319996301E-4
1.075E-4                  7.108741630447393E-4
1.076E-4                  7.064010060983297E-4
1.0769999999999999E-4     7.019278491570706E-4
1.0779999999999999E-4     6.97454692220958E-4
1.079E-4                  6.929815352899906E-4
1.08E-4                   6.885083783641654E-4
1.081E-4                  6.840352214434802E-4
1.082E-4                  6.795620645279329E-4
1.0829999999999999E-4     6.750889076175212E-4
1.0839999999999999E-4     6.706157507122416E-4
1.085E-4                  6.661425938120923E-4
1.086E-4                  6.616694369170707E-4
1.087E-4                  6.571962800271747E-4
1.0879999999999999E-4     6.527231231424022E-4
1.0889999999999999E-4     6.481393177898897E-4
1.0899999999999999E-4     6.43419261706186E-4
1.091E-4                  6.386992056163793E-4
1.092E-4                  6.339791495204671E-4
1.093E-4                  6.292590934184468E-4
1.0939999999999999E-4     6.245390373103164E-4
1.0949999999999999E-4     6.198189811960719E-4
1.096E-4                  6.150989250757118E-4
1.097E-4                  6.103788689492332E-4
1.098E-4                  6.056588128166331E-4
1.099E-4                  6.0093875667791E-4
1.0999999999999999E-4     5.962187005330608E-4
1.1009999999999999E-4     5.914986443820821E-4
1.102E-4                  5.867785882249721E-4
1.103E-4                  5.82058532061728E-4
1.104E-4                  5.773384758923473E-4
1.1049999999999999E-4     5.726184197168279E-4
1.1059999999999999E-4     5.679565157655265E-4
1.107E-4                  5.642172426247752E-4
1.108E-4                  5.604779694888784E-4
1.109E-4                  5.567386963578344E-4
1.11E-4                   5.529994232316426E-4
1.1109999999999999E-4     5.492601501103018E-4
1.1119999999999999E-4     5.4552087699381E-4
1.113E-4                  5.417816038821662E-4
1.114E-4                  5.380423307753696E-4
1.115E-4                  5.343030576734186E-4
1.1159999999999999E-4     5.305637845763129E-4
1.1169999999999999E-4     5.268245114840498E-4
1.118E-4                  5.230852383966289E-4
1.119E-4                  5.193459653140489E-4
1.12E-4                   5.156066922363086E-4
1.121E-4                  5.118674191634067E-4
1.1219999999999999E-4     5.083056265230339E-4
1.1229999999999999E-4     5.049999549316008E-4
1.124E-4                  5.016942833369083E-4
1.125E-4                  4.983886117389554E-4
1.126E-4                  4.950829401377414E-4
1.1269999999999999E-4     4.917772685332651E-4
1.1279999999999999E-4     4.884715969255248E-4
1.1289999999999999E-4     4.8516592531451996E-4
1.13E-4                   4.8186025370024926E-4
1.131E-4                  4.7855458208271196E-4
1.132E-4                  4.7524891046190677E-4
1.1329999999999999E-4     4.7194323883783303E-4
1.1339999999999999E-4     4.6863756721048886E-4
1.135E-4                  4.653318955798736E-4
1.136E-4                  4.6202622394598614E-4
1.137E-4                  4.5872055230882533E-4
1.138E-4                  4.553395547766598E-4
1.1389999999999999E-4     4.519346842670896E-4
1.1399999999999999E-4     4.4852981375916354E-4
1.141E-4                  4.4512494325288094E-4
1.142E-4                  4.417200727482414E-4
1.143E-4                  4.3831520224524377E-4
1.1439999999999999E-4     4.349103317438878E-4
1.1449999999999999E-4     4.315054612441717E-4
1.146E-4                  4.281005907460953E-4
1.147E-4                  4.246957202496578E-4
1.148E-4                  4.212908497548582E-4
1.149E-4                  4.178859792616957E-4
1.1499999999999999E-4     4.1448110877017E-4
1.1509999999999999E-4     4.110762382802795E-4
1.152E-4                  4.0767136779202353E-4
1.153E-4                  4.0437352922110024E-4
1.154E-4                  4.0194730305441267E-4
1.1549999999999999E-4     3.9952107688764644E-4
1.1559999999999999E-4     3.9709485072080046E-4
1.157E-4                  3.946686245538748E-4
1.158E-4                  3.922423983868688E-4
1.159E-4                  3.8981617221978213E-4
1.16E-4                   3.873899460526142E-4
1.1609999999999999E-4     3.84963719885365E-4
1.1619999999999999E-4     3.825374937180334E-4
1.163E-4                  3.801112675506192E-4
1.164E-4                  3.7768504138312186E-4
1.165E-4                  3.752588152155412E-4
1.1659999999999999E-4     3.7283258904787685E-4
1.1669999999999999E-4     3.7040636288012785E-4
1.1679999999999999E-4     3.6798013671229384E-4
1.169E-4                  3.654002215428306E-4
1.17E-4                   3.626394472699573E-4
1.171E-4                  3.5987867299626484E-4
1.1719999999999999E-4     3.571178987217533E-4
1.1729999999999999E-4     3.543571244464214E-4
1.174E-4                  3.5159635017026916E-4
1.175E-4                  3.4883557589329597E-4
1.176E-4                  3.4607480161550166E-4
1.177E-4                  3.4331402733688547E-4
1.1779999999999999E-4     3.405532530574475E-4
1.1789999999999999E-4     3.377924787771866E-4
1.18E-4                   3.350317044961026E-4
1.181E-4                  3.322709302141952E-4
1.182E-4                  3.295101559314637E-4
1.1829999999999999E-4     3.2674938164790825E-4
1.1839999999999999E-4     3.239886073635277E-4
1.185E-4                  3.2184612162864176E-4
1.186E-4                  3.198492152703124E-4
1.187E-4                  3.178523089131875E-4
1.188E-4                  3.158554025572667E-4
1.1889999999999999E-4     3.1385849620254984E-4
1.1899999999999999E-4     3.118615898490365E-4
1.191E-4                  3.098646834967264E-4
1.192E-4                  3.078677771456196E-4
1.193E-4                  3.058708707957155E-4
1.1939999999999999E-4     3.0387396444701446E-4
1.1949999999999999E-4     3.018770580995155E-4
1.196E-4                  2.9988015175321886E-4
1.197E-4                  2.9788324540812403E-4
1.198E-4                  2.95886339064231E-4
1.199E-4                  2.938894327215394E-4
1.1999999999999999E-4     2.918748616948947E-4
1.2009999999999999E-4     2.8976716568374696E-4
1.202E-4                  2.876594696711873E-4
1.203E-4                  2.855517736572157E-4
1.204E-4                  2.834440776418318E-4
1.2049999999999999E-4     2.8133638162503586E-4
1.2059999999999999E-4     2.792286856068269E-4
1.2069999999999999E-4     2.771209895872051E-4
1.208E-4                  2.7501329356617035E-4
1.209E-4                  2.729055975437223E-4
1.21E-4                   2.7079790151986064E-4
1.2109999999999999E-4     2.686902054945856E-4
1.2119999999999999E-4     2.6658250946789644E-4
1.213E-4                  2.6447481343979296E-4
1.214E-4                  2.623671174102753E-4
1.215E-4                  2.6025942137934287E-4
1.216E-4                  2.5836149004858827E-4
1.2169999999999999E-4     2.566655262556367E-4
1.2179999999999999E-4     2.549695624639341E-4
1.219E-4                  2.532735986734806E-4
1.22E-4                   2.5157763488427596E-4
1.2209999999999999E-4     2.498816710963203E-4
1.222E-4                  2.481857073096132E-4
1.223E-4                  2.4648974352415464E-4
1.224E-4                  2.447937797399444E-4
1.225E-4                  2.4309781595698252E-4
1.226E-4                  2.414018521752688E-4
1.227E-4                  2.3970588839480306E-4
1.228E-4                  2.380099246155852E-4
1.229E-4                  2.3631396083761519E-4
1.2299999999999998E-4     2.3461799706089317E-4
1.2309999999999998E-4     2.3292203328541836E-4
1.2319999999999999E-4     2.3131075509716143E-4
1.233E-4                  2.2971332090207004E-4
1.234E-4                  2.281158867059051E-4
1.235E-4                  2.2651845250866649E-4
1.236E-4                  2.2492101831035407E-4
1.237E-4                  2.233235841109678E-4
1.238E-4                  2.217261499105075E-4
1.239E-4                  2.2012871570897322E-4
1.24E-4                   2.1853128150636466E-4
1.241E-4                  2.1693384730268192E-4
1.2419999999999998E-4     2.1533641309792517E-4
1.2429999999999999E-4     2.137389788920935E-4
1.244E-4                  2.1214154468518715E-4
1.245E-4                  2.1054411047720617E-4
1.246E-4                  2.089466762681504E-4
1.247E-4                  2.0738622842777824E-4
1.248E-4                  2.0596532384669998E-4
1.249E-4                  2.0454441926645066E-4
1.25E-4                   2.031235146870302E-4
1.251E-4                  2.017026101084385E-4
1.252E-4                  2.002817055306755E-4
1.2529999999999998E-4     1.988608009537416E-4
1.2539999999999999E-4     1.9743989637763576E-4
1.255E-4                  1.9601899180235848E-4
1.256E-4                  1.9459808722790966E-4
1.257E-4                  1.9317718265428915E-4
1.258E-4                  1.91756278081497E-4
1.259E-4                  1.9033537350953298E-4
1.26E-4                   1.889144689383972E-4
1.261E-4                  1.8749356436808945E-4
1.262E-4                  1.8607265979860975E-4
1.263E-4                  1.847584812539679E-4
1.2639999999999998E-4     1.835283139706708E-4
1.2649999999999998E-4     1.822981466867812E-4
1.266E-4                  1.8106797940229945E-4
1.267E-4                  1.7983781211722548E-4
1.268E-4                  1.7860764483155922E-4
1.269E-4                  1.7737747754530066E-4
1.27E-4                   1.7614731025844972E-4
1.271E-4                  1.749171429710063E-4
1.272E-4                  1.7368697568297044E-4
1.273E-4                  1.7245680839434206E-4
1.274E-4                  1.7122664110512107E-4
1.2749999999999998E-4     1.6999647381530785E-4
1.2759999999999998E-4     1.6876630652490156E-4
1.277E-4                  1.6753613923390257E-4
1.278E-4                  1.6630597194231082E-4
1.279E-4                  1.651361940807552E-4
1.28E-4                   1.6397242017842636E-4
1.281E-4                  1.6280864627651127E-4
1.282E-4                  1.6164487237501003E-4
1.283E-4                  1.6048109847392254E-4
1.284E-4                  1.5931732457324872E-4
1.285E-4                  1.581535506729887E-4
1.2859999999999998E-4     1.5698977677314256E-4
1.2869999999999998E-4     1.5582600287370978E-4
1.288E-4                  1.5466222897469054E-4
1.289E-4                  1.5349845507608482E-4
1.29E-4                   1.5233468117789264E-4
1.291E-4                  1.5117090728011394E-4
1.292E-4                  1.5000713338274866E-4
1.293E-4                  1.488433594857968E-4
1.294E-4                  1.47738061927417E-4
1.295E-4                  1.4679954771029132E-4
1.296E-4                  1.458610334930587E-4
1.2969999999999998E-4     1.4492251927571934E-4
1.2979999999999998E-4     1.439840050582728E-4
1.2989999999999999E-4     1.4304549084071932E-4
1.3E-4                    1.4210697662305876E-4
1.301E-4                  1.4116846240529111E-4
1.302E-4                  1.4022994818741646E-4
1.303E-4                  1.3929143396943476E-4
1.304E-4                  1.3835291975134592E-4
1.305E-4                  1.3741440553314996E-4
1.306E-4                  1.364758913148468E-4
1.307E-4                  1.3553737709643652E-4
1.3079999999999998E-4     1.3459886287791925E-4
1.3089999999999998E-4     1.336603486592946E-4
1.3099999999999999E-4     1.3272183444056263E-4
1.311E-4                  1.3178332022172347E-4
1.312E-4                  1.3084480600277697E-4
1.313E-4                  1.2990629178372316E-4
1.314E-4                  1.289677775645621E-4
1.315E-4                  1.2802926334529361E-4
1.316E-4                  1.2709074912591782E-4
1.317E-4                  1.261522349064346E-4
1.318E-4                  1.2521372068684394E-4
1.3189999999999998E-4     1.2427520646714617E-4
1.3199999999999998E-4     1.2333669224734063E-4
1.3209999999999999E-4     1.2239817802742767E-4
1.322E-4                  1.2145966380740717E-4
1.323E-4                  1.2052114958727916E-4
1.324E-4                  1.195826353670436E-4
1.325E-4                  1.1864412114670047E-4
1.326E-4                  1.1785610149387958E-4
1.327E-4                  1.1707441030460098E-4
1.328E-4                  1.1629271911538705E-4
1.329E-4                  1.1551102792623775E-4
1.33E-4                   1.1472933673715307E-4
1.3309999999999998E-4     1.139476455481332E-4
1.3319999999999999E-4     1.1316595435917772E-4
1.333E-4                  1.1238426317028683E-4
1.334E-4                  1.1160257198146052E-4
1.335E-4                  1.1082088079269876E-4
1.336E-4                  1.1003918960400156E-4
1.337E-4                  1.0925749841536889E-4
1.338E-4                  1.0847580722680078E-4
1.339E-4                  1.0769411603829715E-4
1.34E-4                   1.0691242484985805E-4
1.341E-4                  1.0613073366148346E-4
1.3419999999999998E-4     1.0534904247317351E-4
1.3429999999999998E-4     1.0456735128492784E-4
1.344E-4                  1.0378566009674666E-4
1.345E-4                  1.0300396890862989E-4
1.346E-4                  1.0222227772057759E-4
1.347E-4                  1.0144058653258969E-4
1.348E-4                  1.006588953446662E-4
1.349E-4                  9.987720415680712E-5
1.35E-4                   9.909551296901243E-5
1.351E-4                  9.831382178128213E-5
1.352E-4                  9.753213059361619E-5
1.3529999999999998E-4     9.67504394060148E-5
1.3539999999999998E-4     9.596874821847757E-5
1.355E-4                  9.518705703100468E-5
1.356E-4                  9.440536584359606E-5
1.357E-4                  9.374445375393344E-5
1.358E-4                  9.314584540987008E-5
1.359E-4                  9.25472370657726E-5
1.36E-4                   9.194862872164095E-5
1.361E-4                  9.135002037747516E-5
1.362E-4                  9.075141203327519E-5
1.363E-4                  9.015280368904111E-5
1.3639999999999998E-4     8.9554195344773E-5
1.3649999999999998E-4     8.895558700047055E-5
1.3659999999999999E-4     8.835697865613391E-5
1.367E-4                  8.775837031176309E-5
1.368E-4                  8.715976196735809E-5
1.369E-4                  8.656115362291887E-5
1.37E-4                   8.596254527844549E-5
1.371E-4                  8.536393693393787E-5
1.372E-4                  8.476532858939603E-5
1.373E-4                  8.416672024482E-5
1.374E-4                  8.35681119002097E-5
1.3749999999999998E-4     8.29695035555654E-5
1.3759999999999998E-4     8.237089521088666E-5
1.3769999999999999E-4     8.177228686617368E-5
1.378E-4                  8.117367852142648E-5
1.379E-4                  8.0575070176645E-5
1.38E-4                   7.997646183182927E-5
1.381E-4                  7.937785348697927E-5
1.382E-4                  7.877924514209502E-5
1.383E-4                  7.818063679717647E-5
1.384E-4                  7.758202845222365E-5
1.385E-4                  7.698342010723656E-5
1.3859999999999998E-4     7.638481176221531E-5
1.3869999999999998E-4     7.578620341715963E-5
1.3879999999999999E-4     7.522543352414402E-5
1.389E-4                  7.473200590125663E-5
1.39E-4                   7.423857827838476E-5
1.391E-4                  7.374515065552838E-5
1.392E-4                  7.325172303268745E-5
1.393E-4                  7.275829540986202E-5
1.394E-4                  7.226486778705201E-5
1.395E-4                  7.17714401642575E-5
1.396E-4                  7.127801254147848E-5
1.3969999999999998E-4     7.0784584918715E-5
1.3979999999999998E-4     7.029115729596688E-5
1.3989999999999999E-4     6.979772967323421E-5
1.4E-4                    6.930430205051699E-5
1.401E-4                  6.881087442781523E-5
1.402E-4                  6.83174468051289E-5
1.403E-4                  6.782401918245804E-5
1.404E-4                  6.73305915598026E-5
1.405E-4                  6.683716393716259E-5
1.406E-4                  6.634373631453804E-5
1.407E-4                  6.585030869192891E-5
1.408E-4                  6.535688106933521E-5
1.4089999999999998E-4     6.486345344675708E-5
1.4099999999999998E-4     6.437002582419422E-5
1.411E-4                  6.387659820164678E-5
1.412E-4                  6.338317057911481E-5
1.413E-4                  6.28897429565982E-5
1.414E-4                  6.239631533409701E-5
1.415E-4                  6.190288771161124E-5
1.416E-4                  6.140946008914089E-5
1.417E-4                  6.091603246668593E-5
1.418E-4                  6.042260484424638E-5
1.419E-4                  5.9937906798575294E-5
1.4199999999999998E-4     5.9590464516721E-5
1.4209999999999998E-4     5.924302223486277E-5
1.422E-4                  5.8895579953000796E-5
1.423E-4                  5.8548137671135006E-5
1.424E-4                  5.820069538926541E-5
1.425E-4                  5.785325310739203E-5
1.426E-4                  5.750581082551484E-5
1.427E-4                  5.715836854363387E-5
1.428E-4                  5.68109262617491E-5
1.429E-4                  5.6463483979860506E-5
1.43E-4                   5.611604169796812E-5
1.4309999999999998E-4     5.5768599416072013E-5
1.4319999999999998E-4     5.5421157134172024E-5
1.433E-4                  5.507371485226822E-5
1.434E-4                  5.472627257036063E-5
1.435E-4                  5.4378830288449214E-5
1.436E-4                  5.403138800653399E-5
1.437E-4                  5.368394572461497E-5
1.438E-4                  5.333650344269211E-5
1.439E-4                  5.2989061160765455E-5
1.44E-4                   5.2641618878834986E-5
1.441E-4                  5.229417659690071E-5
1.4419999999999998E-4     5.194673431496271E-5
1.4429999999999998E-4     5.1599292033020784E-5
1.4439999999999999E-4     5.1251849751075055E-5
1.445E-4                  5.09044074691255E-5
1.446E-4                  5.055696518717213E-5
1.447E-4                  5.0209522905214944E-5
1.448E-4                  4.986208062325393E-5
1.449E-4                  4.951463834128909E-5
1.45E-4                   4.9167196059320436E-5
1.451E-4                  4.881975377734794E-5
1.452E-4                  4.8472311495371644E-5
1.4529999999999998E-4     4.812486921339159E-5
1.4539999999999998E-4     4.777742693140763E-5
1.4549999999999999E-4     4.742998464941983E-5
1.456E-4                  4.708254236742821E-5
1.457E-4                  4.673510008543276E-5
1.458E-4                  4.638765780343347E-5
1.459E-4                  4.6040215521430346E-5
1.46E-4                   4.569277323942339E-5
1.461E-4                  4.5345330957412585E-5
1.462E-4                  4.499788867539796E-5
1.463E-4                  4.4650446393379497E-5
1.4639999999999998E-4     4.430300411135727E-5
1.4649999999999998E-4     4.395556182933114E-5
1.4659999999999999E-4     4.3608119547301156E-5
1.467E-4                  4.326067726526732E-5
1.468E-4                  4.291323498322964E-5
1.469E-4                  4.256579270118813E-5
1.47E-4                   4.2218350419142774E-5
1.471E-4                  4.187090813709355E-5
1.472E-4                  4.1523465855040506E-5
1.473E-4                  4.1176023572983585E-5
1.474E-4                  4.0828581290922836E-5
1.4749999999999998E-4     4.0481139008858326E-5
1.4759999999999998E-4     4.013369672678987E-5
1.4769999999999999E-4     3.9786254444717556E-5
1.478E-4                  3.94388121626414E-5
1.479E-4                  3.9091369880561376E-5
1.48E-4                   3.874392759847749E-5
1.481E-4                  3.8396485316389774E-5
1.482E-4                  3.810709905961331E-5
1.483E-4                  3.788589329371198E-5
1.484E-4                  3.766468752781174E-5
1.485E-4                  3.744348176191259E-5
1.4859999999999998E-4     3.722227599601457E-5
1.4869999999999998E-4     3.700107023011759E-5
1.4879999999999998E-4     3.677986446422171E-5
1.489E-4                  3.6558658698326885E-5
1.49E-4                   3.633745293243317E-5
1.491E-4                  3.611624716654053E-5
1.492E-4                  3.589504140064898E-5
1.493E-4                  3.567383563475852E-5
1.494E-4                  3.545262986886914E-5
1.495E-4                  3.523142410298083E-5
1.496E-4                  3.5010218337093616E-5
1.497E-4                  3.478901257120748E-5
1.4979999999999998E-4     3.45678068053225E-5
1.4989999999999998E-4     3.434660103943853E-5
1.5E-4                    3.412539527355564E-5
