% Model:              20230225_JW_4_15.mph
% Version:            COMSOL 5.6.0.401
% Date:               Feb 25 2023, 20:35
% Dimension:          1
% Nodes:              1501
% Expressions:        1
% Description:        点图
% X                       Height
0                         2.58677076883115
1.0E-7                    2.58458058726807
2.0E-7                    2.574065040596411
3.0E-7                    2.576973648144925
4.0E-7                    2.6457127627349224
5.0E-7                    2.701708543871544
6.0E-7                    2.7264935484816086
7.0E-7                    2.7552140337331608
8.0E-7                    2.7741761450210816
9.0E-7                    2.789931458407063
1.0E-6                    2.8010649380707524
1.1E-6                    2.806248226460312
1.2E-6                    2.808611762854162
1.2999999999999998E-6     2.8077268816714898
1.4E-6                    2.804541743917255
1.5E-6                    2.798711375093201
1.6E-6                    2.7906853382418397
1.6999999999999998E-6     2.7814455376650025
1.8E-6                    2.770243312045962
1.9E-6                    2.7581196871434868
2.0E-6                    2.744944854753
2.1E-6                    2.730809332062395
2.2E-6                    2.7159940271772887
2.3E-6                    2.700697882245763
2.4E-6                    2.684914905155719
2.4999999999999998E-6     2.668851015018844
2.5999999999999997E-6     2.6524195143855054
2.7E-6                    2.6357041260591183
2.8E-6                    2.618845668734108
2.8999999999999998E-6     2.6018837479472636
3.0E-6                    2.5848069591979876
3.1E-6                    2.56770629306075
3.2E-6                    2.5505331497392283
3.2999999999999997E-6     2.533390391504542
3.3999999999999996E-6     2.516268653006691
3.5E-6                    2.4991492938215734
3.6E-6                    2.4820933367641347
3.6999999999999997E-6     2.4651074531792023
3.8E-6                    2.448128914928071
3.9E-6                    2.43125858540436
4.0E-6                    2.414516922809108
4.1E-6                    2.3977765504207906
4.2E-6                    2.3813026091198646
4.2999999999999995E-6     2.3648322151197716
4.4E-6                    2.3484403159404326
4.5E-6                    2.332118911964262
4.6E-6                    2.3158172688345386
4.7E-6                    2.2997962102325946
4.8E-6                    2.2837763349318303
4.9E-6                    2.2678804958766334
4.9999999999999996E-6     2.252068342596591
5.0999999999999995E-6     2.2362982698152973
5.199999999999999E-6      2.220796354655856
5.3E-6                    2.2052955487127095
5.4E-6                    2.1899019327592226
5.5E-6                    2.174561755041439
5.6E-6                    2.1593076935643083
5.7E-6                    2.1443870631859174
5.7999999999999995E-6     2.1294675153240665
5.899999999999999E-6      2.1145407371968004
6.0E-6                    2.0996117295766745
6.1E-6                    2.0848574539853053
6.2E-6                    2.070563074918803
6.3E-6                    2.0562698359340406
6.4E-6                    2.0416808455613573
6.5E-6                    2.027022828488396
6.5999999999999995E-6     2.01275561259917
6.699999999999999E-6      1.9992277507061107
6.799999999999999E-6      1.9857011027796565
6.9E-6                    1.9705857561974562
7.0E-6                    1.955256806281873
7.1E-6                    1.9404232139401645
7.2E-6                    1.9258000029013211
7.2999999999999996E-6     1.915648355476222
7.3999999999999995E-6     1.9048589265793963
7.499999999999999E-6      1.8913869282256042
7.6E-6                    1.8750336578790372
7.699999999999999E-6      1.862656610345707
7.8E-6                    1.851188068484449
7.899999999999999E-6      1.8379393126140857
8.0E-6                    1.8244720055014152
8.1E-6                    1.812204132724828
8.2E-6                    1.7997543850204056
8.3E-6                    1.7867386453372942
8.4E-6                    1.7743414306014187
8.5E-6                    1.7620601185761229
8.599999999999999E-6      1.7496756283612425
8.7E-6                    1.737240104471541
8.8E-6                    1.7251835962561075
8.9E-6                    1.7131189286418274
9.0E-6                    1.7009726055661893
9.1E-6                    1.689245662727037
9.2E-6                    1.6773121641850512
9.299999999999999E-6      1.6655830431019034
9.4E-6                    1.6538423136393783
9.499999999999999E-6      1.6422652882540447
9.6E-6                    1.6307066597000714
9.7E-6                    1.6192759613760348
9.8E-6                    1.6079168291498445
9.9E-6                    1.596599602405923
9.999999999999999E-6      1.5854189703396893
1.01E-5                   1.5742799550569229
1.0199999999999999E-5     1.5632381516999483
1.03E-5                   1.5522576768680738
1.0399999999999999E-5     1.541368703598421
1.05E-5                   1.5305664943651323
1.06E-5                   1.5197825359553032
1.07E-5                   1.5091396813325062
1.08E-5                   1.49852677605632
1.0899999999999999E-5     1.4880139022710015
1.1E-5                    1.4775603592226592
1.1099999999999999E-5     1.4671934791232506
1.12E-5                   1.4569018670058274
1.13E-5                   1.4466531145997685
1.14E-5                   1.4365082612218518
1.15E-5                   1.4263923335340103
1.1599999999999999E-5     1.4163929648484692
1.17E-5                   1.4064516881657725
1.1799999999999999E-5     1.3966263568742587
1.19E-5                   1.3868012632452607
1.2E-5                    1.3769764020705355
1.21E-5                   1.3673563217697355
1.22E-5                   1.3577885857246177
1.2299999999999999E-5     1.3482210690390501
1.24E-5                   1.338713674030654
1.2499999999999999E-5     1.329376472214811
1.26E-5                   1.320039476798158
1.2699999999999999E-5     1.3107026833232969
1.28E-5                   1.3015211092231662
1.29E-5                   1.2923987545071474
1.3E-5                    1.2832765898209524
1.31E-5                   1.2741965947003309
1.3199999999999999E-5     1.2652982417050531
1.33E-5                   1.2564000643926543
1.3399999999999999E-5     1.2475020589407704
1.35E-5                   1.2387562969893235
1.3599999999999999E-5     1.2300920349422815
1.37E-5                   1.2214279372596089
1.38E-5                   1.2127868277185705
1.3899999999999999E-5     1.2043212103430443
1.4E-5                    1.1958557437198627
1.4099999999999999E-5     1.1873904245725548
1.42E-5                   1.1790462761121772
1.4299999999999999E-5     1.1707903275482445
1.44E-5                   1.1625345203410329
1.45E-5                   1.1542884811647252
1.4599999999999999E-5     1.1462595495057366
1.47E-5                   1.1382307472855115
1.4799999999999999E-5     1.1302020717044248
1.49E-5                   1.1222454122474281
1.4999999999999999E-5     1.1143590230806175
1.51E-5                   1.1064727564705223
1.52E-5                   1.0985866097296753
1.53E-5                   1.0909770388218354
1.5399999999999998E-5     1.0833761864256788
1.55E-5                   1.075775440437305
1.56E-5                   1.0682014142554295
1.57E-5                   1.0606622874939788
1.5799999999999998E-5     1.0531232723994877
1.59E-5                   1.0455843665492368
1.6E-5                    1.0383045725782825
1.61E-5                   1.031054570001979
1.62E-5                   1.0238046470178188
1.63E-5                   1.0166516096860834
1.64E-5                   1.0096702317097477
1.6499999999999998E-5     1.002688985926259
1.66E-5                   0.9944445553402133
1.67E-5                   0.9861687336494767
1.68E-5                   0.9789243513984671
1.69E-5                   0.9723355984098142
1.7E-5                    0.9680456013016165
1.71E-5                   0.961848674413077
1.7199999999999998E-5     0.9534754856487336
1.73E-5                   0.9464648861809022
1.74E-5                   0.9408977055273302
1.75E-5                   0.9339913714594286
1.76E-5                   0.9275446132864142
1.77E-5                   0.9212220316822178
1.78E-5                   0.9144168624402296
1.7899999999999998E-5     0.9080985010771289
1.8E-5                    0.9017334757890767
1.81E-5                   0.8953665364500534
1.82E-5                   0.8890553351346934
1.8299999999999998E-5     0.8828337534759411
1.84E-5                   0.8765571811741795
1.85E-5                   0.8704058111172006
1.8599999999999998E-5     0.8642763638228859
1.87E-5                   0.858174702227497
1.88E-5                   0.8521315079687285
1.89E-5                   0.846118384656551
1.8999999999999998E-5     0.8401501503625336
1.91E-5                   0.8342294235292015
1.92E-5                   0.8283567816450698
1.9299999999999998E-5     0.8225226185382812
1.94E-5                   0.8167204299436083
1.95E-5                   0.8109745239395911
1.96E-5                   0.8052663886996566
1.9699999999999998E-5     0.7995930760792981
1.98E-5                   0.7939539064225732
1.99E-5                   0.7883698963975336
1.9999999999999998E-5     0.7828196450000989
2.01E-5                   0.7773023086995492
2.02E-5                   0.7718230738602614
2.03E-5                   0.7663950014595301
2.0399999999999998E-5     0.7610112484153632
2.05E-5                   0.755660135971983
2.06E-5                   0.7503090601279525
2.07E-5                   0.7450468816855855
2.0799999999999997E-5     0.7398019869667787
2.09E-5                   0.7345706266938444
2.1E-5                    0.7294228959492742
2.1099999999999998E-5     0.7242751983626416
2.12E-5                   0.7191897769293728
2.13E-5                   0.7141834075795571
2.14E-5                   0.7091770694338175
2.1499999999999997E-5     0.7041707618177161
2.16E-5                   0.6991644840565611
2.17E-5                   0.6941665859200438
2.1799999999999998E-5     0.6893510582914946
2.19E-5                   0.6845355585637288
2.2E-5                    0.679720086136091
2.21E-5                   0.6749046404077147
2.2199999999999998E-5     0.6700892207775273
2.23E-5                   0.665390204447188
2.24E-5                   0.6607547198537157
2.2499999999999998E-5     0.6561192603936473
2.26E-5                   0.6514838255314356
2.27E-5                   0.6468484147313586
2.28E-5                   0.6422546797132241
2.2899999999999998E-5     0.6377858373714778
2.3E-5                    0.6333170172045718
2.31E-5                   0.6288482187346814
2.3199999999999998E-5     0.6243794414838371
2.33E-5                   0.6199106849739293
2.34E-5                   0.6155916247864485
2.35E-5                   0.6112983168518987
2.3599999999999998E-5     0.607005028451214
2.37E-5                   0.6027117591586344
2.38E-5                   0.5984185085482845
2.3899999999999998E-5     0.594197016446805
2.4E-5                    0.5900609651145998
2.41E-5                   0.5859249316651638
2.42E-5                   0.5817889157192254
2.4299999999999998E-5     0.5776529168974148
2.44E-5                   0.5735261330744582
2.45E-5                   0.5695443943777279
2.4599999999999998E-5     0.5655626711798206
2.4699999999999997E-5     0.5615809631421443
2.48E-5                   0.5575992699260279
2.49E-5                   0.5536175911927222
2.4999999999999998E-5     0.549737471025413
2.51E-5                   0.5459090236195339
2.52E-5                   0.5420805905677867
2.53E-5                   0.5382521715688563
2.5399999999999997E-5     0.5344237663213595
2.55E-5                   0.5306322051135137
2.56E-5                   0.5269422966289843
2.5699999999999998E-5     0.5232524002582265
2.58E-5                   0.5195625157320405
2.59E-5                   0.5158726427811727
2.6E-5                    0.5121827811363171
2.6099999999999997E-5     0.5086145836086869
2.62E-5                   0.5050647122885463
2.63E-5                   0.5015148524187468
2.6399999999999998E-5     0.49796500375945335
2.65E-5                   0.49441516607078523
2.66E-5                   0.49093084879483656
2.67E-5                   0.4875197289953247
2.6799999999999998E-5     0.4841086187190214
2.69E-5                   0.4806975177526223
2.7E-5                    0.4772864258827874
2.7099999999999998E-5     0.47388344823778616
2.7199999999999997E-5     0.4705797417212824
2.73E-5                   0.46727604451125204
2.74E-5                   0.46397235641527074
2.7499999999999998E-5     0.4606686772408811
2.76E-5                   0.4573650067955945
2.77E-5                   0.4541732346698196
2.7799999999999998E-5     0.4510344487169676
2.7899999999999997E-5     0.4478956701896587
2.8E-5                    0.4447568989216292
2.81E-5                   0.4416181347465912
2.8199999999999998E-5     0.43849318918400754
2.83E-5                   0.43540344618798843
2.84E-5                   0.43231371086122966
2.8499999999999998E-5     0.4292239830441874
2.8599999999999997E-5     0.4261342625772954
2.87E-5                   0.4230445493009639
2.88E-5                   0.4201387012601636
2.8899999999999998E-5     0.41725674929131457
2.9E-5                    0.4143748025063982
2.91E-5                   0.41149286078383057
2.9199999999999998E-5     0.40861092400201376
2.9299999999999997E-5     0.405734351592613
2.94E-5                   0.4028634049577556
2.95E-5                   0.3999924653179618
2.9599999999999998E-5     0.39712153252647914
2.97E-5                   0.3942506064365368
2.98E-5                   0.3913689980823801
2.99E-5                   0.38848358124905313
2.9999999999999997E-5     0.3855981673637221
3.01E-5                   0.38271275633425794
3.02E-5                   0.38018477668052814
3.0299999999999998E-5     0.37778378969044596
3.04E-5                   0.3753828093014775
3.05E-5                   0.3728713514798658
3.06E-5                   0.37017559771861863
3.07E-5                   0.36747984686026
3.0799999999999996E-5     0.36476433386862256
3.09E-5                   0.3620281949551474
3.1E-5                    0.3592920606208486
3.11E-5                   0.3569644225085639
3.12E-5                   0.35465493574735263
3.13E-5                   0.35217391602357845
3.14E-5                   0.3496129884182506
3.15E-5                   0.3470635267591079
3.1599999999999996E-5     0.34452067161572486
3.17E-5                   0.34211640053059394
3.18E-5                   0.3398097553349668
3.1899999999999996E-5     0.337438981238602
3.2E-5                    0.33501334933443055
3.21E-5                   0.332626339760527
3.22E-5                   0.33027933371489054
3.23E-5                   0.3279587159672872
3.24E-5                   0.3256712133671844
3.25E-5                   0.3233770635850777
3.26E-5                   0.3210727612462919
3.2699999999999995E-5     0.31879721586577725
3.28E-5                   0.3165755506078363
3.29E-5                   0.3143532950760449
3.2999999999999996E-5     0.312129659235801
3.31E-5                   0.3099162397255246
3.32E-5                   0.30773306095037395
3.3299999999999996E-5     0.30555930327883046
3.34E-5                   0.3034221286324495
3.35E-5                   0.3012860899573897
3.36E-5                   0.29915614101860427
3.37E-5                   0.297031405545319
3.38E-5                   0.2949491532472738
3.39E-5                   0.29286931190871746
3.4E-5                    0.2908262200222798
3.4099999999999995E-5     0.28878313025731617
3.42E-5                   0.2867400425683451
3.43E-5                   0.2846969569098824
3.4399999999999996E-5     0.28270905762361537
3.45E-5                   0.28072310064378636
3.46E-5                   0.2787371455210413
3.4699999999999996E-5     0.2767511922136496
3.48E-5                   0.2748178568512585
3.49E-5                   0.27289234764986225
3.5E-5                    0.2709668401894336
3.51E-5                   0.2690413344314838
3.52E-5                   0.2671543671958773
3.53E-5                   0.2652785861275755
3.54E-5                   0.26340280667493204
3.5499999999999996E-5     0.2615270288029979
3.56E-5                   0.2596910186239758
3.57E-5                   0.2578737605529212
3.5799999999999996E-5     0.25605650390167334
3.59E-5                   0.2542392486378796
3.6E-5                    0.2524503219310378
3.6099999999999997E-5     0.250681568254534
3.62E-5                   0.2489128159715718
3.63E-5                   0.2471440650527244
3.64E-5                   0.245400636555658
3.65E-5                   0.24368371280299483
3.6599999999999995E-5     0.24196679023780782
3.67E-5                   0.24024986883298496
3.68E-5                   0.23856144151851294
3.6899999999999996E-5     0.23691700435328195
3.7E-5                    0.23527256832091847
3.71E-5                   0.2336281333976548
3.7199999999999996E-5     0.2319836995597222
3.73E-5                   0.23033926678335065
3.74E-5                   0.22869483504476953
3.75E-5                   0.2270504043202073
3.76E-5                   0.2254245965475952
3.77E-5                   0.22387229729392252
3.78E-5                   0.2223199989863547
3.79E-5                   0.22076770160490797
3.7999999999999995E-5     0.21921540512959836
3.81E-5                   0.21766310954044066
3.82E-5                   0.21611081481744943
3.8299999999999996E-5     0.21455852094063843
3.84E-5                   0.213007215460011
3.85E-5                   0.21154347814688604
3.8599999999999996E-5     0.21007974167137292
3.87E-5                   0.20861600601669567
3.88E-5                   0.20715227116607798
3.89E-5                   0.2056885371027429
3.9E-5                    0.2042248038099127
3.9099999999999995E-5     0.20276107127080945
3.92E-5                   0.20129733946865444
3.93E-5                   0.19989956517141405
3.9399999999999995E-5     0.19851625259746086
3.95E-5                   0.1971329406757623
3.96E-5                   0.19574962939219076
3.9699999999999996E-5     0.19436631873261817
3.98E-5                   0.19298300868291576
3.99E-5                   0.1915996992289547
3.9999999999999996E-5     0.19021639035660576
4.01E-5                   0.18888347058033436
4.02E-5                   0.18758024633725123
4.03E-5                   0.1862770226696306
4.04E-5                   0.18497379956563473
4.0499999999999995E-5     0.18367057701342565
4.06E-5                   0.18236735500116513
4.07E-5                   0.18106413351701459
4.0799999999999996E-5     0.1797609125491352
4.09E-5                   0.1784892011602342
4.1E-5                    0.1772578829379101
4.1099999999999996E-5     0.176026565193243
4.12E-5                   0.17479524791625653
4.13E-5                   0.17356393109697435
4.14E-5                   0.17233261472541983
4.15E-5                   0.1711012987916159
4.1599999999999995E-5     0.16986998328558564
4.17E-5                   0.16865595748004572
4.18E-5                   0.1674945696825591
4.1899999999999995E-5     0.16633318228008384
4.2E-5                    0.16517179526425452
4.21E-5                   0.16401040862670585
4.2199999999999996E-5     0.1628490223590724
4.23E-5                   0.16168763645298825
4.24E-5                   0.1605262509000876
4.2499999999999996E-5     0.1593685628062373
4.26E-5                   0.15827287874179322
4.27E-5                   0.15717719502919889
4.28E-5                   0.15608151166141784
4.29E-5                   0.15498582863141322
4.2999999999999995E-5     0.15389014593214845
4.31E-5                   0.1527944635565865
4.32E-5                   0.15169878149769028
4.3299999999999995E-5     0.1506030997484228
4.34E-5                   0.1495599155066392
4.35E-5                   0.14852490398453178
4.3599999999999996E-5     0.14748989272800464
4.37E-5                   0.1464548817311363
4.38E-5                   0.1454198709880055
4.3899999999999996E-5     0.14438486049269092
4.4E-5                    0.1433498502392709
4.41E-5                   0.14231484022182395
4.42E-5                   0.14132005061546968
4.43E-5                   0.14034468662419777
4.4399999999999995E-5     0.13936932288455545
4.45E-5                   0.13839395939158786
4.46E-5                   0.13741859614034027
4.4699999999999996E-5     0.1364432331258579
4.48E-5                   0.13546787034318566
4.49E-5                   0.13449250778736857
4.4999999999999996E-5     0.13354305880684134
4.51E-5                   0.13262130932775065
4.52E-5                   0.13169956003395272
4.5299999999999997E-5     0.13077781092124913
4.54E-5                   0.12985606198544136
4.5499999999999995E-5     0.12893431322233087
4.56E-5                   0.12801256462771904
4.57E-5                   0.1270908161974073
4.5799999999999995E-5     0.12619111019334614
4.59E-5                   0.12534475429993286
4.6E-5                    0.12449839856396708
4.6099999999999996E-5     0.12365204298222202
4.62E-5                   0.12280568755147067
4.63E-5                   0.1219593322684863
4.6399999999999996E-5     0.12111297713004203
4.65E-5                   0.12026662213291078
4.66E-5                   0.11942026727386566
4.67E-5                   0.11857391254967968
4.68E-5                   0.11772755795712571
4.6899999999999995E-5     0.11688120349297682
4.7E-5                    0.11603484915400569
4.71E-5                   0.11518849493698535
4.7199999999999995E-5     0.11434214083868861
4.73E-5                   0.11349578685588821
4.74E-5                   0.11264943298535696
4.7499999999999996E-5     0.11188886412205797
4.76E-5                   0.11113673653949166
4.77E-5                   0.11038460907913869
4.7799999999999996E-5     0.10963248173871946
4.79E-5                   0.10888035451595421
4.8E-5                    0.10812822740856333
4.81E-5                   0.10737610041426712
4.82E-5                   0.10662397353078584
4.8299999999999995E-5     0.10587184675583976
4.84E-5                   0.10511972008714902
4.85E-5                   0.10436759352243397
4.8599999999999995E-5     0.10361546705941475
4.87E-5                   0.1028633406958115
4.88E-5                   0.10211121442934447
4.8899999999999996E-5     0.10135908825773378
4.9E-5                    0.10060696217869948
4.91E-5                   0.09989852048738083
4.9199999999999997E-5     0.0992290573793725
4.93E-5                   0.09855959436068462
4.9399999999999995E-5     0.0978901314297142
4.95E-5                   0.09722066858485813
4.96E-5                   0.09655120582451335
4.9699999999999995E-5     0.09588174314707684
4.98E-5                   0.09521228055094541
4.99E-5                   0.09454281803451596
4.9999999999999996E-5     0.09387335559618547
5.01E-5                   0.09320389323435067
5.02E-5                   0.09253443094740851
5.0299999999999996E-5     0.09186496873375583
5.04E-5                   0.0911955065917894
5.05E-5                   0.09052604451990609
5.06E-5                   0.08985658251650279
5.07E-5                   0.0891969303800877
5.0799999999999995E-5     0.08859442418461107
5.09E-5                   0.08799191803519034
5.1E-5                    0.0873894119306547
5.1099999999999995E-5     0.08678690586983329
5.12E-5                   0.086184399851555
5.13E-5                   0.08558189387464898
5.1399999999999996E-5     0.08497938793794432
5.15E-5                   0.08437688204027001
5.16E-5                   0.08377437618045508
5.1699999999999996E-5     0.08317187035732866
5.18E-5                   0.08256936456971967
5.1899999999999994E-5     0.08196685881645722
5.2E-5                    0.08136435309637031
5.21E-5                   0.0807813525667848
5.2199999999999995E-5     0.0802290068969842
5.23E-5                   0.07967666127976597
5.24E-5                   0.07912431571423545
5.2499999999999995E-5     0.07857197019949809
5.26E-5                   0.07801962473465912
5.27E-5                   0.07746727931882397
5.2799999999999996E-5     0.07691493395109798
5.29E-5                   0.07636258863058644
5.3E-5                    0.07581024335639469
5.3099999999999996E-5     0.07525789812762813
5.32E-5                   0.07470555294339198
5.3299999999999995E-5     0.07417454368712086
5.34E-5                   0.07366834591507017
5.35E-5                   0.0731621481743115
5.3599999999999995E-5     0.07265595046415087
5.37E-5                   0.07214975278389402
5.38E-5                   0.07164355513284693
5.3899999999999996E-5     0.07113735751031548
5.4E-5                    0.07063115991560553
5.41E-5                   0.07012496234802298
5.4199999999999996E-5     0.06961876480687375
5.43E-5                   0.06911256729146364
5.4399999999999994E-5     0.0686328246911596
5.4499999999999997E-5     0.06816294251561367
5.46E-5                   0.06769306036716036
5.4699999999999995E-5     0.06722317824524357
5.48E-5                   0.06675329614930713
5.49E-5                   0.06628341407879487
5.4999999999999995E-5     0.06581353203315078
5.51E-5                   0.06534365001181859
5.52E-5                   0.06487376801424223
5.5299999999999996E-5     0.06440388603986558
5.54E-5                   0.06393400408813242
5.55E-5                   0.06349719080495245
5.5599999999999996E-5     0.0630605566386703
5.57E-5                   0.06262392249579234
5.5799999999999994E-5     0.06218728837587644
5.59E-5                   0.06175065427848036
5.6E-5                    0.06131402020316197
5.6099999999999995E-5     0.06087738614947914
5.62E-5                   0.06044075211698963
5.63E-5                   0.060004118105251275
5.6399999999999995E-5     0.05956748411382192
5.65E-5                   0.059139605774910856
5.66E-5                   0.05873655063685222
5.6699999999999996E-5     0.05833349551428802
5.68E-5                   0.0579304404068668
5.69E-5                   0.05752738531423714
5.6999999999999996E-5     0.057124330236047675
5.71E-5                   0.05672127517194697
5.7199999999999994E-5     0.05631822012158365
5.73E-5                   0.05591516508460625
5.74E-5                   0.055512110060663394
5.7499999999999995E-5     0.05510905504940368
5.76E-5                   0.054720926192952435
5.77E-5                   0.054346200294313966
5.7799999999999995E-5     0.05397147441101477
5.79E-5                   0.05359674854277439
5.8E-5                    0.05322202268931253
5.8099999999999996E-5     0.05284729685034882
5.82E-5                   0.05247257102560288
5.8299999999999994E-5     0.05209784521479435
5.8399999999999997E-5     0.051723119417642856
5.85E-5                   0.05134839363386807
5.8599999999999995E-5     0.0509736678631896
5.87E-5                   0.05062105761413776
5.88E-5                   0.05027421959609344
5.8899999999999995E-5     0.049927381588027564
5.9E-5                    0.04958054358971702
5.91E-5                   0.04923370560093887
5.9199999999999996E-5     0.0488868676214701
5.93E-5                   0.04854002965108759
5.94E-5                   0.0481931916895684
5.9499999999999996E-5     0.04784635373668948
5.96E-5                   0.04749951579222779
5.9699999999999994E-5     0.04715418128145442
5.98E-5                   0.04683275851783302
5.99E-5                   0.046511335763483735
5.9999999999999995E-5     0.04618991301822917
6.01E-5                   0.04586849028189181
6.02E-5                   0.04554706755429424
6.0299999999999995E-5     0.04522564483525903
6.04E-5                   0.04490422212460869
6.05E-5                   0.04458279942216581
6.0599999999999996E-5     0.04426137672775294
6.07E-5                   0.043939954041192594
6.08E-5                   0.043626092862528935
6.0899999999999996E-5     0.04332791560423384
6.1E-5                    0.0430297383527827
6.11E-5                   0.042731561108033986
6.12E-5                   0.042433383869846145
6.13E-5                   0.04213520663807758
6.14E-5                   0.04183702941258676
6.149999999999999E-5      0.04153885219323217
6.159999999999999E-5      0.04124067497987214
6.17E-5                   0.04094249777236517
6.18E-5                   0.04064432057056969
6.19E-5                   0.04035919947624613
6.2E-5                    0.040083097941963686
6.209999999999999E-5      0.03980699641313162
6.22E-5                   0.03953089488963747
6.23E-5                   0.039254793371368855
6.24E-5                   0.03897869185821339
6.25E-5                   0.038702590350058685
6.26E-5                   0.03842648884679234
6.269999999999999E-5      0.038150387348301985
6.28E-5                   0.03787428585447515
6.29E-5                   0.037598184365199495
6.3E-5                    0.037339310630623054
6.31E-5                   0.03708329840079491
6.319999999999999E-5      0.036827286175483476
6.33E-5                   0.03657127395459892
6.34E-5                   0.03631526173805151
6.35E-5                   0.036059249525751506
6.36E-5                   0.03580323731760913
6.37E-5                   0.03554722511353464
6.379999999999999E-5      0.03529121291343831
6.39E-5                   0.0350352007172303
6.4E-5                    0.03478252509457498
6.41E-5                   0.03455348686605704
6.42E-5                   0.034324448640430216
6.429999999999999E-5      0.034095410417630485
6.44E-5                   0.03386637219759367
6.45E-5                   0.03363733398025574
6.46E-5                   0.0334082957655526
6.47E-5                   0.03317925755342017
6.48E-5                   0.03295021934379435
6.489999999999999E-5      0.03272118113661111
6.5E-5                    0.0324921429318063
6.51E-5                   0.03226310472931584
6.52E-5                   0.03203406652907567
6.53E-5                   0.0318050283310217
6.539999999999999E-5      0.03157599013508987
6.549999999999999E-5      0.03134695194121603
6.56E-5                   0.031117913749336142
6.57E-5                   0.030888875559386093
6.58E-5                   0.030659837371301825
6.59E-5                   0.03043079918501924
6.599999999999999E-5      0.03020176100047428
6.61E-5                   0.029972722817602812
6.62E-5                   0.029765072997731137
6.63E-5                   0.02956864068863858
6.64E-5                   0.02937220838214665
6.65E-5                   0.029175776078214814
6.659999999999999E-5      0.028979343776802557
6.67E-5                   0.028782911477869273
6.68E-5                   0.02858647918137445
6.69E-5                   0.028390046887277545
6.7E-5                    0.028193614595538017
6.709999999999999E-5      0.027997182306115344
6.72E-5                   0.027800750018968923
6.73E-5                   0.027604317734058248
6.74E-5                   0.02740788545134277
6.75E-5                   0.02721145317078195
6.76E-5                   0.027015020892335234
6.769999999999999E-5      0.026818588615962115
6.78E-5                   0.026622156341621996
6.79E-5                   0.026425724069274355
6.8E-5                    0.026229291798878646
6.81E-5                   0.026032859530394324
6.819999999999999E-5      0.025836427263780888
6.829999999999999E-5      0.02564518113523406
6.84E-5                   0.02547629993585827
6.85E-5                   0.02530741873788639
6.86E-5                   0.02513853754129269
6.87E-5                   0.024969656346051458
6.879999999999999E-5      0.02480077515213699
6.89E-5                   0.024631893959523525
6.9E-5                    0.024463012768185362
6.91E-5                   0.024294131578096782
6.92E-5                   0.02412525038923207
6.929999999999999E-5      0.023956369201565516
6.939999999999999E-5      0.023787488015071367
6.95E-5                   0.023618606829723922
6.96E-5                   0.023449725645497452
6.97E-5                   0.023280844462366255
6.98E-5                   0.023111963280304595
6.989999999999999E-5      0.022943082099286777
7.0E-5                    0.022774200919287033
7.01E-5                   0.02260531974027968
7.02E-5                   0.022436438562238988
7.03E-5                   0.02226755738513923
7.04E-5                   0.0220986762089547
7.049999999999999E-5      0.021946922144810383
7.06E-5                   0.021801811856878017
7.07E-5                   0.021656701569795375
7.08E-5                   0.02151159128354616
7.09E-5                   0.02136648099811404
7.099999999999999E-5      0.021221370713482745
7.11E-5                   0.021076260429635917
7.12E-5                   0.020931150146557262
7.13E-5                   0.02078603986423048
7.14E-5                   0.020640929582639262
7.15E-5                   0.020495819301767294
7.159999999999999E-5      0.020350709021598287
7.17E-5                   0.02020559874211589
7.18E-5                   0.020060488463303817
7.19E-5                   0.01991537818514575
7.2E-5                    0.0197702679076254
7.209999999999999E-5      0.01962515763072646
7.219999999999999E-5      0.01948004735443258
7.23E-5                   0.01933493707872748
7.24E-5                   0.01918982680359485
7.25E-5                   0.019044716529018374
7.26E-5                   0.018904847663736783
7.269999999999999E-5      0.018780472572126405
7.28E-5                   0.018656097481175096
7.29E-5                   0.018531722390872578
7.3E-5                    0.018407347301208566
7.31E-5                   0.018282972212172763
7.319999999999999E-5      0.018158597123754904
7.329999999999999E-5      0.01803422203594466
7.34E-5                   0.017909846948731756
7.35E-5                   0.017785471862105908
7.36E-5                   0.017661096776056828
7.37E-5                   0.017536721690574218
7.379999999999999E-5      0.017412346605647805
7.39E-5                   0.017287971521267268
7.4E-5                    0.01716359643742234
7.41E-5                   0.017039221354102723
7.42E-5                   0.01691484627129812
7.429999999999999E-5      0.016790471188998277
7.439999999999999E-5      0.01666609610719286
7.45E-5                   0.016541721025871595
7.46E-5                   0.01641734594502419
7.47E-5                   0.016292970864640356
7.48E-5                   0.016182149859092696
7.489999999999999E-5      0.016075040034744633
7.5E-5                    0.015967930210669737
7.51E-5                   0.015860820386861464
7.52E-5                   0.015753710563313247
7.53E-5                   0.015646600740018533
7.54E-5                   0.015539490916970766
7.549999999999999E-5      0.015432381094163396
7.56E-5                   0.015325271271589846
7.57E-5                   0.015218161449243567
7.58E-5                   0.015111051627118
7.59E-5                   0.015003941805206584
7.599999999999999E-5      0.014896831983502787
7.609999999999999E-5      0.014789722162000023
7.62E-5                   0.01468261234069173
7.63E-5                   0.014575502519571367
7.64E-5                   0.014468392698632369
7.65E-5                   0.014361282877868184
7.659999999999999E-5      0.01425417305727226
7.67E-5                   0.01414706323683802
7.68E-5                   0.014039953416558913
7.69E-5                   0.013937711493221398
7.7E-5                    0.013845942337639902
7.709999999999999E-5      0.01375417318233956
7.719999999999999E-5      0.013662404027316213
7.73E-5                   0.01357063487256575
7.74E-5                   0.013478865718084043
7.75E-5                   0.013387096563866958
7.76E-5                   0.013295327409910369
7.769999999999999E-5      0.013203558256210163
7.78E-5                   0.013111789102762183
7.79E-5                   0.01302001994956232
7.8E-5                    0.012928250796606438
7.81E-5                   0.012836481643890405
7.819999999999999E-5      0.01274471249141012
7.829999999999999E-5      0.012652943339161414
7.84E-5                   0.012561174187140181
7.85E-5                   0.01246940503534229
7.86E-5                   0.012377635883763612
7.87E-5                   0.012285866732400019
7.879999999999999E-5      0.012194097581247393
7.89E-5                   0.012102328430301587
7.9E-5                    0.012010559279558476
7.91E-5                   0.011929722325126065
7.92E-5                   0.011850820781634729
7.93E-5                   0.011771919238249128
7.939999999999999E-5      0.01169301769496665
7.95E-5                   0.011614116151784646
7.96E-5                   0.011535214608700502
7.97E-5                   0.011456313065711585
7.98E-5                   0.01137741152281527
7.989999999999999E-5      0.011298509980008949
7.999999999999999E-5      0.011219608437289969
8.01E-5                   0.011140706894655707
8.02E-5                   0.011061805352103549
8.03E-5                   0.01098290380963086
8.04E-5                   0.010904002267235015
8.049999999999999E-5      0.010825100724913399
8.06E-5                   0.010746199182663365
8.07E-5                   0.010667297640482293
8.08E-5                   0.01058839609836756
8.09E-5                   0.010509494556316537
8.099999999999999E-5      0.010430593014326616
8.109999999999999E-5      0.010351691472395137
8.12E-5                   0.010277019680818757
8.13E-5                   0.010209194811255552
8.14E-5                   0.010141369941786568
8.15E-5                   0.010073545072410131
8.159999999999999E-5      0.010005720203124594
8.17E-5                   0.009937895333928274
8.18E-5                   0.009870070464819516
8.19E-5                   0.009802245595796656
8.2E-5                    0.009734420726858033
8.209999999999999E-5      0.00966659585800199
8.219999999999999E-5      0.009598770989226846
8.23E-5                   0.00953094612053095
8.24E-5                   0.00946312125191263
8.25E-5                   0.00939529638337023
8.26E-5                   0.009327471514902087
8.269999999999999E-5      0.009259646646506544
8.28E-5                   0.009191821778181918
8.29E-5                   0.009123996909926558
8.3E-5                    0.009056172041738796
8.31E-5                   0.008988347173616972
8.319999999999999E-5      0.008920522305559436
8.329999999999999E-5      0.008852697437564498
8.34E-5                   0.00879380384907052
8.35E-5                   0.00873574921338567
8.36E-5                   0.008677694577761505
8.37E-5                   0.008619639942196984
8.379999999999999E-5      0.008561585306691063
8.389999999999999E-5      0.008503530671242682
8.4E-5                    0.0084454760358508
8.41E-5                   0.008387421400514369
8.42E-5                   0.008329366765232344
8.43E-5                   0.008271312130003677
8.439999999999999E-5      0.008213257494827328
8.45E-5                   0.008155202859702237
8.46E-5                   0.008097148224627359
8.47E-5                   0.008039093589601651
8.48E-5                   0.007981038954624067
8.489999999999999E-5      0.007922984319693564
8.499999999999999E-5      0.007864929684809082
8.51E-5                   0.007806875049969582
8.52E-5                   0.007748820415174014
8.53E-5                   0.007690765780421332
8.54E-5                   0.007632711145710491
8.549999999999999E-5      0.007578182934937853
8.56E-5                   0.0075280279530485425
8.57E-5                   0.007477872971174736
8.58E-5                   0.007427717989315765
8.59E-5                   0.007377563007470952
8.599999999999999E-5      0.007327408025639633
8.609999999999999E-5      0.007277253043821119
8.62E-5                   0.007227098062014743
8.63E-5                   0.007176943080219832
8.64E-5                   0.007126788098435713
8.65E-5                   0.007076633116661711
8.659999999999999E-5      0.007026478134897161
8.669999999999999E-5      0.006976323153141374
8.68E-5                   0.006926168171393686
8.69E-5                   0.00687601318965342
8.7E-5                    0.006825858207919904
8.709999999999999E-5      0.006775703226192471
8.719999999999999E-5      0.006725548244470432
8.73E-5                   0.006675393262753127
8.74E-5                   0.006625238281039874
8.75E-5                   0.006575083299330003
8.76E-5                   0.006524928317622842
8.769999999999999E-5      0.006482048916235203
8.779999999999999E-5      0.006439328062249395
8.79E-5                   0.006396607208302114
8.8E-5                    0.006353886354392945
8.81E-5                   0.006311165500521476
8.82E-5                   0.006268444646687289
8.829999999999999E-5      0.006225723792889976
8.84E-5                   0.00618300293912911
8.85E-5                   0.006140282085404282
8.86E-5                   0.006097561231715075
8.87E-5                   0.006054840378061075
8.879999999999999E-5      0.0060121195244418725
8.889999999999999E-5      0.005969398670857041
8.9E-5                    0.0059266778173061715
8.91E-5                   0.005883956963788848
8.92E-5                   0.005841236110304656
8.93E-5                   0.005798515256853178
8.939999999999999E-5      0.00575579440343401
8.95E-5                   0.00571307355004672
8.96E-5                   0.0056703526966909
8.97E-5                   0.005627631843366136
8.98E-5                   0.005587808747744664
8.989999999999999E-5      0.005550759278167448
8.999999999999999E-5      0.005513709808586458
9.01E-5                   0.0054766603390014245
9.02E-5                   0.005439610869412072
9.03E-5                   0.005402561399818131
9.04E-5                   0.005365511930219323
9.049999999999999E-5      0.00532846246061538
9.059999999999999E-5      0.005291412991006019
9.07E-5                   0.0052543635213909675
9.08E-5                   0.005217314051769956
9.09E-5                   0.005180264582142706
9.099999999999999E-5      0.005143215112508949
9.109999999999999E-5      0.005106165642868402
9.12E-5                   0.005069116173220796
9.13E-5                   0.005032066703565857
9.14E-5                   0.004995017233903309
9.15E-5                   0.004957967764232879
9.159999999999999E-5      0.004920918294554298
9.169999999999999E-5      0.004883868824867282
9.18E-5                   0.0048468193551715584
9.19E-5                   0.0048100092917954425
9.2E-5                    0.004778499798153394
9.21E-5                   0.004746990304527587
9.219999999999999E-5      0.004715480810917861
9.23E-5                   0.004683971317324042
9.24E-5                   0.0046524618237459734
9.25E-5                   0.004620952330183488
9.26E-5                   0.004589442836636425
9.269999999999999E-5      0.004557933343104621
9.279999999999999E-5      0.004526423849587909
9.29E-5                   0.004494914356086125
9.3E-5                    0.004463404862599107
9.31E-5                   0.00443189536912669
9.32E-5                   0.004400385875668713
9.329999999999999E-5      0.004368876382225013
9.34E-5                   0.004337366888795418
9.35E-5                   0.0043058573953797695
9.36E-5                   0.004274347901977905
9.37E-5                   0.004242838408589658
9.379999999999999E-5      0.004211328915214871
9.389999999999999E-5      0.004179819421853372
9.4E-5                    0.004148309928504998
9.41E-5                   0.004119246493349295
9.42E-5                   0.0040919874293254
9.43E-5                   0.004064728365305008
9.439999999999999E-5      0.004037469301288003
9.449999999999999E-5      0.0040102102372742724
9.46E-5                   0.003982951173263706
9.47E-5                   0.003955692109256191
9.48E-5                   0.003928433045251617
9.489999999999999E-5      0.0039011739812498747
9.499999999999999E-5      0.0038739149172508456
9.51E-5                   0.003846655853254423
9.52E-5                   0.003819396789260491
9.53E-5                   0.003792137725268941
9.54E-5                   0.0037648786612796592
9.549999999999999E-5      0.00373761959729254
9.559999999999999E-5      0.003710360533307462
9.57E-5                   0.003683101469324318
9.58E-5                   0.0036558424053429956
9.59E-5                   0.0036285833413633828
9.6E-5                    0.0036013242773853694
9.609999999999999E-5      0.0035740652134088453
9.62E-5                   0.003547223769930787
9.63E-5                   0.003523840332318485
9.64E-5                   0.0035004568947011516
9.65E-5                   0.0034770734570787228
9.659999999999999E-5      0.0034536900194511344
9.669999999999999E-5      0.0034303065818183176
9.68E-5                   0.00340692314418021
9.69E-5                   0.0033835397065367463
9.7E-5                    0.0033601562688878625
9.71E-5                   0.003336772831233493
9.719999999999999E-5      0.0033133893935735764
9.73E-5                   0.0032900059559080428
9.74E-5                   0.003266622518236828
9.75E-5                   0.0032432390805598684
9.76E-5                   0.0032198556428771
9.769999999999999E-5      0.00319647220518846
9.779999999999999E-5      0.003173088767493878
9.79E-5                   0.0031497053297932925
9.8E-5                    0.0031263218920866372
9.81E-5                   0.003102938454373848
9.82E-5                   0.0030795550166548614
9.829999999999999E-5      0.0030561715789296138
9.839999999999999E-5      0.0030350278283105244
9.85E-5                   0.0030151437581339815
9.86E-5                   0.0029952596879740173
9.87E-5                   0.002975375617830586
9.879999999999999E-5      0.0029554915477036452
9.889999999999999E-5      0.002935607477593143
9.9E-5                    0.0029157234074990387
9.91E-5                   0.0028958393374212865
9.92E-5                   0.002875955267359842
9.93E-5                   0.0028560711973146585
9.939999999999999E-5      0.0028361871272856954
9.949999999999999E-5      0.0028163030572729
9.96E-5                   0.0027964189872762314
9.97E-5                   0.0027765349172956446
9.98E-5                   0.002756650847331093
9.989999999999999E-5      0.0027367667773825362
9.999999999999999E-5      0.002716882707449921
1.001E-4                  0.0026969986375332076
1.002E-4                  0.002677114567632349
1.003E-4                  0.0026572304977473013
1.004E-4                  0.002637346427878019
1.0049999999999999E-4     0.0026178663101649857
1.0059999999999999E-4     0.002600326752230038
1.007E-4                  0.002582787194275435
1.008E-4                  0.0025652476363011525
1.009E-4                  0.002547708078307163
1.01E-4                   0.002530168520293441
1.0109999999999999E-4     0.002512628962259962
1.012E-4                  0.0024950894042066953
1.013E-4                  0.002477549846133617
1.014E-4                  0.002460010288040701
1.015E-4                  0.002442470729927921
1.0159999999999999E-4     0.0024249311717952533
1.0169999999999999E-4     0.002407391613642667
1.018E-4                  0.002389852055470138
1.019E-4                  0.0023723124972776406
1.02E-4                   0.0023547729390651488
1.021E-4                  0.002337233380832635
1.0219999999999999E-4     0.0023196938225800764
1.0229999999999999E-4     0.0023021542643074425
1.024E-4                  0.0022846147060147084
1.025E-4                  0.0022670751477018485
1.026E-4                  0.0022495355893688363
1.0269999999999999E-4     0.0022342676938701834
1.0279999999999999E-4     0.00221995233010345
1.029E-4                  0.0022056369663608875
1.03E-4                   0.0021913216026424797
1.031E-4                  0.0021770062389482093
1.032E-4                  0.0021626908752780585
1.0329999999999999E-4     0.00214837551163201
1.0339999999999999E-4     0.0021340601480100444
1.035E-4                  0.0021197447844121453
1.036E-4                  0.002105429420838295
1.037E-4                  0.0020911140572884754
1.0379999999999999E-4     0.0020767986937626722
1.0389999999999999E-4     0.0020624833302608624
1.04E-4                   0.0020481679667830313
1.041E-4                  0.002033852603329161
1.042E-4                  0.0020195372398992334
1.043E-4                  0.0020052218764932315
1.0439999999999999E-4     0.0019909065131111393
1.0449999999999999E-4     0.001976591149752935
1.046E-4                  0.0019622757864186046
1.047E-4                  0.001947960423108128
1.048E-4                  0.0019338811998875596
1.049E-4                  0.0019205628889121145
1.0499999999999999E-4     0.0019072445779117916
1.051E-4                  0.0018939262668865766
1.052E-4                  0.0018806079558364615
1.053E-4                  0.0018672896447614333
1.054E-4                  0.0018539713336614817
1.0549999999999999E-4     0.0018406530225365972
1.0559999999999999E-4     0.0018273347113867656
1.057E-4                  0.0018140164002119767
1.058E-4                  0.0018006980890122198
1.059E-4                  0.001787379777787484
1.06E-4                   0.0017740614665377572
1.0609999999999999E-4     0.001760743155263031
1.0619999999999999E-4     0.001747424843963291
1.063E-4                  0.0017341065326385268
1.064E-4                  0.0017207882212887274
1.065E-4                  0.0017074699099138826
1.0659999999999999E-4     0.0016941515985139822
1.0669999999999999E-4     0.0016808332870890115
1.068E-4                  0.0016675149756389617
1.069E-4                  0.0016541966641638213
1.07E-4                   0.0016433101755535845
1.071E-4                  0.001633153735030867
1.0719999999999999E-4     0.0016229972945269106
1.0729999999999999E-4     0.0016128408540417056
1.074E-4                  0.0016026844135752477
1.075E-4                  0.0015925279731275293
1.076E-4                  0.0015823715326985452
1.0769999999999999E-4     0.001572215092288289
1.0779999999999999E-4     0.0015620586518967528
1.079E-4                  0.0015519022115239307
1.08E-4                   0.0015417457711698163
1.081E-4                  0.0015315893308344036
1.082E-4                  0.001521432890517686
1.0829999999999999E-4     0.0015112764502196582
1.0839999999999999E-4     0.0015011200099403113
1.085E-4                  0.0014909635696796397
1.086E-4                  0.0014808071294376375
1.087E-4                  0.0014706506892142983
1.0879999999999999E-4     0.0014604942490096166
1.0889999999999999E-4     0.0014501721026799416
1.0899999999999999E-4     0.0014396459084948068
1.091E-4                  0.0014291197142918194
1.092E-4                  0.0014185935200709727
1.093E-4                  0.0014080673258322618
1.0939999999999999E-4     0.001397541131575682
1.0949999999999999E-4     0.0013870149373012245
1.096E-4                  0.0013764887430088846
1.097E-4                  0.0013659625486986573
1.098E-4                  0.0013554363543705366
1.099E-4                  0.001344910160024517
1.0999999999999999E-4     0.001334383965660593
1.1009999999999999E-4     0.0013238577712787565
1.102E-4                  0.001313331576879004
1.103E-4                  0.0013028053824613286
1.104E-4                  0.001292279188025725
1.1049999999999999E-4     0.0012817529935721893
1.1059999999999999E-4     0.0012713612456987109
1.107E-4                  0.0012631025987034498
1.108E-4                  0.0012548439517215714
1.109E-4                  0.001246585304753073
1.11E-4                   0.0012383266577979518
1.1109999999999999E-4     0.0012300680108562052
1.1119999999999999E-4     0.0012218093639278296
1.113E-4                  0.0012135507170128218
1.114E-4                  0.0012052920701111798
1.115E-4                  0.0011970334232229006
1.1159999999999999E-4     0.0011887747763479823
1.1169999999999999E-4     0.0011805161294864202
1.118E-4                  0.001172257482638212
1.119E-4                  0.0011639988358033556
1.12E-4                   0.0011557401889818473
1.121E-4                  0.0011474815421736847
1.1219999999999999E-4     0.0011394812830152932
1.1229999999999999E-4     0.0011318539016611441
1.124E-4                  0.0011242265202972008
1.125E-4                  0.00111659913892346
1.126E-4                  0.001108971757539919
1.1269999999999999E-4     0.0011013443761465759
1.1279999999999999E-4     0.0010937169947434265
1.1289999999999999E-4     0.0010860896133304682
1.13E-4                   0.0010784622319076984
1.131E-4                  0.0010708348504751143
1.132E-4                  0.0010632074690327135
1.1329999999999999E-4     0.0010555800875804936
1.1339999999999999E-4     0.00104795270611845
1.135E-4                  0.0010403253246465806
1.136E-4                  0.0010326979431648832
1.137E-4                  0.0010250705616733544
1.138E-4                  0.0010176476672163134
1.1389999999999999E-4     0.0010102895806889608
1.1399999999999999E-4     0.0010029314941673397
1.141E-4                  9.95573407651449E-4
1.142E-4                  9.882153211412887E-4
1.143E-4                  9.80857234636855E-4
1.1439999999999999E-4     9.734991481381487E-4
1.1449999999999999E-4     9.66141061645166E-4
1.146E-4                  9.587829751579056E-4
1.147E-4                  9.514248886763665E-4
1.148E-4                  9.440668022005466E-4
1.149E-4                  9.367087157304447E-4
1.1499999999999999E-4     9.293506292660597E-4
1.1509999999999999E-4     9.21992542807388E-4
1.152E-4                  9.146344563544292E-4
1.153E-4                  9.074600812814025E-4
1.154E-4                  9.01781756349336E-4
1.1549999999999999E-4     8.961034314147719E-4
1.1559999999999999E-4     8.904251064777082E-4
1.157E-4                  8.847467815381437E-4
1.158E-4                  8.790684565960773E-4
1.159E-4                  8.73390131651508E-4
1.16E-4                   8.677118067044338E-4
1.1609999999999999E-4     8.620334817548548E-4
1.1619999999999999E-4     8.563551568027678E-4
1.163E-4                  8.506768318481726E-4
1.164E-4                  8.449985068910672E-4
1.165E-4                  8.393201819314512E-4
1.1659999999999999E-4     8.336418569693235E-4
1.1669999999999999E-4     8.279635320046815E-4
1.1679999999999999E-4     8.222852070375246E-4
1.169E-4                  8.164652047262888E-4
1.17E-4                   8.104784784682508E-4
1.171E-4                  8.044917522108158E-4
1.1719999999999999E-4     7.985050259539835E-4
1.1729999999999999E-4     7.925182996977515E-4
1.174E-4                  7.865315734421198E-4
1.175E-4                  7.80544847187087E-4
1.176E-4                  7.745581209326525E-4
1.177E-4                  7.685713946788155E-4
1.1779999999999999E-4     7.62584668425576E-4
1.1789999999999999E-4     7.565979421729314E-4
1.18E-4                   7.50611215920881E-4
1.181E-4                  7.446244896694252E-4
1.182E-4                  7.386377634185617E-4
1.1829999999999999E-4     7.326510371682914E-4
1.1839999999999999E-4     7.266643109186114E-4
1.185E-4                  7.217959897043459E-4
1.186E-4                  7.17191002991294E-4
1.187E-4                  7.125860162789439E-4
1.188E-4                  7.07981029567295E-4
1.1889999999999999E-4     7.033760428563473E-4
1.1899999999999999E-4     6.98771056146099E-4
1.191E-4                  6.941660694365499E-4
1.192E-4                  6.895610827276995E-4
1.193E-4                  6.849560960195472E-4
1.1939999999999999E-4     6.80351109312093E-4
1.1949999999999999E-4     6.757461226053345E-4
1.196E-4                  6.711411358992726E-4
1.197E-4                  6.665361491939059E-4
1.198E-4                  6.61931162489234E-4
1.199E-4                  6.573261757852564E-4
1.1999999999999999E-4     6.52715297544803E-4
1.2009999999999999E-4     6.480733601992275E-4
1.202E-4                  6.434314228524303E-4
1.203E-4                  6.387894855044116E-4
1.204E-4                  6.341475481551701E-4
1.2049999999999999E-4     6.295056108047068E-4
1.2059999999999999E-4     6.248636734530193E-4
1.2069999999999999E-4     6.202217361001083E-4
1.208E-4                  6.15579798745973E-4
1.209E-4                  6.10937861390613E-4
1.21E-4                   6.06295924034028E-4
1.2109999999999999E-4     6.016539866762178E-4
1.2119999999999999E-4     5.97012049317181E-4
1.213E-4                  5.923701119569176E-4
1.214E-4                  5.877281745954273E-4
1.215E-4                  5.830862372327095E-4
1.216E-4                  5.788586997273605E-4
1.2169999999999999E-4     5.750301584229006E-4
1.2179999999999999E-4     5.712016171198266E-4
1.219E-4                  5.673730758181388E-4
1.22E-4                   5.635445345178366E-4
1.2209999999999999E-4     5.597159932189202E-4
1.222E-4                  5.558874519213885E-4
1.223E-4                  5.520589106252412E-4
1.224E-4                  5.482303693304786E-4
1.225E-4                  5.444018280370998E-4
1.226E-4                  5.405732867451051E-4
1.227E-4                  5.367447454544935E-4
1.228E-4                  5.32916204165265E-4
1.229E-4                  5.290876628774195E-4
1.2299999999999998E-4     5.252591215909573E-4
1.2309999999999998E-4     5.214305803058762E-4
1.2319999999999999E-4     5.178167052086677E-4
1.233E-4                  5.142379227106046E-4
1.234E-4                  5.106591402112662E-4
1.235E-4                  5.070803577106524E-4
1.236E-4                  5.035015752087625E-4
1.237E-4                  4.999227927055967E-4
1.238E-4                  4.963440102011546E-4
1.239E-4                  4.927652276954358E-4
1.24E-4                   4.891864451884402E-4
1.241E-4                  4.8560766268016783E-4
1.2419999999999998E-4     4.8202888017061886E-4
1.2429999999999999E-4     4.7845009765979155E-4
1.244E-4                  4.748713151476864E-4
1.245E-4                  4.712925326343032E-4
1.246E-4                  4.677137501196417E-4
1.247E-4                  4.642231615216562E-4
1.248E-4                  4.610653135208176E-4
1.249E-4                  4.5790746552105125E-4
1.25E-4                   4.547496175223564E-4
1.251E-4                  4.515917695247332E-4
1.252E-4                  4.484339215281813E-4
1.2529999999999998E-4     4.452760735327016E-4
1.2539999999999999E-4     4.421182255382921E-4
1.255E-4                  4.3896037754495327E-4
1.256E-4                  4.358025295526854E-4
1.257E-4                  4.32644681561488E-4
1.258E-4                  4.29486833571361E-4
1.259E-4                  4.263289855823042E-4
1.26E-4                   4.2317113759431763E-4
1.261E-4                  4.2001328960740084E-4
1.262E-4                  4.1685544162155377E-4
1.263E-4                  4.13903708614562E-4
1.2639999999999998E-4     4.111142226268965E-4
1.2649999999999998E-4     4.0832473663840804E-4
1.266E-4                  4.0553525064909767E-4
1.267E-4                  4.02745764658965E-4
1.268E-4                  3.9995627866801E-4
1.269E-4                  3.971667926762325E-4
1.27E-4                   3.943773066836324E-4
1.271E-4                  3.915878206902095E-4
1.272E-4                  3.8879833469596396E-4
1.273E-4                  3.8600884870089523E-4
1.274E-4                  3.832193627050035E-4
1.2749999999999998E-4     3.804298767082893E-4
1.2759999999999998E-4     3.7764039071075097E-4
1.277E-4                  3.7485090471238913E-4
1.278E-4                  3.720614187132038E-4
1.279E-4                  3.694746959730834E-4
1.28E-4                   3.6690813209669555E-4
1.281E-4                  3.643415682209116E-4
1.282E-4                  3.6177500434573146E-4
1.283E-4                  3.5920844047115507E-4
1.284E-4                  3.566418765971823E-4
1.285E-4                  3.5407531272381324E-4
1.2859999999999998E-4     3.515087488510483E-4
1.2869999999999998E-4     3.489421849788861E-4
1.288E-4                  3.4637562110732725E-4
1.289E-4                  3.4380905723637155E-4
1.29E-4                   3.41242493366019E-4
1.291E-4                  3.3867592949626975E-4
1.292E-4                  3.361093656271232E-4
1.293E-4                  3.335428017585798E-4
1.294E-4                  3.3109228206019406E-4
1.295E-4                  3.2897273784587594E-4
1.296E-4                  3.2685319363139607E-4
1.2969999999999998E-4     3.2473364941675487E-4
1.2979999999999998E-4     3.2261410520195114E-4
1.2989999999999999E-4     3.2049456098698565E-4
1.3E-4                    3.18375016771858E-4
1.301E-4                  3.1625547255656824E-4
1.302E-4                  3.141359283411165E-4
1.303E-4                  3.120163841255025E-4
1.304E-4                  3.0989683990972634E-4
1.305E-4                  3.0777729569378783E-4
1.306E-4                  3.05657751477687E-4
1.307E-4                  3.0353820726142396E-4
1.3079999999999998E-4     3.014186630449989E-4
1.3089999999999998E-4     2.992991188284108E-4
1.3099999999999999E-4     2.971795746116602E-4
1.311E-4                  2.950600303947469E-4
1.312E-4                  2.9294048617767104E-4
1.313E-4                  2.908209419604324E-4
1.314E-4                  2.8870139774303115E-4
1.315E-4                  2.86581853525467E-4
1.316E-4                  2.8446230930774E-4
1.317E-4                  2.8234276508985013E-4
1.318E-4                  2.8022322087179716E-4
1.3189999999999998E-4     2.7810367665358183E-4
1.3199999999999998E-4     2.759841324352029E-4
1.3209999999999999E-4     2.7386458821666073E-4
1.322E-4                  2.7174504399795545E-4
1.323E-4                  2.6962549977908694E-4
1.324E-4                  2.6750595556005504E-4
1.325E-4                  2.653864113408599E-4
1.326E-4                  2.636350456022847E-4
1.327E-4                  2.618991621772675E-4
1.328E-4                  2.6016327875235285E-4
1.329E-4                  2.5842739532754065E-4
1.33E-4                   2.566915119028309E-4
1.3309999999999998E-4     2.54955628478224E-4
1.3319999999999999E-4     2.532197450537191E-4
1.333E-4                  2.5148386162931655E-4
1.334E-4                  2.497479782050163E-4
1.335E-4                  2.4801209478081843E-4
1.336E-4                  2.4627621135672284E-4
1.337E-4                  2.445403279327295E-4
1.338E-4                  2.4280444450883843E-4
1.339E-4                  2.4106856108504953E-4
1.34E-4                   2.3933267766136285E-4
1.341E-4                  2.3759679423777832E-4
1.3419999999999998E-4     2.3586091081429636E-4
1.3429999999999998E-4     2.341250273909161E-4
1.344E-4                  2.3238914396763786E-4
1.345E-4                  2.306532605444617E-4
1.346E-4                  2.2891737712138764E-4
1.347E-4                  2.2718149369841553E-4
1.348E-4                  2.2544561027554536E-4
1.349E-4                  2.2370972685277715E-4
1.35E-4                   2.219738434301108E-4
1.351E-4                  2.2023796000754647E-4
1.352E-4                  2.1850207658508393E-4
1.3529999999999998E-4     2.167661931627237E-4
1.3539999999999998E-4     2.1503030974046484E-4
1.355E-4                  2.1329442631830774E-4
1.356E-4                  2.115585428962524E-4
1.357E-4                  2.10076827879071E-4
1.358E-4                  2.0872622531375301E-4
1.359E-4                  2.073756227483762E-4
1.36E-4                   2.0602502018294045E-4
1.361E-4                  2.0467441761744582E-4
1.362E-4                  2.0332381505189223E-4
1.363E-4                  2.0197321248627972E-4
1.3639999999999998E-4     2.006226099206086E-4
1.3649999999999998E-4     1.9927200735487817E-4
1.3659999999999999E-4     1.9792140478908877E-4
1.367E-4                  1.9657080222324036E-4
1.368E-4                  1.9522019965733292E-4
1.369E-4                  1.9386959709136647E-4
1.37E-4                   1.9251899452534102E-4
1.371E-4                  1.911683919592565E-4
1.372E-4                  1.8981778939311286E-4
1.373E-4                  1.8846718682691022E-4
1.374E-4                  1.871165842606484E-4
1.3749999999999998E-4     1.8576598169432797E-4
1.3759999999999998E-4     1.8441537912794792E-4
1.3769999999999999E-4     1.8306477656150882E-4
1.378E-4                  1.817141739950105E-4
1.379E-4                  1.8036357142845315E-4
1.38E-4                   1.7901296886183653E-4
1.381E-4                  1.7766236629516077E-4
1.382E-4                  1.7631176372842573E-4
1.383E-4                  1.7496116116163152E-4
1.384E-4                  1.7361055859477808E-4
1.385E-4                  1.722599560278654E-4
1.3859999999999998E-4     1.7090935346089384E-4
1.3869999999999998E-4     1.6955875089386262E-4
1.3879999999999999E-4     1.682990834886228E-4
1.389E-4                  1.6720125621948447E-4
1.39E-4                   1.661034289503758E-4
1.391E-4                  1.6500560168129671E-4
1.392E-4                  1.6390777441224725E-4
1.393E-4                  1.6280994714322738E-4
1.394E-4                  1.617121198742372E-4
1.395E-4                  1.6061429260527652E-4
1.396E-4                  1.5951646533634545E-4
1.3969999999999998E-4     1.5841863806744424E-4
1.3979999999999998E-4     1.5732081079857237E-4
1.3989999999999999E-4     1.5622298352973004E-4
1.4E-4                    1.5512515626091725E-4
1.401E-4                  1.54027328992134E-4
1.402E-4                  1.5292950172338032E-4
1.403E-4                  1.518316744546562E-4
1.404E-4                  1.5073384718596158E-4
1.405E-4                  1.4963601991729652E-4
1.406E-4                  1.4853819264866095E-4
1.407E-4                  1.4744036538005486E-4
1.408E-4                  1.4634253811147835E-4
1.4089999999999998E-4     1.4524471084293163E-4
1.4099999999999998E-4     1.4414688357441405E-4
1.411E-4                  1.4304905630592598E-4
1.412E-4                  1.419512290374674E-4
1.413E-4                  1.4085340176903826E-4
1.414E-4                  1.3975557450063864E-4
1.415E-4                  1.3865774723226842E-4
1.416E-4                  1.375599199639277E-4
1.417E-4                  1.3646209269561644E-4
1.418E-4                  1.3536426542733453E-4
1.419E-4                  1.342854471259846E-4
1.4199999999999998E-4     1.3350550817988296E-4
1.4209999999999998E-4     1.327255692337729E-4
1.422E-4                  1.3194563028765465E-4
1.423E-4                  1.3116569134152822E-4
1.424E-4                  1.303857523953936E-4
1.425E-4                  1.2960581344925078E-4
1.426E-4                  1.2882587450309982E-4
1.427E-4                  1.280459355569406E-4
1.428E-4                  1.2726599661077323E-4
1.429E-4                  1.2648605766459766E-4
1.43E-4                   1.2570611871841385E-4
1.4309999999999998E-4     1.249261797722221E-4
1.4319999999999998E-4     1.2414624082602186E-4
1.433E-4                  1.233663018798135E-4
1.434E-4                  1.2258636293359688E-4
1.435E-4                  1.2180642398737205E-4
1.436E-4                  1.21026485041139E-4
1.437E-4                  1.2024654609489774E-4
1.438E-4                  1.1946660714864822E-4
1.439E-4                  1.1868666820239054E-4
1.44E-4                   1.1790672925612458E-4
1.441E-4                  1.1712679030985047E-4
1.4419999999999998E-4     1.1634685136356825E-4
1.4429999999999998E-4     1.1556691241727762E-4
1.4439999999999999E-4     1.1478697347097875E-4
1.445E-4                  1.1400703452467162E-4
1.446E-4                  1.132270955783563E-4
1.447E-4                  1.1244715663203269E-4
1.448E-4                  1.1166721768570086E-4
1.449E-4                  1.1088727873936077E-4
1.45E-4                   1.101073397930124E-4
1.451E-4                  1.0932740084665583E-4
1.452E-4                  1.0854746190029094E-4
1.4529999999999998E-4     1.0776752295391806E-4
1.4539999999999998E-4     1.0698758400753665E-4
1.4549999999999999E-4     1.0620764506114702E-4
1.456E-4                  1.0542770611474909E-4
1.457E-4                  1.0464776716834292E-4
1.458E-4                  1.0386782822192844E-4
1.459E-4                  1.0308788927550572E-4
1.46E-4                   1.023079503290747E-4
1.461E-4                  1.015280113826354E-4
1.462E-4                  1.0074807243618783E-4
1.463E-4                  9.996813348973197E-5
1.4639999999999998E-4     9.918819454326805E-5
1.4649999999999998E-4     9.84082555967956E-5
1.4659999999999999E-4     9.762831665031486E-5
1.467E-4                  9.684837770382585E-5
1.468E-4                  9.60684387573285E-5
1.469E-4                  9.528849981082287E-5
1.47E-4                   9.450856086430893E-5
1.471E-4                  9.372862191778667E-5
1.472E-4                  9.294868297125612E-5
1.473E-4                  9.216874402471726E-5
1.474E-4                  9.138880507817008E-5
1.4749999999999998E-4     9.060886613161479E-5
1.4759999999999998E-4     8.9828927185051E-5
1.4769999999999999E-4     8.904898823847883E-5
1.478E-4                  8.826904929189838E-5
1.479E-4                  8.74891103453096E-5
1.48E-4                   8.67091713987125E-5
1.481E-4                  8.592923245210705E-5
1.482E-4                  8.528064724887759E-5
1.483E-4                  8.478632273872257E-5
1.484E-4                  8.429199822857048E-5
1.485E-4                  8.379767371842131E-5
1.4859999999999998E-4     8.33033492082752E-5
1.4869999999999998E-4     8.280902469813189E-5
1.4879999999999998E-4     8.231470018799147E-5
1.489E-4                  8.1820375677854E-5
1.49E-4                   8.132605116771945E-5
1.491E-4                  8.08317266575878E-5
1.492E-4                  8.03374021474591E-5
1.493E-4                  7.984307763733332E-5
1.494E-4                  7.934875312721044E-5
1.495E-4                  7.885442861709048E-5
1.496E-4                  7.836010410697345E-5
1.497E-4                  7.786577959685933E-5
1.4979999999999998E-4     7.737145508674828E-5
1.4989999999999998E-4     7.687713057663997E-5
1.5E-4                    7.638280606653461E-5
