% Model:              20230225_JW_4_15.mph
% Version:            COMSOL 5.6.0.401
% Date:               Feb 25 2023, 20:33
% Dimension:          1
% Nodes:              1501
% Expressions:        1
% Description:        点图
% X                       Height
0                         17.725584016947796
1.0E-7                    17.732548920089364
2.0E-7                    17.7317993504084
3.0E-7                    17.704000899415053
4.0E-7                    17.668690862491452
5.0E-7                    17.629648954596775
6.0E-7                    17.58860073259698
7.0E-7                    17.539352377950635
8.0E-7                    17.47899725058821
9.0E-7                    17.411824657935608
1.0E-6                    17.34177717952223
1.1E-6                    17.266946317433046
1.2E-6                    17.18828722976826
1.2999999999999998E-6     17.10667727904876
1.4E-6                    17.022748349660443
1.5E-6                    16.93705696166482
1.6E-6                    16.84911967979316
1.6999999999999998E-6     16.760194357161417
1.8E-6                    16.669710639276847
1.9E-6                    16.57856984850335
2.0E-6                    16.48661175490383
2.1E-6                    16.394103017841275
2.2E-6                    16.301157722484724
2.3E-6                    16.207995294825
2.4E-6                    16.114623216621
2.4999999999999998E-6     16.02104207991106
2.5999999999999997E-6     15.927456615991296
2.7E-6                    15.833876837884445
2.8E-6                    15.740355380382042
2.8999999999999998E-6     15.646946074255062
3.0E-6                    15.553691591961158
3.1E-6                    15.4605846128502
3.2E-6                    15.367739373019326
3.2999999999999997E-6     15.275108139696883
3.3999999999999996E-6     15.182696475239828
3.5E-6                    15.090537324671368
3.6E-6                    14.998763779291265
3.6999999999999997E-6     14.907430494550232
3.8E-6                    14.816135600949108
3.9E-6                    14.72525301247473
4.0E-6                    14.634862275410478
4.1E-6                    14.544472939022494
4.2E-6                    14.45468523627432
4.2999999999999995E-6     14.364903290398157
4.4E-6                    14.275697808641784
4.5E-6                    14.187010000039399
4.6E-6                    14.098366189341075
4.7E-6                    14.01036642432824
4.8E-6                    13.922367303255273
4.9E-6                    13.835097750175057
4.9999999999999996E-6     13.748319264438715
5.0999999999999995E-6     13.661623764777454
5.199999999999999E-6      13.575462183770345
5.3E-6                    13.489301305850901
5.4E-6                    13.404007362824805
5.5E-6                    13.319143129673414
5.6E-6                    13.234428564616264
5.7E-6                    13.150295323632065
5.7999999999999995E-6     13.06616289943952
5.899999999999999E-6      12.98278169559447
6.0E-6                    12.89966520324978
6.1E-6                    12.816936545755322
6.2E-6                    12.735229185006016
6.3E-6                    12.653522334091608
6.4E-6                    12.57163977498151
6.5E-6                    12.489717234859585
6.5999999999999995E-6     12.408071808518583
6.699999999999999E-6      12.326946875736292
6.799999999999999E-6      12.245820139511581
6.9E-6                    12.171154041259218
7.0E-6                    12.097365929460729
7.1E-6                    12.016956035844455
7.2E-6                    11.933731184587906
7.2999999999999996E-6     11.857009091350742
7.3999999999999995E-6     11.781123767908376
7.499999999999999E-6      11.705095380036827
7.6E-6                    11.626470520973816
7.699999999999999E-6      11.551927168296467
7.8E-6                    11.476215540707582
7.899999999999999E-6      11.400248790752128
8.0E-6                    11.32540585703482
8.1E-6                    11.251019340220827
8.2E-6                    11.177269828288718
8.3E-6                    11.103278334451632
8.4E-6                    11.029724990075495
8.5E-6                    10.957322741317101
8.599999999999999E-6      10.884831785171524
8.7E-6                    10.812388653964566
8.8E-6                    10.740916162324051
8.9E-6                    10.669504456671534
9.0E-6                    10.598163466444099
9.1E-6                    10.527871415297282
9.2E-6                    10.457662365640594
9.299999999999999E-6      10.388056987256693
9.4E-6                    10.318885867792506
9.499999999999999E-6      10.250079818283673
9.6E-6                    10.1816708911985
9.7E-6                    10.113647665573561
9.8E-6                    10.046030298576824
9.9E-6                    9.978821631146474
9.999999999999999E-6      9.912006013944016
1.01E-5                   9.845611291868652
1.0199999999999999E-5     9.779596198017563
1.03E-5                   9.713966980255263
1.0399999999999999E-5     9.648716727904398
1.05E-5                   9.58398291574203
1.06E-5                   9.519416982725476
1.07E-5                   9.455488800935779
1.08E-5                   9.391719443086773
1.0899999999999999E-5     9.328517314365293
1.1E-5                    9.265572411517965
1.1099999999999999E-5     9.203003688583891
1.12E-5                   9.14090061097433
1.13E-5                   9.079062095471615
1.14E-5                   9.017762542006043
1.15E-5                   8.956616368736926
1.1599999999999999E-5     8.89611220084646
1.17E-5                   8.835932256899115
1.1799999999999999E-5     8.776400511201553
1.19E-5                   8.716868929673565
1.2E-5                    8.6573375368592
1.21E-5                   8.598833961020231
1.22E-5                   8.54059240321559
1.2299999999999999E-5     8.482351046997335
1.24E-5                   8.424438560167776
1.2499999999999999E-5     8.367458736915465
1.26E-5                   8.310479035793223
1.2699999999999999E-5     8.2534994779653
1.28E-5                   8.197453199361103
1.29E-5                   8.14176238641974
1.3E-5                    8.086071769898597
1.31E-5                   8.030613383172664
1.3199999999999999E-5     7.976157932425828
1.33E-5                   7.921702555838083
1.3399999999999999E-5     7.867247271631016
1.35E-5                   7.81359119463468
1.3599999999999999E-5     7.760362670982981
1.37E-5                   7.70713435873273
1.38E-5                   7.65404101242913
1.3899999999999999E-5     7.601982680693554
1.4E-5                    7.549924348295593
1.4099999999999999E-5     7.4978660309717835
1.42E-5                   7.446550547557093
1.4299999999999999E-5     7.395775732400823
1.44E-5                   7.345001200108284
1.45E-5                   7.294264666926329
1.4599999999999999E-5     7.244377667864059
1.47E-5                   7.1944905143678906
1.4799999999999999E-5     7.144603220408538
1.49E-5                   7.095592099360332
1.4999999999999999E-5     7.047436331639745
1.51E-5                   6.999281062744945
1.52E-5                   6.951126304568093
1.53E-5                   6.902872826026417
1.5399999999999998E-5     6.854615742983044
1.55E-5                   6.806358143775657
1.56E-5                   6.759565374615719
1.57E-5                   6.714688544963309
1.5799999999999998E-5     6.669812804604933
1.59E-5                   6.624938160579461
1.6E-5                    6.577389117034151
1.61E-5                   6.529531761934901
1.62E-5                   6.481672863816486
1.63E-5                   6.436056594720644
1.64E-5                   6.394417663058182
1.6499999999999998E-5     6.352780472583058
1.66E-5                   6.3101485196580995
1.67E-5                   6.267490486378234
1.68E-5                   6.2230604195441215
1.69E-5                   6.1787327563588885
1.7E-5                    6.1363094210037055
1.71E-5                   6.094252092857301
1.7199999999999998E-5     6.051545339781074
1.73E-5                   6.009978116993902
1.74E-5                   5.968623199700041
1.75E-5                   5.926823079631972
1.76E-5                   5.8852643947689955
1.77E-5                   5.845042124602942
1.78E-5                   5.804179811644016
1.7899999999999998E-5     5.763929424674767
1.8E-5                    5.72402462393363
1.81E-5                   5.68409561541992
1.82E-5                   5.6446359082348465
1.8299999999999998E-5     5.605401150382357
1.84E-5                   5.566361640087138
1.85E-5                   5.527622141347883
1.8599999999999998E-5     5.489170529439383
1.87E-5                   5.45091434358685
1.88E-5                   5.412968348511769
1.89E-5                   5.3752564631312065
1.8999999999999998E-5     5.337799286474385
1.91E-5                   5.3006642409403
1.92E-5                   5.263783782988688
1.9299999999999998E-5     5.227138385964646
1.94E-5                   5.190726060564904
1.95E-5                   5.154628696669896
1.96E-5                   5.118753581494732
1.9699999999999998E-5     5.083094440613027
1.98E-5                   5.047663961389112
1.99E-5                   5.012538376669782
1.9999999999999998E-5     4.977623448655447
2.01E-5                   4.942917487994006
2.02E-5                   4.9084543702585535
2.03E-5                   4.874269195135238
2.0399999999999998E-5     4.8403750975769535
2.05E-5                   4.806701862803823
2.06E-5                   4.7730286629295176
2.07E-5                   4.739864267628109
2.0799999999999997E-5     4.706798652597716
2.09E-5                   4.673817892709279
2.1E-5                    4.641362431057098
2.1099999999999998E-5     4.60890699652539
2.12E-5                   4.576842826158019
2.13E-5                   4.5452753629890665
2.14E-5                   4.513707924395789
2.1499999999999997E-5     4.482140513748621
2.16E-5                   4.450573134424142
2.17E-5                   4.41905600788484
2.1799999999999998E-5     4.388635478312663
2.19E-5                   4.358214964572782
2.2E-5                    4.327794469655025
2.21E-5                   4.297373996554427
2.2199999999999998E-5     4.266953548271123
2.23E-5                   4.237249992691165
2.24E-5                   4.207937640560961
2.2499999999999998E-5     4.178625305772087
2.26E-5                   4.149312991007631
2.27E-5                   4.120000698954923
2.28E-5                   4.090958513395151
2.2899999999999998E-5     4.062726025848516
2.3E-5                    4.034493552837517
2.31E-5                   4.006261096744985
2.3199999999999998E-5     3.978028659957224
2.33E-5                   3.949796244863961
2.34E-5                   3.9224463855413547
2.35E-5                   3.895248263683708
2.3599999999999998E-5     3.8680501555180498
2.37E-5                   3.8408520631783363
2.38E-5                   3.813653988801431
2.3899999999999998E-5     3.7869092069207086
2.4E-5                    3.7607041596377537
2.41E-5                   3.7344991247921335
2.42E-5                   3.708294104291944
2.4299999999999998E-5     3.682089100047641
2.44E-5                   3.65594227627617
2.45E-5                   3.6307125118624026
2.4599999999999998E-5     3.605482756479361
2.4699999999999997E-5     3.580253011816202
2.48E-5                   3.5550232795640935
2.49E-5                   3.5297935614161835
2.4999999999999998E-5     3.505167663330518
2.51E-5                   3.4808489468203696
2.52E-5                   3.4565302414181227
2.53E-5                   3.4322115486565314
2.5399999999999997E-5     3.4078928700699467
2.55E-5                   3.3838176263057878
2.56E-5                   3.3604141469487256
2.5699999999999998E-5     3.337010673878759
2.58E-5                   3.313607208429079
2.59E-5                   3.290203751934245
2.6E-5                    3.266800305730156
2.6099999999999997E-5     3.2441335196153656
2.62E-5                   3.221577643978404
2.63E-5                   3.1990217791979667
2.6399999999999998E-5     3.176465926509404
2.65E-5                   3.153910087149164
2.66E-5                   3.1317459020210965
2.67E-5                   3.1100192630357495
2.6799999999999998E-5     3.0882926270569273
2.69E-5                   3.0665659951354733
2.7E-5                    3.044839368323146
2.7099999999999998E-5     3.0231767767679765
2.7199999999999997E-5     3.002298325661716
2.73E-5                   2.9814198853230174
2.74E-5                   2.9605414567404997
2.7499999999999998E-5     2.939663040903554
2.76E-5                   2.9187846388023333
2.77E-5                   2.8983433642422383
2.7799999999999998E-5     2.878109058895107
2.7899999999999997E-5     2.857874753288188
2.8E-5                    2.8376404482655246
2.81E-5                   2.817406144671756
2.8199999999999998E-5     2.7974562145235757
2.83E-5                   2.7782309302914854
2.84E-5                   2.759005656843512
2.8499999999999998E-5     2.739780394932938
2.8599999999999997E-5     2.7205551453136096
2.87E-5                   2.701329908739923
2.88E-5                   2.6823444552284657
2.8899999999999998E-5     2.663390159391753
2.9E-5                    2.6444358653928988
2.91E-5                   2.6254815739686657
2.9199999999999998E-5     2.606527285856178
2.9299999999999997E-5     2.5881550872973595
2.94E-5                   2.5703931840490535
2.95E-5                   2.552631284603627
2.9599999999999998E-5     2.5348693894566154
2.97E-5                   2.517107499103887
2.98E-5                   2.499600322164729
2.99E-5                   2.4821839934576295
2.9999999999999997E-5     2.4647676776081666
3.01E-5                   2.44735137526883
3.02E-5                   2.430043133226138
3.0299999999999998E-5     2.4127732740266246
3.04E-5                   2.3955034090274716
3.05E-5                   2.3785434150571
3.06E-5                   2.362100336269079
3.07E-5                   2.345657268201074
3.0799999999999996E-5     2.329191499756317
3.09E-5                   2.3127020294824607
3.1E-5                    2.296212560898727
3.11E-5                   2.2800303221960188
3.12E-5                   2.263861734209184
3.13E-5                   2.247863086350536
3.14E-5                   2.2319436114582416
3.15E-5                   2.2162306612479967
3.1599999999999996E-5     2.2006367025546614
3.17E-5                   2.185196650297342
3.18E-5                   2.1698650200716227
3.1899999999999996E-5     2.1545904327297802
3.2E-5                    2.1393646369964956
3.21E-5                   2.124296791231331
3.22E-5                   2.1093925475514888
3.23E-5                   2.0945703579589052
3.24E-5                   2.079851137995524
3.25E-5                   2.0651982866427607
3.26E-5                   2.0506467771546437
3.2699999999999995E-5     2.036189110097226
3.28E-5                   2.0219072751120053
3.29E-5                   2.007675904293044
3.2999999999999996E-5     1.9935621415199674
3.31E-5                   1.979499372281048
3.32E-5                   1.9655875667188603
3.3299999999999996E-5     1.9517211296937993
3.34E-5                   1.938030891334211
3.35E-5                   1.924367292966887
3.36E-5                   1.9108467217183
3.37E-5                   1.8973491786195127
3.38E-5                   1.8840393468246324
3.39E-5                   1.8707466997886948
3.4E-5                    1.8577161780858529
3.4099999999999995E-5     1.8446856581195048
3.42E-5                   1.8316551401199828
3.43E-5                   1.8186246243176905
3.4399999999999996E-5     1.8059484463413267
3.45E-5                   1.7932847288939855
3.46E-5                   1.780621012937441
3.4699999999999996E-5     1.7679572986845387
3.48E-5                   1.7556119472273357
3.49E-5                   1.743313939503586
3.5E-5                    1.731015933209767
3.51E-5                   1.718717928539172
3.52E-5                   1.7066872312701928
3.53E-5                   1.6947341150846076
3.54E-5                   1.6827810001910195
3.5499999999999996E-5     1.6708278867682134
3.56E-5                   1.6591082391561511
3.57E-5                   1.6474986763603772
3.5799999999999996E-5     1.6358891147314634
3.59E-5                   1.6242795544322417
3.6E-5                    1.612861865614066
3.6099999999999997E-5     1.6015808072806808
3.62E-5                   1.5902997499706446
3.63E-5                   1.5790186938337938
3.64E-5                   1.5678950235824947
3.65E-5                   1.5569360883145855
3.6599999999999995E-5     1.5459771540655551
3.67E-5                   1.5350182209726384
3.68E-5                   1.5242405641251284
3.6899999999999996E-5     1.513742770493017
3.7E-5                    1.5032449776400056
3.71E-5                   1.492747185686615
3.7199999999999996E-5     1.4822493947533901
3.73E-5                   1.4717516049608959
3.74E-5                   1.461253816429723
3.75E-5                   1.4507560292804846
3.76E-5                   1.4403774088737256
3.77E-5                   1.430469177119197
3.78E-5                   1.420560945679137
3.79E-5                   1.4106527146548442
3.7999999999999995E-5     1.400744484147637
3.81E-5                   1.390836254258851
3.82E-5                   1.38092802508984
3.8299999999999996E-5     1.3710197967419753
3.84E-5                   1.3611177692297798
3.85E-5                   1.3517654855501149
3.8599999999999996E-5     1.342413202226164
3.87E-5                   1.333060919343137
3.88E-5                   1.3237086369862627
3.89E-5                   1.3143563552407795
3.9E-5                    1.3050040741919402
3.9099999999999995E-5     1.2956517939250114
3.92E-5                   1.2862995145252698
3.93E-5                   1.277379117140119
3.9399999999999995E-5     1.26855341022575
3.95E-5                   1.2597277036790158
3.96E-5                   1.2509019975713866
3.9699999999999996E-5     1.2420762919743435
3.98E-5                   1.2332505869593748
3.99E-5                   1.2244248825979804
3.9999999999999996E-5     1.2155991789616702
4.01E-5                   1.2070853494796656
4.02E-5                   1.1987553134191395
4.03E-5                   1.1904252776051925
4.04E-5                   1.1820952420980584
4.0499999999999995E-5     1.1737652069579796
4.06E-5                   1.1654351722452054
4.07E-5                   1.1571051380199924
4.0799999999999996E-5     1.1487751043426062
4.09E-5                   1.1406500050745483
4.1E-5                    1.1327876185577472
4.1099999999999996E-5     1.1249252323072385
4.12E-5                   1.1170628463735721
4.13E-5                   1.1092004608073043
4.14E-5                   1.1013380756589977
4.15E-5                   1.093475690979218
4.1599999999999995E-5     1.0856133068185387
4.17E-5                   1.0778605554540943
4.18E-5                   1.07044158211959
4.1899999999999995E-5     1.0630226089307018
4.2E-5                    1.0556036359299086
4.21E-5                   1.0481846631596954
4.2199999999999996E-5     1.0407656906625506
4.23E-5                   1.0333467184809657
4.24E-5                   1.0259277466574377
4.2499999999999996E-5     1.0185321255081456
4.26E-5                   1.011528108161555
4.27E-5                   1.0045240910075206
4.28E-5                   0.9975200740818456
4.29E-5                   0.990516057420335
4.2999999999999995E-5     0.9835120410587984
4.31E-5                   0.9765080250330471
4.32E-5                   0.9695040093788967
4.3299999999999995E-5     0.9624999941321651
4.34E-5                   0.9558387127100121
4.35E-5                   0.9492307860496945
4.3599999999999996E-5     0.9426228595001395
4.37E-5                   0.9360149330912804
4.38E-5                   0.9294070068530559
4.3899999999999996E-5     0.9227990808154055
4.4E-5                    0.9161911550082699
4.41E-5                   0.9095832294615942
4.42E-5                   0.9032246954278877
4.43E-5                   0.896986611420262
4.4399999999999995E-5     0.8907485275738204
4.45E-5                   0.884510443913922
4.46E-5                   0.8782723604659294
4.4699999999999996E-5     0.8720342772552063
4.48E-5                   0.865796194307117
4.49E-5                   0.8595581116470288
4.4999999999999996E-5     0.8534895380779386
4.51E-5                   0.8476021559790121
4.52E-5                   0.8417147739560236
4.5299999999999997E-5     0.8358273920300934
4.54E-5                   0.8299400102223421
4.5499999999999995E-5     0.824052628553893
4.56E-5                   0.8181652470458686
4.57E-5                   0.8122778657193946
4.5799999999999995E-5     0.8065325929963113
4.59E-5                   0.8011312722087028
4.6E-5                    0.7957299515839985
4.6099999999999996E-5     0.7903286311385784
4.62E-5                   0.7849273108888226
4.63E-5                   0.7795259908511126
4.6399999999999996E-5     0.7741246710418309
4.65E-5                   0.76872335147736
4.66E-5                   0.7633220321740841
4.67E-5                   0.7579207131483876
4.68E-5                   0.7525193944166556
4.6899999999999995E-5     0.7471180759952746
4.7E-5                    0.7417167579006302
4.71E-5                   0.7363154401491101
4.7199999999999995E-5     0.7309141227571031
4.73E-5                   0.7255128057409969
4.74E-5                   0.7201114891171808
4.7499999999999996E-5     0.7152472113068055
4.76E-5                   0.7104357774942087
4.77E-5                   0.705624343569101
4.7799999999999996E-5     0.7008129095430632
4.79E-5                   0.6960014754276752
4.8E-5                    0.691190041234519
4.81E-5                   0.6863786069751769
4.82E-5                   0.6815671726612309
4.8299999999999995E-5     0.6767557383042647
4.84E-5                   0.6719443039158615
4.85E-5                   0.6671328695076058
4.8599999999999995E-5     0.6623214350910823
4.87E-5                   0.657510000677876
4.88E-5                   0.6526985662795726
4.8899999999999996E-5     0.6478871319077592
4.9E-5                    0.6430756975740213
4.91E-5                   0.6385421579329317
4.9199999999999997E-5     0.6342565773202676
4.93E-5                   0.6299709967439417
4.9399999999999995E-5     0.6256854162121802
4.95E-5                   0.6213998357332078
4.96E-5                   0.6171142553152515
4.9699999999999995E-5     0.6128286749665377
4.98E-5                   0.6085430946952929
4.99E-5                   0.604257514509744
4.9999999999999996E-5     0.5999719344181186
5.01E-5                   0.5956863544286437
5.02E-5                   0.5914007745495474
5.0299999999999996E-5     0.5871151947890579
5.04E-5                   0.5828296151554028
5.05E-5                   0.5785440356568108
5.06E-5                   0.574258456301511
5.07E-5                   0.5700365750862258
5.0799999999999995E-5     0.5661857594264161
5.09E-5                   0.5623349438218499
5.1E-5                    0.5584841282784558
5.1099999999999995E-5     0.5546333128021618
5.12E-5                   0.550782497398895
5.13E-5                   0.5469316820745843
5.1399999999999996E-5     0.5430808668351581
5.15E-5                   0.5392300516865441
5.16E-5                   0.5353792366346716
5.1699999999999996E-5     0.5315284216854695
5.18E-5                   0.5276776068448659
5.1899999999999994E-5     0.5238267921187905
5.2E-5                    0.5199759775131715
5.21E-5                   0.5162559895552973
5.2199999999999995E-5     0.512741611970661
5.23E-5                   0.5092272343581327
5.24E-5                   0.5057128567221731
5.2499999999999995E-5     0.5021984790672448
5.26E-5                   0.4986841013978087
5.27E-5                   0.49516972371832685
5.2799999999999996E-5     0.4916553460332613
5.29E-5                   0.48814096834707354
5.3E-5                    0.4846265906642262
5.3099999999999996E-5     0.48111221298918133
5.32E-5                   0.47759783532640093
5.3299999999999995E-5     0.4742080728403735
5.34E-5                   0.47096322506090155
5.35E-5                   0.46771837732158905
5.3599999999999995E-5     0.4644735296260255
5.37E-5                   0.46122868197779987
5.38E-5                   0.4579838343805017
5.3899999999999996E-5     0.4547389868377208
5.4E-5                    0.4514941393530462
5.41E-5                   0.44824929193006785
5.4199999999999996E-5     0.44500444457237565
5.43E-5                   0.4417595972835588
5.4399999999999994E-5     0.4386902172269999
5.4499999999999997E-5     0.43568623815585794
5.46E-5                   0.4326822590724576
5.4699999999999995E-5     0.42967827997960045
5.48E-5                   0.4266743008800873
5.49E-5                   0.4236703217767194
5.4999999999999995E-5     0.4206663426722985
5.51E-5                   0.4176623635696256
5.52E-5                   0.4146583844715025
5.5299999999999996E-5     0.4116544053807305
5.54E-5                   0.4086504263001111
5.55E-5                   0.40586383028284967
5.5599999999999996E-5     0.4030784115865354
5.57E-5                   0.4002929929110783
5.5799999999999994E-5     0.39750757425872846
5.59E-5                   0.39472215563173546
5.6E-5                    0.3919367370323494
5.6099999999999995E-5     0.38915131846282064
5.62E-5                   0.3863658999253986
5.63E-5                   0.3835804814223338
5.6399999999999995E-5     0.3807950629558763
5.65E-5                   0.3780629200771356
5.66E-5                   0.37548181926388896
5.6699999999999996E-5     0.3729007184476319
5.68E-5                   0.37031961763014976
5.69E-5                   0.3677385168132279
5.6999999999999996E-5     0.3651574159986518
5.71E-5                   0.36257631518820665
5.7199999999999994E-5     0.3599952143836782
5.73E-5                   0.3574141135868515
5.74E-5                   0.35483301279951207
5.7499999999999995E-5     0.352251912023446
5.76E-5                   0.34976994519879934
5.77E-5                   0.34737699579148607
5.7799999999999995E-5     0.3449840463919642
5.79E-5                   0.3425910970016603
5.8E-5                    0.3401981476220007
5.8099999999999996E-5     0.33780519825441196
5.82E-5                   0.33541224890032056
5.8299999999999994E-5     0.33301929956115317
5.8399999999999997E-5     0.330626350238336
5.85E-5                   0.3282334009332959
5.8599999999999995E-5     0.3258404516474595
5.87E-5                   0.3235870202569748
5.88E-5                   0.3213700034949454
5.8899999999999995E-5     0.31915298673612674
5.9E-5                    0.3169359699816474
5.91E-5                   0.31471895323263643
5.9199999999999996E-5     0.3125019364902229
5.93E-5                   0.3102849197555354
5.94E-5                   0.30806790302970305
5.9499999999999996E-5     0.30585088631385476
5.96E-5                   0.3036338696091193
5.9699999999999994E-5     0.30142638710232444
5.98E-5                   0.29937054427746207
5.99E-5                   0.29731470145369077
5.9999999999999995E-5     0.2952588586319175
6.01E-5                   0.29320301581304875
6.02E-5                   0.29114717299799187
6.0299999999999995E-5     0.28909133018765387
6.04E-5                   0.28703548738294155
6.05E-5                   0.2849796445847618
6.0599999999999996E-5     0.282923801794022
6.07E-5                   0.2808679590116288
6.08E-5                   0.27886132356387744
6.0899999999999996E-5     0.2769567529769576
6.1E-5                    0.27505218239507473
6.11E-5                   0.2731476118189433
6.12E-5                   0.2712430412492771
6.13E-5                   0.26933847068679057
6.14E-5                   0.26743390013219787
6.149999999999999E-5      0.2655293295862134
6.159999999999999E-5      0.26362475904955074
6.17E-5                   0.26172018852292456
6.18E-5                   0.2598156180070489
6.19E-5                   0.2579931254570671
6.2E-5                    0.2562273348686568
6.209999999999999E-5      0.2544615442781835
6.22E-5                   0.2526957536862222
6.23E-5                   0.2509299630933483
6.24E-5                   0.24916417250013737
6.25E-5                   0.24739838190716446
6.26E-5                   0.2456325913150051
6.269999999999999E-5      0.24386680072423472
6.28E-5                   0.24210101013542834
6.29E-5                   0.24033521954916154
6.3E-5                    0.23868019852637723
6.31E-5                   0.23704357614639723
6.319999999999999E-5      0.23540695377337795
6.33E-5                   0.2337703314077721
6.34E-5                   0.23213370905003303
6.35E-5                   0.23049708670061406
6.36E-5                   0.22886046435996837
6.37E-5                   0.22722384202854912
6.379999999999999E-5      0.22558721970680978
6.39E-5                   0.2239505973952031
6.4E-5                    0.2223354529436335
6.41E-5                   0.22087246486166323
6.42E-5                   0.2194094767813982
6.429999999999999E-5      0.21794648870316438
6.44E-5                   0.21648350062728705
6.45E-5                   0.21502051255409205
6.46E-5                   0.2135575244839051
6.47E-5                   0.2120945364170519
6.48E-5                   0.2106315483538581
6.489999999999999E-5      0.20916856029464967
6.5E-5                    0.2077055722397519
6.51E-5                   0.20624258418949062
6.52E-5                   0.2047795961441916
6.53E-5                   0.20331660810418054
6.539999999999999E-5      0.20185362006978325
6.549999999999999E-5      0.20039063204132518
6.56E-5                   0.19892764401913215
6.57E-5                   0.19746465600352983
6.58E-5                   0.19600166799484398
6.59E-5                   0.19453867999340033
6.599999999999999E-5      0.19307569199952465
6.61E-5                   0.19161270401354247
6.62E-5                   0.19028493538439506
6.63E-5                   0.18902808495787185
6.64E-5                   0.18777123452856215
6.65E-5                   0.18651438409667218
6.659999999999999E-5      0.18525753366240852
6.67E-5                   0.1840006832259771
6.68E-5                   0.18274383278758452
6.69E-5                   0.18148698234743701
6.7E-5                    0.18023013190574094
6.709999999999999E-5      0.17897328146270283
6.72E-5                   0.17771643101852866
6.73E-5                   0.17645958057342495
6.74E-5                   0.17520273012759802
6.75E-5                   0.1739458796812542
6.76E-5                   0.17268902923459986
6.769999999999999E-5      0.17143217878784145
6.78E-5                   0.170175328341185
6.79E-5                   0.16891847789483705
6.8E-5                    0.16766162744900395
6.81E-5                   0.16640477700389195
6.819999999999999E-5      0.16514792655970761
6.829999999999999E-5      0.16392450129745875
6.84E-5                   0.16284522029126483
6.85E-5                   0.1617659392846884
6.86E-5                   0.1606866582778603
6.87E-5                   0.15960737727091123
6.879999999999999E-5      0.15852809626397216
6.89E-5                   0.15744881525717352
6.9E-5                    0.15636953425064634
6.91E-5                   0.15529025324452128
6.92E-5                   0.15421097223892918
6.929999999999999E-5      0.15313169123400097
6.939999999999999E-5      0.15205241022986707
6.95E-5                   0.15097312922665856
6.96E-5                   0.14989384822450602
6.97E-5                   0.14881456722354036
6.98E-5                   0.14773528622389234
6.989999999999999E-5      0.14665600522569283
7.0E-5                    0.14557672422907236
7.01E-5                   0.14449744323416194
7.02E-5                   0.1434181622410922
7.03E-5                   0.14233888124999397
7.04E-5                   0.14125960026099807
7.049999999999999E-5      0.1402900030719828
7.06E-5                   0.13936295331034476
7.07E-5                   0.13843590354885713
7.08E-5                   0.1375088537876026
7.09E-5                   0.13658180402666362
7.099999999999999E-5      0.13565475426612292
7.11E-5                   0.13472770450606278
7.12E-5                   0.1338006547465658
7.13E-5                   0.13287360498771458
7.14E-5                   0.13194655522959164
7.15E-5                   0.13101950547227958
7.159999999999999E-5      0.13009245571586095
7.17E-5                   0.12916540596041817
7.18E-5                   0.12823835620603388
7.19E-5                   0.12731130645279057
7.2E-5                    0.1263842567007708
7.209999999999999E-5      0.12545720695005727
7.219999999999999E-5      0.12453015720073228
7.23E-5                   0.12360310745287843
7.24E-5                   0.12267605770657831
7.25E-5                   0.1217490079619145
7.26E-5                   0.12085511008766127
7.269999999999999E-5      0.12005921020477434
7.28E-5                   0.11926331032088867
7.29E-5                   0.11846741043605695
7.3E-5                    0.11767151055033183
7.31E-5                   0.11687561066376591
7.319999999999999E-5      0.11607971077641188
7.329999999999999E-5      0.1152838108883222
7.34E-5                   0.11448791099954952
7.35E-5                   0.1136920111101465
7.36E-5                   0.11289611122016571
7.37E-5                   0.11210021132965979
7.379999999999999E-5      0.11130431143868148
7.39E-5                   0.11050841154728311
7.4E-5                    0.10971251165551749
7.41E-5                   0.10891661176343712
7.42E-5                   0.10812071187109472
7.429999999999999E-5      0.10732481197854296
7.439999999999999E-5      0.10652891208583422
7.45E-5                   0.10573301219302124
7.46E-5                   0.10493711230015663
7.47E-5                   0.10414121240729299
7.48E-5                   0.10343310164723299
7.489999999999999E-5      0.10274902804044694
7.5E-5                    0.1020649544345551
7.51E-5                   0.10138088082959072
7.52E-5                   0.10069680722558691
7.53E-5                   0.10001273362257675
7.54E-5                   0.09932866002059336
7.549999999999999E-5      0.09864458641967003
7.56E-5                   0.09796051281983963
7.57E-5                   0.09727643922113542
7.58E-5                   0.09659236562359048
7.59E-5                   0.09590829202723795
7.599999999999999E-5      0.09522421843211107
7.609999999999999E-5      0.09454014483824273
7.62E-5                   0.09385607124566622
7.63E-5                   0.09317199765441458
7.64E-5                   0.09248792406452098
7.65E-5                   0.09180385047601854
7.659999999999999E-5      0.09111977688894045
7.67E-5                   0.0904357033033197
7.68E-5                   0.08975162971918943
7.69E-5                   0.08909844530783889
7.7E-5                    0.08851171569666845
7.709999999999999E-5      0.08792498608448088
7.719999999999999E-5      0.08733825647129707
7.73E-5                   0.0867515268571382
7.74E-5                   0.08616479724202523
7.75E-5                   0.08557806762597926
7.76E-5                   0.0849913380090213
7.769999999999999E-5      0.08440460839117249
7.78E-5                   0.08381787877245372
7.79E-5                   0.0832311491528861
7.8E-5                    0.08264441953249066
7.81E-5                   0.08205768991128845
7.819999999999999E-5      0.08147096028930058
7.829999999999999E-5      0.08088423066654801
7.84E-5                   0.08029750104305176
7.85E-5                   0.07971077141883293
7.86E-5                   0.07912404179391254
7.87E-5                   0.07853731216831163
7.879999999999999E-5      0.07795058254205135
7.89E-5                   0.07736385291515259
7.9E-5                    0.07677712328763642
7.91E-5                   0.0762599329674346
7.92E-5                   0.07575505372704688
7.93E-5                   0.07525017448765986
7.939999999999999E-5      0.07474529524928701
7.95E-5                   0.07424041601194156
7.96E-5                   0.07373553677563693
7.97E-5                   0.07323065754038659
7.98E-5                   0.0727257783062038
7.989999999999999E-5      0.07222089907310211
7.999999999999999E-5      0.07171601984109473
8.01E-5                   0.07121114061019507
8.02E-5                   0.07070626138041655
8.03E-5                   0.07020138215177255
8.04E-5                   0.06969650292427644
8.049999999999999E-5      0.06919162369794166
8.06E-5                   0.06868674447278146
8.07E-5                   0.06818186524880929
8.08E-5                   0.06767698602603855
8.09E-5                   0.06717210680448257
8.099999999999999E-5      0.06666722758415487
8.109999999999999E-5      0.06616234836506865
8.12E-5                   0.06568510655225217
8.13E-5                   0.0652526028776249
8.14E-5                   0.0648200992020634
8.15E-5                   0.06438759552557603
8.159999999999999E-5      0.06395509184817123
8.17E-5                   0.06352258816985722
8.18E-5                   0.06309008449064242
8.19E-5                   0.0626575808105352
8.2E-5                    0.062225077129543914
8.209999999999999E-5      0.06179257344767697
8.219999999999999E-5      0.06136006976494263
8.23E-5                   0.060927566081349284
8.24E-5                   0.060495062396905344
8.25E-5                   0.060062558711619154
8.26E-5                   0.05963005502549903
8.269999999999999E-5      0.059197551338553416
8.28E-5                   0.05876504765079058
8.29E-5                   0.058332543962218916
8.3E-5                    0.057900040272846794
8.31E-5                   0.05746753658268257
8.319999999999999E-5      0.05703503289173464
8.329999999999999E-5      0.056602529200011305
8.34E-5                   0.056224809851848224
8.35E-5                   0.055852236629050034
8.36E-5                   0.055479663407165876
8.37E-5                   0.05510709018620119
8.379999999999999E-5      0.054734516966161446
8.389999999999999E-5      0.05436194374705199
8.4E-5                    0.05398937052887831
8.41E-5                   0.053616797311645856
8.42E-5                   0.05324422409536006
8.43E-5                   0.05287165088002636
8.439999999999999E-5      0.05249907766565023
8.45E-5                   0.05212650445223702
8.46E-5                   0.051753931239792224
8.47E-5                   0.051381358028321285
8.48E-5                   0.051008784817829625
8.489999999999999E-5      0.05063621160832273
8.499999999999999E-5      0.05026363839980596
8.51E-5                   0.04989106519228479
8.52E-5                   0.049518491985764655
8.53E-5                   0.04914591878025098
8.54E-5                   0.04877334557574924
8.549999999999999E-5      0.04842472027139188
8.56E-5                   0.04810579350745637
8.57E-5                   0.04778686674276038
8.58E-5                   0.047467939977307215
8.59E-5                   0.04714901321110017
8.599999999999999E-5      0.046830086444142605
8.609999999999999E-5      0.046511159676437715
8.62E-5                   0.046192232907988864
8.63E-5                   0.04587330613879935
8.64E-5                   0.045554379368872466
8.65E-5                   0.04523545259821152
8.659999999999999E-5      0.04491652582681986
8.669999999999999E-5      0.044597599054700704
8.68E-5                   0.044278672281857404
8.69E-5                   0.04395974550829323
8.7E-5                    0.04364081873401153
8.709999999999999E-5      0.04332189195901561
8.719999999999999E-5      0.0430029651833087
8.73E-5                   0.042684038406894165
8.74E-5                   0.04236511162977527
8.75E-5                   0.04204618485195536
8.76E-5                   0.041727258073437704
8.769999999999999E-5      0.041451560709534686
8.779999999999999E-5      0.04117680538934613
8.79E-5                   0.04090205006984713
8.8E-5                    0.0406272947510399
8.81E-5                   0.040352539432926646
8.82E-5                   0.040077784115509614
8.829999999999999E-5      0.039803028798791044
8.84E-5                   0.03952827348277309
8.85E-5                   0.03925351816745801
8.86E-5                   0.03897876285284801
8.87E-5                   0.038704007538945345
8.879999999999999E-5      0.03842925222575224
8.889999999999999E-5      0.038154496913270844
8.9E-5                    0.03787974160150344
8.91E-5                   0.03760498629045222
8.92E-5                   0.03733023098011942
8.93E-5                   0.03705547567050727
8.939999999999999E-5      0.036780720361618016
8.95E-5                   0.03650596505345381
8.96E-5                   0.036231209746016894
8.97E-5                   0.03595645443930951
8.98E-5                   0.03570179919844653
8.989999999999999E-5      0.03546638299332806
8.999999999999999E-5      0.03523096678772275
9.01E-5                   0.03499555058163196
9.02E-5                   0.03476013437505695
9.03E-5                   0.03452471816799904
9.04E-5                   0.03428930196045953
9.049999999999999E-5      0.034053885752439755
9.059999999999999E-5      0.033818469543940945
9.07E-5                   0.033583053334964454
9.08E-5                   0.033347637125511545
9.09E-5                   0.03311222091558353
9.099999999999999E-5      0.03287680470518176
9.109999999999999E-5      0.032641388494307456
9.12E-5                   0.03240597228296195
9.13E-5                   0.03217055607114656
9.14E-5                   0.03193513985886255
9.15E-5                   0.03169972364611126
9.159999999999999E-5      0.03146430743289399
9.169999999999999E-5      0.031228891219211997
9.18E-5                   0.030993475005066613
9.19E-5                   0.030759489205958713
9.2E-5                    0.030557173484819337
9.21E-5                   0.030354857764056404
9.219999999999999E-5      0.03015254204367082
9.23E-5                   0.029950226323663443
9.24E-5                   0.02974791060403521
9.25E-5                   0.029545594884787033
9.26E-5                   0.02934327916591981
9.269999999999999E-5      0.02914096344743448
9.279999999999999E-5      0.028938647729331888
9.29E-5                   0.028736332011612988
9.3E-5                    0.028534016294278652
9.31E-5                   0.02833170057732981
9.32E-5                   0.02812938486076736
9.329999999999999E-5      0.027927069144592247
9.34E-5                   0.027724753428805305
9.35E-5                   0.027522437713407486
9.36E-5                   0.02732012199839968
9.37E-5                   0.027117806283782804
9.379999999999999E-5      0.026915490569557783
9.389999999999999E-5      0.026713174855725486
9.4E-5                    0.026510859142286822
9.41E-5                   0.026324773131455887
9.42E-5                   0.026150659201325612
9.43E-5                   0.025976545271019322
9.439999999999999E-5      0.025802431340537526
9.449999999999999E-5      0.025628317409880717
9.46E-5                   0.025454203479049416
9.47E-5                   0.025280089548044157
9.48E-5                   0.025105975616865436
9.489999999999999E-5      0.024931861685513798
9.499999999999999E-5      0.024757747753989715
9.51E-5                   0.024583633822293716
9.52E-5                   0.024409519890426334
9.53E-5                   0.024235405958388065
9.54E-5                   0.02406129202617942
9.549999999999999E-5      0.02388717809380096
9.559999999999999E-5      0.023713064161253142
9.57E-5                   0.023538950228536484
9.58E-5                   0.02336483629565154
9.59E-5                   0.023190722362598795
9.6E-5                    0.023016608429378776
9.609999999999999E-5      0.022842494495992016
9.62E-5                   0.022671128931225866
9.63E-5                   0.022522520571720824
9.64E-5                   0.02237391221226911
9.65E-5                   0.02222530385287109
9.659999999999999E-5      0.022076695493527143
9.669999999999999E-5      0.0219280871342376
9.68E-5                   0.021779478775002838
9.69E-5                   0.02163087041582322
9.7E-5                    0.021482262056699116
9.71E-5                   0.021333653697630888
9.719999999999999E-5      0.02118504533861892
9.73E-5                   0.02103643697966353
9.74E-5                   0.02088782862076511
9.75E-5                   0.020739220261924027
9.76E-5                   0.02059061190314063
9.769999999999999E-5      0.020442003544415315
9.779999999999999E-5      0.020293395185748405
9.79E-5                   0.020144786827140278
9.8E-5                    0.0199961784685913
9.81E-5                   0.019847570110101843
9.82E-5                   0.01969896175167226
9.829999999999999E-5      0.019550353393302945
9.839999999999999E-5      0.01941421349364252
9.85E-5                   0.019285086302793058
9.86E-5                   0.01915595911203672
9.87E-5                   0.019026831921373714
9.879999999999999E-5      0.018897704730804273
9.889999999999999E-5      0.018768577540328568
9.9E-5                    0.01863945034994682
9.91E-5                   0.01851032315965924
9.92E-5                   0.018381195969466045
9.93E-5                   0.018252068779367442
9.939999999999999E-5      0.018122941589363638
9.949999999999999E-5      0.017993814399454838
9.96E-5                   0.017864687209641246
9.97E-5                   0.017735560019923078
9.98E-5                   0.017606432830300542
9.989999999999999E-5      0.01747730564077387
9.999999999999999E-5      0.017348178451343232
1.001E-4                  0.01721905126200885
1.002E-4                  0.017089924072770935
1.003E-4                  0.016960796883629704
1.004E-4                  0.016831669694585362
1.0049999999999999E-4     0.016706037083359528
1.0059999999999999E-4     0.01659719219590764
1.007E-4                  0.016488347308252053
1.008E-4                  0.01637950242039289
1.009E-4                  0.016270657532330302
1.01E-4                   0.01616181264406443
1.0109999999999999E-4     0.016052967755595417
1.012E-4                  0.01594412286692339
1.013E-4                  0.015835277978048484
1.014E-4                  0.015726433088970856
1.015E-4                  0.01561758819969064
1.0159999999999999E-4     0.015508743310207988
1.0169999999999999E-4     0.01539989842052301
1.018E-4                  0.015291053530635862
1.019E-4                  0.015182208640546686
1.02E-4                   0.01507336375025562
1.021E-4                  0.014964518859762807
1.0219999999999999E-4     0.014855673969068397
1.0229999999999999E-4     0.014746829078172501
1.024E-4                  0.01463798418707528
1.025E-4                  0.014529139295776865
1.026E-4                  0.014420294404277402
1.0269999999999999E-4     0.014320508082867696
1.0279999999999999E-4     0.014224520113809595
1.029E-4                  0.014128532145022757
1.03E-4                   0.01403254417650728
1.031E-4                  0.013936556208263248
1.032E-4                  0.013840568240290754
1.0329999999999999E-4     0.013744580272589898
1.0339999999999999E-4     0.013648592305160748
1.035E-4                  0.0135526043380034
1.036E-4                  0.013456616371117952
1.037E-4                  0.013360628404504488
1.0379999999999999E-4     0.013264640438163111
1.0389999999999999E-4     0.013168652472093886
1.04E-4                   0.01307266450629692
1.041E-4                  0.012976676540772294
1.042E-4                  0.012880688575520105
1.043E-4                  0.012784700610540439
1.0439999999999999E-4     0.0126887126458334
1.0449999999999999E-4     0.012592724681399055
1.046E-4                  0.0124967367172375
1.047E-4                  0.01240074875334883
1.048E-4                  0.012308639444485297
1.049E-4                  0.012229028293791142
1.0499999999999999E-4     0.012149417142763866
1.051E-4                  0.012069805991403497
1.052E-4                  0.0119901948397101
1.053E-4                  0.011910583687683716
1.054E-4                  0.011830972535324401
1.0549999999999999E-4     0.01175136138263222
1.0559999999999999E-4     0.011671750229607189
1.057E-4                  0.011592139076249376
1.058E-4                  0.011512527922558833
1.059E-4                  0.011432916768535603
1.06E-4                   0.011353305614179743
1.0609999999999999E-4     0.011273694459491305
1.0619999999999999E-4     0.011194083304470321
1.063E-4                  0.011114472149116858
1.064E-4                  0.011034860993430958
1.065E-4                  0.010955249837412664
1.0659999999999999E-4     0.010875638681062056
1.0669999999999999E-4     0.01079602752437915
1.068E-4                  0.010716416367364
1.069E-4                  0.010636805210016668
1.07E-4                   0.010563101361763652
1.071E-4                  0.010491170924123137
1.0719999999999999E-4     0.01041924048682941
1.0729999999999999E-4     0.010347310049882494
1.074E-4                  0.010275379613282445
1.075E-4                  0.010203449177029308
1.076E-4                  0.010131518741123127
1.0769999999999999E-4     0.010059588305563956
1.0779999999999999E-4     0.009987657870351819
1.079E-4                  0.00991572743548677
1.08E-4                   0.009843797000968857
1.081E-4                  0.009771866566798123
1.082E-4                  0.009699936132974613
1.0829999999999999E-4     0.009628005699498378
1.0839999999999999E-4     0.009556075266369443
1.085E-4                  0.009484144833587865
1.086E-4                  0.00941221440115369
1.087E-4                  0.00934028396906696
1.0879999999999999E-4     0.00926835353732773
1.0889999999999999E-4     0.009201366148139427
1.0899999999999999E-4     0.00914046554058788
1.091E-4                  0.009079564932817408
1.092E-4                  0.009018664324828028
1.093E-4                  0.008957763716619755
1.0939999999999999E-4     0.008896863108192616
1.0949999999999999E-4     0.008835962499546612
1.096E-4                  0.00877506189068177
1.097E-4                  0.008714161281598102
1.098E-4                  0.008653260672295635
1.099E-4                  0.008592360062774383
1.0999999999999999E-4     0.008531459453034372
1.1009999999999999E-4     0.008470558843075598
1.102E-4                  0.008409658232898092
1.103E-4                  0.008348757622501873
1.104E-4                  0.008287857011886954
1.1049999999999999E-4     0.008226956401053368
1.1059999999999999E-4     0.008166365665452629
1.107E-4                  0.008110691347271297
1.108E-4                  0.008055017029258765
1.109E-4                  0.007999342711415058
1.11E-4                   0.007943668393740196
1.1109999999999999E-4     0.007887994076234212
1.1119999999999999E-4     0.007832319758897114
1.113E-4                  0.007776645441728931
1.114E-4                  0.007720971124729683
1.115E-4                  0.0076652968078993996
1.1159999999999999E-4     0.0076096224912381065
1.1169999999999999E-4     0.007553948174745811
1.118E-4                  0.007498273858422547
1.119E-4                  0.007442599542268333
1.12E-4                   0.007386925226283193
1.121E-4                  0.007331250910467151
1.1219999999999999E-4     0.007278054025030766
1.1229999999999999E-4     0.007228432305784614
1.124E-4                  0.007178810586452911
1.125E-4                  0.007129188867035675
1.126E-4                  0.007079567147532912
1.1269999999999999E-4     0.007029945427944641
1.1279999999999999E-4     0.006980323708270858
1.1289999999999999E-4     0.00693070198851158
1.13E-4                   0.006881080268666818
1.131E-4                  0.006831458548736587
1.132E-4                  0.006781836828720889
1.1329999999999999E-4     0.006732215108619752
1.1339999999999999E-4     0.006682593388433162
1.135E-4                  0.006632971668161142
1.136E-4                  0.006583349947803707
1.137E-4                  0.0065337282273608575
1.138E-4                  0.0064883469527862786
1.1389999999999999E-4     0.006444309599603144
1.1399999999999999E-4     0.006400272246466711
1.141E-4                  0.006356234893376998
1.142E-4                  0.006312197540334014
1.143E-4                  0.00626816018733777
1.1439999999999999E-4     0.006224122834388282
1.1449999999999999E-4     0.006180085481485548
1.146E-4                  0.006136048128629579
1.147E-4                  0.006092010775820392
1.148E-4                  0.006047973423057991
1.149E-4                  0.006003936070342391
1.1499999999999999E-4     0.005959898717673602
1.1509999999999999E-4     0.005915861365051627
1.152E-4                  0.005871824012476478
1.153E-4                  0.0058282451032055675
1.154E-4                  0.005788399518036825
1.1549999999999999E-4     0.005748553932849053
1.1559999999999999E-4     0.005708708347642249
1.157E-4                  0.0056688627624164245
1.158E-4                  0.005629017177171586
1.159E-4                  0.005589171591907738
1.16E-4                   0.0055493260066248875
1.1609999999999999E-4     0.005509480421323047
1.1619999999999999E-4     0.005469634836002214
1.163E-4                  0.005429789250662396
1.164E-4                  0.005389943665303601
1.165E-4                  0.005350098079925835
1.1659999999999999E-4     0.005310252494529109
1.1669999999999999E-4     0.00527040690911342
1.1679999999999999E-4     0.00523056132367878
1.169E-4                  0.005192893874372669
1.17E-4                   0.00515778962571941
1.171E-4                  0.005122685377070566
1.1719999999999999E-4     0.005087581128426145
1.1729999999999999E-4     0.005052476879786143
1.174E-4                  0.005017372631150572
1.175E-4                  0.004982268382519435
1.176E-4                  0.004947164133892735
1.177E-4                  0.004912059885270478
1.1779999999999999E-4     0.004876955636652674
1.1789999999999999E-4     0.004841851388039316
1.18E-4                   0.004806747139430414
1.181E-4                  0.004771642890825977
1.182E-4                  0.004736538642226003
1.1829999999999999E-4     0.004701434393630506
1.1839999999999999E-4     0.004666330145039478
1.185E-4                  0.004633874909953049
1.186E-4                  0.004602043399392823
1.187E-4                  0.004570211888835601
1.188E-4                  0.004538380378281389
1.1889999999999999E-4     0.004506548867730193
1.1899999999999999E-4     0.004474717357182011
1.191E-4                  0.004442885846636847
1.192E-4                  0.004411054336094706
1.193E-4                  0.004379222825555591
1.1939999999999999E-4     0.004347391315019509
1.1949999999999999E-4     0.004315559804486456
1.196E-4                  0.004283728293956439
1.197E-4                  0.004251896783429459
1.198E-4                  0.004220065272905524
1.199E-4                  0.004188233762384632
1.1999999999999999E-4     0.004156999757338634
1.2009999999999999E-4     0.004128915691682318
1.202E-4                  0.004100831626019603
1.203E-4                  0.004072747560350496
1.204E-4                  0.004044663494674996
1.2049999999999999E-4     0.00401657942899311
1.2059999999999999E-4     0.003988495363304832
1.2069999999999999E-4     0.003960411297610171
1.208E-4                  0.0039323272319091275
1.209E-4                  0.0039042431662017025
1.21E-4                   0.003876159100487899
1.2109999999999999E-4     0.0038480750347677246
1.2119999999999999E-4     0.0038199909690411716
1.213E-4                  0.0037919069033082497
1.214E-4                  0.003763822837568958
1.215E-4                  0.003735738771823299
1.216E-4                  0.0037090372305399696
1.2169999999999999E-4     0.00368366682390768
1.2179999999999999E-4     0.003658296417282408
1.219E-4                  0.003632926010664158
1.22E-4                   0.0036075556040529306
1.2209999999999999E-4     0.003582185197448733
1.222E-4                  0.0035568147908515584
1.223E-4                  0.003531444384261412
1.224E-4                  0.003506073977678297
1.225E-4                  0.0034807035711022128
1.226E-4                  0.003455333164533164
1.227E-4                  0.0034299627579711498
1.228E-4                  0.0034045923514161715
1.229E-4                  0.003379221944868233
1.2299999999999998E-4     0.003353851538327341
1.2309999999999998E-4     0.003328481131793485
1.2319999999999999E-4     0.0033055812247783966
1.233E-4                  0.0032830851831876892
1.234E-4                  0.003260589141590254
1.235E-4                  0.0032380930999860924
1.236E-4                  0.003215597058375205
1.237E-4                  0.003193101016757595
1.238E-4                  0.003170604975133262
1.239E-4                  0.003148108933502206
1.24E-4                   0.003125612891864431
1.241E-4                  0.003103116850219937
1.2419999999999998E-4     0.0030806208085687294
1.2429999999999999E-4     0.0030581247669108007
1.244E-4                  0.003035628725246156
1.245E-4                  0.0030131326835747953
1.246E-4                  0.0029906366418967225
1.247E-4                  0.0029686188689405976
1.248E-4                  0.0029484055222540172
1.249E-4                  0.002928192175573096
1.25E-4                   0.0029079788288978344
1.251E-4                  0.002887765482228232
1.252E-4                  0.0028675521355642926
1.2529999999999998E-4     0.0028473387889060204
1.2539999999999999E-4     0.002827125442253405
1.255E-4                  0.0028069120956064546
1.256E-4                  0.0027866987489651687
1.257E-4                  0.002766485402329548
1.258E-4                  0.002746272055699595
1.259E-4                  0.002726058709075309
1.26E-4                   0.0027058453624566907
1.261E-4                  0.0026856320158437415
1.262E-4                  0.0026654186692364624
1.263E-4                  0.002646435920932172
1.2639999999999998E-4     0.002628421859658261
1.2649999999999998E-4     0.002610407798379768
1.266E-4                  0.002592393737096698
1.267E-4                  0.0025743796758090506
1.268E-4                  0.0025563656145168286
1.269E-4                  0.00253835155322003
1.27E-4                   0.002520337491918658
1.271E-4                  0.0025023234306127107
1.272E-4                  0.00248430936930219
1.273E-4                  0.0024662953079870975
1.274E-4                  0.0024482812466674313
1.2749999999999998E-4     0.0024302671853431985
1.2759999999999998E-4     0.002412253124014391
1.277E-4                  0.0023942390626810126
1.278E-4                  0.0023762250013430637
1.279E-4                  0.0023599366879869226
1.28E-4                   0.002343819949689367
1.281E-4                  0.0023277032113952867
1.282E-4                  0.002311586473104685
1.283E-4                  0.0022954697348175593
1.284E-4                  0.0022793529965339124
1.285E-4                  0.0022632362582537444
1.2859999999999998E-4     0.002247119519977059
1.2869999999999998E-4     0.002231002781703849
1.288E-4                  0.002214886043434118
1.289E-4                  0.002198769305167867
1.29E-4                   0.002182652566905097
1.291E-4                  0.002166535828645808
1.292E-4                  0.002150419090390001
1.293E-4                  0.0021343023521376747
1.294E-4                  0.0021188093781280984
1.295E-4                  0.0021050954738623734
1.296E-4                  0.0020913815695952315
1.2969999999999998E-4     0.0020776676653266775
1.2979999999999998E-4     0.0020639537610567028
1.2989999999999999E-4     0.0020502398567853125
1.3E-4                    0.002036525952512507
1.301E-4                  0.002022812048238286
1.302E-4                  0.0020090981439626495
1.303E-4                  0.001995384239685599
1.304E-4                  0.001981670335407133
1.305E-4                  0.0019679564311272527
1.306E-4                  0.001954242526845959
1.307E-4                  0.0019405286225632513
1.3079999999999998E-4     0.0019268147182791332
1.3089999999999998E-4     0.0019131008139935991
1.3099999999999999E-4     0.0018993869097066512
1.311E-4                  0.0018856730054182913
1.312E-4                  0.0018719591011285184
1.313E-4                  0.0018582451968373339
1.314E-4                  0.001844531292544737
1.315E-4                  0.0018308173882507287
1.316E-4                  0.0018171034839553086
1.317E-4                  0.0018033895796584778
1.318E-4                  0.0017896756753602362
1.3189999999999998E-4     0.0017759617710605875
1.3199999999999998E-4     0.001762247866759525
1.3209999999999999E-4     0.0017485339624570525
1.322E-4                  0.00173482005815317
1.323E-4                  0.001721106153847878
1.324E-4                  0.001707392249541177
1.325E-4                  0.001693678345233067
1.326E-4                  0.0016826130980030823
1.327E-4                  0.001671659229741709
1.328E-4                  0.0016607053614811937
1.329E-4                  0.0016497514932215353
1.33E-4                   0.0016387976249627354
1.3309999999999998E-4     0.0016278437567047964
1.3319999999999999E-4     0.0016168898884477121
1.333E-4                  0.0016059360201914866
1.334E-4                  0.0015949821519361195
1.335E-4                  0.0015840282836816107
1.336E-4                  0.0015730744154279605
1.337E-4                  0.001562120547175169
1.338E-4                  0.001551166678923237
1.339E-4                  0.0015402128106721637
1.34E-4                   0.0015292589424219496
1.341E-4                  0.001518305074172595
1.3419999999999998E-4     0.0015073512059241027
1.3429999999999998E-4     0.0014963973376764673
1.344E-4                  0.0014854434694296919
1.345E-4                  0.001474489601183776
1.346E-4                  0.0014635357329387205
1.347E-4                  0.0014525818646945242
1.348E-4                  0.0014416279964511898
1.349E-4                  0.0014306741282087143
1.35E-4                   0.0014197202599671003
1.351E-4                  0.0014087663917263472
1.352E-4                  0.0013978125234864547
1.3529999999999998E-4     0.0013868586552474261
1.3539999999999998E-4     0.0013759047870092556
1.355E-4                  0.0013649509187719463
1.356E-4                  0.0013539970505354988
1.357E-4                  0.0013445127033153996
1.358E-4                  0.001335786406662463
1.359E-4                  0.0013270601100090669
1.36E-4                   0.0013183338133552118
1.361E-4                  0.0013096075167008975
1.362E-4                  0.0013008812200461242
1.363E-4                  0.001292154923390892
1.3639999999999998E-4     0.0012834286267352035
1.3649999999999998E-4     0.0012747023300790537
1.3659999999999999E-4     0.001265976033422445
1.367E-4                  0.0012572497367653777
1.368E-4                  0.001248523440107852
1.369E-4                  0.0012397971434498674
1.37E-4                   0.0012310708467914246
1.371E-4                  0.0012223445501325233
1.372E-4                  0.001213618253473164
1.373E-4                  0.001204891956813346
1.374E-4                  0.0011961656601530701
1.3749999999999998E-4     0.0011874393634923384
1.3759999999999998E-4     0.0011787130668311462
1.3769999999999999E-4     0.001169986770169496
1.378E-4                  0.001161260473507388
1.379E-4                  0.001152534176844822
1.38E-4                   0.0011438078801817983
1.381E-4                  0.0011350815835183172
1.382E-4                  0.0011263552868543778
1.383E-4                  0.0011176289901899813
1.384E-4                  0.001108902693525127
1.385E-4                  0.0011001763968598154
1.3859999999999998E-4     0.0010914501001940491
1.3869999999999998E-4     0.001082723803527823
1.3879999999999999E-4     0.0010746304360158985
1.389E-4                  0.0010676635122080914
1.39E-4                   0.0010606965884005246
1.391E-4                  0.0010537296645931975
1.392E-4                  0.0010467627407861107
1.393E-4                  0.0010397958169792636
1.394E-4                  0.001032828893172657
1.395E-4                  0.0010258619693662907
1.396E-4                  0.0010188950455601645
1.3969999999999998E-4     0.0010119281217542803
1.3979999999999998E-4     0.0010049611979486347
1.3989999999999999E-4     9.979942741432295E-4
1.4E-4                    9.910273503380641E-4
1.401E-4                  9.840604265331397E-4
1.402E-4                  9.770935027284557E-4
1.403E-4                  9.701265789240118E-4
1.404E-4                  9.631596551198087E-4
1.405E-4                  9.56192731315846E-4
1.406E-4                  9.492258075121238E-4
1.407E-4                  9.422588837086424E-4
1.408E-4                  9.352919599054016E-4
1.4089999999999998E-4     9.283250361024034E-4
1.4099999999999998E-4     9.213581122996438E-4
1.411E-4                  9.143911884971253E-4
1.412E-4                  9.074242646948474E-4
1.413E-4                  9.004573408928103E-4
1.414E-4                  8.934904170910141E-4
1.415E-4                  8.865234932894587E-4
1.416E-4                  8.795565694881447E-4
1.417E-4                  8.725896456870713E-4
1.418E-4                  8.656227218862389E-4
1.419E-4                  8.587738925923135E-4
1.4199999999999998E-4     8.537818717295055E-4
1.4209999999999998E-4     8.487898508666567E-4
1.422E-4                  8.437978300037691E-4
1.423E-4                  8.388058091408421E-4
1.424E-4                  8.338137882778762E-4
1.425E-4                  8.288217674148711E-4
1.426E-4                  8.238297465518271E-4
1.427E-4                  8.188377256887439E-4
1.428E-4                  8.13845704825622E-4
1.429E-4                  8.088536839624609E-4
1.43E-4                   8.038616630992607E-4
1.4309999999999998E-4     7.988696422360232E-4
1.4319999999999998E-4     7.93877621372745E-4
1.433E-4                  7.888856005094281E-4
1.434E-4                  7.838935796460722E-4
1.435E-4                  7.789015587826774E-4
1.436E-4                  7.739095379192435E-4
1.437E-4                  7.68917517055771E-4
1.438E-4                  7.639254961922594E-4
1.439E-4                  7.589334753287088E-4
1.44E-4                   7.539414544651198E-4
1.441E-4                  7.489494336014915E-4
1.4419999999999998E-4     7.439574127378259E-4
1.4429999999999998E-4     7.389653918741201E-4
1.4439999999999999E-4     7.339733710103755E-4
1.445E-4                  7.289813501465921E-4
1.446E-4                  7.239893292827699E-4
1.447E-4                  7.189973084189089E-4
1.448E-4                  7.140052875550092E-4
1.449E-4                  7.090132666910707E-4
1.45E-4                   7.040212458270934E-4
1.451E-4                  6.990292249630777E-4
1.452E-4                  6.940372040990228E-4
1.4529999999999998E-4     6.890451832349307E-4
1.4539999999999998E-4     6.840531623707987E-4
1.4549999999999999E-4     6.79061141506628E-4
1.456E-4                  6.740691206424187E-4
1.457E-4                  6.690770997781707E-4
1.458E-4                  6.64085078913884E-4
1.459E-4                  6.590930580495588E-4
1.46E-4                   6.541010371851948E-4
1.461E-4                  6.491090163207922E-4
1.462E-4                  6.441169954563513E-4
1.463E-4                  6.391249745918715E-4
1.4639999999999998E-4     6.341329537273548E-4
1.4649999999999998E-4     6.291409328627982E-4
1.4659999999999999E-4     6.24148911998203E-4
1.467E-4                  6.191568911335692E-4
1.468E-4                  6.141648702688967E-4
1.469E-4                  6.09172849404186E-4
1.47E-4                   6.041808285394368E-4
1.471E-4                  5.99188807674649E-4
1.472E-4                  5.94196786809823E-4
1.473E-4                  5.892047659449582E-4
1.474E-4                  5.842127450800552E-4
1.4749999999999998E-4     5.792207242151153E-4
1.4759999999999998E-4     5.742287033501354E-4
1.4769999999999999E-4     5.69236682485117E-4
1.478E-4                  5.642446616200604E-4
1.479E-4                  5.592526407549655E-4
1.48E-4                   5.54260619889832E-4
1.481E-4                  5.492685990246604E-4
1.482E-4                  5.451183143598812E-4
1.483E-4                  5.419565573633572E-4
1.484E-4                  5.387948003668472E-4
1.485E-4                  5.356330433703509E-4
1.4859999999999998E-4     5.324712863738694E-4
1.4869999999999998E-4     5.293095293774008E-4
1.4879999999999998E-4     5.261477723809461E-4
1.489E-4                  5.229860153845053E-4
1.49E-4                   5.198242583880782E-4
1.491E-4                  5.166625013916651E-4
1.492E-4                  5.135007443952659E-4
1.493E-4                  5.103389873988806E-4
1.494E-4                  5.071772304025091E-4
1.495E-4                  5.040154734061513E-4
1.496E-4                  5.008537164098077E-4
1.497E-4                  4.976919594134778E-4
1.4979999999999998E-4     4.945302024171626E-4
1.4989999999999998E-4     4.913684454208604E-4
1.5E-4                    4.882066884245722E-4
