% Model:              20230225_JW_4_20.mph
% Version:            COMSOL 5.6.0.401
% Date:               Feb 25 2023, 20:47
% Dimension:          1
% Nodes:              1501
% Expressions:        1
% Description:        点图
% X                       Height
0                         0.2248088857528066
1.0E-7                    0.22494013998813306
2.0E-7                    0.2180343370655286
3.0E-7                    0.22867460735246795
4.0E-7                    0.23903442725767315
5.0E-7                    0.24748157826375092
6.0E-7                    0.2540708446152864
7.0E-7                    0.25816473585818034
8.0E-7                    0.2630041939023411
9.0E-7                    0.26349985679586696
1.0E-6                    0.26497311017723224
1.1E-6                    0.2652313211123459
1.2E-6                    0.26553860916920125
1.2999999999999998E-6     0.26453163208413655
1.4E-6                    0.26345520905499176
1.5E-6                    0.262000289152456
1.6E-6                    0.26022371356540913
1.6999999999999998E-6     0.2583324355386249
1.8E-6                    0.25641601191060986
1.9E-6                    0.2542438299250415
2.0E-6                    0.25203216630363884
2.1E-6                    0.2496946506805311
2.2E-6                    0.24737350753732312
2.3E-6                    0.24498471210763206
2.4E-6                    0.2426230769697916
2.4999999999999998E-6     0.24022103950596924
2.5999999999999997E-6     0.23781141605629244
2.7E-6                    0.2354503253358063
2.8E-6                    0.233128042373363
2.8999999999999998E-6     0.23081603568022757
3.0E-6                    0.22867383733966068
3.1E-6                    0.22598114078206227
3.2E-6                    0.22115265843430448
3.2999999999999997E-6     0.22040771850785412
3.3999999999999996E-6     0.219646088917127
3.5E-6                    0.21695691685258
3.6E-6                    0.21493094272419416
3.6999999999999997E-6     0.21224184870645346
3.8E-6                    0.2103004441769651
3.9E-6                    0.20823865836680167
4.0E-6                    0.2062711524695077
4.1E-6                    0.20397424126735694
4.2E-6                    0.2018606873425193
4.2999999999999995E-6     0.19981136596866114
4.4E-6                    0.19776386777933916
4.5E-6                    0.1957345548415279
4.6E-6                    0.19372410908726165
4.7E-6                    0.19172886011505005
4.8E-6                    0.1897551855308723
4.9E-6                    0.18835175750797226
4.9999999999999996E-6     0.18560504941353947
5.0999999999999995E-6     0.18403987075412054
5.199999999999999E-6      0.18212906567512321
5.3E-6                    0.1799731175220889
5.4E-6                    0.17843916013310712
5.5E-6                    0.17659477045493951
5.6E-6                    0.17476373196310613
5.7E-6                    0.17288236973845195
5.7999999999999995E-6     0.17109468042405251
5.899999999999999E-6      0.16930812479178253
6.0E-6                    0.16715155706088067
6.1E-6                    0.16581114776372574
6.2E-6                    0.16410634274875074
6.3E-6                    0.1624687688346494
6.4E-6                    0.16089885001603585
6.5E-6                    0.15920020109633543
6.5999999999999995E-6     0.1575023571304008
6.699999999999999E-6      0.1558691292489194
6.799999999999999E-6      0.1547426293041358
6.9E-6                    0.15253106295641775
7.0E-6                    0.15114294213402368
7.1E-6                    0.14958002026588677
7.2E-6                    0.14808163394383642
7.2999999999999996E-6     0.14648200555615748
7.3999999999999995E-6     0.14498793942515828
7.499999999999999E-6      0.14350422523049738
7.6E-6                    0.1419854390049297
7.699999999999999E-6      0.14039773832101818
7.8E-6                    0.13912168812577683
7.899999999999999E-6      0.13765017510797525
8.0E-6                    0.13622953318447012
8.1E-6                    0.13486887838064443
8.2E-6                    0.13353637117759454
8.3E-6                    0.13210969690652408
8.4E-6                    0.1307379527288115
8.5E-6                    0.12940486776297577
8.599999999999999E-6      0.12808641069267718
8.7E-6                    0.12662513922010224
8.8E-6                    0.1255606718202118
8.9E-6                    0.12421733395226482
9.0E-6                    0.12293146020266876
9.1E-6                    0.12163749847397967
9.2E-6                    0.12040824997610645
9.299999999999999E-6      0.11912165843652794
9.4E-6                    0.11788897057763474
9.499999999999999E-6      0.11666696178798189
9.6E-6                    0.1155405661753908
9.7E-6                    0.11418358604139929
9.8E-6                    0.113151707820232
9.9E-6                    0.11195698615886636
9.999999999999999E-6      0.11083059775802714
1.01E-5                   0.10963583871345774
1.0199999999999999E-5     0.10854815856095615
1.03E-5                   0.1074146086046261
1.0399999999999999E-5     0.10629589314294079
1.05E-5                   0.105205017096806
1.06E-5                   0.1041345006874394
1.07E-5                   0.10304864462468609
1.08E-5                   0.10199738792298729
1.0899999999999999E-5     0.10093960457418681
1.1E-5                    0.09990478881954323
1.1099999999999999E-5     0.09887191609119966
1.12E-5                   0.09785673724889002
1.13E-5                   0.09684575262162827
1.14E-5                   0.09584968727788044
1.15E-5                   0.09486236104610808
1.1599999999999999E-5     0.09388280423642657
1.17E-5                   0.09292014929183626
1.1799999999999999E-5     0.0919388061260472
1.19E-5                   0.09059416509917043
1.2E-5                    0.08993554649385921
1.21E-5                   0.08907322585361374
1.22E-5                   0.08827188013748813
1.2299999999999999E-5     0.08735613705666692
1.24E-5                   0.08640633712554098
1.2499999999999999E-5     0.08553688517385594
1.26E-5                   0.08462861092520667
1.2699999999999999E-5     0.08376961101093755
1.28E-5                   0.0829306360265704
1.29E-5                   0.0820341966767414
1.3E-5                    0.08123459510727882
1.31E-5                   0.08037255021987387
1.3199999999999999E-5     0.07956414958312817
1.33E-5                   0.07874119197701551
1.3399999999999999E-5     0.07797004765175578
1.35E-5                   0.07714779590766645
1.3599999999999999E-5     0.07634151798252696
1.37E-5                   0.07555097590962205
1.38E-5                   0.07475700644548099
1.3899999999999999E-5     0.07401133247205008
1.4E-5                    0.07323507332736845
1.4099999999999999E-5     0.0724793425413267
1.42E-5                   0.07173311362059424
1.4299999999999999E-5     0.07099671034194201
1.44E-5                   0.07025704185276069
1.45E-5                   0.06954420730070456
1.4599999999999999E-5     0.06881714868258737
1.47E-5                   0.06811636308643078
1.4799999999999999E-5     0.06741054927477953
1.49E-5                   0.06671773547839478
1.4999999999999999E-5     0.06603073241164849
1.51E-5                   0.06535021083770076
1.52E-5                   0.0646692195331781
1.53E-5                   0.06400370676345422
1.5399999999999998E-5     0.06338469561229002
1.55E-5                   0.06270866589990215
1.56E-5                   0.062052118753213564
1.57E-5                   0.06139361552923914
1.5799999999999998E-5     0.060779720732277394
1.59E-5                   0.06016560413064144
1.6E-5                    0.059544180701896314
1.61E-5                   0.058925648958022304
1.62E-5                   0.05830647329750334
1.63E-5                   0.05772299375280414
1.64E-5                   0.05712650573424141
1.6499999999999998E-5     0.056532042466503875
1.66E-5                   0.05594903681154635
1.67E-5                   0.05537426170765136
1.68E-5                   0.05479936266342136
1.69E-5                   0.054237253337302296
1.7E-5                    0.05367801557022297
1.71E-5                   0.053124199084926035
1.7199999999999998E-5     0.05257947389097163
1.73E-5                   0.05203555328702758
1.74E-5                   0.0515018556740441
1.75E-5                   0.050967461297026846
1.76E-5                   0.05044584412341154
1.77E-5                   0.04992459234067843
1.78E-5                   0.04942199245941362
1.7899999999999998E-5     0.0488612283677459
1.8E-5                    0.048387321492372085
1.81E-5                   0.04789246228600198
1.82E-5                   0.0474003621529337
1.8299999999999998E-5     0.04691879305802085
1.84E-5                   0.04643109373948786
1.85E-5                   0.04595367897813223
1.8599999999999998E-5     0.04547824264554073
1.87E-5                   0.04501115472663443
1.88E-5                   0.044548057025825226
1.89E-5                   0.04408512148543633
1.8999999999999998E-5     0.043636147970557905
1.91E-5                   0.04318350372835117
1.92E-5                   0.04274040700615871
1.9299999999999998E-5     0.04229817022778662
1.94E-5                   0.04186500624564262
1.95E-5                   0.041431511287947545
1.96E-5                   0.04100592223294579
1.9699999999999998E-5     0.040583368986477186
1.98E-5                   0.04016325546196398
1.99E-5                   0.03974095219956763
1.9999999999999998E-5     0.03932263050678192
2.01E-5                   0.03892227540615752
2.02E-5                   0.038526711995923564
2.03E-5                   0.03813453593384607
2.0399999999999998E-5     0.03774374236236985
2.05E-5                   0.037356265889724787
2.06E-5                   0.03696520670051422
2.07E-5                   0.03658748211448619
2.0799999999999997E-5     0.03621254357009145
2.09E-5                   0.03583640643242916
2.1E-5                    0.035470699561521137
2.1099999999999998E-5     0.035103085029336775
2.12E-5                   0.03474286135639002
2.13E-5                   0.034383954282550165
2.14E-5                   0.03403033970627195
2.1499999999999997E-5     0.03368022849860661
2.16E-5                   0.033330617859861675
2.17E-5                   0.032994897044967254
2.1799999999999998E-5     0.032648172000380546
2.19E-5                   0.03231259226122478
2.2E-5                    0.0319828083325319
2.21E-5                   0.031654474141382775
2.2199999999999998E-5     0.03132446011503778
2.23E-5                   0.030999589599266346
2.24E-5                   0.030680369369661453
2.2499999999999998E-5     0.030362909182958347
2.26E-5                   0.030050846016962483
2.27E-5                   0.02974221006157713
2.28E-5                   0.029433574318163187
2.2899999999999998E-5     0.02913234807117239
2.3E-5                    0.028832133055028002
2.31E-5                   0.02853554045648544
2.3199999999999998E-5     0.028240609558334868
2.33E-5                   0.027949582221183464
2.34E-5                   0.02766259904057866
2.35E-5                   0.02737723137761193
2.3599999999999998E-5     0.0270956916430751
2.37E-5                   0.02681486867556787
2.38E-5                   0.026540328773037733
2.3899999999999998E-5     0.02626578902578968
2.4E-5                    0.025996351219138913
2.41E-5                   0.02572743050649388
2.42E-5                   0.025463223656507786
2.4299999999999998E-5     0.025200908707735493
2.44E-5                   0.02494139628954839
2.45E-5                   0.02468447892013406
2.4599999999999998E-5     0.02442950787620312
2.4699999999999997E-5     0.02417858214623622
2.48E-5                   0.023928424520034585
2.49E-5                   0.023683386421267483
2.4999999999999998E-5     0.023438348426092385
2.51E-5                   0.023197191751066434
2.52E-5                   0.022956300300627612
2.53E-5                   0.022723212440712633
2.5399999999999997E-5     0.022490740708789383
2.55E-5                   0.022258948717131768
2.56E-5                   0.02202734821920639
2.5699999999999998E-5     0.02179953261592599
2.58E-5                   0.021576892043079915
2.59E-5                   0.021350372699052846
2.6E-5                    0.021129084480771637
2.6099999999999997E-5     0.020913194865743886
2.62E-5                   0.020699319249619496
2.63E-5                   0.020484128822874655
2.6399999999999998E-5     0.020273814526964425
2.65E-5                   0.020064395590161828
2.66E-5                   0.01985737972860502
2.67E-5                   0.01965376044581836
2.6799999999999998E-5     0.01945073900713934
2.69E-5                   0.01925076056525532
2.7E-5                    0.019052293067485616
2.7099999999999998E-5     0.018855694106415122
2.7199999999999997E-5     0.018661810180239376
2.73E-5                   0.018469474563626555
2.74E-5                   0.018279281698455968
2.7499999999999998E-5     0.018091083144343247
2.76E-5                   0.017904512001631498
2.77E-5                   0.017720740196370828
2.7799999999999998E-5     0.017534592973491053
2.7899999999999997E-5     0.017358270419939804
2.8E-5                    0.01717486050608094
2.81E-5                   0.016997844631118128
2.8199999999999998E-5     0.016824884067206062
2.83E-5                   0.016650308732293305
2.84E-5                   0.016479652440206712
2.8499999999999998E-5     0.016309261713267166
2.8599999999999997E-5     0.016141219172658372
2.87E-5                   0.015975590730574186
2.88E-5                   0.01581064903750216
2.8899999999999998E-5     0.01564817833567704
2.9E-5                    0.015486683888927872
2.91E-5                   0.015327239829085623
2.9199999999999998E-5     0.01516939013249915
2.9299999999999997E-5     0.015013089114245589
2.94E-5                   0.014858444648287098
2.95E-5                   0.014705337518629288
2.9599999999999998E-5     0.014553918875016177
2.97E-5                   0.014403954030547299
2.98E-5                   0.014254724208698132
2.99E-5                   0.014108523932090541
2.9999999999999997E-5     0.013961156694380174
3.01E-5                   0.013820310561537066
3.02E-5                   0.013676720752469366
3.0299999999999998E-5     0.01353392014199962
3.04E-5                   0.013395437047371289
3.05E-5                   0.013256993995465033
3.06E-5                   0.013121028577871952
3.07E-5                   0.012985342664489625
3.0799999999999996E-5     0.012851589780704352
3.09E-5                   0.012719093378246112
3.1E-5                    0.012588655128044999
3.11E-5                   0.012458379578958548
3.12E-5                   0.012330470589122303
3.13E-5                   0.01220353372225984
3.14E-5                   0.012077528372319476
3.15E-5                   0.011953328242369828
3.1599999999999996E-5     0.011830138204789559
3.17E-5                   0.011708221080504386
3.18E-5                   0.011587735959169914
3.1899999999999996E-5     0.011468240013712954
3.2E-5                    0.011350111340949315
3.21E-5                   0.011233353999821801
3.22E-5                   0.011117502818665925
3.23E-5                   0.011002864594993332
3.24E-5                   0.0108897821365916
3.25E-5                   0.010777530079371331
3.26E-5                   0.010666284561256007
3.2699999999999995E-5     0.010556687530553305
3.28E-5                   0.010447907084484261
3.29E-5                   0.01034007873313063
3.2999999999999996E-5     0.010233783081233632
3.31E-5                   0.010128321812660502
3.32E-5                   0.010023863608411688
3.3299999999999996E-5     0.009920776067040773
3.34E-5                   0.009818518407531066
3.35E-5                   0.00971727861945495
3.36E-5                   0.00961735049109442
3.37E-5                   0.009518217655687012
3.38E-5                   0.009420045558458948
3.39E-5                   0.009323169381754518
3.4E-5                    0.009227104566698287
3.4099999999999995E-5     0.009131564689730158
3.42E-5                   0.00903618432403898
3.43E-5                   0.008942649551914882
3.4399999999999996E-5     0.008852279733495946
3.45E-5                   0.00875830512816196
3.46E-5                   0.008669611917177862
3.4699999999999996E-5     0.008579128348938847
3.48E-5                   0.008491840882737203
3.49E-5                   0.008403333250239784
3.5E-5                    0.008317473761806478
3.51E-5                   0.008231882923096486
3.52E-5                   0.008147253081247943
3.53E-5                   0.008063226189642586
3.54E-5                   0.00798031433198783
3.5499999999999996E-5     0.007897908049388376
3.56E-5                   0.007816724903615539
3.57E-5                   0.007736067011002017
3.5799999999999996E-5     0.007656502328772183
3.59E-5                   0.007577990737255318
3.6E-5                    0.007499968779255679
3.6099999999999997E-5     0.007422413321858119
3.62E-5                   0.0073462566383356576
3.63E-5                   0.007270099957894528
3.64E-5                   0.007195679085749194
3.65E-5                   0.007121474446852779
3.6599999999999995E-5     0.00704812576034302
3.67E-5                   0.006975541139140948
3.68E-5                   0.006903283032828189
3.6899999999999996E-5     0.006832647841919557
3.7E-5                    0.006762012653642967
3.71E-5                   0.006693299924372184
3.7199999999999996E-5     0.00662504807997979
3.73E-5                   0.00655679623787101
3.74E-5                   0.006488544397970588
3.75E-5                   0.006420575851823441
3.76E-5                   0.006355661318363751
3.77E-5                   0.006290746786833294
3.78E-5                   0.006225832257167093
3.79E-5                   0.006160917729300166
3.7999999999999995E-5     0.006097106351878851
3.81E-5                   0.006035229552462814
3.82E-5                   0.005973352754912176
3.8299999999999996E-5     0.005911475959170822
3.84E-5                   0.005849599165182632
3.85E-5                   0.005790516278959439
3.8599999999999996E-5     0.00573299535036504
3.87E-5                   0.005675474423269133
3.88E-5                   0.005617953497626567
3.89E-5                   0.005560432573392192
3.9E-5                    0.005502911650520845
3.9099999999999995E-5     0.005445390728967377
3.92E-5                   0.005387869808686633
3.93E-5                   0.005330348889633455
3.9399999999999995E-5     0.005273887059095719
3.95E-5                   0.005221716707358884
3.96E-5                   0.0051695463566105715
3.9699999999999996E-5     0.005117376006817119
3.98E-5                   0.005065205657944859
3.99E-5                   0.005013035309960128
3.9999999999999996E-5     0.004960864962829266
4.01E-5                   0.004908694616518602
4.02E-5                   0.004856524270994474
4.03E-5                   0.004804353926223225
4.04E-5                   0.004755859270100044
4.0499999999999995E-5     0.004708560835011
4.06E-5                   0.004661262401012997
4.07E-5                   0.004613963968080936
4.0799999999999996E-5     0.004566665536189723
4.09E-5                   0.0045193671053142485
4.1E-5                    0.004472068675429418
4.1099999999999996E-5     0.0044247702465101315
4.12E-5                   0.004377471818531286
4.13E-5                   0.004332135348094694
4.14E-5                   0.004291145620637877
4.15E-5                   0.004250155893685678
4.1599999999999995E-5     0.004209166167221774
4.17E-5                   0.004168176441229827
4.18E-5                   0.004127186715693508
4.1899999999999995E-5     0.004086196990596491
4.2E-5                    0.004045207265922439
4.21E-5                   0.0040042175416550255
4.2199999999999996E-5     0.00396322781777792
4.23E-5                   0.0039222380942747865
4.24E-5                   0.003881248371129302
4.2499999999999996E-5     0.0038402586483251328
4.26E-5                   0.0037992689258459452
4.27E-5                   0.00375827920367541
4.28E-5                   0.0037172894817972
4.29E-5                   0.0036762997601949795
4.2999999999999995E-5     0.003635310038852424
4.31E-5                   0.003594320317753195
4.32E-5                   0.0035564262192315644
4.3299999999999995E-5     0.0035227367165353235
4.34E-5                   0.0034890472142234067
4.35E-5                   0.003455357712286749
4.3599999999999996E-5     0.003421668210716284
4.37E-5                   0.0033879787095029397
4.38E-5                   0.00335428920863765
4.3899999999999996E-5     0.0033205997081113482
4.4E-5                    0.003286910207914963
4.41E-5                   0.003253220708039429
4.42E-5                   0.0032195312084756797
4.43E-5                   0.003185841709214642
4.4399999999999995E-5     0.003152152210247253
4.45E-5                   0.0031184627115644404
4.46E-5                   0.0030847732131571376
4.4699999999999996E-5     0.0030510837150162797
4.48E-5                   0.0030173942171327936
4.49E-5                   0.0029837047194976136
4.4999999999999996E-5     0.0029500152221016737
4.51E-5                   0.002919566054829831
4.52E-5                   0.0028919095893192542
4.5299999999999997E-5     0.0028642531240782145
4.54E-5                   0.0028365966591016923
4.5499999999999995E-5     0.0028089401943846705
4.56E-5                   0.002781283729922129
4.57E-5                   0.002753627265709054
4.5799999999999995E-5     0.0027259708017404265
4.59E-5                   0.002698314338011225
4.6E-5                    0.0026706578745164357
4.6099999999999996E-5     0.00264300141125104
4.62E-5                   0.002615344948210018
4.63E-5                   0.002587688485388353
4.6399999999999996E-5     0.0025600320227810286
4.65E-5                   0.0025323755603830237
4.66E-5                   0.002504719098189323
4.67E-5                   0.0024770626361949087
4.68E-5                   0.0024494061743947607
4.6899999999999995E-5     0.002421749712783864
4.7E-5                    0.002397250744763418
4.71E-5                   0.002374450836871747
4.7199999999999995E-5     0.0023516509290016775
4.73E-5                   0.002328851021150396
4.74E-5                   0.002306051113315094
4.7499999999999996E-5     0.002283251205492965
4.76E-5                   0.002260451297681196
4.77E-5                   0.0022376513898769773
4.7799999999999996E-5     0.0022148514820775032
4.79E-5                   0.00219205157427996
4.8E-5                    0.0021692516664815393
4.81E-5                   0.002146451758679434
4.82E-5                   0.0021236518508708315
4.8299999999999995E-5     0.0021008519430529256
4.84E-5                   0.0020780520352229022
4.85E-5                   0.0020552521273779554
4.8599999999999995E-5     0.002032452219515275
4.87E-5                   0.0020096523116320503
4.88E-5                   0.0019868524037254718
4.8899999999999996E-5     0.0019672281505892495
4.9E-5                    0.0019485891942788089
4.91E-5                   0.001929950238108353
4.9199999999999997E-5     0.0019113112820763475
4.93E-5                   0.0018926723261812526
4.9399999999999995E-5     0.0018740333704215352
4.95E-5                   0.0018553944147956564
4.96E-5                   0.0018367554593020819
4.9699999999999995E-5     0.0018181165039392764
4.98E-5                   0.0017994775487057016
4.99E-5                   0.001780838593599821
4.9999999999999996E-5     0.0017621996386201013
5.01E-5                   0.0017435606837650037
5.02E-5                   0.0017249217290329923
5.0299999999999996E-5     0.0017062827744225332
5.04E-5                   0.0016876438199320868
5.05E-5                   0.0016690048655601194
5.06E-5                   0.001650365911305095
5.07E-5                   0.0016317269571654747
5.0799999999999995E-5     0.0016159161654463684
5.09E-5                   0.0016005047605782779
5.1E-5                    0.0015850933556821076
5.1099999999999995E-5     0.001569681950756991
5.12E-5                   0.0015542705458020563
5.13E-5                   0.001538859140816437
5.1399999999999996E-5     0.0015234477357992649
5.15E-5                   0.0015080363307496695
5.16E-5                   0.0014926249256667834
5.1699999999999996E-5     0.0014772135205497387
5.18E-5                   0.0014618021153976655
5.1899999999999994E-5     0.0014463907102096963
5.2E-5                    0.0014309793049849617
5.21E-5                   0.0014155678997225926
5.2199999999999995E-5     0.0014001564944217226
5.23E-5                   0.0013847450890814815
5.24E-5                   0.0013693336837010003
5.2499999999999995E-5     0.0013539222782794121
5.26E-5                   0.0013385108728158463
5.27E-5                   0.0013258493431064745
5.2799999999999996E-5     0.0013132175276770336
5.29E-5                   0.0013005857122982524
5.3E-5                    0.0012879538969696543
5.3099999999999996E-5     0.001275322081690764
5.32E-5                   0.0012626902664611018
5.3299999999999995E-5     0.001250058451280194
5.34E-5                   0.0012374266361475613
5.35E-5                   0.001224794821062728
5.3599999999999995E-5     0.001212163006025218
5.37E-5                   0.0011995311910345523
5.38E-5                   0.001186899376090256
5.3899999999999996E-5     0.0011742675611918524
5.4E-5                    0.0011616357463388634
5.41E-5                   0.0011490039315308128
5.4199999999999996E-5     0.0011363721167672244
5.43E-5                   0.0011237403020476202
5.4399999999999994E-5     0.0011111084873715248
5.4499999999999997E-5     0.001098715049986151
5.46E-5                   0.0010884119845908254
5.4699999999999995E-5     0.001078108919196669
5.48E-5                   0.00106780585380342
5.49E-5                   0.0010575027884108176
5.4999999999999995E-5     0.0010471997230186028
5.51E-5                   0.0010368966576265127
5.52E-5                   0.0010265935922342876
5.5299999999999996E-5     0.001016290526841668
5.54E-5                   0.0010059874614483909
5.55E-5                   9.956843960541965E-4
5.5599999999999996E-5     9.853813306588252E-4
5.57E-5                   9.750782652620151E-4
5.5799999999999994E-5     9.647751998635062E-4
5.59E-5                   9.544721344630368E-4
5.6E-5                    9.441690690603467E-4
5.6099999999999995E-5     9.338660036551763E-4
5.62E-5                   9.235629382472628E-4
5.63E-5                   9.132598728363472E-4
5.6399999999999995E-5     9.033003596494801E-4
5.65E-5                   8.9459212788722E-4
5.66E-5                   8.858838961157259E-4
5.6699999999999996E-5     8.771756643348426E-4
5.68E-5                   8.684674325444135E-4
5.69E-5                   8.597592007442838E-4
5.6999999999999996E-5     8.510509689342985E-4
5.71E-5                   8.423427371143013E-4
5.7199999999999994E-5     8.336345052841372E-4
5.73E-5                   8.2492627344365E-4
5.74E-5                   8.162180415926845E-4
5.7499999999999995E-5     8.075098097310861E-4
5.76E-5                   7.988015778586981E-4
5.77E-5                   7.900933459753655E-4
5.7799999999999995E-5     7.813851140809333E-4
5.79E-5                   7.72676882175245E-4
5.8E-5                    7.639686502581452E-4
5.8099999999999996E-5     7.552604183294799E-4
5.82E-5                   7.465521863890916E-4
5.8299999999999994E-5     7.384927317479294E-4
5.8399999999999997E-5     7.317596573437628E-4
5.85E-5                   7.250265829690707E-4
5.8599999999999995E-5     7.182935086237806E-4
5.87E-5                   7.115604343078191E-4
5.88E-5                   7.048273600211133E-4
5.8899999999999995E-5     6.980942857635915E-4
5.9E-5                    6.913612115351796E-4
5.91E-5                   6.846281373358052E-4
5.9199999999999996E-5     6.778950631653963E-4
5.93E-5                   6.711619890238787E-4
5.94E-5                   6.644289149111807E-4
5.9499999999999996E-5     6.576958408272289E-4
5.96E-5                   6.509627667719507E-4
5.9699999999999994E-5     6.442296927452736E-4
5.98E-5                   6.37496618747124E-4
5.99E-5                   6.307635447774294E-4
5.9999999999999995E-5     6.24030470836118E-4
6.01E-5                   6.172973969231153E-4
6.02E-5                   6.109054625211381E-4
6.0299999999999995E-5     6.049450337171511E-4
6.04E-5                   5.98984604862067E-4
6.05E-5                   5.930241759558345E-4
6.0599999999999996E-5     5.870637469984019E-4
6.07E-5                   5.811033179897172E-4
6.08E-5                   5.751428889297286E-4
6.0899999999999996E-5     5.691824598183846E-4
6.1E-5                    5.63222030655633E-4
6.11E-5                   5.572616014414228E-4
6.12E-5                   5.513011721757008E-4
6.13E-5                   5.453407428584164E-4
6.14E-5                   5.393803134895174E-4
6.149999999999999E-5      5.332930452844325E-4
6.159999999999999E-5      5.271520723749335E-4
6.17E-5                   5.210110995232086E-4
6.18E-5                   5.148701267292072E-4
6.19E-5                   5.087291539928781E-4
6.2E-5                    5.025881813141706E-4
6.209999999999999E-5      4.964472086930348E-4
6.22E-5                   4.903062361294181E-4
6.23E-5                   4.8448847110946225E-4
6.24E-5                   4.801271715904279E-4
6.25E-5                   4.7576587205390994E-4
6.26E-5                   4.714045724998878E-4
6.269999999999999E-5      4.6704327292834225E-4
6.28E-5                   4.626819733392521E-4
6.29E-5                   4.583206737325973E-4
6.3E-5                    4.539593741083579E-4
6.31E-5                   4.4959398650205813E-4
6.319999999999999E-5      4.452268369430163E-4
6.33E-5                   4.408596873656959E-4
6.34E-5                   4.3649253777007583E-4
6.35E-5                   4.3212538815613457E-4
6.36E-5                   4.277582385238504E-4
6.37E-5                   4.2294330173246064E-4
6.379999999999999E-5      4.179001988337478E-4
6.39E-5                   4.128570960086415E-4
6.4E-5                    4.078139932571161E-4
6.41E-5                   4.0277089057914515E-4
6.42E-5                   3.9886030009458456E-4
6.429999999999999E-5      3.9548321003149016E-4
6.44E-5                   3.9210611988441254E-4
6.45E-5                   3.887290296533412E-4
6.46E-5                   3.850181122297265E-4
6.47E-5                   3.8087458931205956E-4
6.48E-5                   3.7673106649867744E-4
6.489999999999999E-5      3.7258754378956385E-4
6.5E-5                    3.6839619695578095E-4
6.51E-5                   3.641845815420212E-4
6.52E-5                   3.5997296606183113E-4
6.53E-5                   3.561799868599827E-4
6.539999999999999E-5      3.5319087751409884E-4
6.549999999999999E-5      3.5020176817295603E-4
6.56E-5                   3.468792180172505E-4
6.57E-5                   3.4284330606754534E-4
6.58E-5                   3.3880739417032306E-4
6.59E-5                   3.349903127394027E-4
6.599999999999999E-5      3.316971450110977E-4
6.61E-5                   3.284039772098864E-4
6.62E-5                   3.2515184326488845E-4
6.63E-5                   3.220102510896219E-4
6.64E-5                   3.1886865899156014E-4
6.65E-5                   3.1562641311925837E-4
6.659999999999999E-5      3.120769975502062E-4
6.67E-5                   3.085275819152802E-4
6.68E-5                   3.051412353732689E-4
6.69E-5                   3.0232340306050057E-4
6.7E-5                    2.9950557078160486E-4
6.709999999999999E-5      2.9660815355719974E-4
6.72E-5                   2.93390377722445E-4
6.73E-5                   2.901726018815623E-4
6.74E-5                   2.8701634440663734E-4
6.75E-5                   2.8414993730346545E-4
6.76E-5                   2.812835301826887E-4
6.769999999999999E-5      2.784244979691844E-4
6.78E-5                   2.756068753021096E-4
6.79E-5                   2.727892526675674E-4
6.8E-5                    2.6997010084815504E-4
6.81E-5                   2.671404622514995E-4
6.819999999999999E-5      2.643108236181824E-4
6.829999999999999E-5      2.6150718733177137E-4
6.84E-5                   2.5892912751614134E-4
6.85E-5                   2.5635106773195143E-4
6.86E-5                   2.537651294301009E-4
6.87E-5                   2.5108790402581616E-4
6.879999999999999E-5      2.484106785994772E-4
6.89E-5                   2.4574704261682895E-4
6.9E-5                    2.433144963326871E-4
6.91E-5                   2.4088195005455597E-4
6.92E-5                   2.3844940378243203E-4
6.929999999999999E-5      2.3601685751631213E-4
6.939999999999999E-5      2.335843112561921E-4
6.95E-5                   2.3115242163711423E-4
6.96E-5                   2.2880489781201225E-4
6.97E-5                   2.2645737398472473E-4
6.98E-5                   2.2410985015524864E-4
6.989999999999999E-5      2.217623263235813E-4
7.0E-5                    2.194148024897191E-4
7.01E-5                   2.1706727865365935E-4
7.02E-5                   2.1489870336391647E-4
7.03E-5                   2.1273760247386713E-4
7.04E-5                   2.1057650158361226E-4
7.049999999999999E-5      2.0841540069314974E-4
7.06E-5                   2.0625429980247647E-4
7.07E-5                   2.0409319891159038E-4
7.08E-5                   2.020276078308573E-4
7.09E-5                   1.9997122234969748E-4
7.099999999999999E-5      1.9791483687044617E-4
7.11E-5                   1.9585845139310067E-4
7.12E-5                   1.9380206591765935E-4
7.13E-5                   1.9174568044412008E-4
7.14E-5                   1.8985538968025804E-4
7.15E-5                   1.879911828384948E-4
7.159999999999999E-5      1.8612697599565116E-4
7.17E-5                   1.842627691517251E-4
7.18E-5                   1.823985623067152E-4
7.19E-5                   1.8053435546062005E-4
7.2E-5                    1.786701486134381E-4
7.209999999999999E-5      1.7680594176516798E-4
7.219999999999999E-5      1.7494173491580773E-4
7.23E-5                   1.7307752806535603E-4
7.24E-5                   1.7121332121381138E-4
7.25E-5                   1.693491143611722E-4
7.26E-5                   1.6765263406471524E-4
7.269999999999999E-5      1.6600663966430908E-4
7.28E-5                   1.6436064526491738E-4
7.29E-5                   1.627146508665394E-4
7.3E-5                    1.6106865646917402E-4
7.31E-5                   1.594226620728202E-4
7.319999999999999E-5      1.5777666767747707E-4
7.329999999999999E-5      1.5613067328314317E-4
7.34E-5                   1.5448467888981766E-4
7.35E-5                   1.528386844974994E-4
7.36E-5                   1.5119269010618753E-4
7.37E-5                   1.495466957158808E-4
7.379999999999999E-5      1.480304924319368E-4
7.39E-5                   1.465773511248603E-4
7.4E-5                    1.4512420981702793E-4
7.41E-5                   1.4367106850843894E-4
7.42E-5                   1.4221792719909272E-4
7.429999999999999E-5      1.4076478588898863E-4
7.439999999999999E-5      1.3931164457812556E-4
7.45E-5                   1.3785850326650308E-4
7.46E-5                   1.3640536195412033E-4
7.47E-5                   1.3495222064097666E-4
7.48E-5                   1.3349907932707134E-4
7.489999999999999E-5      1.3204593801240382E-4
7.5E-5                    1.3073374626095324E-4
7.51E-5                   1.295247278285928E-4
7.52E-5                   1.2831570939651359E-4
7.53E-5                   1.2710669096471523E-4
7.54E-5                   1.2589767253319735E-4
7.549999999999999E-5      1.2468865410195966E-4
7.56E-5                   1.2347963567100142E-4
7.57E-5                   1.2227061724032236E-4
7.58E-5                   1.2106159880992208E-4
7.59E-5                   1.1985258037980013E-4
7.599999999999999E-5      1.1864356194995629E-4
7.609999999999999E-5      1.1743454352038982E-4
7.62E-5                   1.1622552509110044E-4
7.63E-5                   1.1501650666208769E-4
7.64E-5                   1.1380748823335124E-4
7.65E-5                   1.1259846980489064E-4
7.659999999999999E-5      1.1138945137670556E-4
7.67E-5                   1.1018043294879535E-4
7.68E-5                   1.089714145211597E-4
7.69E-5                   1.0776239609379821E-4
7.7E-5                    1.0655337766671045E-4
7.709999999999999E-5      1.0534435923989617E-4
7.719999999999999E-5      1.0413534081335461E-4
7.73E-5                   1.0292632238708556E-4
7.74E-5                   1.0182068281182416E-4
7.75E-5                   1.0087941314019265E-4
7.76E-5                   9.99381434684186E-5
7.769999999999999E-5      9.899687379650202E-5
7.78E-5                   9.805560412444236E-5
7.79E-5                   9.71143344522396E-5
7.8E-5                    9.617306477989351E-5
7.81E-5                   9.523179510740396E-5
7.819999999999999E-5      9.429052543477084E-5
7.829999999999999E-5      9.334925576199369E-5
7.84E-5                   9.240798608907241E-5
7.85E-5                   9.146671641600689E-5
7.86E-5                   9.052544674279688E-5
7.87E-5                   8.958417706944216E-5
7.879999999999999E-5      8.864290739594268E-5
7.89E-5                   8.770163772229804E-5
7.9E-5                    8.676036804850808E-5
7.91E-5                   8.581909837457266E-5
7.92E-5                   8.487782870049156E-5
7.93E-5                   8.39365590262646E-5
7.939999999999999E-5      8.299528935189169E-5
7.95E-5                   8.205401967737239E-5
7.96E-5                   8.111275000270665E-5
7.97E-5                   8.017148032789421E-5
7.98E-5                   7.927130612425189E-5
7.989999999999999E-5      7.854095928437713E-5
7.999999999999999E-5      7.781061244459123E-5
8.01E-5                   7.708026560489416E-5
8.02E-5                   7.634991876528584E-5
8.03E-5                   7.561957192576624E-5
8.04E-5                   7.488922508633517E-5
8.049999999999999E-5      7.415887824699269E-5
8.06E-5                   7.342853140773848E-5
8.07E-5                   7.269818456857258E-5
8.08E-5                   7.19678377294949E-5
8.09E-5                   7.123749089050531E-5
8.099999999999999E-5      7.050714405160388E-5
8.109999999999999E-5      6.977679721279021E-5
8.12E-5                   6.904645037406442E-5
8.13E-5                   6.831610353542637E-5
8.14E-5                   6.758575669687596E-5
8.15E-5                   6.685540985841311E-5
8.159999999999999E-5      6.612506302003783E-5
8.17E-5                   6.539471618174981E-5
8.18E-5                   6.466436934354907E-5
8.19E-5                   6.393402250543552E-5
8.2E-5                    6.320367566740906E-5
8.209999999999999E-5      6.247332882946971E-5
8.219999999999999E-5      6.174355833554751E-5
8.23E-5                   6.117469331828558E-5
8.24E-5                   6.060582830097975E-5
8.25E-5                   6.003696328363001E-5
8.26E-5                   5.946809826623629E-5
8.269999999999999E-5      5.8899233248798625E-5
8.28E-5                   5.8330368231316816E-5
8.29E-5                   5.7761503213790934E-5
8.3E-5                    5.719263819622088E-5
8.31E-5                   5.6623773178606646E-5
8.319999999999999E-5      5.6054908160948274E-5
8.329999999999999E-5      5.5486043143245524E-5
8.34E-5                   5.4917178125498465E-5
8.35E-5                   5.434831310770705E-5
8.36E-5                   5.377944808987119E-5
8.37E-5                   5.321058307199092E-5
8.379999999999999E-5      5.264171805406621E-5
8.389999999999999E-5      5.2072853036096904E-5
8.4E-5                    5.1503988018083E-5
8.41E-5                   5.093512300002448E-5
8.42E-5                   5.036625798192129E-5
8.43E-5                   4.9797392963773376E-5
8.439999999999999E-5      4.922852794558079E-5
8.45E-5                   4.865966292734334E-5
8.46E-5                   4.809079790906104E-5
8.47E-5                   4.7661129878622326E-5
8.48E-5                   4.726362605922705E-5
8.489999999999999E-5      4.6866122239842355E-5
8.499999999999999E-5      4.646861842046817E-5
8.51E-5                   4.60711146011045E-5
8.52E-5                   4.5673610781751335E-5
8.53E-5                   4.527610696240868E-5
8.54E-5                   4.48786031430765E-5
8.549999999999999E-5      4.448109932375484E-5
8.56E-5                   4.408359550444358E-5
8.57E-5                   4.3686091685142756E-5
8.58E-5                   4.3288587865852354E-5
8.59E-5                   4.2891084046572355E-5
8.599999999999999E-5      4.249358022730281E-5
8.609999999999999E-5      4.209607640804359E-5
8.62E-5                   4.169857258879471E-5
8.63E-5                   4.130106876955619E-5
8.64E-5                   4.090356495032801E-5
8.65E-5                   4.050606113111014E-5
8.659999999999999E-5      4.0108557311902624E-5
8.669999999999999E-5      3.971105349270536E-5
8.68E-5                   3.931354967351835E-5
8.69E-5                   3.8916045854341596E-5
8.7E-5                    3.851854203517509E-5
8.709999999999999E-5      3.8121038216018874E-5
8.719999999999999E-5      3.77235343968728E-5
8.73E-5                   3.732603057773695E-5
8.74E-5                   3.692852675861126E-5
8.75E-5                   3.653102293949574E-5
8.76E-5                   3.613351912039038E-5
8.769999999999999E-5      3.5736015301295216E-5
8.779999999999999E-5      3.5338511482210115E-5
8.79E-5                   3.4941007663135124E-5
8.8E-5                    3.4543503844070236E-5
8.81E-5                   3.414600002501542E-5
8.82E-5                   3.3748496205970664E-5
8.829999999999999E-5      3.3350992386936005E-5
8.84E-5                   3.295348856791134E-5
8.85E-5                   3.255598474889669E-5
8.86E-5                   3.215848092989205E-5
8.87E-5                   3.176097711089738E-5
8.879999999999999E-5      3.136347329191275E-5
8.889999999999999E-5      3.096596947293803E-5
8.9E-5                    3.0568465653973256E-5
8.91E-5                   3.0170961835018405E-5
8.92E-5                   2.9773458016073467E-5
8.93E-5                   2.937595419713843E-5
8.939999999999999E-5      2.8978450378213337E-5
8.95E-5                   2.8649276312652676E-5
8.96E-5                   2.8410765116249614E-5
8.97E-5                   2.8172253919843513E-5
8.98E-5                   2.793374272343436E-5
8.989999999999999E-5      2.7695231527022186E-5
8.999999999999999E-5      2.7456720330606936E-5
9.01E-5                   2.7218209134188617E-5
9.02E-5                   2.6979697937767232E-5
9.03E-5                   2.6741186741342787E-5
9.04E-5                   2.650267554491528E-5
9.049999999999999E-5      2.6264164348484723E-5
9.059999999999999E-5      2.602565315205107E-5
9.07E-5                   2.5787141955614332E-5
9.08E-5                   2.554863075917452E-5
9.09E-5                   2.5310119562731613E-5
9.099999999999999E-5      2.5071608366285663E-5
9.109999999999999E-5      2.4833097169836584E-5
9.12E-5                   2.459458597338441E-5
9.13E-5                   2.4356074776929144E-5
9.14E-5                   2.4117563580470774E-5
9.15E-5                   2.3879052384009304E-5
9.159999999999999E-5      2.364054118754475E-5
9.169999999999999E-5      2.3402029991077063E-5
9.18E-5                   2.3163518794606265E-5
9.19E-5                   2.2925007598132344E-5
9.2E-5                    2.2686496401655308E-5
9.21E-5                   2.2447985205175146E-5
9.219999999999999E-5      2.2209474008691893E-5
9.23E-5                   2.1970962812205476E-5
9.24E-5                   2.1732451615715925E-5
9.25E-5                   2.1493940419223244E-5
9.26E-5                   2.1255429222727428E-5
9.269999999999999E-5      2.1016918026228488E-5
9.279999999999999E-5      2.0778406829726388E-5
9.29E-5                   2.053989563322112E-5
9.3E-5                    2.0301384436712713E-5
9.31E-5                   2.0062873240201146E-5
9.32E-5                   1.982436204368643E-5
9.329999999999999E-5      1.958585084716858E-5
9.34E-5                   1.934733965064753E-5
9.35E-5                   1.9108828454123317E-5
9.36E-5                   1.887031725759593E-5
9.37E-5                   1.863180606106537E-5
9.379999999999999E-5      1.839329486453166E-5
9.389999999999999E-5      1.8154783667994747E-5
9.4E-5                    1.7916272471454645E-5
9.41E-5                   1.7677761274911355E-5
9.42E-5                   1.743925007836487E-5
9.43E-5                   1.7205271517317888E-5
9.439999999999999E-5      1.7062725742488272E-5
9.449999999999999E-5      1.6920179967659635E-5
9.46E-5                   1.677763419283201E-5
9.47E-5                   1.6635088418005393E-5
9.48E-5                   1.649254264317977E-5
9.489999999999999E-5      1.634999686835517E-5
9.499999999999999E-5      1.620745109353155E-5
9.51E-5                   1.6064905318708933E-5
9.52E-5                   1.5922359543887323E-5
9.53E-5                   1.57798137690667E-5
9.54E-5                   1.563726799424708E-5
9.549999999999999E-5      1.5494722219428485E-5
9.559999999999999E-5      1.5352176444610863E-5
9.57E-5                   1.5209630669794235E-5
9.58E-5                   1.5067084894978607E-5
9.59E-5                   1.492453912016397E-5
9.6E-5                    1.4781993345350333E-5
9.609999999999999E-5      1.463944757053771E-5
9.62E-5                   1.4496901795726052E-5
9.63E-5                   1.4354356020915389E-5
9.64E-5                   1.421181024610572E-5
9.65E-5                   1.4069264471297044E-5
9.659999999999999E-5      1.3926718696489376E-5
9.669999999999999E-5      1.3784172921682682E-5
9.68E-5                   1.3641627146876974E-5
9.69E-5                   1.3499081372072255E-5
9.7E-5                    1.3356535597268522E-5
9.71E-5                   1.3213989822465777E-5
9.719999999999999E-5      1.3071444047664037E-5
9.73E-5                   1.2928898272863263E-5
9.74E-5                   1.2786352498063476E-5
9.75E-5                   1.2643806723264675E-5
9.76E-5                   1.2501260948466853E-5
9.769999999999999E-5      1.2358715173670037E-5
9.779999999999999E-5      1.2216169398874181E-5
9.79E-5                   1.2073623624079307E-5
9.8E-5                    1.1931077849285417E-5
9.81E-5                   1.1788532074492502E-5
9.82E-5                   1.164598629970057E-5
9.829999999999999E-5      1.1503440524909636E-5
9.839999999999999E-5      1.136089475011966E-5
9.85E-5                   1.1218348975330663E-5
9.86E-5                   1.107580320054264E-5
9.87E-5                   1.0933257425755593E-5
9.879999999999999E-5      1.0790711650969545E-5
9.889999999999999E-5      1.0648165876184447E-5
9.9E-5                    1.0505620101400326E-5
9.91E-5                   1.036307432661718E-5
9.92E-5                   1.0258379003801744E-5
9.93E-5                   1.0172777138012706E-5
9.939999999999999E-5      1.0087175272223488E-5
9.949999999999999E-5      1.0001573406434057E-5
9.96E-5                   9.915971540644439E-6
9.97E-5                   9.830369674854624E-6
9.98E-5                   9.744767809064616E-6
9.989999999999999E-5      9.659165943274425E-6
9.999999999999999E-5      9.57356407748403E-6
1.001E-4                  9.48796221169344E-6
1.002E-4                  9.402360345902652E-6
1.003E-4                  9.316758480111675E-6
1.004E-4                  9.2311566143205E-6
1.0049999999999999E-4     9.14555474852914E-6
1.0059999999999999E-4     9.059952882737576E-6
1.007E-4                  8.974351016945817E-6
1.008E-4                  8.888749151153864E-6
1.009E-4                  8.80314728536171E-6
1.01E-4                   8.717545419569363E-6
1.0109999999999999E-4     8.631943553776833E-6
1.012E-4                  8.546341687984096E-6
1.013E-4                  8.46073982219116E-6
1.014E-4                  8.37513795639803E-6
1.015E-4                  8.289536090604703E-6
1.0159999999999999E-4     8.20393422481119E-6
1.0169999999999999E-4     8.118332359017468E-6
1.018E-4                  8.03273049322355E-6
1.019E-4                  7.947128627429438E-6
1.02E-4                   7.861526761635125E-6
1.021E-4                  7.775924895840614E-6
1.0219999999999999E-4     7.69032303004592E-6
1.0229999999999999E-4     7.604721164251018E-6
1.024E-4                  7.519119298455913E-6
1.025E-4                  7.433517432660613E-6
1.026E-4                  7.347915566865115E-6
1.0269999999999999E-4     7.262313701069429E-6
1.0279999999999999E-4     7.176711835273535E-6
1.029E-4                  7.0911099694774435E-6
1.03E-4                   7.005508103681151E-6
1.031E-4                  6.919906237884659E-6
1.032E-4                  6.8343043720879704E-6
1.0329999999999999E-4     6.748702506291092E-6
1.0339999999999999E-4     6.663100640494004E-6
1.035E-4                  6.577498774696716E-6
1.036E-4                  6.491896908899229E-6
1.037E-4                  6.406295043101542E-6
1.0379999999999999E-4     6.320693177303666E-6
1.0389999999999999E-4     6.23509131150558E-6
1.04E-4                   6.161595736236828E-6
1.041E-4                  6.118899290993937E-6
1.042E-4                  6.076202845751036E-6
1.043E-4                  6.033506400508126E-6
1.0439999999999999E-4     5.990809955265211E-6
1.0449999999999999E-4     5.9481135100222795E-6
1.046E-4                  5.905417064779339E-6
1.047E-4                  5.862720619536389E-6
1.048E-4                  5.820024174293428E-6
1.049E-4                  5.777327729050458E-6
1.0499999999999999E-4     5.734631283807483E-6
1.051E-4                  5.691934838564492E-6
1.052E-4                  5.649238393321491E-6
1.053E-4                  5.60654194807848E-6
1.054E-4                  5.563845502835457E-6
1.0549999999999999E-4     5.521149057592432E-6
1.0559999999999999E-4     5.47845261234939E-6
1.057E-4                  5.435756167106337E-6
1.058E-4                  5.393059721863276E-6
1.059E-4                  5.350363276620203E-6
1.06E-4                   5.30766683137712E-6
1.0609999999999999E-4     5.2649703861340315E-6
1.0619999999999999E-4     5.2222739408909295E-6
1.063E-4                  5.179577495647815E-6
1.064E-4                  5.136881050404691E-6
1.065E-4                  5.094184605161557E-6
1.0659999999999999E-4     5.051488159918417E-6
1.0669999999999999E-4     5.008791714675263E-6
1.068E-4                  4.966095269432096E-6
1.069E-4                  4.9233988241889215E-6
1.07E-4                   4.880702378945734E-6
1.071E-4                  4.838005933702537E-6
1.0719999999999999E-4     4.795309488459336E-6
1.0729999999999999E-4     4.752613043216118E-6
1.074E-4                  4.709916597972889E-6
1.075E-4                  4.66722015272965E-6
1.076E-4                  4.624523707486399E-6
1.0769999999999999E-4     4.581827262243145E-6
1.0779999999999999E-4     4.5391308169998735E-6
1.079E-4                  4.496434371756592E-6
1.08E-4                   4.453737926513299E-6
1.081E-4                  4.411041481269997E-6
1.082E-4                  4.368345036026683E-6
1.0829999999999999E-4     4.325648590783365E-6
1.0839999999999999E-4     4.28295214554003E-6
1.085E-4                  4.240255700296685E-6
1.086E-4                  4.197559255053329E-6
1.087E-4                  4.154862809809962E-6
1.0879999999999999E-4     4.1121663645665885E-6
1.0889999999999999E-4     4.0694699193232E-6
1.0899999999999999E-4     4.026773474079801E-6
1.091E-4                  3.984077028836391E-6
1.092E-4                  3.941380583592969E-6
1.093E-4                  3.898684138349536E-6
1.0939999999999999E-4     3.8559876931060995E-6
1.0949999999999999E-4     3.8132912478626447E-6
1.096E-4                  3.7705948026191798E-6
1.097E-4                  3.727898357375704E-6
1.098E-4                  3.6852019121322177E-6
1.099E-4                  3.642505466888719E-6
1.0999999999999999E-4     3.5998090216452166E-6
1.1009999999999999E-4     3.557112576401697E-6
1.102E-4                  3.514416131158165E-6
1.103E-4                  3.471719685914623E-6
1.104E-4                  3.429023240671069E-6
1.1049999999999999E-4     3.386326795427512E-6
1.1059999999999999E-4     3.3436303501839356E-6
1.107E-4                  3.300933904940349E-6
1.108E-4                  3.2582374596967515E-6
1.109E-4                  3.2155410144531426E-6
1.11E-4                   3.172844569209523E-6
1.1109999999999999E-4     3.130148123965897E-6
1.1119999999999999E-4     3.0874516787222543E-6
1.113E-4                  3.0447552334786005E-6
1.114E-4                  3.0020587882349356E-6
1.115E-4                  2.959362342991259E-6
1.1159999999999999E-4     2.9166658977475775E-6
1.1169999999999999E-4     2.8739694525038792E-6
1.118E-4                  2.8312730072601686E-6
1.119E-4                  2.7885765620164466E-6
1.12E-4                   2.745880116772714E-6
1.121E-4                  2.7031836715289695E-6
1.1219999999999999E-4     2.6604872262852187E-6
1.1229999999999999E-4     2.6177907810414513E-6
1.124E-4                  2.575094335797672E-6
1.125E-4                  2.5323978905538823E-6
1.126E-4                  2.4897014453100802E-6
1.1269999999999999E-4     2.4470050000662722E-6
1.1279999999999999E-4     2.4043085548224477E-6
1.1289999999999999E-4     2.361612109578612E-6
1.13E-4                   2.3189156643347644E-6
1.131E-4                  2.2762192190909043E-6
1.132E-4                  2.233522773847033E-6
1.1329999999999999E-4     2.1908263286031565E-6
1.1339999999999999E-4     2.1481298833592617E-6
1.135E-4                  2.105433438115356E-6
1.136E-4                  2.0627369928714378E-6
1.137E-4                  2.0347890646120505E-6
1.138E-4                  2.0206146252034113E-6
1.1389999999999999E-4     2.0064401857947837E-6
1.1399999999999999E-4     1.992265746386165E-6
1.141E-4                  1.9780913069775563E-6
1.142E-4                  1.9639168675689582E-6
1.143E-4                  1.9497424281603708E-6
1.1439999999999999E-4     1.935567988751796E-6
1.1449999999999999E-4     1.9213935493432293E-6
1.146E-4                  1.9072191099346734E-6
1.147E-4                  1.893044670526128E-6
1.148E-4                  1.8788702311175926E-6
1.149E-4                  1.864695791709068E-6
1.1499999999999999E-4     1.8505213523005562E-6
1.1509999999999999E-4     1.8363469128920523E-6
1.152E-4                  1.822172473483559E-6
1.153E-4                  1.8079980340750763E-6
1.154E-4                  1.7938235946666038E-6
1.1549999999999999E-4     1.7796491552581439E-6
1.1559999999999999E-4     1.7654747158496928E-6
1.157E-4                  1.751300276441252E-6
1.158E-4                  1.7371258370328213E-6
1.159E-4                  1.7229513976244016E-6
1.16E-4                   1.7087769582159922E-6
1.1609999999999999E-4     1.6946025188075947E-6
1.1619999999999999E-4     1.6804280793992068E-6
1.163E-4                  1.6662536399908288E-6
1.164E-4                  1.652079200582461E-6
1.165E-4                  1.6379047611741038E-6
1.1659999999999999E-4     1.6237303217657593E-6
1.1669999999999999E-4     1.6095558823574232E-6
1.1679999999999999E-4     1.595381442949097E-6
1.169E-4                  1.5812070035407821E-6
1.17E-4                   1.5670325641324772E-6
1.171E-4                  1.552858124724183E-6
1.1719999999999999E-4     1.5386836853159013E-6
1.1729999999999999E-4     1.5245092459076275E-6
1.174E-4                  1.5103348064993645E-6
1.175E-4                  1.496160367091112E-6
1.176E-4                  1.4819859276828697E-6
1.177E-4                  1.4678114882746383E-6
1.1779999999999999E-4     1.453637048866419E-6
1.1789999999999999E-4     1.439462609458208E-6
1.18E-4                   1.425288170050008E-6
1.181E-4                  1.4111137306418182E-6
1.182E-4                  1.3969392912336388E-6
1.1829999999999999E-4     1.3827648518254721E-6
1.1839999999999999E-4     1.3685904124173135E-6
1.185E-4                  1.3544159730091655E-6
1.186E-4                  1.3402415336010276E-6
1.187E-4                  1.326067094192901E-6
1.188E-4                  1.3118926547847844E-6
1.1889999999999999E-4     1.2977182153766804E-6
1.1899999999999999E-4     1.2835437759685842E-6
1.191E-4                  1.269369336560499E-6
1.192E-4                  1.2551948971524243E-6
1.193E-4                  1.2410204577443597E-6
1.1939999999999999E-4     1.2268460183363076E-6
1.1949999999999999E-4     1.2126715789282641E-6
1.196E-4                  1.1984971395202308E-6
1.197E-4                  1.1843227001122086E-6
1.198E-4                  1.1701482607041963E-6
1.199E-4                  1.1559738212961943E-6
1.1999999999999999E-4     1.1417993818882055E-6
1.2009999999999999E-4     1.1276249424802243E-6
1.202E-4                  1.1134505030722535E-6
1.203E-4                  1.0992760636642935E-6
1.204E-4                  1.085101624256344E-6
1.2049999999999999E-4     1.070927184848407E-6
1.2059999999999999E-4     1.056752745440478E-6
1.2069999999999999E-4     1.04257830603256E-6
1.208E-4                  1.028403866624652E-6
1.209E-4                  1.0142294272167548E-6
1.21E-4                   1.000054987808868E-6
1.2109999999999999E-4     9.858805484009931E-7
1.2119999999999999E-4     9.717061089931272E-7
1.213E-4                  9.575316695852713E-7
1.214E-4                  9.433572301774264E-7
1.215E-4                  9.291827907695913E-7
1.216E-4                  9.150083513617671E-7
1.2169999999999999E-4     9.00833911953955E-7
1.2179999999999999E-4     8.866594725461516E-7
1.219E-4                  8.724850331383585E-7
1.22E-4                   8.583105937305759E-7
1.2209999999999999E-4     8.441361543228054E-7
1.222E-4                  8.299617149150437E-7
1.223E-4                  8.157872755072922E-7
1.224E-4                  8.016128360995513E-7
1.225E-4                  7.874383966918207E-7
1.226E-4                  7.732639572841006E-7
1.227E-4                  7.590895178763908E-7
1.228E-4                  7.449150784686917E-7
1.229E-4                  7.307406390610029E-7
1.2299999999999998E-4     7.165661996533281E-7
1.2309999999999998E-4     7.0239176024566E-7
1.2319999999999999E-4     6.882173208380025E-7
1.233E-4                  6.740428814303552E-7
1.234E-4                  6.670458676939141E-7
1.235E-4                  6.624155872401846E-7
1.236E-4                  6.577853067864509E-7
1.237E-4                  6.531550263327127E-7
1.238E-4                  6.485247458789702E-7
1.239E-4                  6.438944654252231E-7
1.24E-4                   6.392641849714717E-7
1.241E-4                  6.346339045177159E-7
1.2419999999999998E-4     6.300036240639569E-7
1.2429999999999999E-4     6.253733436101922E-7
1.244E-4                  6.207430631564231E-7
1.245E-4                  6.161127827026496E-7
1.246E-4                  6.114825022488717E-7
1.247E-4                  6.068522217950893E-7
1.248E-4                  6.022219413413025E-7
1.249E-4                  5.975916608875116E-7
1.25E-4                   5.92961380433716E-7
1.251E-4                  5.883310999799159E-7
1.252E-4                  5.837008195261116E-7
1.2529999999999998E-4     5.790705390723041E-7
1.2539999999999999E-4     5.744402586184906E-7
1.255E-4                  5.698099781646732E-7
1.256E-4                  5.651796977108511E-7
1.257E-4                  5.605494172570246E-7
1.258E-4                  5.559191368031937E-7
1.259E-4                  5.512888563493584E-7
1.26E-4                   5.466585758955186E-7
1.261E-4                  5.420282954416745E-7
1.262E-4                  5.373980149878259E-7
1.263E-4                  5.32767734533973E-7
1.2639999999999998E-4     5.281374540801168E-7
1.2649999999999998E-4     5.23507173626255E-7
1.266E-4                  5.188768931723888E-7
1.267E-4                  5.142466127185181E-7
1.268E-4                  5.096163322646431E-7
1.269E-4                  5.049860518107636E-7
1.27E-4                   5.003557713568797E-7
1.271E-4                  4.957254909029914E-7
1.272E-4                  4.910952104490987E-7
1.273E-4                  4.864649299952017E-7
1.274E-4                  4.818346495413001E-7
1.2749999999999998E-4     4.772043690873954E-7
1.2759999999999998E-4     4.7257408863348494E-7
1.277E-4                  4.6794380817957013E-7
1.278E-4                  4.63313527725651E-7
1.279E-4                  4.586832472717274E-7
1.28E-4                   4.5405296681779933E-7
1.281E-4                  4.4942268636386694E-7
1.282E-4                  4.4479240590993006E-7
1.283E-4                  4.401621254559887E-7
1.284E-4                  4.3553184500204294E-7
1.285E-4                  4.309015645480929E-7
1.2859999999999998E-4     4.2627128409413963E-7
1.2869999999999998E-4     4.2164100364018067E-7
1.288E-4                  4.170107231862173E-7
1.289E-4                  4.1238044273224956E-7
1.29E-4                   4.077501622782773E-7
1.291E-4                  4.0311988182430077E-7
1.292E-4                  3.984896013703197E-7
1.293E-4                  3.938593209163343E-7
1.294E-4                  3.892290404623444E-7
1.295E-4                  3.845987600083501E-7
1.296E-4                  3.799684795543514E-7
1.2969999999999998E-4     3.753381991003496E-7
1.2979999999999998E-4     3.707079186463421E-7
1.2989999999999999E-4     3.6607763819232996E-7
1.3E-4                    3.6144735773831367E-7
1.301E-4                  3.568170772842929E-7
1.302E-4                  3.521867968302678E-7
1.303E-4                  3.475565163762381E-7
1.304E-4                  3.4292623592220407E-7
1.305E-4                  3.3829595546816564E-7
1.306E-4                  3.3366567501412277E-7
1.307E-4                  3.290353945600755E-7
1.3079999999999998E-4     3.244051141060251E-7
1.3089999999999998E-4     3.1977483365196896E-7
1.3099999999999999E-4     3.151445531979084E-7
1.311E-4                  3.1051427274384345E-7
1.312E-4                  3.0588399228977406E-7
1.313E-4                  3.012537118357004E-7
1.314E-4                  2.966234313816222E-7
1.315E-4                  2.9199315092753957E-7
1.316E-4                  2.8736287047345254E-7
1.317E-4                  2.8273259001936107E-7
1.318E-4                  2.781023095652652E-7
1.3189999999999998E-4     2.7347202911116617E-7
1.3199999999999998E-4     2.6884174865706146E-7
1.3209999999999999E-4     2.642114682029523E-7
1.322E-4                  2.5958118774883887E-7
1.323E-4                  2.5495090729472093E-7
1.324E-4                  2.5032062684059854E-7
1.325E-4                  2.456903463864718E-7
1.326E-4                  2.410600659323406E-7
1.327E-4                  2.3642978547820494E-7
1.328E-4                  2.3179950502406492E-7
1.329E-4                  2.2716922456992046E-7
1.33E-4                   2.2253894411577158E-7
1.3309999999999998E-4     2.2095406033927393E-7
1.3319999999999999E-4     2.1940943463028803E-7
1.333E-4                  2.178648089213038E-7
1.334E-4                  2.16320183212321E-7
1.335E-4                  2.1477555750333985E-7
1.336E-4                  2.1323093179436023E-7
1.337E-4                  2.116863060853823E-7
1.338E-4                  2.1014168037640586E-7
1.339E-4                  2.0859705466743098E-7
1.34E-4                   2.070524289584577E-7
1.341E-4                  2.0550780324948595E-7
1.3419999999999998E-4     2.039631775405162E-7
1.3429999999999998E-4     2.0241855183154767E-7
1.344E-4                  2.008739261225807E-7
1.345E-4                  1.9932930041361527E-7
1.346E-4                  1.9778467470465145E-7
1.347E-4                  1.9624004899568917E-7
1.348E-4                  1.946954232867285E-7
1.349E-4                  1.931507975777694E-7
1.35E-4                   1.9160617186881182E-7
1.351E-4                  1.9006154615985586E-7
1.352E-4                  1.885169204509015E-7
1.3529999999999998E-4     1.8697229474194908E-7
1.3539999999999998E-4     1.8542766903299784E-7
1.355E-4                  1.8388304332404818E-7
1.356E-4                  1.823384176151001E-7
1.357E-4                  1.8079379190615358E-7
1.358E-4                  1.792491661972086E-7
1.359E-4                  1.7770454048826525E-7
1.36E-4                   1.7615991477932348E-7
1.361E-4                  1.7461528907038324E-7
1.362E-4                  1.730706633614446E-7
1.363E-4                  1.7152603765250754E-7
1.3639999999999998E-4     1.6998141194357247E-7
1.3649999999999998E-4     1.6843678623463853E-7
1.3659999999999999E-4     1.6689216052570622E-7
1.367E-4                  1.6534753481677546E-7
1.368E-4                  1.6380290910784618E-7
1.369E-4                  1.6225828339891863E-7
1.37E-4                   1.6071365768999258E-7
1.371E-4                  1.591690319810681E-7
1.372E-4                  1.5762440627214523E-7
1.373E-4                  1.5607978056322392E-7
1.374E-4                  1.5453515485430415E-7
1.3749999999999998E-4     1.5299052914538638E-7
1.3759999999999998E-4     1.514459034364698E-7
1.3769999999999999E-4     1.4990127772755473E-7
1.378E-4                  1.4835665201864133E-7
1.379E-4                  1.4681202630972945E-7
1.38E-4                   1.4526740060081918E-7
1.381E-4                  1.4372277489191044E-7
1.382E-4                  1.421781491830033E-7
1.383E-4                  1.4063352347409769E-7
1.384E-4                  1.3908889776519371E-7
1.385E-4                  1.3754427205629125E-7
1.3859999999999998E-4     1.3599964634739083E-7
1.3869999999999998E-4     1.3445502063849157E-7
1.3879999999999999E-4     1.3291039492959387E-7
1.389E-4                  1.313657692206977E-7
1.39E-4                   1.298211435118032E-7
1.391E-4                  1.282765178029102E-7
1.392E-4                  1.267318920940188E-7
1.393E-4                  1.2518726638512895E-7
1.394E-4                  1.236426406762407E-7
1.395E-4                  1.2209801496735401E-7
1.396E-4                  1.2055338925846894E-7
1.3969999999999998E-4     1.1900876354958583E-7
1.3979999999999998E-4     1.1746413784070386E-7
1.3989999999999999E-4     1.1591951213182347E-7
1.4E-4                    1.1437488642294467E-7
1.401E-4                  1.1283026071406745E-7
1.402E-4                  1.112856350051918E-7
1.403E-4                  1.0974100929631772E-7
1.404E-4                  1.081963835874452E-7
1.405E-4                  1.0665175787857426E-7
1.406E-4                  1.0510713216970488E-7
1.407E-4                  1.0356250646083711E-7
1.408E-4                  1.020178807519709E-7
1.4089999999999998E-4     1.0047325504310671E-7
1.4099999999999998E-4     9.892862933424362E-8
1.411E-4                  9.738400362538215E-8
1.412E-4                  9.583937791652223E-8
1.413E-4                  9.429475220766388E-8
1.414E-4                  9.275012649880715E-8
1.415E-4                  9.120550078995194E-8
1.416E-4                  8.966087508109834E-8
1.417E-4                  8.81162493722463E-8
1.418E-4                  8.657162366339583E-8
1.419E-4                  8.502699795454695E-8
1.4199999999999998E-4     8.348237224570004E-8
1.4209999999999998E-4     8.193774653685431E-8
1.422E-4                  8.039312082801016E-8
1.423E-4                  7.884849511916754E-8
1.424E-4                  7.730386941032655E-8
1.425E-4                  7.57592437014871E-8
1.426E-4                  7.421461799264922E-8
1.427E-4                  7.291788552895194E-8
1.428E-4                  7.249048260666199E-8
1.429E-4                  7.206307968437178E-8
1.43E-4                   7.163567676208132E-8
1.4309999999999998E-4     7.120827383979075E-8
1.4319999999999998E-4     7.078087091749977E-8
1.433E-4                  7.035346799520862E-8
1.434E-4                  6.99260650729172E-8
1.435E-4                  6.949866215062552E-8
1.436E-4                  6.907125922833362E-8
1.437E-4                  6.864385630604148E-8
1.438E-4                  6.821645338374908E-8
1.439E-4                  6.778905046145645E-8
1.44E-4                   6.736164753916357E-8
1.441E-4                  6.693424461687047E-8
1.4419999999999998E-4     6.650684169457723E-8
1.4429999999999998E-4     6.607943877228362E-8
1.4439999999999999E-4     6.565203584998979E-8
1.445E-4                  6.52246329276957E-8
1.446E-4                  6.479723000540137E-8
1.447E-4                  6.43698270831068E-8
1.448E-4                  6.3942424160812E-8
1.449E-4                  6.351502123851695E-8
1.45E-4                   6.308761831622165E-8
1.451E-4                  6.266021539392612E-8
1.452E-4                  6.223281247163035E-8
1.4529999999999998E-4     6.180540954933442E-8
1.4539999999999998E-4     6.137800662703818E-8
1.4549999999999999E-4     6.095060370474166E-8
1.456E-4                  6.052320078244493E-8
1.457E-4                  6.009579786014793E-8
1.458E-4                  5.96683949378507E-8
1.459E-4                  5.9240992015553224E-8
1.46E-4                   5.8813589093255506E-8
1.461E-4                  5.838618617095755E-8
1.462E-4                  5.7958783248659356E-8
1.463E-4                  5.7531380326360904E-8
1.4639999999999998E-4     5.710397740406233E-8
1.4649999999999998E-4     5.6676574481763424E-8
1.4659999999999999E-4     5.6249171559464264E-8
1.467E-4                  5.582176863716483E-8
1.468E-4                  5.539436571486519E-8
1.469E-4                  5.49669627925653E-8
1.47E-4                   5.453955987026516E-8
1.471E-4                  5.4112156947964796E-8
1.472E-4                  5.3684754025664173E-8
1.473E-4                  5.3257351103363326E-8
1.474E-4                  5.2829948181062213E-8
1.4749999999999998E-4     5.240254525876098E-8
1.4759999999999998E-4     5.1975142336459386E-8
1.4769999999999999E-4     5.1547739414157566E-8
1.478E-4                  5.11203364918555E-8
1.479E-4                  5.069293356955318E-8
1.48E-4                   5.026553064725062E-8
1.481E-4                  4.983812772494783E-8
1.482E-4                  4.941072480264479E-8
1.483E-4                  4.89833218803415E-8
1.484E-4                  4.855591895803798E-8
1.485E-4                  4.8128516035734214E-8
1.4859999999999998E-4     4.770111311343032E-8
1.4869999999999998E-4     4.727371019112607E-8
1.4879999999999998E-4     4.684630726882158E-8
1.489E-4                  4.641890434651685E-8
1.49E-4                   4.599150142421187E-8
1.491E-4                  4.556409850190666E-8
1.492E-4                  4.5136695579601195E-8
1.493E-4                  4.4709292657295496E-8
1.494E-4                  4.428188973498955E-8
1.495E-4                  4.3854486812683365E-8
1.496E-4                  4.342708389037693E-8
1.497E-4                  4.299968096807026E-8
1.4979999999999998E-4     4.257227804576347E-8
1.4989999999999998E-4     4.214487512345631E-8
1.5E-4                    4.171747220114892E-8
