% Model:              20230225_JW_4_20.mph
% Version:            COMSOL 5.6.0.401
% Date:               Feb 25 2023, 20:40
% Dimension:          1
% Nodes:              1501
% Expressions:        1
% Description:        点图
% X                       Height
0                         24.721046049061684
1.0E-7                    24.695650336924068
2.0E-7                    24.61275806467983
3.0E-7                    24.5002352323884
4.0E-7                    24.375772532606273
5.0E-7                    24.259985266635077
6.0E-7                    24.131345748841238
7.0E-7                    23.943542493382548
8.0E-7                    23.769252042907038
9.0E-7                    23.59001132923955
1.0E-6                    23.41613254978643
1.1E-6                    23.233902681757407
1.2E-6                    23.04912739302354
1.2999999999999998E-6     22.86286613802096
1.4E-6                    22.678412300186547
1.5E-6                    22.495281553874758
1.6E-6                    22.311396193213916
1.6999999999999998E-6     22.127815937936514
1.8E-6                    21.94475802337368
1.9E-6                    21.76245265422688
2.0E-6                    21.58183245886903
2.1E-6                    21.399510340787398
2.2E-6                    21.22112161481402
2.3E-6                    21.040338834567073
2.4E-6                    20.86294186396792
2.4999999999999998E-6     20.682157262811184
2.5999999999999997E-6     20.50593095890102
2.7E-6                    20.338568216371986
2.8E-6                    20.116451675643027
2.8999999999999998E-6     20.019090432207197
3.0E-6                    19.801311535802522
3.1E-6                    19.654694726657343
3.2E-6                    19.47097199743561
3.2999999999999997E-6     19.286747180048263
3.3999999999999996E-6     19.119685744799135
3.5E-6                    18.95285106886955
3.6E-6                    18.780323064007156
3.6999999999999997E-6     18.615527177732766
3.8E-6                    18.44645673667018
3.9E-6                    18.280133710437305
4.0E-6                    18.11426049264496
4.1E-6                    17.949810950312205
4.2E-6                    17.78615539724661
4.2999999999999995E-6     17.623687253485425
4.4E-6                    17.461910343550077
4.5E-6                    17.301310262322744
4.6E-6                    17.141222427942502
4.7E-6                    16.982026080232885
4.8E-6                    16.843967084106065
4.9E-6                    16.679593810651276
4.9999999999999996E-6     16.507339323704908
5.0999999999999995E-6     16.363883336533988
5.199999999999999E-6      16.209576679985673
5.3E-6                    16.056682763372546
5.4E-6                    15.905872021136778
5.5E-6                    15.756224992263643
5.6E-6                    15.608435926636778
5.7E-6                    15.461566402307074
5.7999999999999995E-6     15.297593301238951
5.899999999999999E-6      15.179823973583053
6.0E-6                    15.027860141193894
6.1E-6                    14.884328900069217
6.2E-6                    14.7407043040783
6.3E-6                    14.60022946878536
6.4E-6                    14.460585545463719
6.5E-6                    14.323895841971801
6.5999999999999995E-6     14.184497555255199
6.699999999999999E-6      14.045497695308182
6.799999999999999E-6      13.911124637562429
6.9E-6                    13.779709552979453
7.0E-6                    13.64566457041698
7.1E-6                    13.513402017921004
7.2E-6                    13.382572470407938
7.2999999999999996E-6     13.253088658630098
7.3999999999999995E-6     13.123377443199427
7.499999999999999E-6      12.995370692924809
7.6E-6                    12.866377272425305
7.699999999999999E-6      12.74503606932323
7.8E-6                    12.62167652597379
7.899999999999999E-6      12.497000758311744
8.0E-6                    12.374338504129728
8.1E-6                    12.253374420318535
8.2E-6                    12.1333030150533
8.3E-6                    12.014663229109793
8.4E-6                    11.897723532445376
8.5E-6                    11.782543303892288
8.599999999999999E-6      11.661639021488062
8.7E-6                    11.54806352717463
8.8E-6                    11.433907946316317
8.9E-6                    11.320955195087166
9.0E-6                    11.20879091832904
9.1E-6                    11.098195786111354
9.2E-6                    10.988411437880155
9.299999999999999E-6      10.878787897928033
9.4E-6                    10.766000435361537
9.499999999999999E-6      10.665912471835513
9.6E-6                    10.55975799284894
9.7E-6                    10.454269138054544
9.8E-6                    10.350142103134225
9.9E-6                    10.246637202618913
9.999999999999999E-6      10.144335726131919
1.01E-5                   10.043322913828547
1.0199999999999999E-5     9.943091927100431
1.03E-5                   9.843588867361467
1.0399999999999999E-5     9.745135532712823
1.05E-5                   9.64761308845075
1.06E-5                   9.551073927715889
1.07E-5                   9.455485424134867
1.08E-5                   9.360742655533894
1.0899999999999999E-5     9.26691744798389
1.1E-5                    9.173985945184635
1.1099999999999999E-5     9.08187502851607
1.12E-5                   8.990801603415472
1.13E-5                   8.90016584243505
1.14E-5                   8.811380075772018
1.15E-5                   8.721268803594175
1.1599999999999999E-5     8.63673502759135
1.17E-5                   8.545764342448843
1.1799999999999999E-5     8.467442871309066
1.19E-5                   8.377755005391109
1.2E-5                    8.294329282513926
1.21E-5                   8.21005011539804
1.22E-5                   8.127071902746119
1.2299999999999999E-5     8.044426134311626
1.24E-5                   7.963335181655482
1.2499999999999999E-5     7.882547874055411
1.26E-5                   7.802949427916262
1.2699999999999999E-5     7.723907899476163
1.28E-5                   7.6457592369106315
1.29E-5                   7.5685614081751735
1.3E-5                    7.491957445507002
1.31E-5                   7.415529515030719
1.3199999999999999E-5     7.338838098587182
1.33E-5                   7.265514948372092
1.3399999999999999E-5     7.192513519414813
1.35E-5                   7.119394888111915
1.3599999999999999E-5     7.0471866122667155
1.37E-5                   6.975731472518136
1.38E-5                   6.904948566262102
1.3899999999999999E-5     6.834844511913107
1.4E-5                    6.765412696468736
1.4099999999999999E-5     6.696777027098989
1.42E-5                   6.628710522955562
1.4299999999999999E-5     6.561323949328339
1.44E-5                   6.494580368357658
1.45E-5                   6.428535649731336
1.4599999999999999E-5     6.363065845113743
1.47E-5                   6.298447528432202
1.4799999999999999E-5     6.234223923896812
1.49E-5                   6.170858128421697
1.4999999999999999E-5     6.108071070778326
1.51E-5                   6.044946215074034
1.52E-5                   5.983946640347554
1.53E-5                   5.922652201831739
1.5399999999999998E-5     5.86257322240808
1.55E-5                   5.802790926439718
1.56E-5                   5.7436951287320195
1.57E-5                   5.685063430138253
1.5799999999999998E-5     5.627192800084379
1.59E-5                   5.5695399768483
1.6E-5                    5.513244314539239
1.61E-5                   5.4564949926959825
1.62E-5                   5.40083022948436
1.63E-5                   5.345681550011406
1.64E-5                   5.291098166744976
1.6499999999999998E-5     5.237035205227276
1.66E-5                   5.183538729322679
1.67E-5                   5.1306009270553625
1.68E-5                   5.0781383576844075
1.69E-5                   5.026253425160705
1.7E-5                    4.9748791521837274
1.71E-5                   4.923958165346538
1.7199999999999998E-5     4.873658367992631
1.73E-5                   4.8237911749280595
1.74E-5                   4.774382701934401
1.75E-5                   4.725751644736241
1.76E-5                   4.677179261480042
1.77E-5                   4.6293136362482326
1.78E-5                   4.581836946311334
1.7899999999999998E-5     4.534840734619665
1.8E-5                    4.488349328374646
1.81E-5                   4.442394509592946
1.82E-5                   4.396795311055689
1.8299999999999998E-5     4.351769214695696
1.84E-5                   4.3071999637624465
1.85E-5                   4.263073684572099
1.8599999999999998E-5     4.219393251830708
1.87E-5                   4.176143833093451
1.88E-5                   4.133329749095014
1.89E-5                   4.090971317125075
1.8999999999999998E-5     4.049063244885009
1.91E-5                   4.007557520482695
1.92E-5                   3.9664613945301364
1.9299999999999998E-5     3.92580827366288
1.94E-5                   3.885466458811365
1.95E-5                   3.8457278546552063
1.96E-5                   3.8062445309052415
1.9699999999999998E-5     3.7669736515257632
1.98E-5                   3.7285312206755052
1.99E-5                   3.6901664112382226
1.9999999999999998E-5     3.6522538399983393
2.01E-5                   3.6148119999134734
2.02E-5                   3.5776347675927824
2.03E-5                   3.540910894292116
2.0399999999999998E-5     3.5045498106378132
2.05E-5                   3.468572676673425
2.06E-5                   3.432965955162974
2.07E-5                   3.3977292970520723
2.0799999999999997E-5     3.3628482121484393
2.09E-5                   3.328329889235472
2.1E-5                    3.2941509982961468
2.1099999999999998E-5     3.2603032516751678
2.12E-5                   3.226851361696902
2.13E-5                   3.193744011573471
2.14E-5                   3.160944317459252
2.1499999999999997E-5     3.128281269635505
2.16E-5                   3.0962174612140085
2.17E-5                   3.0644548172231407
2.1799999999999998E-5     3.033011564641775
2.19E-5                   3.001887567589939
2.2E-5                    2.9710121369703004
2.21E-5                   2.9404291110032825
2.2199999999999998E-5     2.9101328237705295
2.23E-5                   2.880139875104007
2.24E-5                   2.8504854192372835
2.2499999999999998E-5     2.821129269731483
2.26E-5                   2.792123976935832
2.27E-5                   2.7635826577082083
2.28E-5                   2.7350413384805847
2.2899999999999998E-5     2.70705992392767
2.3E-5                    2.6791549115420703
2.31E-5                   2.6516723976545706
2.3199999999999998E-5     2.6243836839405676
2.33E-5                   2.5973996969735356
2.34E-5                   2.5707314123216896
2.35E-5                   2.5442374990821555
2.3599999999999998E-5     2.5181567827025737
2.37E-5                   2.4921357225013105
2.38E-5                   2.4666376942308315
2.3899999999999998E-5     2.441139665960353
2.4E-5                    2.4161697147526655
2.41E-5                   2.391253272968975
2.42E-5                   2.366716566636512
2.4299999999999998E-5     2.3423322600456578
2.44E-5                   2.318249586121878
2.45E-5                   2.2944462135750716
2.4599999999999998E-5     2.270802883366204
2.4699999999999997E-5     2.2474922016156738
2.48E-5                   2.224252972048147
2.49E-5                   2.2014900420811636
2.4999999999999998E-5     2.1787271121141805
2.51E-5                   2.1563606011247987
2.52E-5                   2.1340211688571884
2.53E-5                   2.112223308054543
2.5399999999999997E-5     2.090473815725362
2.55E-5                   2.0688991405086155
2.56E-5                   2.0476670012601157
2.5699999999999998E-5     2.0265415750127875
2.58E-5                   2.005638048369336
2.59E-5                   1.9849597726846113
2.6E-5                    1.9645207180238105
2.6099999999999997E-5     1.9443141076626074
2.62E-5                   1.9242903656275603
2.63E-5                   1.9045005131131632
2.6399999999999998E-5     1.8848973103190023
2.65E-5                   1.8655070873159394
2.66E-5                   1.8463093347229906
2.67E-5                   1.8273084524489418
2.6799999999999998E-5     1.8085055960810794
2.69E-5                   1.7898936083725718
2.7E-5                    1.7714776171182733
2.7099999999999998E-5     1.7532321017614914
2.7199999999999997E-5     1.735201765063268
2.73E-5                   1.7173449668157832
2.74E-5                   1.6996687187256518
2.7499999999999998E-5     1.6821510510067643
2.76E-5                   1.6648819963988832
2.77E-5                   1.647712494535065
2.7799999999999998E-5     1.6307154292725825
2.7899999999999997E-5     1.6138785335935066
2.8E-5                    1.597231345195444
2.81E-5                   1.5807683783074387
2.8199999999999998E-5     1.5644818092382264
2.83E-5                   1.548383296134439
2.84E-5                   1.5324287667777272
2.8499999999999998E-5     1.5166641299935886
2.8599999999999997E-5     1.5010484592139317
2.87E-5                   1.485592560744605
2.88E-5                   1.4703040442031299
2.8899999999999998E-5     1.455164428376792
2.9E-5                    1.4401854722301262
2.91E-5                   1.4253591129897887
2.9199999999999998E-5     1.410684883943882
2.9299999999999997E-5     1.3961658226167457
2.94E-5                   1.3817797289703249
2.95E-5                   1.367567887217956
2.9599999999999998E-5     1.3534937600958294
2.97E-5                   1.339505702799785
2.98E-5                   1.325699097011719
2.99E-5                   1.3120131472496483
2.9999999999999997E-5     1.2984819208892995
3.01E-5                   1.2850866186679257
3.02E-5                   1.2718281105216578
3.0299999999999998E-5     1.2587191839201346
3.04E-5                   1.2457618004605704
3.05E-5                   1.2329374492472294
3.06E-5                   1.220236051280901
3.07E-5                   1.2076803933313882
3.0799999999999996E-5     1.1952435747373238
3.09E-5                   1.182933101377149
3.1E-5                    1.170773932439929
3.11E-5                   1.158709005856688
3.12E-5                   1.1467983224990734
3.13E-5                   1.1349797720907153
3.14E-5                   1.123282497321603
3.15E-5                   1.1117357108721473
3.1599999999999996E-5     1.100278487201854
3.17E-5                   1.0889381622541954
3.18E-5                   1.0777442724402755
3.1899999999999996E-5     1.0666373560908406
3.2E-5                    1.0556429540525625
3.21E-5                   1.0447914925880628
3.22E-5                   1.0340243169069525
3.23E-5                   1.0233648298271927
3.24E-5                   1.0128455152969598
3.25E-5                   1.0024078749538292
3.26E-5                   0.9920730305865842
3.2699999999999995E-5     0.9818757875643308
3.28E-5                   0.9717575903160257
3.29E-5                   0.9617372879321725
3.2999999999999996E-5     0.9518525417396145
3.31E-5                   0.9420440952879411
3.32E-5                   0.932328427482672
3.3299999999999996E-5     0.9227468728581287
3.34E-5                   0.9132387881234961
3.35E-5                   0.9038182639868434
3.36E-5                   0.8945307723044269
3.37E-5                   0.885313938130094
3.38E-5                   0.8761796017601589
3.39E-5                   0.867200731817558
3.4E-5                    0.8582504510840868
3.4099999999999995E-5     0.849367173500927
3.42E-5                   0.8406031843399279
3.43E-5                   0.8319150374918651
3.4399999999999996E-5     0.8233234591820736
3.45E-5                   0.8148133130876809
3.46E-5                   0.8063891461485646
3.4699999999999996E-5     0.7980784498788915
3.48E-5                   0.7898588069273684
3.49E-5                   0.7817157931673975
3.5E-5                    0.7736677542588141
3.51E-5                   0.7656984540101236
3.52E-5                   0.7578229780732406
3.53E-5                   0.7500180961491927
3.54E-5                   0.7422899320521147
3.5499999999999996E-5     0.7346402848229552
3.56E-5                   0.7270689940146867
3.57E-5                   0.7195869315501028
3.5799999999999996E-5     0.7121799631073139
3.59E-5                   0.7048733847867977
3.6E-5                    0.6976185607073
3.6099999999999997E-5     0.6904076536010091
3.62E-5                   0.6833284294812371
3.63E-5                   0.6762492053614649
3.64E-5                   0.6693214423976892
3.65E-5                   0.6624125470343858
3.6599999999999995E-5     0.6555920582665195
3.67E-5                   0.6488504855697861
3.68E-5                   0.6421361169616354
3.6899999999999996E-5     0.6355569649138476
3.7E-5                    0.6289778128660591
3.71E-5                   0.6225885521911975
3.7199999999999996E-5     0.6162448153626673
3.73E-5                   0.6099010785341368
3.74E-5                   0.6035573417056065
3.75E-5                   0.59723930807186
3.76E-5                   0.5911983664003864
3.77E-5                   0.5851574247289127
3.78E-5                   0.5791164830574397
3.79E-5                   0.5730755413859661
3.7999999999999995E-5     0.567139161892144
3.81E-5                   0.5613861515980854
3.82E-5                   0.5556331413040267
3.8299999999999996E-5     0.5498801310099686
3.84E-5                   0.5441271207159101
3.85E-5                   0.5386321066075914
3.8599999999999996E-5     0.5332813273796455
3.87E-5                   0.5279305481516992
3.88E-5                   0.5225797689237529
3.89E-5                   0.517228989695807
3.9E-5                    0.5118782104678606
3.9099999999999995E-5     0.5065274312399147
3.92E-5                   0.5011766520119683
3.93E-5                   0.49582587278402196
3.9399999999999995E-5     0.4905737685509792
3.95E-5                   0.4857215006015024
3.96E-5                   0.48086923265202575
3.9699999999999996E-5     0.4760169647025493
3.98E-5                   0.4711646967530726
3.99E-5                   0.4663124288035959
3.9999999999999996E-5     0.4614601608541195
4.01E-5                   0.4566078929046427
4.02E-5                   0.451755624955166
4.03E-5                   0.44690335700568956
4.04E-5                   0.44239239793729374
4.0499999999999995E-5     0.43799251481099943
4.06E-5                   0.4335926316847048
4.07E-5                   0.4291927485584101
4.0799999999999996E-5     0.42479286543211575
4.09E-5                   0.42039298230582123
4.1E-5                    0.41599309917952665
4.1099999999999996E-5     0.4115932160532323
4.12E-5                   0.4071933329269377
4.13E-5                   0.40297611756478197
4.14E-5                   0.3991636051873244
4.15E-5                   0.3953510928098666
4.1599999999999995E-5     0.391538580432409
4.17E-5                   0.3877260680549512
4.18E-5                   0.38391355567749336
4.1899999999999995E-5     0.38010104330003575
4.2E-5                    0.37628853092257797
4.21E-5                   0.37247601854512014
4.2199999999999996E-5     0.3686635061676626
4.23E-5                   0.3648509937902048
4.24E-5                   0.36103848141274697
4.2499999999999996E-5     0.3572259690352894
4.26E-5                   0.3534134566578316
4.27E-5                   0.3496009442803738
4.28E-5                   0.3457884319029162
4.29E-5                   0.34197591952545836
4.2999999999999995E-5     0.3381634071480008
4.31E-5                   0.33435089477054303
4.32E-5                   0.33082655572991637
4.3299999999999995E-5     0.32769362499860943
4.34E-5                   0.3245606942673024
4.35E-5                   0.32142776353599534
4.3599999999999996E-5     0.31829483280468845
4.37E-5                   0.3151619020733814
4.38E-5                   0.31202897134207436
4.3899999999999996E-5     0.30889604061076753
4.4E-5                    0.3057631098794604
4.41E-5                   0.3026301791481534
4.42E-5                   0.2994972484168465
4.43E-5                   0.29636431768553945
4.4399999999999995E-5     0.29323138695423256
4.45E-5                   0.2900984562229255
4.46E-5                   0.2869655254916184
4.4699999999999996E-5     0.28383259476031153
4.48E-5                   0.28069966402900454
4.49E-5                   0.2775667332976975
4.4999999999999996E-5     0.27443380256639066
4.51E-5                   0.2715992100880078
4.52E-5                   0.2690217425670537
4.5299999999999997E-5     0.2664442750460998
4.54E-5                   0.26386680752514574
4.5499999999999995E-5     0.26128934000419185
4.56E-5                   0.25871187248323774
4.57E-5                   0.2561344049622836
4.5799999999999995E-5     0.25355693744132973
4.59E-5                   0.2509794699203756
4.6E-5                    0.24840200239942153
4.6099999999999996E-5     0.24582453487846767
4.62E-5                   0.2432470673575136
4.63E-5                   0.24066959983655953
4.6399999999999996E-5     0.2380921323156056
4.65E-5                   0.2355146647946515
4.66E-5                   0.2329371972736974
4.67E-5                   0.2303597297527435
4.68E-5                   0.2277822622317894
4.6899999999999995E-5     0.22520479471083557
4.7E-5                    0.22292965165879972
4.71E-5                   0.22081719063626543
4.7199999999999995E-5     0.21870472961373125
4.73E-5                   0.21659226859119698
4.74E-5                   0.21447980756866264
4.7499999999999996E-5     0.21236734654612852
4.76E-5                   0.2102548855235942
4.77E-5                   0.20814242450105988
4.7799999999999996E-5     0.20602996347852573
4.79E-5                   0.2039175024559914
4.8E-5                    0.20180504143345715
4.81E-5                   0.19969258041092294
4.82E-5                   0.19758011938838865
4.8299999999999995E-5     0.19546765836585447
4.84E-5                   0.19335519734332016
4.85E-5                   0.1912427363207859
4.8599999999999995E-5     0.1891302752982517
4.87E-5                   0.1870178142757174
4.88E-5                   0.1849053532531831
4.8899999999999996E-5     0.18307325656583612
4.9E-5                    0.18132814731043
4.91E-5                   0.17958303805502387
4.9199999999999997E-5     0.17783792879961785
4.93E-5                   0.1760928195442117
4.9399999999999995E-5     0.1743477102888057
4.95E-5                   0.17260260103339958
4.96E-5                   0.17085749177799345
4.9699999999999995E-5     0.16911238252258742
4.98E-5                   0.16736727326718126
4.99E-5                   0.16562216401177515
4.9999999999999996E-5     0.16387705475636916
5.01E-5                   0.16213194550096302
5.02E-5                   0.16038683624555689
5.0299999999999996E-5     0.15864172699015086
5.04E-5                   0.15689661773474473
5.05E-5                   0.1551515084793386
5.06E-5                   0.15340639922393257
5.07E-5                   0.15166128996852646
5.0799999999999995E-5     0.15019766350971656
5.09E-5                   0.14877378743323283
5.1E-5                    0.1473499113567491
5.1099999999999995E-5     0.14592603528026546
5.12E-5                   0.14450215920378176
5.13E-5                   0.143078283127298
5.1399999999999996E-5     0.1416544070508144
5.15E-5                   0.14023053097433066
5.16E-5                   0.13880665489784696
5.1699999999999996E-5     0.13738277882136332
5.18E-5                   0.13595890274487957
5.1899999999999994E-5     0.13453502666839592
5.2E-5                    0.1331111505919122
5.21E-5                   0.1316872745154285
5.2199999999999995E-5     0.13026339843894486
5.23E-5                   0.12883952236246113
5.24E-5                   0.1274156462859774
5.2499999999999995E-5     0.12599177020949376
5.26E-5                   0.12456789413301003
5.27E-5                   0.12338673780078571
5.2799999999999996E-5     0.12220820421615759
5.29E-5                   0.12102967063152943
5.3E-5                    0.11985113704690124
5.3099999999999996E-5     0.11867260346227315
5.32E-5                   0.11749406987764495
5.3299999999999995E-5     0.11631553629301687
5.34E-5                   0.11513700270838868
5.35E-5                   0.11395846912376052
5.3599999999999995E-5     0.11277993553913242
5.37E-5                   0.11160140195450423
5.38E-5                   0.11042286836987605
5.3899999999999996E-5     0.10924433478524795
5.4E-5                    0.10806580120061977
5.41E-5                   0.10688726761599159
5.4199999999999996E-5     0.1057087340313635
5.43E-5                   0.10453020044673532
5.4399999999999994E-5     0.1033516668621072
5.4499999999999997E-5     0.10219470957289753
5.46E-5                   0.10122695860937027
5.4699999999999995E-5     0.10025920764584308
5.48E-5                   0.09929145668231583
5.49E-5                   0.09832370571878858
5.4999999999999995E-5     0.09735595475526139
5.51E-5                   0.09638820379173416
5.52E-5                   0.09542045282820691
5.5299999999999996E-5     0.09445270186467973
5.54E-5                   0.0934849509011525
5.55E-5                   0.09251719993762522
5.5599999999999996E-5     0.09154944897409806
5.57E-5                   0.09058169801057081
5.5799999999999994E-5     0.08961394704704363
5.59E-5                   0.08864619608351637
5.6E-5                    0.08767844511998912
5.6099999999999995E-5     0.08671069415646196
5.62E-5                   0.0857429431929347
5.63E-5                   0.08477519222940746
5.6399999999999995E-5     0.08384778038869933
5.65E-5                   0.08306729117382039
5.66E-5                   0.08228680195894146
5.6699999999999996E-5     0.08150631274406259
5.68E-5                   0.08072582352918366
5.69E-5                   0.07994533431430473
5.6999999999999996E-5     0.07916484509942584
5.71E-5                   0.07838435588454691
5.7199999999999994E-5     0.07760386666966804
5.73E-5                   0.07682337745478911
5.74E-5                   0.07604288823991019
5.7499999999999995E-5     0.07526239902503129
5.76E-5                   0.07448190981015236
5.77E-5                   0.07370142059527343
5.7799999999999995E-5     0.07292093138039456
5.79E-5                   0.07214044216551563
5.8E-5                    0.0713599529506367
5.8099999999999996E-5     0.07057946373575781
5.82E-5                   0.06979897452087887
5.8299999999999994E-5     0.06905119599426454
5.8399999999999997E-5     0.06837029220139913
5.85E-5                   0.06768938840853372
5.8599999999999995E-5     0.06700848461566836
5.87E-5                   0.06632758082280296
5.88E-5                   0.06564667702993753
5.8899999999999995E-5     0.06496577323707219
5.9E-5                    0.06428486944420678
5.91E-5                   0.06360396565134137
5.9199999999999996E-5     0.06292306185847601
5.93E-5                   0.062242158065610606
5.94E-5                   0.061561254272745204
5.9499999999999996E-5     0.060880350479879844
5.96E-5                   0.060199446687014435
5.9699999999999994E-5     0.059518542894149075
5.98E-5                   0.05883763910128366
5.99E-5                   0.05815673530841825
5.9999999999999995E-5     0.05747583151555289
6.01E-5                   0.05679492772268749
6.02E-5                   0.056181707696534536
6.0299999999999995E-5     0.05565410052864251
6.04E-5                   0.055126493360750456
6.05E-5                   0.054598886192858395
6.0599999999999996E-5     0.05407127902496637
6.07E-5                   0.05354367185707431
6.08E-5                   0.053016064689182255
6.0899999999999996E-5     0.05248845752129022
6.1E-5                    0.05196085035339816
6.11E-5                   0.05143324318550614
6.12E-5                   0.05090563601761408
6.13E-5                   0.05037802884972203
6.14E-5                   0.04985042168182995
6.149999999999999E-5      0.04934682274959512
6.159999999999999E-5      0.04885338913234212
6.17E-5                   0.04835995551508912
6.18E-5                   0.047866521897836106
6.19E-5                   0.047373088280583106
6.2E-5                    0.04687965466333009
6.209999999999999E-5      0.04638622104607717
6.22E-5                   0.045892787428824154
6.23E-5                   0.04540543290856084
6.24E-5                   0.04494547254016703
6.25E-5                   0.044485512171773225
6.26E-5                   0.04402555180337942
6.269999999999999E-5      0.04356559143498568
6.28E-5                   0.04310563106659187
6.29E-5                   0.04264567069819807
6.3E-5                    0.04218571032980426
6.31E-5                   0.04175329417517787
6.319999999999999E-5      0.04133274972425228
6.33E-5                   0.04091220527332664
6.34E-5                   0.040491660822400986
6.35E-5                   0.04007111637147535
6.36E-5                   0.0396505719205497
6.37E-5                   0.039240752153092244
6.379999999999999E-5      0.03883639705775183
6.39E-5                   0.038432041962411345
6.4E-5                    0.038027686867070885
6.41E-5                   0.03762333177173041
6.42E-5                   0.037238584579386766
6.429999999999999E-5      0.03686307422034619
6.44E-5                   0.03648756386130554
6.45E-5                   0.036112053502264894
6.46E-5                   0.035738757452593355
6.47E-5                   0.035368330919768605
6.48E-5                   0.03499790438694385
6.489999999999999E-5      0.03462747785411915
6.5E-5                    0.0342688336611406
6.51E-5                   0.03391518297918366
6.52E-5                   0.03356153229722672
6.53E-5                   0.033211909091043906
6.539999999999999E-5      0.032870019485839445
6.549999999999999E-5      0.03252812988063494
6.56E-5                   0.032190190190021686
6.57E-5                   0.03186070092940667
6.58E-5                   0.031531211668791644
6.59E-5                   0.031204772653927553
6.599999999999999E-5      0.030885636397417666
6.61E-5                   0.030566500140907733
6.62E-5                   0.030250195140530244
6.63E-5                   0.029941517291792508
6.64E-5                   0.029632839443054764
6.65E-5                   0.029326233522084907
6.659999999999999E-5      0.029025950592140498
6.67E-5                   0.028725667662196055
6.68E-5                   0.02842758907787459
6.69E-5                   0.02813719558785817
6.7E-5                    0.02784680209784175
6.709999999999999E-5      0.027558260233590703
6.72E-5                   0.027277171839580328
6.73E-5                   0.026996083445569946
6.74E-5                   0.026716327086887887
6.75E-5                   0.026442846755010706
6.76E-5                   0.02616936642313353
6.769999999999999E-5      0.025897328307339495
6.78E-5                   0.025633388104212916
6.79E-5                   0.025369447901086334
6.8E-5                    0.025106461984661398
6.81E-5                   0.024850020190680784
6.819999999999999E-5      0.024593578396700216
6.829999999999999E-5      0.02433795621812516
6.84E-5                   0.024089444385773442
6.85E-5                   0.02384093255342173
6.86E-5                   0.02359306123402432
6.87E-5                   0.023352611404624128
6.879999999999999E-5      0.023112161575223965
6.89E-5                   0.02287229801478292
6.9E-5                    0.022642403994260093
6.91E-5                   0.02241250997373726
6.92E-5                   0.022182615953214434
6.929999999999999E-5      0.02195272193269164
6.939999999999999E-5      0.02172282791216881
6.95E-5                   0.021493043355798064
6.96E-5                   0.02127732297397855
6.97E-5                   0.021061602592159032
6.98E-5                   0.020845882210339516
6.989999999999999E-5      0.02063016182852003
7.0E-5                    0.020414441446700512
7.01E-5                   0.020198721064880992
7.02E-5                   0.019995446546954083
7.03E-5                   0.019792691873222964
7.04E-5                   0.01958993719949184
7.049999999999999E-5      0.01938718252576075
7.06E-5                   0.01918442785202963
7.07E-5                   0.01898167317829851
7.08E-5                   0.018790199183187858
7.09E-5                   0.01859981246266607
7.099999999999999E-5      0.01840942574214431
7.11E-5                   0.018219039021622523
7.12E-5                   0.018028652301100737
7.13E-5                   0.01783826558057895
7.14E-5                   0.017662412201624896
7.15E-5                   0.017488841174511594
7.159999999999999E-5      0.01731527014739832
7.17E-5                   0.017141699120285025
7.18E-5                   0.016968128093171723
7.19E-5                   0.016794557066058424
7.2E-5                    0.016620986038945126
7.209999999999999E-5      0.01644741501183185
7.219999999999999E-5      0.01627384398471855
7.23E-5                   0.016100272957605254
7.24E-5                   0.015926701930491956
7.25E-5                   0.015753130903378657
7.26E-5                   0.015595272625926682
7.269999999999999E-5      0.015442143905003064
7.28E-5                   0.015289015184079427
7.29E-5                   0.015135886463155786
7.3E-5                    0.014982757742232147
7.31E-5                   0.014829629021308507
7.319999999999999E-5      0.014676500300384884
7.329999999999999E-5      0.014523371579461248
7.34E-5                   0.01437024285853761
7.35E-5                   0.014217114137613968
7.36E-5                   0.014063985416690327
7.37E-5                   0.01391085669576669
7.379999999999999E-5      0.013769886631247138
7.39E-5                   0.013634824128054387
7.4E-5                    0.013499761624861639
7.41E-5                   0.013364699121668887
7.42E-5                   0.013229636618476136
7.429999999999999E-5      0.013094574115283406
7.439999999999999E-5      0.012959511612090654
7.45E-5                   0.012824449108897903
7.46E-5                   0.012689386605705155
7.47E-5                   0.012554324102512402
7.48E-5                   0.012419261599319656
7.489999999999999E-5      0.012284199096126923
7.5E-5                    0.012162136825565852
7.51E-5                   0.012049590562794275
7.52E-5                   0.011937044300022698
7.53E-5                   0.01182449803725112
7.54E-5                   0.011711951774479543
7.549999999999999E-5      0.01159940551170798
7.56E-5                   0.011486859248936403
7.57E-5                   0.011374312986164824
7.58E-5                   0.011261766723393248
7.59E-5                   0.01114922046062167
7.599999999999999E-5      0.011036674197850108
7.609999999999999E-5      0.010924127935078529
7.62E-5                   0.010811581672306952
7.63E-5                   0.010699035409535373
7.64E-5                   0.010586489146763795
7.65E-5                   0.01047394288399222
7.659999999999999E-5      0.010361396621220657
7.67E-5                   0.01024885035844908
7.68E-5                   0.010136304095677503
7.69E-5                   0.010023757832905924
7.7E-5                    0.009911211570134346
7.709999999999999E-5      0.009798665307362786
7.719999999999999E-5      0.009686119044591207
7.73E-5                   0.00957357278181963
7.74E-5                   0.009470703247429822
7.75E-5                   0.009383219480055155
7.76E-5                   0.00929573571268049
7.769999999999999E-5      0.009208251945305833
7.78E-5                   0.00912076817793117
7.79E-5                   0.009033284410556503
7.8E-5                    0.008945800643181836
7.81E-5                   0.008858316875807168
7.819999999999999E-5      0.008770833108432515
7.829999999999999E-5      0.008683349341057847
7.84E-5                   0.00859586557368318
7.85E-5                   0.008508381806308515
7.86E-5                   0.008420898038933849
7.87E-5                   0.00833341427155918
7.879999999999999E-5      0.008245930504184528
7.89E-5                   0.008158446736809861
7.9E-5                    0.008070962969435195
7.91E-5                   0.007983479202060528
7.92E-5                   0.007895995434685861
7.93E-5                   0.007808511667311194
7.939999999999999E-5      0.007721027899936541
7.95E-5                   0.007633544132561873
7.96E-5                   0.007546060365187207
7.97E-5                   0.0074585765978125405
7.98E-5                   0.007374888653678119
7.989999999999999E-5      0.007306886979431422
7.999999999999999E-5      0.007238885305184717
8.01E-5                   0.007170883630938012
8.02E-5                   0.007102881956691307
8.03E-5                   0.007034880282444601
8.04E-5                   0.006966878608197897
8.049999999999999E-5      0.006898876933951199
8.06E-5                   0.006830875259704493
8.07E-5                   0.006762873585457788
8.08E-5                   0.006694871911211083
8.09E-5                   0.006626870236964378
8.099999999999999E-5      0.006558868562717682
8.109999999999999E-5      0.006490866888470975
8.12E-5                   0.006422865214224271
8.13E-5                   0.006354863539977566
8.14E-5                   0.0062868618657308615
8.15E-5                   0.0062188601914841555
8.159999999999999E-5      0.006150858517237458
8.17E-5                   0.006082856842990753
8.18E-5                   0.006014855168744048
8.19E-5                   0.005946853494497343
8.2E-5                    0.005878851820250637
8.209999999999999E-5      0.00581085014600394
8.219999999999999E-5      0.005742902495146017
8.23E-5                   0.005690037260643769
8.24E-5                   0.0056371720261415206
8.25E-5                   0.005584306791639274
8.26E-5                   0.0055314415571370255
8.269999999999999E-5      0.005478576322634785
8.28E-5                   0.005425711088132537
8.29E-5                   0.005372845853630289
8.3E-5                    0.00531998061912804
8.31E-5                   0.005267115384625792
8.319999999999999E-5      0.005214250150123552
8.329999999999999E-5      0.005161384915621303
8.34E-5                   0.005108519681119056
8.35E-5                   0.0050556544466168075
8.36E-5                   0.005002789212114561
8.37E-5                   0.0049499239776123125
8.379999999999999E-5      0.004897058743110071
8.389999999999999E-5      0.004844193508607824
8.4E-5                    0.004791328274105575
8.41E-5                   0.004738463039603328
8.42E-5                   0.004685597805101078
8.43E-5                   0.004632732570598832
8.439999999999999E-5      0.004579867336096591
8.45E-5                   0.004527002101594343
8.46E-5                   0.004474136867092094
8.47E-5                   0.004434159690122437
8.48E-5                   0.004397160553185374
8.489999999999999E-5      0.004360161416248317
8.499999999999999E-5      0.004323162279311255
8.51E-5                   0.004286163142374191
8.52E-5                   0.004249164005437129
8.53E-5                   0.004212164868500067
8.54E-5                   0.0041751657315630035
8.549999999999999E-5      0.004138166594625947
8.56E-5                   0.004101167457688884
8.57E-5                   0.004064168320751822
8.58E-5                   0.004027169183814758
8.59E-5                   0.0039901700468776965
8.599999999999999E-5      0.003953170909940639
8.609999999999999E-5      0.003916171773003578
8.62E-5                   0.0038791726360665147
8.63E-5                   0.0038421734991294517
8.64E-5                   0.00380517436219239
8.65E-5                   0.003768175225255327
8.659999999999999E-5      0.0037311760883182695
8.669999999999999E-5      0.0036941769513812073
8.68E-5                   0.0036571778144441442
8.69E-5                   0.0036201786775070816
8.7E-5                    0.00358317954057002
8.709999999999999E-5      0.003546180403632962
8.719999999999999E-5      0.003509181266695899
8.73E-5                   0.0034721821297588372
8.74E-5                   0.003435182992821775
8.75E-5                   0.003398183855884712
8.76E-5                   0.0033611847189476494
8.769999999999999E-5      0.0033241855820105924
8.779999999999999E-5      0.0032871864450735298
8.79E-5                   0.0032501873081364676
8.8E-5                    0.0032131881711994045
8.81E-5                   0.0031761890342623424
8.82E-5                   0.00313918989732528
8.829999999999999E-5      0.0031021907603882223
8.84E-5                   0.00306519162345116
8.85E-5                   0.003028192486514098
8.86E-5                   0.002991193349577035
8.87E-5                   0.0029541942126399727
8.879999999999999E-5      0.0029171950757029153
8.889999999999999E-5      0.0028801959387658523
8.9E-5                    0.00284319680182879
8.91E-5                   0.002806197664891728
8.92E-5                   0.002769198527954665
8.93E-5                   0.002732199391017603
8.939999999999999E-5      0.0026952002540805453
8.95E-5                   0.002664574258657086
8.96E-5                   0.002642404422765886
8.97E-5                   0.002620234586874687
8.98E-5                   0.0025980647509834874
8.989999999999999E-5      0.0025758949150922906
8.999999999999999E-5      0.002553725079201091
9.01E-5                   0.0025315552433098918
9.02E-5                   0.002509385407418692
9.03E-5                   0.002487215571527493
9.04E-5                   0.0024650457356362927
9.049999999999999E-5      0.0024428758997450963
9.059999999999999E-5      0.0024207060638538973
9.07E-5                   0.0023985362279626975
9.08E-5                   0.0023763663920714976
9.09E-5                   0.0023541965561802982
9.099999999999999E-5      0.002332026720289102
9.109999999999999E-5      0.0023098568843979025
9.12E-5                   0.002287687048506703
9.13E-5                   0.0022655172126155028
9.14E-5                   0.002243347376724304
9.15E-5                   0.0022211775408331044
9.159999999999999E-5      0.0021990077049419076
9.169999999999999E-5      0.0021768378690507086
9.18E-5                   0.0021546680331595083
9.19E-5                   0.002132498197268309
9.2E-5                    0.0021103283613771095
9.21E-5                   0.00208815852548591
9.219999999999999E-5      0.0020659886895947133
9.23E-5                   0.0020438188537035135
9.24E-5                   0.002021649017812314
9.25E-5                   0.0019994791819211146
9.26E-5                   0.0019773093460299157
9.269999999999999E-5      0.0019551395101387184
9.279999999999999E-5      0.0019329696742475192
9.29E-5                   0.0019107998383563196
9.3E-5                    0.0018886300024651202
9.31E-5                   0.0018664601665739204
9.32E-5                   0.001844290330682721
9.329999999999999E-5      0.0018221204947915244
9.34E-5                   0.0017999506589003245
9.35E-5                   0.0017777808230091253
9.36E-5                   0.0017556109871179257
9.37E-5                   0.0017334411512267263
9.379999999999999E-5      0.0017112713153355297
9.389999999999999E-5      0.0016891014794443299
9.4E-5                    0.0016669316435531305
9.41E-5                   0.001644761807661931
9.42E-5                   0.0016225919717707316
9.43E-5                   0.0016008423492624557
9.439999999999999E-5      0.001587569314025361
9.449999999999999E-5      0.0015742962787882644
9.46E-5                   0.0015610232435511679
9.47E-5                   0.001547750208314071
9.48E-5                   0.0015344771730769744
9.489999999999999E-5      0.0015212041378398797
9.499999999999999E-5      0.0015079311026027827
9.51E-5                   0.0014946580673656864
9.52E-5                   0.0014813850321285897
9.53E-5                   0.001468111996891493
9.54E-5                   0.0014548389616543963
9.549999999999999E-5      0.0014415659264173015
9.559999999999999E-5      0.0014282928911802048
9.57E-5                   0.0014150198559431083
9.58E-5                   0.0014017468207060113
9.59E-5                   0.0013884737854689148
9.6E-5                    0.0013752007502318181
9.609999999999999E-5      0.0013619277149947233
9.62E-5                   0.0013486546797576266
9.63E-5                   0.0013353816445205301
9.64E-5                   0.0013221086092834334
9.65E-5                   0.0013088355740463369
9.659999999999999E-5      0.0012955625388092421
9.669999999999999E-5      0.0012822895035721454
9.68E-5                   0.0012690164683350489
9.69E-5                   0.0012557434330979524
9.7E-5                    0.0012424703978608557
9.71E-5                   0.0012291973626237592
9.719999999999999E-5      0.0012159243273866642
9.73E-5                   0.0012026512921495672
9.74E-5                   0.0011893782569124707
9.75E-5                   0.0011761052216753742
9.76E-5                   0.0011628321864382775
9.769999999999999E-5      0.0011495591512011825
9.779999999999999E-5      0.001136286115964086
9.79E-5                   0.0011230130807269895
9.8E-5                    0.0011097400454898928
9.81E-5                   0.001096467010252796
9.82E-5                   0.0010831939750156993
9.829999999999999E-5      0.0010699209397786046
9.839999999999999E-5      0.001056647904541508
9.85E-5                   0.0010433748693044113
9.86E-5                   0.0010301018340673148
9.87E-5                   0.001016828798830218
9.879999999999999E-5      0.0010035557635931231
9.889999999999999E-5      9.902827283560264E-4
9.9E-5                    9.7700969311893E-4
9.91E-5                   9.637366578818333E-4
9.92E-5                   9.540000637737893E-4
9.93E-5                   9.460474083828636E-4
9.939999999999999E-5      9.380947529919391E-4
9.949999999999999E-5      9.301420976010135E-4
9.96E-5                   9.221894422100881E-4
9.97E-5                   9.142367868191627E-4
9.98E-5                   9.06284131428237E-4
9.989999999999999E-5      8.983314760373125E-4
9.999999999999999E-5      8.903788206463869E-4
1.001E-4                  8.824261652554615E-4
1.002E-4                  8.744735098645359E-4
1.003E-4                  8.665208544736102E-4
1.004E-4                  8.585681990826848E-4
1.0049999999999999E-4     8.506155436917603E-4
1.0059999999999999E-4     8.426628883008349E-4
1.007E-4                  8.347102329099093E-4
1.008E-4                  8.267575775189835E-4
1.009E-4                  8.188049221280581E-4
1.01E-4                   8.108522667371325E-4
1.0109999999999999E-4     8.028996113462081E-4
1.012E-4                  7.949469559552825E-4
1.013E-4                  7.869943005643571E-4
1.014E-4                  7.790416451734316E-4
1.015E-4                  7.710889897825059E-4
1.0159999999999999E-4     7.631363343915814E-4
1.0169999999999999E-4     7.551836790006559E-4
1.018E-4                  7.472310236097305E-4
1.019E-4                  7.39278368218805E-4
1.02E-4                   7.313257128278794E-4
1.021E-4                  7.233730574369539E-4
1.0219999999999999E-4     7.154204020460294E-4
1.0229999999999999E-4     7.074677466551039E-4
1.024E-4                  6.995150912641783E-4
1.025E-4                  6.915624358732527E-4
1.026E-4                  6.83609780482327E-4
1.0269999999999999E-4     6.756571250914028E-4
1.0279999999999999E-4     6.677044697004772E-4
1.029E-4                  6.597518143095516E-4
1.03E-4                   6.51799158918626E-4
1.031E-4                  6.438465035277005E-4
1.032E-4                  6.358938481367749E-4
1.0329999999999999E-4     6.279411927458504E-4
1.0339999999999999E-4     6.19988537354925E-4
1.035E-4                  6.120358819639994E-4
1.036E-4                  6.040832265730738E-4
1.037E-4                  5.961305711821484E-4
1.0379999999999999E-4     5.881779157912238E-4
1.0389999999999999E-4     5.802252604002984E-4
1.04E-4                   5.733949053247273E-4
1.041E-4                  5.694197496396244E-4
1.042E-4                  5.654445939545215E-4
1.043E-4                  5.614694382694186E-4
1.0439999999999999E-4     5.574942825843163E-4
1.0449999999999999E-4     5.535191268992133E-4
1.046E-4                  5.495439712141103E-4
1.047E-4                  5.455688155290074E-4
1.048E-4                  5.415936598439045E-4
1.049E-4                  5.376185041588015E-4
1.0499999999999999E-4     5.336433484736992E-4
1.051E-4                  5.296681927885962E-4
1.052E-4                  5.256930371034934E-4
1.053E-4                  5.217178814183904E-4
1.054E-4                  5.177427257332874E-4
1.0549999999999999E-4     5.137675700481851E-4
1.0559999999999999E-4     5.097924143630822E-4
1.057E-4                  5.058172586779792E-4
1.058E-4                  5.018421029928763E-4
1.059E-4                  4.978669473077734E-4
1.06E-4                   4.938917916226705E-4
1.0609999999999999E-4     4.899166359375682E-4
1.0619999999999999E-4     4.8594148025246517E-4
1.063E-4                  4.819663245673622E-4
1.064E-4                  4.7799116888225934E-4
1.065E-4                  4.7401601319715643E-4
1.0659999999999999E-4     4.700408575120541E-4
1.0669999999999999E-4     4.6606570182695104E-4
1.068E-4                  4.620905461418482E-4
1.069E-4                  4.581153904567453E-4
1.07E-4                   4.5414023477164235E-4
1.071E-4                  4.5016507908653944E-4
1.0719999999999999E-4     4.4618992340143707E-4
1.0729999999999999E-4     4.4221476771633405E-4
1.074E-4                  4.382396120312312E-4
1.075E-4                  4.342644563461282E-4
1.076E-4                  4.3028930066102536E-4
1.0769999999999999E-4     4.2631414497592293E-4
1.0779999999999999E-4     4.2233898929082E-4
1.079E-4                  4.183638336057171E-4
1.08E-4                   4.143886779206141E-4
1.081E-4                  4.104135222355112E-4
1.082E-4                  4.064383665504083E-4
1.0829999999999999E-4     4.02463210865306E-4
1.0839999999999999E-4     3.984880551802031E-4
1.085E-4                  3.9451289949510006E-4
1.086E-4                  3.905377438099971E-4
1.087E-4                  3.865625881248942E-4
1.0879999999999999E-4     3.8258743243979186E-4
1.0889999999999999E-4     3.7861227675468895E-4
1.0899999999999999E-4     3.7463712106958604E-4
1.091E-4                  3.7066196538448307E-4
1.092E-4                  3.6668680969938015E-4
1.093E-4                  3.627116540142772E-4
1.0939999999999999E-4     3.587364983291748E-4
1.0949999999999999E-4     3.547613426440719E-4
1.096E-4                  3.50786186958969E-4
1.097E-4                  3.4681103127386613E-4
1.098E-4                  3.4283587558876316E-4
1.099E-4                  3.388607199036602E-4
1.0999999999999999E-4     3.348855642185578E-4
1.1009999999999999E-4     3.3091040853345496E-4
1.102E-4                  3.26935252848352E-4
1.103E-4                  3.229600971632491E-4
1.104E-4                  3.189849414781461E-4
1.1049999999999999E-4     3.1500978579304374E-4
1.1059999999999999E-4     3.1103463010794083E-4
1.107E-4                  3.070594744228379E-4
1.108E-4                  3.03084318737735E-4
1.109E-4                  2.991091630526321E-4
1.11E-4                   2.951340073675292E-4
1.1109999999999999E-4     2.911588516824268E-4
1.1119999999999999E-4     2.871836959973238E-4
1.113E-4                  2.8320854031222087E-4
1.114E-4                  2.7923338462711796E-4
1.115E-4                  2.752582289420151E-4
1.1159999999999999E-4     2.712830732569127E-4
1.1169999999999999E-4     2.673079175718097E-4
1.118E-4                  2.6333276188670685E-4
1.119E-4                  2.5935760620160393E-4
1.12E-4                   2.5538245051650097E-4
1.121E-4                  2.5140729483139805E-4
1.1219999999999999E-4     2.474321391462956E-4
1.1229999999999999E-4     2.434569834611927E-4
1.124E-4                  2.394818277760898E-4
1.125E-4                  2.3550667209098686E-4
1.126E-4                  2.3153151640588397E-4
1.1269999999999999E-4     2.2755636072078157E-4
1.1279999999999999E-4     2.2358120503567866E-4
1.1289999999999999E-4     2.1960604935057575E-4
1.13E-4                   2.156308936654728E-4
1.131E-4                  2.116557379803699E-4
1.132E-4                  2.0768058229526695E-4
1.1329999999999999E-4     2.0370542661016458E-4
1.1339999999999999E-4     1.9973027092506164E-4
1.135E-4                  1.9575511523995873E-4
1.136E-4                  1.917799595548558E-4
1.137E-4                  1.8917925258899544E-4
1.138E-4                  1.8786212919497808E-4
1.1389999999999999E-4     1.8654500580096085E-4
1.1399999999999999E-4     1.8522788240694346E-4
1.141E-4                  1.839107590129261E-4
1.142E-4                  1.8259363561890868E-4
1.143E-4                  1.812765122248913E-4
1.1439999999999999E-4     1.799593888308741E-4
1.1449999999999999E-4     1.786422654368567E-4
1.146E-4                  1.773251420428393E-4
1.147E-4                  1.7600801864882192E-4
1.148E-4                  1.7469089525480453E-4
1.149E-4                  1.7337377186078714E-4
1.1499999999999999E-4     1.7205664846676994E-4
1.1509999999999999E-4     1.7073952507275255E-4
1.152E-4                  1.6942240167873516E-4
1.153E-4                  1.6810527828471777E-4
1.154E-4                  1.6678815489070035E-4
1.1549999999999999E-4     1.6547103149668315E-4
1.1559999999999999E-4     1.641539081026658E-4
1.157E-4                  1.6283678470864837E-4
1.158E-4                  1.61519661314631E-4
1.159E-4                  1.602025379206136E-4
1.16E-4                   1.588854145265962E-4
1.1609999999999999E-4     1.57568291132579E-4
1.1619999999999999E-4     1.562511677385616E-4
1.163E-4                  1.5493404434454422E-4
1.164E-4                  1.5361692095052683E-4
1.165E-4                  1.5229979755650944E-4
1.1659999999999999E-4     1.5098267416249221E-4
1.1669999999999999E-4     1.4966555076847485E-4
1.1679999999999999E-4     1.4834842737445746E-4
1.169E-4                  1.4703130398044007E-4
1.17E-4                   1.4571418058642268E-4
1.171E-4                  1.4439705719240526E-4
1.1719999999999999E-4     1.4307993379838806E-4
1.1729999999999999E-4     1.417628104043707E-4
1.174E-4                  1.4044568701035328E-4
1.175E-4                  1.3912856361633592E-4
1.176E-4                  1.378114402223185E-4
1.177E-4                  1.3649431682830111E-4
1.1779999999999999E-4     1.3517719343428394E-4
1.1789999999999999E-4     1.3386007004026652E-4
1.18E-4                   1.3254294664624913E-4
1.181E-4                  1.3122582325223174E-4
1.182E-4                  1.2990869985821435E-4
1.1829999999999999E-4     1.2859157646419715E-4
1.1839999999999999E-4     1.2727445307017976E-4
1.185E-4                  1.2595732967616237E-4
1.186E-4                  1.2464020628214498E-4
1.187E-4                  1.233230828881276E-4
1.188E-4                  1.2200595949411019E-4
1.1889999999999999E-4     1.2068883610009299E-4
1.1899999999999999E-4     1.1937171270607561E-4
1.191E-4                  1.1805458931205821E-4
1.192E-4                  1.1673746591804082E-4
1.193E-4                  1.1542034252402343E-4
1.1939999999999999E-4     1.1410321913000622E-4
1.1949999999999999E-4     1.1278609573598883E-4
1.196E-4                  1.1146897234197144E-4
1.197E-4                  1.1015184894795405E-4
1.198E-4                  1.0883472555393667E-4
1.199E-4                  1.0751760215991929E-4
1.1999999999999999E-4     1.0620047876590207E-4
1.2009999999999999E-4     1.0488335537188468E-4
1.202E-4                  1.0356623197786727E-4
1.203E-4                  1.022491085838499E-4
1.204E-4                  1.009319851898325E-4
1.2049999999999999E-4     9.961486179581529E-5
1.2059999999999999E-4     9.82977384017979E-5
1.2069999999999999E-4     9.698061500778051E-5
1.208E-4                  9.566349161376313E-5
1.209E-4                  9.434636821974574E-5
1.21E-4                   9.302924482572834E-5
1.2109999999999999E-4     9.171212143171114E-5
1.2119999999999999E-4     9.039499803769374E-5
1.213E-4                  8.907787464367635E-5
1.214E-4                  8.776075124965897E-5
1.215E-4                  8.644362785564158E-5
1.216E-4                  8.51265044616242E-5
1.2169999999999999E-4     8.380938106760699E-5
1.2179999999999999E-4     8.249225767358959E-5
1.219E-4                  8.11751342795722E-5
1.22E-4                   7.985801088555481E-5
1.2209999999999999E-4     7.85408874915376E-5
1.222E-4                  7.72237640975202E-5
1.223E-4                  7.590664070350281E-5
1.224E-4                  7.458951730948544E-5
1.225E-4                  7.327239391546805E-5
1.226E-4                  7.195527052145067E-5
1.227E-4                  7.063814712743327E-5
1.228E-4                  6.932102373341589E-5
1.229E-4                  6.80039003393985E-5
1.2299999999999998E-4     6.668677694538146E-5
1.2309999999999998E-4     6.536965355136406E-5
1.2319999999999999E-4     6.405253015734667E-5
1.233E-4                  6.273540676332928E-5
1.234E-4                  6.20846778219162E-5
1.235E-4                  6.165369033135848E-5
1.236E-4                  6.122270284080075E-5
1.237E-4                  6.0791715350243025E-5
1.238E-4                  6.0360727859685295E-5
1.239E-4                  5.9929740369127566E-5
1.24E-4                   5.9498752878569836E-5
1.241E-4                  5.906776538801211E-5
1.2419999999999998E-4     5.86367778974545E-5
1.2429999999999999E-4     5.820579040689677E-5
1.244E-4                  5.7774802916339046E-5
1.245E-4                  5.734381542578131E-5
1.246E-4                  5.691282793522359E-5
1.247E-4                  5.648184044466586E-5
1.248E-4                  5.6050852954108135E-5
1.249E-4                  5.56198654635504E-5
1.25E-4                   5.5188877972992676E-5
1.251E-4                  5.475789048243495E-5
1.252E-4                  5.432690299187722E-5
1.2529999999999998E-4     5.389591550131961E-5
1.2539999999999999E-4     5.346492801076187E-5
1.255E-4                  5.303394052020415E-5
1.256E-4                  5.260295302964641E-5
1.257E-4                  5.21719655390887E-5
1.258E-4                  5.1740978048530974E-5
1.259E-4                  5.130999055797324E-5
1.26E-4                   5.087900306741551E-5
1.261E-4                  5.0448015576857785E-5
1.262E-4                  5.001702808630006E-5
1.263E-4                  4.958604059574232E-5
1.2639999999999998E-4     4.915505310518472E-5
1.2649999999999998E-4     4.872406561462699E-5
1.266E-4                  4.829307812406925E-5
1.267E-4                  4.7862090633511537E-5
1.268E-4                  4.74311031429538E-5
1.269E-4                  4.700011565239607E-5
1.27E-4                   4.656912816183835E-5
1.271E-4                  4.613814067128062E-5
1.272E-4                  4.570715318072289E-5
1.273E-4                  4.5276165690165166E-5
1.274E-4                  4.484517819960743E-5
1.2749999999999998E-4     4.441419070904983E-5
1.2759999999999998E-4     4.398320321849209E-5
1.277E-4                  4.355221572793437E-5
1.278E-4                  4.312122823737664E-5
1.279E-4                  4.269024074681891E-5
1.28E-4                   4.225925325626119E-5
1.281E-4                  4.182826576570345E-5
1.282E-4                  4.139727827514573E-5
1.283E-4                  4.0966290784588005E-5
1.284E-4                  4.0535303294030275E-5
1.285E-4                  4.0104315803472546E-5
1.2859999999999998E-4     3.967332831291494E-5
1.2869999999999998E-4     3.92423408223572E-5
1.288E-4                  3.881135333179947E-5
1.289E-4                  3.838036584124174E-5
1.29E-4                   3.794937835068402E-5
1.291E-4                  3.75183908601263E-5
1.292E-4                  3.708740336956857E-5
1.293E-4                  3.665641587901084E-5
1.294E-4                  3.6225428388453115E-5
1.295E-4                  3.579444089789538E-5
1.296E-4                  3.536345340733765E-5
1.2969999999999998E-4     3.493246591678004E-5
1.2979999999999998E-4     3.4501478426222305E-5
1.2989999999999999E-4     3.407049093566458E-5
1.3E-4                    3.363950344510685E-5
1.301E-4                  3.320851595454913E-5
1.302E-4                  3.277752846399139E-5
1.303E-4                  3.234654097343367E-5
1.304E-4                  3.191555348287594E-5
1.305E-4                  3.148456599231822E-5
1.306E-4                  3.105357850176049E-5
1.307E-4                  3.062259101120276E-5
1.3079999999999998E-4     3.0191603520645148E-5
1.3089999999999998E-4     2.9760616030087418E-5
1.3099999999999999E-4     2.9329628539529695E-5
1.311E-4                  2.8898641048971962E-5
1.312E-4                  2.8467653558414236E-5
1.313E-4                  2.8036666067856506E-5
1.314E-4                  2.760567857729878E-5
1.315E-4                  2.717469108674105E-5
1.316E-4                  2.674370359618332E-5
1.317E-4                  2.631271610562559E-5
1.318E-4                  2.5881728615067865E-5
1.3189999999999998E-4     2.5450741124510258E-5
1.3199999999999998E-4     2.5019753633952528E-5
1.3209999999999999E-4     2.45887661433948E-5
1.322E-4                  2.4157778652837072E-5
1.323E-4                  2.3726791162279342E-5
1.324E-4                  2.3295803671721616E-5
1.325E-4                  2.286481618116389E-5
1.326E-4                  2.2433828690606164E-5
1.327E-4                  2.200284120004843E-5
1.328E-4                  2.15718537094907E-5
1.329E-4                  2.1140866218932975E-5
1.33E-4                   2.070987872837525E-5
1.3309999999999998E-4     2.0562020254261776E-5
1.3319999999999999E-4     2.0417904552688176E-5
1.333E-4                  2.027378885111457E-5
1.334E-4                  2.012967314954097E-5
1.335E-4                  1.9985557447967363E-5
1.336E-4                  1.984144174639376E-5
1.337E-4                  1.969732604482016E-5
1.338E-4                  1.9553210343246555E-5
1.339E-4                  1.940909464167295E-5
1.34E-4                   1.9264978940099346E-5
1.341E-4                  1.9120863238525742E-5
1.3419999999999998E-4     1.897674753695218E-5
1.3429999999999998E-4     1.8832631835378575E-5
1.344E-4                  1.868851613380497E-5
1.345E-4                  1.854440043223137E-5
1.346E-4                  1.8400284730657766E-5
1.347E-4                  1.825616902908416E-5
1.348E-4                  1.8112053327510558E-5
1.349E-4                  1.7967937625936954E-5
1.35E-4                   1.782382192436335E-5
1.351E-4                  1.7679706222789746E-5
1.352E-4                  1.7535590521216142E-5
1.3529999999999998E-4     1.739147481964258E-5
1.3539999999999998E-4     1.7247359118068974E-5
1.355E-4                  1.710324341649537E-5
1.356E-4                  1.695912771492177E-5
1.357E-4                  1.6815012013348165E-5
1.358E-4                  1.6670896311774565E-5
1.359E-4                  1.6526780610200957E-5
1.36E-4                   1.6382664908627357E-5
1.361E-4                  1.6238549207053753E-5
1.362E-4                  1.609443350548015E-5
1.363E-4                  1.5950317803906545E-5
1.3639999999999998E-4     1.580620210233298E-5
1.3649999999999998E-4     1.5662086400759377E-5
1.3659999999999999E-4     1.5517970699185773E-5
1.367E-4                  1.537385499761217E-5
1.368E-4                  1.5229739296038568E-5
1.369E-4                  1.5085623594464963E-5
1.37E-4                   1.4941507892891358E-5
1.371E-4                  1.4797392191317758E-5
1.372E-4                  1.4653276489744154E-5
1.373E-4                  1.450916078817055E-5
1.374E-4                  1.4365045086596946E-5
1.3749999999999998E-4     1.4220929385023382E-5
1.3759999999999998E-4     1.4076813683449778E-5
1.3769999999999999E-4     1.3932697981876172E-5
1.378E-4                  1.378858228030257E-5
1.379E-4                  1.3644466578728968E-5
1.38E-4                   1.3500350877155367E-5
1.381E-4                  1.3356235175581763E-5
1.382E-4                  1.3212119474008159E-5
1.383E-4                  1.3068003772434555E-5
1.384E-4                  1.292388807086095E-5
1.385E-4                  1.2779772369287347E-5
1.3859999999999998E-4     1.2635656667713782E-5
1.3869999999999998E-4     1.2491540966140178E-5
1.3879999999999999E-4     1.2347425264566575E-5
1.389E-4                  1.2203309562992973E-5
1.39E-4                   1.2059193861419369E-5
1.391E-4                  1.1915078159845768E-5
1.392E-4                  1.177096245827216E-5
1.393E-4                  1.1626846756698558E-5
1.394E-4                  1.1482731055124954E-5
1.395E-4                  1.1338615353551353E-5
1.396E-4                  1.119449965197775E-5
1.3969999999999998E-4     1.1050383950404184E-5
1.3979999999999998E-4     1.090626824883058E-5
1.3989999999999999E-4     1.0762152547256978E-5
1.4E-4                    1.0618036845683374E-5
1.401E-4                  1.0473921144109771E-5
1.402E-4                  1.0329805442536167E-5
1.403E-4                  1.0185689740962563E-5
1.404E-4                  1.004157403938896E-5
1.405E-4                  9.897458337815357E-6
1.406E-4                  9.753342636241753E-6
1.407E-4                  9.60922693466815E-6
1.408E-4                  9.465111233094546E-6
1.4089999999999998E-4     9.320995531520981E-6
1.4099999999999998E-4     9.176879829947377E-6
1.411E-4                  9.032764128373777E-6
1.412E-4                  8.888648426800171E-6
1.413E-4                  8.744532725226567E-6
1.414E-4                  8.600417023652964E-6
1.415E-4                  8.45630132207936E-6
1.416E-4                  8.312185620505758E-6
1.417E-4                  8.168069918932154E-6
1.418E-4                  8.02395421735855E-6
1.419E-4                  7.879838515784948E-6
1.4199999999999998E-4     7.735722814211382E-6
1.4209999999999998E-4     7.591607112637778E-6
1.422E-4                  7.447491411064176E-6
1.423E-4                  7.303375709490573E-6
1.424E-4                  7.15926000791697E-6
1.425E-4                  7.0151443063433655E-6
1.426E-4                  6.8710286047697615E-6
1.427E-4                  6.750192096746745E-6
1.428E-4                  6.7109927089377316E-6
1.429E-4                  6.671793321128718E-6
1.43E-4                   6.632593933319704E-6
1.4309999999999998E-4     6.593394545510703E-6
1.4319999999999998E-4     6.554195157701689E-6
1.433E-4                  6.514995769892676E-6
1.434E-4                  6.475796382083662E-6
1.435E-4                  6.436596994274648E-6
1.436E-4                  6.397397606465635E-6
1.437E-4                  6.358198218656622E-6
1.438E-4                  6.318998830847609E-6
1.439E-4                  6.279799443038595E-6
1.44E-4                   6.240600055229582E-6
1.441E-4                  6.201400667420568E-6
1.4419999999999998E-4     6.1622012796115656E-6
1.4429999999999998E-4     6.1230018918025525E-6
1.4439999999999999E-4     6.0838025039935395E-6
1.445E-4                  6.044603116184526E-6
1.446E-4                  6.005403728375513E-6
1.447E-4                  5.966204340566499E-6
1.448E-4                  5.927004952757486E-6
1.449E-4                  5.887805564948473E-6
1.45E-4                   5.848606177139459E-6
1.451E-4                  5.809406789330446E-6
1.452E-4                  5.770207401521432E-6
1.4529999999999998E-4     5.73100801371243E-6
1.4539999999999998E-4     5.691808625903417E-6
1.4549999999999999E-4     5.652609238094403E-6
1.456E-4                  5.613409850285389E-6
1.457E-4                  5.574210462476376E-6
1.458E-4                  5.5350110746673625E-6
1.459E-4                  5.49581168685835E-6
1.46E-4                   5.456612299049337E-6
1.461E-4                  5.417412911240324E-6
1.462E-4                  5.3782135234313105E-6
1.463E-4                  5.339014135622297E-6
1.4639999999999998E-4     5.299814747813294E-6
1.4649999999999998E-4     5.260615360004282E-6
1.4659999999999999E-4     5.221415972195268E-6
1.467E-4                  5.182216584386255E-6
1.468E-4                  5.143017196577241E-6
1.469E-4                  5.103817808768227E-6
1.47E-4                   5.064618420959214E-6
1.471E-4                  5.0254190331502E-6
1.472E-4                  4.986219645341187E-6
1.473E-4                  4.947020257532175E-6
1.474E-4                  4.907820869723162E-6
1.4749999999999998E-4     4.868621481914158E-6
1.4759999999999998E-4     4.8294220941051445E-6
1.4769999999999999E-4     4.7902227062961315E-6
1.478E-4                  4.7510233184871185E-6
1.479E-4                  4.7118239306781055E-6
1.48E-4                   4.6726245428690925E-6
1.481E-4                  4.633425155060079E-6
1.482E-4                  4.594225767251066E-6
1.483E-4                  4.555026379442052E-6
1.484E-4                  4.515826991633038E-6
1.485E-4                  4.476627603824025E-6
1.4859999999999998E-4     4.437428216015023E-6
1.4869999999999998E-4     4.398228828206009E-6
1.4879999999999998E-4     4.359029440396996E-6
1.489E-4                  4.319830052587982E-6
1.49E-4                   4.280630664778969E-6
1.491E-4                  4.241431276969956E-6
1.492E-4                  4.202231889160942E-6
1.493E-4                  4.16303250135193E-6
1.494E-4                  4.123833113542916E-6
1.495E-4                  4.084633725733903E-6
1.496E-4                  4.0454343379248895E-6
1.497E-4                  4.006234950115876E-6
1.4979999999999998E-4     3.967035562306873E-6
1.4989999999999998E-4     3.927836174497861E-6
1.5E-4                    3.888636786688847E-6
