% Model:              20230225_JW_4_20.mph
% Version:            COMSOL 5.6.0.401
% Date:               Feb 25 2023, 20:41
% Dimension:          1
% Nodes:              1501
% Expressions:        1
% Description:        点图
% X                       Height
0                         13.301729115039418
1.0E-7                    13.315848561154723
2.0E-7                    13.347841873473591
3.0E-7                    13.351829430673101
4.0E-7                    13.341315817974722
5.0E-7                    13.318844655944986
6.0E-7                    13.282681637232386
7.0E-7                    13.227814887486893
8.0E-7                    13.164959060393032
9.0E-7                    13.092284058972762
1.0E-6                    13.009961312463142
1.1E-6                    12.923453084751795
1.2E-6                    12.830735884319955
1.2999999999999998E-6     12.733705082941857
1.4E-6                    12.63339563723399
1.5E-6                    12.530870495867577
1.6E-6                    12.4263342817574
1.6999999999999998E-6     12.320761084290716
1.8E-6                    12.21417659662293
1.9E-6                    12.106867939966234
2.0E-6                    11.999318041846323
2.1E-6                    11.891681273884291
2.2E-6                    11.784035855239095
2.3E-6                    11.676750043627427
2.4E-6                    11.570037052344663
2.4999999999999998E-6     11.46358830932573
2.5999999999999997E-6     11.35766068478707
2.7E-6                    11.252311033314164
2.8E-6                    11.14471276118237
2.8999999999999998E-6     11.035416130394713
3.0E-6                    10.933883266021947
3.1E-6                    10.837073353928425
3.2E-6                    10.73647015721358
3.2999999999999997E-6     10.633200262658216
3.3999999999999996E-6     10.53276522121382
3.5E-6                    10.434697877439215
3.6E-6                    10.335909453830705
3.6999999999999997E-6     10.237473698812995
3.8E-6                    10.139994358181264
3.9E-6                    10.04345609895803
4.0E-6                    9.947353136757222
4.1E-6                    9.851970706249253
4.2E-6                    9.757382788070926
4.2999999999999995E-6     9.663539803037878
4.4E-6                    9.570438958657927
4.5E-6                    9.478076241629228
4.6E-6                    9.38646116359837
4.7E-6                    9.295541697038296
4.8E-6                    9.204912658931672
4.9E-6                    9.116912459050795
4.9999999999999996E-6     9.027927289777244
5.0999999999999995E-6     8.939686911574958
5.199999999999999E-6      8.852580246019972
5.3E-6                    8.765991916931824
5.4E-6                    8.680488104926253
5.5E-6                    8.595303311871541
5.6E-6                    8.511107906809794
5.7E-6                    8.427630322280049
5.7999999999999995E-6     8.34471498591265
5.899999999999999E-6      8.260597142305224
6.0E-6                    8.181170476006795
6.1E-6                    8.101162576043235
6.2E-6                    8.020970272048276
6.3E-6                    7.941748974552526
6.4E-6                    7.86355811298731
6.5E-6                    7.785781657924568
6.5999999999999995E-6     7.708783960764112
6.699999999999999E-6      7.63154127581366
6.799999999999999E-6      7.5565290757278145
6.9E-6                    7.481839483265948
7.0E-6                    7.4075163592779925
7.1E-6                    7.333923883783032
7.2E-6                    7.261091438225888
7.2999999999999996E-6     7.188866780705789
7.3999999999999995E-6     7.117326898017331
7.499999999999999E-6      7.046400451498905
7.6E-6                    6.975841931152839
7.699999999999999E-6      6.906314205626735
7.8E-6                    6.83760968764801
7.899999999999999E-6      6.7691520679615165
8.0E-6                    6.701482104323687
8.1E-6                    6.634451760494662
8.2E-6                    6.56802607854823
8.3E-6                    6.502154713385374
8.4E-6                    6.437019281221531
8.5E-6                    6.372408554126088
8.599999999999999E-6      6.309152812483569
8.7E-6                    6.245211586446078
8.8E-6                    6.1823465046981845
8.9E-6                    6.120274403066129
9.0E-6                    6.058729869897438
9.1E-6                    5.997674847014569
9.2E-6                    5.937297853671312
9.299999999999999E-6      5.877446778010468
9.4E-6                    5.8181935309107224
9.499999999999999E-6      5.758738121997016
9.6E-6                    5.70138822703034
9.7E-6                    5.643920672933283
9.8E-6                    5.586884263654354
9.9E-6                    5.530322341098014
9.999999999999999E-6      5.474484961058886
1.01E-5                   5.419118770291545
1.0199999999999999E-5     5.364287348014877
1.03E-5                   5.309961745200195
1.0399999999999999E-5     5.2562242460680535
1.05E-5                   5.20298252031511
1.06E-5                   5.15028668669119
1.07E-5                   5.098086826617408
1.08E-5                   5.046409725558566
1.0899999999999999E-5     4.995237547233794
1.1E-5                    4.944565717413839
1.1099999999999999E-5     4.894389496622117
1.12E-5                   4.844704816675849
1.13E-5                   4.7955051831206745
1.14E-5                   4.74679874870272
1.15E-5                   4.698535089108396
1.1599999999999999E-5     4.650796169388195
1.17E-5                   4.603195911852219
1.1799999999999999E-5     4.554658718504183
1.19E-5                   4.5099583787157265
1.2E-5                    4.464541894513892
1.21E-5                   4.419010515694511
1.22E-5                   4.37399067347035
1.2299999999999999E-5     4.3296343300210545
1.24E-5                   4.285719452138273
1.2499999999999999E-5     4.242076648056656
1.26E-5                   4.198913316153814
1.2699999999999999E-5     4.156097265293054
1.28E-5                   4.113799403937117
1.29E-5                   4.071832197915906
1.3E-5                    4.030339649621941
1.31E-5                   3.989226445928592
1.3199999999999999E-5     3.948601944305009
1.33E-5                   3.9084425335821225
1.3399999999999999E-5     3.8683646810481345
1.35E-5                   3.828783036294394
1.3599999999999999E-5     3.789716501439866
1.37E-5                   3.7510549662546486
1.38E-5                   3.712693228960531
1.3899999999999999E-5     3.674753621662791
1.4E-5                    3.6372007021036135
1.4099999999999999E-5     3.6000658096183056
1.42E-5                   3.56325179685912
1.4299999999999999E-5     3.5268311798270076
1.44E-5                   3.4907615721711793
1.45E-5                   3.4550480710809683
1.4599999999999999E-5     3.419725860208448
1.47E-5                   3.384748288527645
1.4799999999999999E-5     3.350134246041434
1.49E-5                   3.3158629973653277
1.4999999999999999E-5     3.281929750172675
1.51E-5                   3.248457731250062
1.52E-5                   3.215332584443719
1.53E-5                   3.182222207618926
1.5399999999999998E-5     3.1495656117609205
1.55E-5                   3.117343748383437
1.56E-5                   3.0854257292419938
1.57E-5                   3.0537770903572596
1.5799999999999998E-5     3.0224848911121263
1.59E-5                   2.99152491562729
1.6E-5                    2.9608694137313014
1.61E-5                   2.9305719047211247
1.62E-5                   2.9004807688108505
1.63E-5                   2.870740142293255
1.64E-5                   2.8413211481812177
1.6499999999999998E-5     2.8121908485695513
1.66E-5                   2.7833494998866235
1.67E-5                   2.754825601205782
1.68E-5                   2.7265543815087017
1.69E-5                   2.6986164619084505
1.7E-5                    2.6709415346529917
1.71E-5                   2.6435345784740414
1.7199999999999998E-5     2.6164172580440357
1.73E-5                   2.5895847374620584
1.74E-5                   2.5630178336708456
1.75E-5                   2.536699275921722
1.76E-5                   2.5106713326436294
1.77E-5                   2.48480872708784
1.78E-5                   2.4594561992491415
1.7899999999999998E-5     2.434106934979345
1.8E-5                    2.409051863424435
1.81E-5                   2.384280955090171
1.82E-5                   2.359773737398555
1.8299999999999998E-5     2.3355532770361047
1.84E-5                   2.3115743049539588
1.85E-5                   2.2878330020408058
1.8599999999999998E-5     2.2643365819065675
1.87E-5                   2.241078276671406
1.88E-5                   2.218052020422877
1.89E-5                   2.1952736387637004
1.8999999999999998E-5     2.172736293886947
1.91E-5                   2.1504189222188117
1.92E-5                   2.128328858319189
1.9299999999999998E-5     2.1064555109918195
1.94E-5                   2.0848056409384617
1.95E-5                   2.063393614038555
1.96E-5                   2.0421995402001016
1.9699999999999998E-5     2.0212413229765933
1.98E-5                   2.00051631042532
1.99E-5                   1.979860566505428
1.9999999999999998E-5     1.9594624440690274
2.01E-5                   1.939339924988737
2.02E-5                   1.9193744471925056
2.03E-5                   1.8996110151762322
2.0399999999999998E-5     1.8800645440478658
2.05E-5                   1.8607379221870919
2.06E-5                   1.841605762954003
2.07E-5                   1.822675141363314
2.0799999999999997E-5     1.8039367307432457
2.09E-5                   1.7853882571447117
2.1E-5                    1.7670346504390886
2.1099999999999998E-5     1.7488627318885825
2.12E-5                   1.7308846276699759
2.13E-5                   1.713077058612209
2.14E-5                   1.6954717788814244
2.1499999999999997E-5     1.6780489982291176
2.16E-5                   1.660805658317707
2.17E-5                   1.643707576614168
2.1799999999999998E-5     1.6268107334090744
2.19E-5                   1.6101025023221203
2.2E-5                    1.5935163357208384
2.21E-5                   1.5770815460729408
2.2199999999999998E-5     1.5608124226108593
2.23E-5                   1.5447040514140291
2.24E-5                   1.528782232597294
2.2499999999999998E-5     1.5130220851272491
2.26E-5                   1.4974498964870828
2.27E-5                   1.482127276320377
2.28E-5                   1.4668046684476073
2.2899999999999998E-5     1.4517831274299808
2.3E-5                    1.436802678699451
2.31E-5                   1.4220536684523477
2.3199999999999998E-5     1.4074108248885584
2.33E-5                   1.3929282750427816
2.34E-5                   1.378611791758953
2.35E-5                   1.3643901086251982
2.3599999999999998E-5     1.3503930533850106
2.37E-5                   1.3364284603915335
2.38E-5                   1.3227484063284938
2.3899999999999998E-5     1.3090683611608553
2.4E-5                    1.2956626022131243
2.41E-5                   1.2822846436300965
2.42E-5                   1.2691226493193133
2.4299999999999998E-5     1.2560473329802602
2.44E-5                   1.2431244035358766
2.45E-5                   1.2303425792485119
2.4599999999999998E-5     1.2176516553231103
2.4699999999999997E-5     1.2051496605562713
2.48E-5                   1.192686337101177
2.49E-5                   1.1804807580933256
2.4999999999999998E-5     1.1682751852903859
2.51E-5                   1.1563048402277265
2.52E-5                   1.1443505687528424
2.53E-5                   1.1326081758879085
2.5399999999999997E-5     1.1209264082365156
2.55E-5                   1.1094013275174464
2.56E-5                   1.0979759323965452
2.5699999999999998E-5     1.0866318485738327
2.58E-5                   1.0754142489898906
2.59E-5                   1.0643122416600337
2.6E-5                    1.0533428511151404
2.6099999999999997E-5     1.042503347923046
2.62E-5                   1.0317598515809001
2.63E-5                   1.0211432562294926
2.6399999999999998E-5     1.0106262085193136
2.65E-5                   1.0002254622217759
2.66E-5                   0.989926365605621
2.67E-5                   0.9797359569663135
2.6799999999999998E-5     0.969650081449657
2.69E-5                   0.95966478234328
2.7E-5                    0.9497879738140673
2.7099999999999998E-5     0.9400045768335794
2.7199999999999997E-5     0.9303318674655889
2.73E-5                   0.9207487913008247
2.74E-5                   0.911273552590039
2.7499999999999998E-5     0.9018883424216909
2.76E-5                   0.8925918791568797
2.77E-5                   0.8833821304289805
2.7799999999999998E-5     0.874258499557705
2.7899999999999997E-5     0.8652467839188814
2.8E-5                    0.8563200841095876
2.81E-5                   0.8474925762045691
2.8199999999999998E-5     0.838759402765702
2.83E-5                   0.8301296109549818
2.84E-5                   0.8215766336426988
2.8499999999999998E-5     0.8131233698518018
2.8599999999999997E-5     0.804748917039854
2.87E-5                   0.7964624319035087
2.88E-5                   0.7882633494656569
2.8899999999999998E-5     0.780143813171349
2.9E-5                    0.7721128651010077
2.91E-5                   0.7641624363489646
2.9199999999999998E-5     0.7562911680248442
2.9299999999999997E-5     0.7485066411380813
2.94E-5                   0.7407960414917582
2.95E-5                   0.7331695947266469
2.9599999999999998E-5     0.7256201697560973
2.97E-5                   0.7181493133705039
2.98E-5                   0.7107407395229076
2.99E-5                   0.7034070240174256
2.9999999999999997E-5     0.6961396773456631
3.01E-5                   0.6889511814742606
3.02E-5                   0.6818404958967087
3.0299999999999998E-5     0.6748107444547055
3.04E-5                   0.667860950653288
3.05E-5                   0.660982597115445
3.06E-5                   0.6541707784895929
3.07E-5                   0.6474385414742129
3.0799999999999996E-5     0.6407691306747152
3.09E-5                   0.6341688541423162
3.1E-5                    0.6276483404955862
3.11E-5                   0.6211800231063851
3.12E-5                   0.6147932784022018
3.13E-5                   0.6084560004748072
3.14E-5                   0.6021844203652482
3.15E-5                   0.5959930904710272
3.1599999999999996E-5     0.5898499014364492
3.17E-5                   0.583769814991343
3.18E-5                   0.5777678502928875
3.1899999999999996E-5     0.5718125763937056
3.2E-5                    0.5659178882967508
3.21E-5                   0.5600997049392004
3.22E-5                   0.5543267533622926
3.23E-5                   0.5486116603600683
3.24E-5                   0.5429716465945553
3.25E-5                   0.5373754670010901
3.26E-5                   0.5318345018233075
3.2699999999999995E-5     0.5263671664376152
3.28E-5                   0.5209423470231047
3.29E-5                   0.5155702810373411
3.2999999999999996E-5     0.5102703159404951
3.31E-5                   0.5050115778067799
3.32E-5                   0.4998032324784716
3.3299999999999996E-5     0.49466559665643217
3.34E-5                   0.4895678717876843
3.35E-5                   0.4845181409195263
3.36E-5                   0.4795379455079314
3.37E-5                   0.47459633692930303
3.38E-5                   0.46970032093691955
3.39E-5                   0.46486173573420697
3.4E-5                    0.4600683286485761
3.4099999999999995E-5     0.4553216311203173
3.42E-5                   0.45061132173530555
3.43E-5                   0.4459438853911721
3.4399999999999996E-5     0.44134752598632926
3.45E-5                   0.4367853608215999
3.46E-5                   0.43227469191382367
3.4699999999999996E-5     0.4278205182898377
3.48E-5                   0.42341453025658243
3.49E-5                   0.4190524281204661
3.5E-5                    0.41473855200408066
3.51E-5                   0.4104667287509577
3.52E-5                   0.4062451997422456
3.53E-5                   0.4020610461257778
3.54E-5                   0.39791826153149673
3.5499999999999996E-5     0.39381780186186693
3.56E-5                   0.38975873739127487
3.57E-5                   0.3857474457600477
3.5799999999999996E-5     0.381776822627732
3.59E-5                   0.37785979115749846
3.6E-5                    0.3739702911986806
3.6099999999999997E-5     0.37010441217801854
3.62E-5                   0.3663093589952754
3.63E-5                   0.36251430598690754
3.64E-5                   0.35880044521066007
3.65E-5                   0.3550966987588315
3.6599999999999995E-5     0.3514402661693093
3.67E-5                   0.3478260682614819
3.68E-5                   0.3442264834413971
3.6899999999999996E-5     0.3406995316380429
3.7E-5                    0.33717257998813205
3.71E-5                   0.33374739992894886
3.7199999999999996E-5     0.33034661831363055
3.73E-5                   0.3269458368317147
3.74E-5                   0.3235450554775564
3.75E-5                   0.3201580479530227
3.76E-5                   0.3169195272933968
3.77E-5                   0.3136810067577281
3.78E-5                   0.3104424863411406
3.79E-5                   0.30720396603875766
3.7999999999999995E-5     0.30402156886680687
3.81E-5                   0.30093759394504294
3.82E-5                   0.29785361912926084
3.8299999999999996E-5     0.29476964441525205
3.84E-5                   0.29168566979880745
3.85E-5                   0.2887399110592726
3.8599999999999996E-5     0.2858714230746346
3.87E-5                   0.2830029351757819
3.88E-5                   0.28013444735932613
3.89E-5                   0.27726595962187933
3.9E-5                    0.2743974719600525
3.9099999999999995E-5     0.27152898437045764
3.92E-5                   0.2686604968497058
3.93E-5                   0.26579200939440856
3.9399999999999995E-5     0.2629764473755515
3.95E-5                   0.26037534183490574
3.96E-5                   0.2577742363689356
3.9699999999999996E-5     0.2551731309751163
3.98E-5                   0.25257202565092224
3.99E-5                   0.2499709203938284
3.9999999999999996E-5     0.2473698152013099
4.01E-5                   0.24476871007084103
4.02E-5                   0.2421676049998968
4.03E-5                   0.23956649998595203
4.04E-5                   0.23714832959480064
4.0499999999999995E-5     0.23478969368546915
4.06E-5                   0.23243105782657061
4.07E-5                   0.23007242201622136
4.0799999999999996E-5     0.22771378625253746
4.09E-5                   0.22535515053363453
4.1E-5                    0.22299651485762853
4.1099999999999996E-5     0.2206378792226357
4.12E-5                   0.21827924362677137
4.13E-5                   0.21601851850727383
4.14E-5                   0.21397471536987922
4.15E-5                   0.21193091226695554
4.1599999999999995E-5     0.20988710919727802
4.17E-5                   0.20784330615962152
4.18E-5                   0.20579950315276116
4.1899999999999995E-5     0.20375570017547215
4.2E-5                    0.2017118972265292
4.21E-5                   0.19966809430470753
4.2199999999999996E-5     0.19762429140878224
4.23E-5                   0.19558048853752813
4.24E-5                   0.19353668568972024
4.2499999999999996E-5     0.1914928828641337
4.26E-5                   0.18944908005954333
4.27E-5                   0.18740527727472414
4.28E-5                   0.18536147450845125
4.29E-5                   0.18331767175949942
4.2999999999999995E-5     0.1812738690266438
4.31E-5                   0.1792300663086591
4.32E-5                   0.1773406760839216
4.3299999999999995E-5     0.1756610149592014
4.34E-5                   0.17398135386280786
4.35E-5                   0.1723016927940615
4.3599999999999996E-5     0.17062203175228266
4.37E-5                   0.16894237073679155
4.38E-5                   0.1672627097469086
4.3899999999999996E-5     0.16558304878195423
4.4E-5                    0.16390338784124855
4.41E-5                   0.16222372692411197
4.42E-5                   0.16054406602986496
4.43E-5                   0.15886440515782754
4.4399999999999995E-5     0.15718474430732035
4.45E-5                   0.15550508347766342
4.46E-5                   0.1538254226681771
4.4699999999999996E-5     0.1521457618781819
4.48E-5                   0.15046610110699785
4.49E-5                   0.14878644035394534
4.4999999999999996E-5     0.14710677961834479
4.51E-5                   0.1455879287109794
4.52E-5                   0.14420767290220343
4.5299999999999997E-5     0.1428274171040768
4.54E-5                   0.14144716131621998
4.5499999999999995E-5     0.14006690553825418
4.56E-5                   0.13868664976979986
4.57E-5                   0.13730639401047798
4.5799999999999995E-5     0.13592613825990948
4.59E-5                   0.134545882517715
4.6E-5                    0.13316562678351535
4.6099999999999996E-5     0.13178537105693158
4.62E-5                   0.13040511533758423
4.63E-5                   0.12902485962509416
4.6399999999999996E-5     0.1276446039190824
4.65E-5                   0.1262643482191694
4.66E-5                   0.12488409252497618
4.67E-5                   0.1235038368361237
4.68E-5                   0.12212358115223242
4.6899999999999995E-5     0.12074332547292345
4.7E-5                    0.11952242516956472
4.71E-5                   0.1183872746487551
4.7199999999999995E-5     0.11725212413565136
4.73E-5                   0.11611697363004579
4.74E-5                   0.11498182313173069
4.7499999999999996E-5     0.11384667264049854
4.76E-5                   0.11271152215614146
4.77E-5                   0.11157637167845184
4.7799999999999996E-5     0.11044122120722212
4.79E-5                   0.10930607074224447
4.8E-5                    0.10817092028331125
4.81E-5                   0.10703576983021486
4.82E-5                   0.10590061938274747
4.8299999999999995E-5     0.1047654689407016
4.84E-5                   0.10363031850386933
4.85E-5                   0.10249516807204315
4.8599999999999995E-5     0.10136001764501539
4.87E-5                   0.10022486722257822
4.88E-5                   0.09908971680452407
4.8899999999999996E-5     0.09811012520393951
4.9E-5                    0.09717879816846181
4.91E-5                   0.09624747113647326
4.9199999999999997E-5     0.0953161441078558
4.93E-5                   0.0943848170824912
4.9399999999999995E-5     0.09345349006026148
4.95E-5                   0.09252216304104835
4.96E-5                   0.09159083602473385
4.9699999999999995E-5     0.09065950901119985
4.98E-5                   0.08972818200032816
4.99E-5                   0.08879685499200067
4.9999999999999996E-5     0.08786552798609942
5.01E-5                   0.08693420098250611
5.02E-5                   0.0860028739811027
5.0299999999999996E-5     0.08507154698177113
5.04E-5                   0.08414021998439317
5.05E-5                   0.0832088929888508
5.06E-5                   0.0822775659950259
5.07E-5                   0.08134623900280029
5.0799999999999995E-5     0.08055823222687951
5.09E-5                   0.07979046481883634
5.1E-5                    0.07902269741267193
5.1099999999999995E-5     0.07825493000832277
5.12E-5                   0.07748716260572526
5.13E-5                   0.07671939520481585
5.1399999999999996E-5     0.07595162780553108
5.15E-5                   0.07518386040780732
5.16E-5                   0.07441609301158106
5.1699999999999996E-5     0.07364832561678886
5.18E-5                   0.07288055822336698
5.1899999999999994E-5     0.07211279083125205
5.2E-5                    0.07134502344038042
5.21E-5                   0.0705772560506886
5.2199999999999995E-5     0.0698094886621131
5.23E-5                   0.06904172127459027
5.24E-5                   0.0682739538880566
5.2499999999999995E-5     0.06750618650244863
5.26E-5                   0.06673841911770272
5.27E-5                   0.06610838936386733
5.2799999999999996E-5     0.06547984795754741
5.29E-5                   0.06485130655238873
5.3E-5                    0.06422276514835512
5.3099999999999996E-5     0.06359422374541054
5.32E-5                   0.06296568234351875
5.3299999999999995E-5     0.062337140942643726
5.34E-5                   0.06170859954274924
5.35E-5                   0.06108005814379921
5.3599999999999995E-5     0.06045151674575757
5.37E-5                   0.059822975348588055
5.38E-5                   0.05919443395225464
5.3899999999999996E-5     0.0585658925567212
5.4E-5                    0.05793735116195154
5.41E-5                   0.057308809767909565
5.4199999999999996E-5     0.05668026837455918
5.43E-5                   0.0560517269818642
5.4399999999999994E-5     0.055423185589788544
5.4499999999999997E-5     0.05480596941690375
5.46E-5                   0.05428806607643413
5.4699999999999995E-5     0.05377016273639527
5.48E-5                   0.05325225939676672
5.49E-5                   0.05273435605752816
5.4999999999999995E-5     0.05221645271865921
5.51E-5                   0.05169854938013944
5.52E-5                   0.051180646041948524
5.5299999999999996E-5     0.05066274270406608
5.54E-5                   0.05014483936647168
5.55E-5                   0.049626936029144995
5.5599999999999996E-5     0.04910903269206566
5.57E-5                   0.04859112935521323
5.5799999999999994E-5     0.04807322601856741
5.59E-5                   0.04755532268210772
5.6E-5                    0.04703741934581386
5.6099999999999995E-5     0.04651951600966543
5.62E-5                   0.04600161267364204
5.63E-5                   0.045483709337723326
5.6399999999999995E-5     0.04498532723002317
5.65E-5                   0.04455804508445898
5.66E-5                   0.04413076293917263
5.6699999999999996E-5     0.04370348079415417
5.68E-5                   0.04327619864939351
5.69E-5                   0.04284891650488067
5.6999999999999996E-5     0.042421634360605684
5.71E-5                   0.04199435221655847
5.7199999999999994E-5     0.04156707007272907
5.73E-5                   0.04113978792910742
5.74E-5                   0.040712505785683535
5.7499999999999995E-5     0.04028522364244743
5.76E-5                   0.039857941499389045
5.77E-5                   0.039430659356498386
5.7799999999999995E-5     0.039003377213765476
5.79E-5                   0.03857609507118025
5.8E-5                    0.03814881292873271
5.8099999999999996E-5     0.037721530786412896
5.82E-5                   0.037294248644210715
5.8299999999999994E-5     0.03689434185601624
5.8399999999999997E-5     0.036550402080682665
5.85E-5                   0.03620646230563423
5.8599999999999995E-5     0.03586252253086336
5.87E-5                   0.03551858275636246
5.88E-5                   0.03517464298212396
5.8899999999999995E-5     0.03483070320814031
5.9E-5                    0.034486763434403885
5.91E-5                   0.034142823660907144
5.9199999999999996E-5     0.033798883887642524
5.93E-5                   0.03345494411460239
5.94E-5                   0.033111004341779236
5.9499999999999996E-5     0.03276706456916546
5.96E-5                   0.032423124796753466
5.9699999999999994E-5     0.03207918502453571
5.98E-5                   0.031735245252504575
5.99E-5                   0.031391305480652526
5.9999999999999995E-5     0.031047365708971982
6.01E-5                   0.030703425937455342
6.02E-5                   0.030375723812851224
6.0299999999999995E-5     0.030068560605708027
6.04E-5                   0.029761397397431687
6.05E-5                   0.029454234188019075
6.0599999999999996E-5     0.029147070977467104
6.07E-5                   0.028839907765772617
6.08E-5                   0.028532744552932487
6.0899999999999996E-5     0.028225581338943616
6.1E-5                    0.027918418123802843
6.11E-5                   0.027611254907507092
6.12E-5                   0.027304091690053184
6.13E-5                   0.026996928471438017
6.14E-5                   0.026689765251658476
6.149999999999999E-5      0.02641355837986947
6.159999999999999E-5      0.026150458721407956
6.17E-5                   0.02588735906444527
6.18E-5                   0.02562425940897942
6.19E-5                   0.02536115975500842
6.2E-5                    0.025098060102530285
6.209999999999999E-5      0.024834960451543056
6.22E-5                   0.024571860802044685
6.23E-5                   0.024313042306011775
6.24E-5                   0.02407351590639335
6.25E-5                   0.023833989505120314
6.26E-5                   0.023594463102189763
6.269999999999999E-5      0.02335493669759882
6.28E-5                   0.02311541029134451
6.29E-5                   0.022875883883423972
6.3E-5                    0.022636357473834287
6.31E-5                   0.022401788152630695
6.319999999999999E-5      0.022169355364941815
6.33E-5                   0.021936922578893188
6.34E-5                   0.021704489794483604
6.35E-5                   0.02147205701171183
6.36E-5                   0.021239624230576626
6.37E-5                   0.02102162268393204
6.379999999999999E-5      0.020810974449371872
6.39E-5                   0.020600326213216273
6.4E-5                    0.020389677975463594
6.41E-5                   0.020179029736112138
6.42E-5                   0.01997081303125569
6.429999999999999E-5      0.019763741768299092
6.44E-5                   0.01955667050686584
6.45E-5                   0.01934959924695488
6.46E-5                   0.019148208423870088
6.47E-5                   0.01895417885947911
6.48E-5                   0.01876014929404223
6.489999999999999E-5      0.018566119727558363
6.5E-5                    0.01837436987964874
6.51E-5                   0.018183586207361838
6.52E-5                   0.017992802535703775
6.53E-5                   0.017803970061455655
6.539999999999999E-5      0.017618884295920064
6.549999999999999E-5      0.017433798530531217
6.56E-5                   0.017252101774521515
6.57E-5                   0.017077655449542567
6.58E-5                   0.016903209123732426
6.59E-5                   0.016729498335986137
6.599999999999999E-5      0.016557548542253143
6.61E-5                   0.01638559874982867
6.62E-5                   0.016215338777170022
6.63E-5                   0.01604963102435569
6.64E-5                   0.015883923270083436
6.65E-5                   0.01571952911397867
6.659999999999999E-5      0.015559143726619755
6.67E-5                   0.01539875834063161
6.68E-5                   0.015239372298522708
6.69E-5                   0.01508347030226318
6.7E-5                    0.014927568304979303
6.709999999999999E-5      0.014772652160960185
6.72E-5                   0.014621704440662416
6.73E-5                   0.014470756721050065
6.74E-5                   0.014320662031752838
6.75E-5                   0.014174586482834857
6.76E-5                   0.014028510933627716
6.769999999999999E-5      0.013883064444372668
6.78E-5                   0.013741150071285527
6.79E-5                   0.01359923569822526
6.8E-5                    0.013457904994154711
6.81E-5                   0.013320576862122416
6.819999999999999E-5      0.013183248730266562
6.829999999999999E-5      0.013046359854286264
6.84E-5                   0.012913281619292291
6.85E-5                   0.012780203384051942
6.86E-5                   0.012647436488672647
6.87E-5                   0.012518277026215805
6.879999999999999E-5      0.01238911756403609
6.89E-5                   0.012260294262185846
6.9E-5                    0.012137187382901187
6.91E-5                   0.012014080503509146
6.92E-5                   0.011890973624009451
6.929999999999999E-5      0.011767866744401854
6.939999999999999E-5      0.011644759864686055
6.95E-5                   0.01152170997573068
6.96E-5                   0.011405982388292569
6.97E-5                   0.01129025480094451
6.98E-5                   0.011174527213686293
6.989999999999999E-5      0.011058799626517702
7.0E-5                    0.010943072039438485
7.01E-5                   0.010827344452448442
7.02E-5                   0.010718421911042412
7.03E-5                   0.01060978360565368
7.04E-5                   0.01050114530021227
7.049999999999999E-5      0.010392506994718019
7.06E-5                   0.010283868689170706
7.07E-5                   0.010175230383570167
7.08E-5                   0.010072581420042945
7.09E-5                   0.009970509732061527
7.099999999999999E-5      0.009868438044120378
7.11E-5                   0.009766366356219318
7.12E-5                   0.009664294668358206
7.13E-5                   0.009562222980536897
7.14E-5                   0.009467951369688398
7.15E-5                   0.009374904702174539
7.159999999999999E-5      0.009281858034653045
7.17E-5                   0.009188811367123772
7.18E-5                   0.009095764699586627
7.19E-5                   0.009002718032041482
7.2E-5                    0.008909671364488229
7.209999999999999E-5      0.008816624696926765
7.219999999999999E-5      0.008723578029356947
7.23E-5                   0.008630531361778666
7.24E-5                   0.008537484694191818
7.25E-5                   0.008444438026596283
7.26E-5                   0.008359823010932872
7.269999999999999E-5      0.00827774593264144
7.28E-5                   0.008195668854358277
7.29E-5                   0.008113591776083319
7.3E-5                    0.008031514697816485
7.31E-5                   0.007949437619557694
7.319999999999999E-5      0.00786736054130688
7.329999999999999E-5      0.00778528346306394
7.34E-5                   0.007703206384828805
7.35E-5                   0.007621129306601399
7.36E-5                   0.0075390522283816375
7.37E-5                   0.007456975150169446
7.379999999999999E-5      0.00738140570073402
7.39E-5                   0.007308998131589536
7.4E-5                    0.007236590562443731
7.41E-5                   0.0071641829932965525
7.42E-5                   0.007091775424147943
7.429999999999999E-5      0.0070193678549978645
7.439999999999999E-5      0.006946960285846235
7.45E-5                   0.006874552716693015
7.46E-5                   0.006802145147538148
7.47E-5                   0.006729737578381579
7.48E-5                   0.0066573300092232545
7.489999999999999E-5      0.00658492244006313
7.5E-5                    0.006519489858268076
7.51E-5                   0.006459162880042339
7.52E-5                   0.00639883590181813
7.53E-5                   0.0063385089235954185
7.54E-5                   0.006278181945374174
7.549999999999999E-5      0.006217854967154371
7.56E-5                   0.006157527988935963
7.57E-5                   0.006097201010718926
7.58E-5                   0.006036874032503229
7.59E-5                   0.00597654705428884
7.599999999999999E-5      0.0059162200760757375
7.609999999999999E-5      0.005855893097863871
7.62E-5                   0.005795566119653218
7.63E-5                   0.005735239141443748
7.64E-5                   0.0056749121632354285
7.65E-5                   0.005614585185028229
7.659999999999999E-5      0.005554258206822125
7.67E-5                   0.005493931228617069
7.68E-5                   0.005433604250413039
7.69E-5                   0.00537327727221
7.7E-5                    0.005312950294007925
7.709999999999999E-5      0.005252623315806788
7.719999999999999E-5      0.005192296337606542
7.73E-5                   0.005131969359407161
7.74E-5                   0.005076827249899033
7.75E-5                   0.005029928957777676
7.76E-5                   0.004983030665656825
7.769999999999999E-5      0.004936132373536466
7.78E-5                   0.004889234081416576
7.79E-5                   0.004842335789297145
7.8E-5                    0.004795437497178157
7.81E-5                   0.0047485392050596
7.819999999999999E-5      0.004701640912941464
7.829999999999999E-5      0.0046547426208237205
7.84E-5                   0.004607844328706362
7.85E-5                   0.004560946036589374
7.86E-5                   0.004514047744472741
7.87E-5                   0.004467149452356449
7.879999999999999E-5      0.004420251160240489
7.89E-5                   0.004373352868124834
7.9E-5                    0.004326454576009475
7.91E-5                   0.004279556283894396
7.92E-5                   0.004232657991779585
7.93E-5                   0.004185759699665025
7.939999999999999E-5      0.00413886140755071
7.95E-5                   0.00409196311543661
7.96E-5                   0.0040450648233227166
7.97E-5                   0.003998166531209015
7.98E-5                   0.003953303475367564
7.989999999999999E-5      0.003916851049692287
7.999999999999999E-5      0.003880398624017274
8.01E-5                   0.003843946198342526
8.02E-5                   0.0038074937726680354
8.03E-5                   0.003771041346993793
8.04E-5                   0.0037345889213197957
8.049999999999999E-5      0.0036981364956460384
8.06E-5                   0.0036616840699725058
8.07E-5                   0.003625231644299195
8.08E-5                   0.003588779218626101
8.09E-5                   0.0035523267929532137
8.099999999999999E-5      0.003515874367280534
8.109999999999999E-5      0.003479421941608043
8.12E-5                   0.0034429695159357405
8.13E-5                   0.0034065170902636173
8.14E-5                   0.003370064664591668
8.15E-5                   0.0033336122389198853
8.159999999999999E-5      0.0032971598132482674
8.17E-5                   0.0032607073875767965
8.18E-5                   0.0032242549619054734
8.19E-5                   0.0031878025362342883
8.2E-5                    0.0031513501105632346
8.209999999999999E-5      0.003114897684892311
8.219999999999999E-5      0.003078474225256095
8.23E-5                   0.003050137592525356
8.24E-5                   0.003021800959794745
8.25E-5                   0.0029934643270642563
8.26E-5                   0.002965127694333887
8.269999999999999E-5      0.0029367910616036382
8.28E-5                   0.0029084544288734988
8.29E-5                   0.0028801177961434686
8.3E-5                    0.0028517811634135456
8.31E-5                   0.002823444530683726
8.319999999999999E-5      0.00279510789795401
8.329999999999999E-5      0.0027667712652243875
8.34E-5                   0.002738434632494858
8.35E-5                   0.0027100979997654187
8.36E-5                   0.0026817613670360664
8.37E-5                   0.0026534247343067982
8.379999999999999E-5      0.002625088101577614
8.389999999999999E-5      0.002596751468848504
8.4E-5                    0.002568414836119467
8.41E-5                   0.0025400782033905005
8.42E-5                   0.0025117415706616014
8.43E-5                   0.002483404937932767
8.439999999999999E-5      0.002455068305203997
8.45E-5                   0.0024267316724752804
8.46E-5                   0.0023983950397466185
8.47E-5                   0.002376964923303347
8.48E-5                   0.0023571306937446293
8.489999999999999E-5      0.0023372964641859184
8.499999999999999E-5      0.002317462234627208
8.51E-5                   0.002297628005068499
8.52E-5                   0.0022777937755097907
8.53E-5                   0.002257959545951082
8.54E-5                   0.0022381253163923716
8.549999999999999E-5      0.0022182910868336616
8.56E-5                   0.0021984568572749443
8.57E-5                   0.002178622627716223
8.58E-5                   0.002158788398157495
8.59E-5                   0.0021389541685987597
8.599999999999999E-5      0.0021191199390400194
8.609999999999999E-5      0.002099285709481267
8.62E-5                   0.002079451479922504
8.63E-5                   0.002059617250363729
8.64E-5                   0.0020397830208049414
8.65E-5                   0.00201994879124614
8.659999999999999E-5      0.0020001145616873263
8.669999999999999E-5      0.001980280332128494
8.68E-5                   0.0019604461025696436
8.69E-5                   0.001940611873010775
8.7E-5                    0.001920777643451888
8.709999999999999E-5      0.0019009434138929824
8.719999999999999E-5      0.001881109184334052
8.73E-5                   0.0018612749547750993
8.74E-5                   0.0018414407252161228
8.75E-5                   0.001821606495657121
8.76E-5                   0.001801772266098093
8.769999999999999E-5      0.00178193803653904
8.779999999999999E-5      0.0017621038069799565
8.79E-5                   0.001742269577420843
8.8E-5                    0.0017224353478616989
8.81E-5                   0.0017026011183025234
8.82E-5                   0.0016827668887433142
8.829999999999999E-5      0.0016629326591840745
8.84E-5                   0.0016430984296247964
8.85E-5                   0.001623264200065482
8.86E-5                   0.0016034299705061303
8.87E-5                   0.00158359574094674
8.879999999999999E-5      0.0015637615113873132
8.889999999999999E-5      0.0015439272818278426
8.9E-5                    0.0015240930522683303
8.91E-5                   0.001504258822708775
8.92E-5                   0.0014844245931491759
8.93E-5                   0.0014645903635895309
8.939999999999999E-5      0.001444756134029842
8.95E-5                   0.0014283387300906062
8.96E-5                   0.0014164549180195741
8.97E-5                   0.0014045711059485844
8.98E-5                   0.0013926872938776359
8.989999999999999E-5      0.0013808034818067305
8.999999999999999E-5      0.0013689196697358648
9.01E-5                   0.00135703585766504
9.02E-5                   0.0013451520455942557
9.03E-5                   0.001333268233523512
9.04E-5                   0.0013213844214528083
9.049999999999999E-5      0.0013095006093821462
9.059999999999999E-5      0.0012976167973115223
9.07E-5                   0.0012857329852409378
9.08E-5                   0.0012738491731703926
9.09E-5                   0.0012619653610998864
9.099999999999999E-5      0.0012500815490294208
9.109999999999999E-5      0.001238197736958992
9.12E-5                   0.0012263139248886014
9.13E-5                   0.0012144301128182487
9.14E-5                   0.001202546300747934
9.15E-5                   0.0011906624886776568
9.159999999999999E-5      0.0011787786766074186
9.169999999999999E-5      0.0011668948645372156
9.18E-5                   0.0011550110524670496
9.19E-5                   0.0011431272403969201
9.2E-5                    0.0011312434283268274
9.21E-5                   0.0011193596162567705
9.219999999999999E-5      0.0011074758041867507
9.23E-5                   0.0010955919921167652
9.24E-5                   0.001083708180046815
9.25E-5                   0.0010718243679769001
9.26E-5                   0.00105994055590702
9.269999999999999E-5      0.0010480567438371764
9.279999999999999E-5      0.001036172931767365
9.29E-5                   0.0010242891196975885
9.3E-5                    0.0010124053076278458
9.31E-5                   0.0010005214955581363
9.32E-5                   9.886376834884608E-4
9.329999999999999E-5      9.767538714188198E-4
9.34E-5                   9.648700593492102E-4
9.35E-5                   9.529862472796336E-4
9.36E-5                   9.411024352100892E-4
9.37E-5                   9.292186231405771E-4
9.379999999999999E-5      9.173348110710986E-4
9.389999999999999E-5      9.054509990016505E-4
9.4E-5                    8.935671869322337E-4
9.41E-5                   8.816833748628483E-4
9.42E-5                   8.69799562793494E-4
9.43E-5                   8.581409772281613E-4
9.439999999999999E-5      8.510256837007535E-4
9.449999999999999E-5      8.439103901733369E-4
9.46E-5                   8.367950966459125E-4
9.47E-5                   8.296798031184803E-4
9.48E-5                   8.225645095910404E-4
9.489999999999999E-5      8.154492160635934E-4
9.499999999999999E-5      8.083339225361375E-4
9.51E-5                   8.012186290086736E-4
9.52E-5                   7.941033354812015E-4
9.53E-5                   7.869880419537215E-4
9.54E-5                   7.79872748426233E-4
9.549999999999999E-5      7.727574548987376E-4
9.559999999999999E-5      7.656421613712326E-4
9.57E-5                   7.585268678437194E-4
9.58E-5                   7.514115743161978E-4
9.59E-5                   7.442962807886679E-4
9.6E-5                    7.371809872611293E-4
9.609999999999999E-5      7.300656937335832E-4
9.62E-5                   7.229504002060274E-4
9.63E-5                   7.158351066784633E-4
9.64E-5                   7.087198131508903E-4
9.65E-5                   7.016045196233083E-4
9.659999999999999E-5      6.944892260957188E-4
9.669999999999999E-5      6.873739325681194E-4
9.68E-5                   6.80258639040511E-4
9.69E-5                   6.731433455128939E-4
9.7E-5                    6.660280519852675E-4
9.71E-5                   6.589127584576322E-4
9.719999999999999E-5      6.517974649299885E-4
9.73E-5                   6.446821714023351E-4
9.74E-5                   6.375668778746723E-4
9.75E-5                   6.304515843470001E-4
9.76E-5                   6.233362908193187E-4
9.769999999999999E-5      6.162209972916287E-4
9.779999999999999E-5      6.091057037639286E-4
9.79E-5                   6.019904102362189E-4
9.8E-5                    5.948751167084997E-4
9.81E-5                   5.877598231807708E-4
9.82E-5                   5.806445296530323E-4
9.829999999999999E-5      5.735292361252852E-4
9.839999999999999E-5      5.664139425975273E-4
9.85E-5                   5.592986490697597E-4
9.86E-5                   5.521833555419822E-4
9.87E-5                   5.450680620141947E-4
9.879999999999999E-5      5.379527684863985E-4
9.889999999999999E-5      5.308374749585912E-4
9.9E-5                    5.237221814307737E-4
9.91E-5                   5.166068879029463E-4
9.92E-5                   5.11387574958164E-4
9.93E-5                   5.071246792265036E-4
9.939999999999999E-5      5.028617834948466E-4
9.949999999999999E-5      4.985988877631912E-4
9.96E-5                   4.943359920315386E-4
9.97E-5                   4.900730962998884E-4
9.98E-5                   4.8581020056824055E-4
9.989999999999999E-5      4.815473048365958E-4
9.999999999999999E-5      4.7728440910495284E-4
1.001E-4                  4.730215133733124E-4
1.002E-4                  4.6875861764167446E-4
1.003E-4                  4.6449572191003874E-4
1.004E-4                  4.602328261784055E-4
1.0049999999999999E-4     4.5596993044677526E-4
1.0059999999999999E-4     4.517070347151468E-4
1.007E-4                  4.474441389835208E-4
1.008E-4                  4.4318124325189694E-4
1.009E-4                  4.389183475202756E-4
1.01E-4                   4.3465545178865655E-4
1.0109999999999999E-4     4.303925560570403E-4
1.012E-4                  4.2612966032542593E-4
1.013E-4                  4.218667645938138E-4
1.014E-4                  4.176038688622039E-4
1.015E-4                  4.1334097313059634E-4
1.0159999999999999E-4     4.0907807739899157E-4
1.0169999999999999E-4     4.048151816673886E-4
1.018E-4                  4.0055228593578783E-4
1.019E-4                  3.962893902041893E-4
1.02E-4                   3.9202649447259277E-4
1.021E-4                  3.877635987409988E-4
1.0219999999999999E-4     3.8350070300940736E-4
1.0229999999999999E-4     3.7923780727781766E-4
1.024E-4                  3.749749115462301E-4
1.025E-4                  3.7071201581464455E-4
1.026E-4                  3.6644912008306136E-4
1.0269999999999999E-4     3.621862243514808E-4
1.0279999999999999E-4     3.579233286199018E-4
1.029E-4                  3.5366043288832496E-4
1.03E-4                   3.4939753715675017E-4
1.031E-4                  3.4513464142517755E-4
1.032E-4                  3.4087174569360704E-4
1.0329999999999999E-4     3.36608849962039E-4
1.0339999999999999E-4     3.323459542304727E-4
1.035E-4                  3.280830584989082E-4
1.036E-4                  3.2382016276734593E-4
1.037E-4                  3.1955726703578567E-4
1.0379999999999999E-4     3.1529437130422796E-4
1.0389999999999999E-4     3.1103147557267165E-4
1.04E-4                   3.0737013654434626E-4
1.041E-4                  3.052391938893382E-4
1.042E-4                  3.031082512343294E-4
1.043E-4                  3.0097730857931994E-4
1.0439999999999999E-4     2.988463659243102E-4
1.0449999999999999E-4     2.967154232692995E-4
1.046E-4                  2.945844806142882E-4
1.047E-4                  2.9245353795927606E-4
1.048E-4                  2.903225953042634E-4
1.049E-4                  2.881916526492501E-4
1.0499999999999999E-4     2.8606070999423645E-4
1.051E-4                  2.839297673392218E-4
1.052E-4                  2.817988246842065E-4
1.053E-4                  2.796678820291905E-4
1.054E-4                  2.7753693937417387E-4
1.0549999999999999E-4     2.754059967191569E-4
1.0559999999999999E-4     2.73275054064139E-4
1.057E-4                  2.7114411140912045E-4
1.058E-4                  2.690131687541011E-4
1.059E-4                  2.668822260990812E-4
1.06E-4                   2.647512834440606E-4
1.0609999999999999E-4     2.626203407890396E-4
1.0619999999999999E-4     2.6048939813401765E-4
1.063E-4                  2.5835845547899505E-4
1.064E-4                  2.562275128239718E-4
1.065E-4                  2.540965701689478E-4
1.0659999999999999E-4     2.5196562751392346E-4
1.0669999999999999E-4     2.498346848588981E-4
1.068E-4                  2.4770374220387214E-4
1.069E-4                  2.455727995488454E-4
1.07E-4                   2.434418568938181E-4
1.071E-4                  2.413109142387901E-4
1.0719999999999999E-4     2.3917997158376159E-4
1.0729999999999999E-4     2.3704902892873219E-4
1.074E-4                  2.349180862737021E-4
1.075E-4                  2.3278714361867127E-4
1.076E-4                  2.3065620096363984E-4
1.0769999999999999E-4     2.285252583086079E-4
1.0779999999999999E-4     2.2639431565357504E-4
1.079E-4                  2.2426337299854152E-4
1.08E-4                   2.2213243034350722E-4
1.081E-4                  2.2000148768847226E-4
1.082E-4                  2.178705450334366E-4
1.0829999999999999E-4     2.1573960237840055E-4
1.0839999999999999E-4     2.1360865972336345E-4
1.085E-4                  2.1147771706832568E-4
1.086E-4                  2.0934677441328722E-4
1.087E-4                  2.0721583175824804E-4
1.0879999999999999E-4     2.0508488910320845E-4
1.0889999999999999E-4     2.0295394644816785E-4
1.0899999999999999E-4     2.0082300379312655E-4
1.091E-4                  1.9869206113808452E-4
1.092E-4                  1.965611184830418E-4
1.093E-4                  1.9443017582799837E-4
1.0939999999999999E-4     1.9229923317295447E-4
1.0949999999999999E-4     1.9016829051790961E-4
1.096E-4                  1.8803734786286403E-4
1.097E-4                  1.8590640520781764E-4
1.098E-4                  1.8377546255277067E-4
1.099E-4                  1.816445198977229E-4
1.0999999999999999E-4     1.7951357724267474E-4
1.1009999999999999E-4     1.7738263458762555E-4
1.102E-4                  1.7525169193257557E-4
1.103E-4                  1.7312074927752492E-4
1.104E-4                  1.709898066224735E-4
1.1049999999999999E-4     1.6885886396742167E-4
1.1059999999999999E-4     1.6672792131236885E-4
1.107E-4                  1.6459697865731522E-4
1.108E-4                  1.6246603600226088E-4
1.109E-4                  1.6033509334720584E-4
1.11E-4                   1.5820415069215003E-4
1.1109999999999999E-4     1.560732080370938E-4
1.1119999999999999E-4     1.5394226538203653E-4
1.113E-4                  1.5181132272697848E-4
1.114E-4                  1.4968038007191973E-4
1.115E-4                  1.475494374168602E-4
1.1159999999999999E-4     1.4541849476180026E-4
1.1169999999999999E-4     1.4328755210673923E-4
1.118E-4                  1.4115660945167752E-4
1.119E-4                  1.39025666796615E-4
1.12E-4                   1.3689472414155177E-4
1.121E-4                  1.347637814864877E-4
1.1219999999999999E-4     1.3263283883142325E-4
1.1229999999999999E-4     1.305018961763577E-4
1.124E-4                  1.2837095352129143E-4
1.125E-4                  1.2624001086622438E-4
1.126E-4                  1.2410906821115663E-4
1.1269999999999999E-4     1.2197812555608834E-4
1.1279999999999999E-4     1.1984718290101902E-4
1.1289999999999999E-4     1.1771624024594893E-4
1.13E-4                   1.1558529759087809E-4
1.131E-4                  1.1345435493580646E-4
1.132E-4                  1.1132341228073408E-4
1.1329999999999999E-4     1.091924696256612E-4
1.1339999999999999E-4     1.0706152697058728E-4
1.135E-4                  1.0493058431551259E-4
1.136E-4                  1.0279964166043708E-4
1.137E-4                  1.0140555120511575E-4
1.138E-4                  1.0069959946696883E-4
1.1389999999999999E-4     9.999364772882213E-5
1.1399999999999999E-4     9.928769599067537E-5
1.141E-4                  9.858174425252877E-5
1.142E-4                  9.787579251438225E-5
1.143E-4                  9.716984077623587E-5
1.1439999999999999E-4     9.646388903808966E-5
1.1449999999999999E-4     9.575793729994348E-5
1.146E-4                  9.505198556179737E-5
1.147E-4                  9.43460338236514E-5
1.148E-4                  9.36400820855055E-5
1.149E-4                  9.293413034735972E-5
1.1499999999999999E-4     9.222817860921413E-5
1.1509999999999999E-4     9.152222687106857E-5
1.152E-4                  9.08162751329231E-5
1.153E-4                  9.011032339477774E-5
1.154E-4                  8.940437165663247E-5
1.1549999999999999E-4     8.869841991848742E-5
1.1559999999999999E-4     8.799246818034238E-5
1.157E-4                  8.728651644219741E-5
1.158E-4                  8.658056470405256E-5
1.159E-4                  8.587461296590782E-5
1.16E-4                   8.51686612277632E-5
1.1609999999999999E-4     8.446270948961875E-5
1.1619999999999999E-4     8.375675775147431E-5
1.163E-4                  8.305080601332999E-5
1.164E-4                  8.234485427518576E-5
1.165E-4                  8.163890253704164E-5
1.1659999999999999E-4     8.093295079889772E-5
1.1669999999999999E-4     8.02269990607538E-5
1.1679999999999999E-4     7.952104732260998E-5
1.169E-4                  7.88150955844663E-5
1.17E-4                   7.810914384632268E-5
1.171E-4                  7.74031921081792E-5
1.1719999999999999E-4     7.669724037003587E-5
1.1729999999999999E-4     7.599128863189258E-5
1.174E-4                  7.528533689374937E-5
1.175E-4                  7.45793851556063E-5
1.176E-4                  7.38734334174633E-5
1.177E-4                  7.31674816793204E-5
1.1779999999999999E-4     7.246152994117773E-5
1.1789999999999999E-4     7.175557820303505E-5
1.18E-4                   7.104962646489247E-5
1.181E-4                  7.034367472674999E-5
1.182E-4                  6.963772298860762E-5
1.1829999999999999E-4     6.893177125046542E-5
1.1839999999999999E-4     6.822581951232326E-5
1.185E-4                  6.75198677741812E-5
1.186E-4                  6.681391603603923E-5
1.187E-4                  6.610796429789737E-5
1.188E-4                  6.54020125597556E-5
1.1889999999999999E-4     6.469606082161403E-5
1.1899999999999999E-4     6.399010908347248E-5
1.191E-4                  6.328415734533105E-5
1.192E-4                  6.257820560718969E-5
1.193E-4                  6.187225386904844E-5
1.1939999999999999E-4     6.116630213090737E-5
1.1949999999999999E-4     6.046035039276634E-5
1.196E-4                  5.9754398654625394E-5
1.197E-4                  5.9048446916484534E-5
1.198E-4                  5.83424951783438E-5
1.199E-4                  5.7636543440203165E-5
1.1999999999999999E-4     5.693059170206271E-5
1.2009999999999999E-4     5.6224639963922285E-5
1.202E-4                  5.5518688225781946E-5
1.203E-4                  5.48127364876417E-5
1.204E-4                  5.410678474950157E-5
1.2049999999999999E-4     5.340083301136163E-5
1.2059999999999999E-4     5.2694881273221696E-5
1.2069999999999999E-4     5.198892953508187E-5
1.208E-4                  5.1282977796942137E-5
1.209E-4                  5.0577026058802516E-5
1.21E-4                   4.987107432066298E-5
1.2109999999999999E-4     4.916512258252365E-5
1.2119999999999999E-4     4.845917084438432E-5
1.213E-4                  4.775321910624509E-5
1.214E-4                  4.704726736810598E-5
1.215E-4                  4.6341315629966955E-5
1.216E-4                  4.563536389182803E-5
1.2169999999999999E-4     4.49294121536893E-5
1.2179999999999999E-4     4.422346041555058E-5
1.219E-4                  4.351750867741195E-5
1.22E-4                   4.2811556939273434E-5
1.2209999999999999E-4     4.210560520113511E-5
1.222E-4                  4.1399653462996795E-5
1.223E-4                  4.069370172485857E-5
1.224E-4                  3.9987749986720455E-5
1.225E-4                  3.9281798248582434E-5
1.226E-4                  3.857584651044451E-5
1.227E-4                  3.786989477230669E-5
1.228E-4                  3.7163943034168966E-5
1.229E-4                  3.645799129603136E-5
1.2299999999999998E-4     3.5752039557894035E-5
1.2309999999999998E-4     3.504608781975661E-5
1.2319999999999999E-4     3.4340136081619294E-5
1.233E-4                  3.3634184343482065E-5
1.234E-4                  3.328531021733338E-5
1.235E-4                  3.30541812978257E-5
1.236E-4                  3.282305237831802E-5
1.237E-4                  3.259192345881034E-5
1.238E-4                  3.2360794539302646E-5
1.239E-4                  3.212966561979497E-5
1.24E-4                   3.189853670028729E-5
1.241E-4                  3.16674077807796E-5
1.2419999999999998E-4     3.143627886127198E-5
1.2429999999999999E-4     3.1205149941764303E-5
1.244E-4                  3.097402102225662E-5
1.245E-4                  3.074289210274894E-5
1.246E-4                  3.051176318324124E-5
1.247E-4                  3.0280634263733556E-5
1.248E-4                  3.0049505344225877E-5
1.249E-4                  2.9818376424718193E-5
1.25E-4                   2.958724750521051E-5
1.251E-4                  2.9356118585702826E-5
1.252E-4                  2.912498966619514E-5
1.2529999999999998E-4     2.889386074668752E-5
1.2539999999999999E-4     2.866273182717983E-5
1.255E-4                  2.8431602907672147E-5
1.256E-4                  2.8200473988164464E-5
1.257E-4                  2.796934506865677E-5
1.258E-4                  2.7738216149149087E-5
1.259E-4                  2.7507087229641404E-5
1.26E-4                   2.7275958310133713E-5
1.261E-4                  2.7044829390626027E-5
1.262E-4                  2.6813700471118343E-5
1.263E-4                  2.658257155161066E-5
1.2639999999999998E-4     2.6351442632103034E-5
1.2649999999999998E-4     2.6120313712595344E-5
1.266E-4                  2.588918479308766E-5
1.267E-4                  2.5658055873579974E-5
1.268E-4                  2.5426926954072287E-5
1.269E-4                  2.5195798034564597E-5
1.27E-4                   2.4964669115056907E-5
1.271E-4                  2.473354019554922E-5
1.272E-4                  2.4502411276041533E-5
1.273E-4                  2.4271282356533843E-5
1.274E-4                  2.4040153437026157E-5
1.2749999999999998E-4     2.380902451751853E-5
1.2759999999999998E-4     2.357789559801084E-5
1.277E-4                  2.3346766678503147E-5
1.278E-4                  2.3115637758995457E-5
1.279E-4                  2.288450883948777E-5
1.28E-4                   2.2653379919980084E-5
1.281E-4                  2.242225100047239E-5
1.282E-4                  2.21911220809647E-5
1.283E-4                  2.1959993161457013E-5
1.284E-4                  2.172886424194932E-5
1.285E-4                  2.149773532244163E-5
1.2859999999999998E-4     2.1266606402934004E-5
1.2869999999999998E-4     2.103547748342631E-5
1.288E-4                  2.080434856391862E-5
1.289E-4                  2.0573219644410927E-5
1.29E-4                   2.0342090724903233E-5
1.291E-4                  2.0110961805395543E-5
1.292E-4                  1.987983288588785E-5
1.293E-4                  1.9648703966380163E-5
1.294E-4                  1.9417575046872462E-5
1.295E-4                  1.9186446127364772E-5
1.296E-4                  1.8955317207857082E-5
1.2969999999999998E-4     1.872418828834945E-5
1.2979999999999998E-4     1.8493059368841756E-5
1.2989999999999999E-4     1.826193044933406E-5
1.3E-4                    1.8030801529826366E-5
1.301E-4                  1.7799672610318672E-5
1.302E-4                  1.7568543690810975E-5
1.303E-4                  1.733741477130328E-5
1.304E-4                  1.7106285851795585E-5
1.305E-4                  1.6875156932287894E-5
1.306E-4                  1.6644028012780194E-5
1.307E-4                  1.6412899093272504E-5
1.3079999999999998E-4     1.6181770173764868E-5
1.3089999999999998E-4     1.595064125425717E-5
1.3099999999999999E-4     1.5719512334749474E-5
1.311E-4                  1.5488383415241777E-5
1.312E-4                  1.525725449573408E-5
1.313E-4                  1.5026125576226382E-5
1.314E-4                  1.4794996656718687E-5
1.315E-4                  1.456386773721099E-5
1.316E-4                  1.433273881770329E-5
1.317E-4                  1.410160989819559E-5
1.318E-4                  1.387048097868789E-5
1.3189999999999998E-4     1.3639352059180258E-5
1.3199999999999998E-4     1.340822313967256E-5
1.3209999999999999E-4     1.3177094220164859E-5
1.322E-4                  1.2945965300657159E-5
1.323E-4                  1.2714836381149458E-5
1.324E-4                  1.2483707461641758E-5
1.325E-4                  1.225257854213406E-5
1.326E-4                  1.2021449622626356E-5
1.327E-4                  1.1790320703118654E-5
1.328E-4                  1.1559191783610954E-5
1.329E-4                  1.1328062864103252E-5
1.33E-4                   1.109693394459555E-5
1.3309999999999998E-4     1.1017761397742042E-5
1.3319999999999999E-4     1.0940597610520337E-5
1.333E-4                  1.0863433823298627E-5
1.334E-4                  1.0786270036076909E-5
1.335E-4                  1.070910624885518E-5
1.336E-4                  1.0631942461633446E-5
1.337E-4                  1.0554778674411704E-5
1.338E-4                  1.0477614887189957E-5
1.339E-4                  1.04004510999682E-5
1.34E-4                   1.0323287312746434E-5
1.341E-4                  1.0246123525524663E-5
1.3419999999999998E-4     1.0168959738302904E-5
1.3429999999999998E-4     1.0091795951081116E-5
1.344E-4                  1.0014632163859321E-5
1.345E-4                  9.937468376637518E-6
1.346E-4                  9.86030458941571E-6
1.347E-4                  9.783140802193892E-6
1.348E-4                  9.705977014972067E-6
1.349E-4                  9.628813227750235E-6
1.35E-4                   9.551649440528394E-6
1.351E-4                  9.474485653306547E-6
1.352E-4                  9.39732186608469E-6
1.3529999999999998E-4     9.320158078862848E-6
1.3539999999999998E-4     9.242994291640977E-6
1.355E-4                  9.165830504419101E-6
1.356E-4                  9.088666717197215E-6
1.357E-4                  9.011502929975319E-6
1.358E-4                  8.93433914275342E-6
1.359E-4                  8.857175355531512E-6
1.36E-4                   8.780011568309594E-6
1.361E-4                  8.70284778108767E-6
1.362E-4                  8.62568399386574E-6
1.363E-4                  8.548520206643802E-6
1.3639999999999998E-4     8.471356419421879E-6
1.3649999999999998E-4     8.394192632199921E-6
1.3659999999999999E-4     8.31702884497796E-6
1.367E-4                  8.239865057755992E-6
1.368E-4                  8.162701270534016E-6
1.369E-4                  8.085537483312033E-6
1.37E-4                   8.00837369609004E-6
1.371E-4                  7.93120990886804E-6
1.372E-4                  7.854046121646034E-6
1.373E-4                  7.77688233442402E-6
1.374E-4                  7.699718547202E-6
1.3749999999999998E-4     7.622554759979989E-6
1.3759999999999998E-4     7.545390972757953E-6
1.3769999999999999E-4     7.468227185535906E-6
1.378E-4                  7.391063398313855E-6
1.379E-4                  7.313899611091796E-6
1.38E-4                   7.236735823869727E-6
1.381E-4                  7.159572036647652E-6
1.382E-4                  7.0824082494255704E-6
1.383E-4                  7.00524446220348E-6
1.384E-4                  6.928080674981383E-6
1.385E-4                  6.850916887759278E-6
1.3859999999999998E-4     6.773753100537184E-6
1.3869999999999998E-4     6.696589313315064E-6
1.3879999999999999E-4     6.6194255260929375E-6
1.389E-4                  6.5422617388708015E-6
1.39E-4                   6.465097951648659E-6
1.391E-4                  6.3879341644265075E-6
1.392E-4                  6.310770377204349E-6
1.393E-4                  6.233606589982183E-6
1.394E-4                  6.156442802760009E-6
1.395E-4                  6.079279015537828E-6
1.396E-4                  6.0021152283156395E-6
1.3969999999999998E-4     5.924951441093464E-6
1.3979999999999998E-4     5.84778765387126E-6
1.3989999999999999E-4     5.7706238666490486E-6
1.4E-4                    5.69346007942683E-6
1.401E-4                  5.616296292204604E-6
1.402E-4                  5.5391325049823695E-6
1.403E-4                  5.461968717760127E-6
1.404E-4                  5.384804930537878E-6
1.405E-4                  5.307641143315621E-6
1.406E-4                  5.230477356093356E-6
1.407E-4                  5.153313568871085E-6
1.408E-4                  5.076149781648805E-6
1.4089999999999998E-4     4.998985994426539E-6
1.4099999999999998E-4     4.921822207204245E-6
1.411E-4                  4.844658419981942E-6
1.412E-4                  4.767494632759633E-6
1.413E-4                  4.690330845537315E-6
1.414E-4                  4.613167058314991E-6
1.415E-4                  4.536003271092658E-6
1.416E-4                  4.458839483870317E-6
1.417E-4                  4.38167569664797E-6
1.418E-4                  4.3045119094256145E-6
1.419E-4                  4.2273481222032515E-6
1.4199999999999998E-4     4.150184334980901E-6
1.4209999999999998E-4     4.073020547758523E-6
1.422E-4                  3.995856760536138E-6
1.423E-4                  3.9186929733137445E-6
1.424E-4                  3.841529186091343E-6
1.425E-4                  3.7643653988689355E-6
1.426E-4                  3.6872016116465196E-6
1.427E-4                  3.622483203966219E-6
1.428E-4                  3.6014091323142014E-6
1.429E-4                  3.5803350606621858E-6
1.43E-4                   3.559260989010171E-6
1.4309999999999998E-4     3.538186917358164E-6
1.4319999999999998E-4     3.5171128457061532E-6
1.433E-4                  3.4960387740541452E-6
1.434E-4                  3.4749647024021376E-6
1.435E-4                  3.4538906307501326E-6
1.436E-4                  3.4328165590981288E-6
1.437E-4                  3.4117424874461275E-6
1.438E-4                  3.3906684157941276E-6
1.439E-4                  3.3695943441421297E-6
1.44E-4                   3.3485202724901336E-6
1.441E-4                  3.327446200838139E-6
1.4419999999999998E-4     3.306372129186152E-6
1.4429999999999998E-4     3.2852980575341607E-6
1.4439999999999999E-4     3.2642239858821714E-6
1.445E-4                  3.2431499142301845E-6
1.446E-4                  3.2220758425781985E-6
1.447E-4                  3.2010017709262155E-6
1.448E-4                  3.1799276992742333E-6
1.449E-4                  3.1588536276222537E-6
1.45E-4                   3.137779555970275E-6
1.451E-4                  3.1167054843182986E-6
1.452E-4                  3.095631412666324E-6
1.4529999999999998E-4     3.0745573410143567E-6
1.4539999999999998E-4     3.053483269362386E-6
1.4549999999999999E-4     3.032409197710417E-6
1.456E-4                  3.0113351260584487E-6
1.457E-4                  2.9902610544064834E-6
1.458E-4                  2.96918698275452E-6
1.459E-4                  2.9481129111025576E-6
1.46E-4                   2.927038839450598E-6
1.461E-4                  2.905964767798639E-6
1.462E-4                  2.8848906961466826E-6
1.463E-4                  2.863816624494728E-6
1.4639999999999998E-4     2.84274255284278E-6
1.4649999999999998E-4     2.821668481190829E-6
1.4659999999999999E-4     2.8005944095388793E-6
1.467E-4                  2.7795203378869322E-6
1.468E-4                  2.758446266234986E-6
1.469E-4                  2.737372194583043E-6
1.47E-4                   2.7162981229310996E-6
1.471E-4                  2.6952240512791593E-6
1.472E-4                  2.674149979627221E-6
1.473E-4                  2.653075907975284E-6
1.474E-4                  2.632001836323349E-6
1.4749999999999998E-4     2.610927764671421E-6
1.4759999999999998E-4     2.5898536930194903E-6
1.4769999999999999E-4     2.5687796213675606E-6
1.478E-4                  2.547705549715633E-6
1.479E-4                  2.526631478063707E-6
1.48E-4                   2.5055574064117826E-6
1.481E-4                  2.48448333475986E-6
1.482E-4                  2.4634092631079393E-6
1.483E-4                  2.4423351914560207E-6
1.484E-4                  2.421261119804104E-6
1.485E-4                  2.4001870481521885E-6
1.4859999999999998E-4     2.379112976500281E-6
1.4869999999999998E-4     2.358038904848369E-6
1.4879999999999998E-4     2.33696483319646E-6
1.489E-4                  2.3158907615445515E-6
1.49E-4                   2.294816689892645E-6
1.491E-4                  2.2737426182407413E-6
1.492E-4                  2.2526685465888388E-6
1.493E-4                  2.2315944749369375E-6
1.494E-4                  2.2105204032850387E-6
1.495E-4                  2.1894463316331412E-6
1.496E-4                  2.168372259981246E-6
1.497E-4                  2.1472981883293526E-6
1.4979999999999998E-4     2.1262241166774666E-6
1.4989999999999998E-4     2.1051500450255767E-6
1.5E-4                    2.0840759733736886E-6
