% Model:              20230225_JW_4_20.mph
% Version:            COMSOL 5.6.0.401
% Date:               Feb 25 2023, 20:45
% Dimension:          1
% Nodes:              1501
% Expressions:        1
% Description:        点图
% X                       Height
0                         2.2594574088739745
1.0E-7                    2.25773812771618
2.0E-7                    2.2403912837545734
3.0E-7                    2.3030273796394463
4.0E-7                    2.3728723412093884
5.0E-7                    2.41684235400338
6.0E-7                    2.449311672761101
7.0E-7                    2.4694285572574186
8.0E-7                    2.4865360153073945
9.0E-7                    2.4864521508591437
1.0E-6                    2.4885553093766566
1.1E-6                    2.485394321001993
1.2E-6                    2.4765117404668358
1.2999999999999998E-6     2.464837545258596
1.4E-6                    2.45041777092211
1.5E-6                    2.4338450407557572
1.6E-6                    2.4156593003712064
1.6999999999999998E-6     2.3962837031754294
1.8E-6                    2.3761560311788275
1.9E-6                    2.355136643877817
2.0E-6                    2.3335111472492476
2.1E-6                    2.3114297922498817
2.2E-6                    2.2892052597748287
2.3E-6                    2.266944100939248
2.4E-6                    2.2445837988115183
2.4999999999999998E-6     2.2222141270504494
2.5999999999999997E-6     2.1999636133791514
2.7E-6                    2.1779435364157944
2.8E-6                    2.1560379271968824
2.8999999999999998E-6     2.1342777303602003
3.0E-6                    2.1124234136809314
3.1E-6                    2.0864975814961793
3.2E-6                    2.063291636639208
3.2999999999999997E-6     2.04805475148607
3.3999999999999996E-6     2.025493862417313
3.5E-6                    2.005702784303549
3.6E-6                    1.9853615662078659
3.6999999999999997E-6     1.9659238566110637
3.8E-6                    1.945821107178482
3.9E-6                    1.9258176380965442
4.0E-6                    1.9060418280983813
4.1E-6                    1.8868115097254787
4.2E-6                    1.867523692869823
4.2999999999999995E-6     1.8483981109548933
4.4E-6                    1.8294446673055424
4.5E-6                    1.8106915857651271
4.6E-6                    1.7921169038719185
4.7E-6                    1.7737370683270488
4.8E-6                    1.7555937978666563
4.9E-6                    1.73710031428746
4.9999999999999996E-6     1.720672565233198
5.0999999999999995E-6     1.7030098982126067
5.199999999999999E-6      1.6846329651021021
5.3E-6                    1.6678083325004116
5.4E-6                    1.6501236094582474
5.5E-6                    1.6332564654849766
5.6E-6                    1.6164649251052208
5.7E-6                    1.5998601170346167
5.7999999999999995E-6     1.5833682295290736
5.899999999999999E-6      1.567105336967988
6.0E-6                    1.5511332315894426
6.1E-6                    1.5341316457231278
6.2E-6                    1.5188583364564754
6.3E-6                    1.5032626926868906
6.4E-6                    1.4879773053360061
6.5E-6                    1.4726249524465498
6.5999999999999995E-6     1.457684812845678
6.699999999999999E-6      1.4427049086449337
6.799999999999999E-6      1.427955364117239
6.9E-6                    1.412632395804861
7.0E-6                    1.398416318747471
7.1E-6                    1.384087255569202
7.2E-6                    1.3700171006025055
7.2999999999999996E-6     1.3558890657199265
7.3999999999999995E-6     1.34201294909908
7.499999999999999E-6      1.3282383034361225
7.6E-6                    1.3147648028964816
7.699999999999999E-6      1.300747861064007
7.8E-6                    1.2873703493409485
7.899999999999999E-6      1.2743856808563798
8.0E-6                    1.2612797856138476
8.1E-6                    1.2482861291009888
8.2E-6                    1.235430665424227
8.3E-6                    1.2227810042660605
8.4E-6                    1.2102645751632914
8.5E-6                    1.1977989303183099
8.599999999999999E-6      1.185453352535322
8.7E-6                    1.17343208103103
8.8E-6                    1.1612962243642497
8.9E-6                    1.1492987255768037
9.0E-6                    1.1374708077185562
9.1E-6                    1.1257333485004264
9.2E-6                    1.1141852565542354
9.299999999999999E-6      1.1027074434827457
9.4E-6                    1.0913618696395804
9.499999999999999E-6      1.080139179722434
9.6E-6                    1.0689167622892402
9.7E-6                    1.0578305867376923
9.8E-6                    1.046965260276074
9.9E-6                    1.0362142100723741
9.999999999999999E-6      1.0256289359985724
1.01E-5                   1.0150405977228267
1.0199999999999999E-5     1.0046305548417087
1.03E-5                   0.9942970606756412
1.0399999999999999E-5     0.9840607923476825
1.05E-5                   0.9739306844518307
1.06E-5                   0.9638923943543956
1.07E-5                   0.953982206214789
1.08E-5                   0.9441567095635416
1.0899999999999999E-5     0.9344396234607515
1.1E-5                    0.924814884924133
1.1099999999999999E-5     0.915301655346136
1.12E-5                   0.9058697266247614
1.13E-5                   0.896548013110076
1.14E-5                   0.8873139816449395
1.15E-5                   0.878174966574421
1.1599999999999999E-5     0.8691398609608659
1.17E-5                   0.8601895959315508
1.1799999999999999E-5     0.8516133619696667
1.19E-5                   0.8419589443328086
1.2E-5                    0.8330717782746045
1.21E-5                   0.8250709760696963
1.22E-5                   0.8165242625247731
1.2299999999999999E-5     0.8082217174758891
1.24E-5                   0.799935310101084
1.2499999999999999E-5     0.7917926178653781
1.26E-5                   0.7837129698594019
1.2699999999999999E-5     0.7756404772281771
1.28E-5                   0.7676863634388016
1.29E-5                   0.7597766615148919
1.3E-5                    0.7519630126877964
1.31E-5                   0.7442318477164804
1.3199999999999999E-5     0.7365666042780074
1.33E-5                   0.7288897871239077
1.3399999999999999E-5     0.7216424035975896
1.35E-5                   0.7140958520512862
1.3599999999999999E-5     0.706716013302354
1.37E-5                   0.6994410149384196
1.38E-5                   0.6922145164631319
1.3899999999999999E-5     0.6850985097476509
1.4E-5                    0.6780272959450753
1.4099999999999999E-5     0.6710521340550608
1.42E-5                   0.6641372444999547
1.4299999999999999E-5     0.6572946301140228
1.44E-5                   0.6505231926737094
1.45E-5                   0.6438149256301638
1.4599999999999999E-5     0.6371986813853859
1.47E-5                   0.6306295312003154
1.4799999999999999E-5     0.6241397676024171
1.49E-5                   0.6177137632580306
1.4999999999999999E-5     0.611351865234758
1.51E-5                   0.605051752849682
1.52E-5                   0.5987717338073294
1.53E-5                   0.5928102139659932
1.5399999999999998E-5     0.5865878837661632
1.55E-5                   0.5805423876708633
1.56E-5                   0.5745668916623936
1.57E-5                   0.5686342229923692
1.5799999999999998E-5     0.5627810655625209
1.59E-5                   0.5569632504746026
1.6E-5                    0.5512207899922048
1.61E-5                   0.5455478534669516
1.62E-5                   0.5399380228801899
1.63E-5                   0.5343670970305153
1.64E-5                   0.5288539909562573
1.6499999999999998E-5     0.5234136527592916
1.66E-5                   0.5180168058141639
1.67E-5                   0.5126889232564542
1.68E-5                   0.5074053091663434
1.69E-5                   0.5021807804822187
1.7E-5                    0.4970069279844755
1.71E-5                   0.49188887708056117
1.7199999999999998E-5     0.4868237043940115
1.73E-5                   0.48181031922114836
1.74E-5                   0.47684836567634886
1.75E-5                   0.47193475471895613
1.76E-5                   0.4670756169505133
1.77E-5                   0.4622724137685595
1.78E-5                   0.4575063848239835
1.7899999999999998E-5     0.4527206466396023
1.8E-5                    0.44813643025446903
1.81E-5                   0.4434930910620374
1.82E-5                   0.4389202265603312
1.8299999999999998E-5     0.4343836702416116
1.84E-5                   0.4299092247576794
1.85E-5                   0.42549082266204574
1.8599999999999998E-5     0.42110264509831796
1.87E-5                   0.4167660144409727
1.88E-5                   0.41246848465442
1.89E-5                   0.40822458993682886
1.8999999999999998E-5     0.4040191440500841
1.91E-5                   0.3998601338683255
1.92E-5                   0.39574037629822273
1.9299999999999998E-5     0.3916635293699495
1.94E-5                   0.3876268043030166
1.95E-5                   0.38363732202814665
1.96E-5                   0.37968609547623855
1.9699999999999998E-5     0.37577497541658816
1.98E-5                   0.3718882868606769
1.99E-5                   0.3680981917634081
1.9999999999999998E-5     0.3643260228026845
2.01E-5                   0.3605361956081262
2.02E-5                   0.35680984572484803
2.03E-5                   0.35312172528806773
2.0399999999999998E-5     0.3494847313533208
2.05E-5                   0.3458794812245949
2.06E-5                   0.3423176779644725
2.07E-5                   0.3387903192050327
2.0799999999999997E-5     0.33530008791019644
2.09E-5                   0.33184746902932455
2.1E-5                    0.3284279752053183
2.1099999999999998E-5     0.325044733606912
2.12E-5                   0.3216975386139652
2.13E-5                   0.31838252523313226
2.14E-5                   0.31510484340617606
2.1499999999999997E-5     0.3118574346690139
2.16E-5                   0.3086368858249142
2.17E-5                   0.30549165477434814
2.1799999999999998E-5     0.30233528720658587
2.19E-5                   0.29922546886269835
2.2E-5                    0.2961294818827309
2.21E-5                   0.29306683275005724
2.2199999999999998E-5     0.29004667315737076
2.23E-5                   0.28704755313853375
2.24E-5                   0.28408146480763796
2.2499999999999998E-5     0.28115101106259427
2.26E-5                   0.2782505085657266
2.27E-5                   0.27540029376780184
2.28E-5                   0.27255008256871016
2.2899999999999998E-5     0.26975528669828536
2.3E-5                    0.2669680555051354
2.31E-5                   0.26422427053859343
2.3199999999999998E-5     0.26150041604138724
2.33E-5                   0.2588064607440666
2.34E-5                   0.2561434814206284
2.35E-5                   0.2534984316561043
2.3599999999999998E-5     0.2508958642836757
2.37E-5                   0.24829917109890276
2.38E-5                   0.2457539582817005
2.3899999999999998E-5     0.2432087480176992
2.4E-5                    0.24071597206765522
2.41E-5                   0.23822851144056975
2.42E-5                   0.23578160176346663
2.4299999999999998E-5     0.23335096773778158
2.44E-5                   0.23094741369863978
2.45E-5                   0.22856893497936714
2.4599999999999998E-5     0.22620887667271958
2.4699999999999997E-5     0.22388710283684407
2.48E-5                   0.2215717017216359
2.49E-5                   0.2192987703786559
2.4999999999999998E-5     0.21702584089150784
2.51E-5                   0.2148012488063305
2.52E-5                   0.21257996013687513
2.53E-5                   0.2104092125669459
2.5399999999999997E-5     0.2082466667113007
2.55E-5                   0.2061012596168672
2.56E-5                   0.2039668534369124
2.5699999999999998E-5     0.20186086405713072
2.58E-5                   0.1997773900025144
2.59E-5                   0.1977105498930587
2.6E-5                    0.1956718893600279
2.6099999999999997E-5     0.19365163812956654
2.62E-5                   0.1916527220687093
2.63E-5                   0.1896817708723342
2.6399999999999998E-5     0.1877253484912405
2.65E-5                   0.18579317876526458
2.66E-5                   0.1838787016262486
2.67E-5                   0.1819839164250088
2.6799999999999998E-5     0.1801100737123336
2.69E-5                   0.17825393782958923
2.7E-5                    0.17641853092561544
2.7099999999999998E-5     0.1746007081904509
2.7199999999999997E-5     0.17280277745587377
2.73E-5                   0.17102206262348751
2.74E-5                   0.1692611775723706
2.7499999999999998E-5     0.16751707807443178
2.76E-5                   0.16579188562689134
2.77E-5                   0.16408279053761235
2.7799999999999998E-5     0.16237795350835246
2.7899999999999997E-5     0.1607009863468722
2.8E-5                    0.1590416193090705
2.81E-5                   0.1574065949865128
2.8199999999999998E-5     0.1557837820333002
2.83E-5                   0.1541815847732088
2.84E-5                   0.15259176849905237
2.8499999999999998E-5     0.1510226819431619
2.8599999999999997E-5     0.1494667167649422
2.87E-5                   0.1479273182068033
2.88E-5                   0.1464040244439917
2.8899999999999998E-5     0.14489534775488025
2.9E-5                    0.14340363017846477
2.91E-5                   0.14192644612636426
2.9199999999999998E-5     0.1404640036014101
2.9299999999999997E-5     0.13901783088736855
2.94E-5                   0.13758522470789808
2.95E-5                   0.13616846667042662
2.9599999999999998E-5     0.1347659089761147
2.97E-5                   0.13337675531774243
2.98E-5                   0.13199788144456015
2.99E-5                   0.13064188802864865
2.9999999999999997E-5     0.12929256623145077
3.01E-5                   0.12795969641913643
3.02E-5                   0.1266354763779046
3.0299999999999998E-5     0.12532883776232548
3.04E-5                   0.1240363323764649
3.05E-5                   0.1227591706119956
3.06E-5                   0.12149236013296615
3.07E-5                   0.12024263112313888
3.0799999999999996E-5     0.1190031007957323
3.09E-5                   0.11777697745388217
3.1E-5                    0.11656579410207678
3.11E-5                   0.11536418454317737
3.12E-5                   0.11417767095725323
3.13E-5                   0.11300046186294019
3.14E-5                   0.11183572680470684
3.15E-5                   0.11068553838948805
3.1599999999999996E-5     0.10954430299837066
3.17E-5                   0.10841496221033034
3.18E-5                   0.10730005651279187
3.1899999999999996E-5     0.1061938590450658
3.2E-5                    0.10509901207695053
3.21E-5                   0.10401823138349829
3.22E-5                   0.10294587989261143
3.23E-5                   0.1018843743102721
3.24E-5                   0.10083677961129091
3.25E-5                   0.09979731051977812
3.26E-5                   0.0987680785422282
3.2699999999999995E-5     0.09775260875047244
3.28E-5                   0.0967450129131389
3.29E-5                   0.09574715412285009
3.2999999999999996E-5     0.09476276717389556
3.31E-5                   0.09378603473270915
3.32E-5                   0.09281863909582871
3.3299999999999996E-5     0.09186439252508923
3.34E-5                   0.09091756340919496
3.35E-5                   0.08997965242393935
3.36E-5                   0.08905466754535676
3.37E-5                   0.0881368464406022
3.38E-5                   0.0872274868535334
3.39E-5                   0.0863303276460544
3.4E-5                    0.08543985274937789
3.4099999999999995E-5     0.08455481072613945
3.42E-5                   0.08367553814721466
3.43E-5                   0.08281219391878811
3.4399999999999996E-5     0.0819611481932822
3.45E-5                   0.08110721104544996
3.46E-5                   0.08027376821630093
3.4699999999999996E-5     0.0794475702805468
3.48E-5                   0.07862897228324292
3.49E-5                   0.07782049046397028
3.5E-5                    0.07701854427335163
3.51E-5                   0.07622545008137227
3.52E-5                   0.07544203089660331
3.53E-5                   0.0746648224068253
3.54E-5                   0.07389512928339646
3.5499999999999996E-5     0.0731342722839929
3.56E-5                   0.07237995901826023
3.57E-5                   0.07163509205655307
3.5799999999999996E-5     0.07089784625045643
3.59E-5                   0.07017038056444999
3.6E-5                    0.06944790928289278
3.6099999999999997E-5     0.0687298738302199
3.62E-5                   0.06802513888373743
3.63E-5                   0.06732040399336608
3.64E-5                   0.0666306471042666
3.65E-5                   0.06594275607392665
3.6599999999999995E-5     0.06526368839032387
3.67E-5                   0.06459249687085702
3.68E-5                   0.06392401724061214
3.6899999999999996E-5     0.06326901670488767
3.7E-5                    0.06261401620732929
3.71E-5                   0.06197790162264894
3.7199999999999996E-5     0.06134631471013056
3.73E-5                   0.0607147278396992
3.74E-5                   0.06008314100968608
3.75E-5                   0.059454115188197085
3.76E-5                   0.058852697804955174
3.77E-5                   0.0582512804553217
3.78E-5                   0.05764986313785526
3.79E-5                   0.057048445851114286
3.7999999999999995E-5     0.05645744379462325
3.81E-5                   0.05588470675971376
3.82E-5                   0.05531196975772582
3.8299999999999996E-5     0.054739232787414896
3.84E-5                   0.054166495847536356
3.85E-5                   0.05361943566234172
3.8599999999999996E-5     0.05308673028713616
3.87E-5                   0.05255402493688176
3.88E-5                   0.05202131961057705
3.89E-5                   0.05148861430722058
3.9E-5                    0.050955909025810764
3.9099999999999995E-5     0.050423203765346196
3.92E-5                   0.049890498524825286
3.93E-5                   0.04935779330324657
3.9399999999999995E-5     0.04883491858389713
3.95E-5                   0.04835187752538134
3.96E-5                   0.04786883648814485
3.9699999999999996E-5     0.04738579547144098
3.98E-5                   0.04690275447452294
3.99E-5                   0.046419713496644054
3.9999999999999996E-5     0.04593667253705764
4.01E-5                   0.045453631595016926
4.02E-5                   0.04497059066977521
4.03E-5                   0.044487549760585804
4.04E-5                   0.04403848490887026
4.0499999999999995E-5     0.04360047727420547
4.06E-5                   0.04316246965525624
4.07E-5                   0.042724462051465906
4.0799999999999996E-5     0.04228645446227789
4.09E-5                   0.04184844688713541
4.1E-5                    0.04141043932548186
4.1099999999999996E-5     0.04097243177676057
4.12E-5                   0.040534424240414854
4.13E-5                   0.04011459826590151
4.14E-5                   0.039735053780203096
4.15E-5                   0.03935550930438999
4.1599999999999995E-5     0.038975964838100015
4.17E-5                   0.03859642038097086
4.18E-5                   0.03821687593264035
4.1899999999999995E-5     0.03783733149274626
4.2E-5                    0.03745778706092632
4.21E-5                   0.03707824263681831
4.2199999999999996E-5     0.03669869822006003
4.23E-5                   0.036319153810289176
4.24E-5                   0.03593960940714356
4.2499999999999996E-5     0.03556006501026097
4.26E-5                   0.03518052061927911
4.27E-5                   0.03480097623383577
4.28E-5                   0.03442143185356874
4.29E-5                   0.0340418874781157
4.2999999999999995E-5     0.03366234310711453
4.31E-5                   0.03328279874020289
4.32E-5                   0.032931915126759234
4.3299999999999995E-5     0.03261995967273191
4.34E-5                   0.03230800422683874
4.35E-5                   0.031996048788878656
4.3599999999999996E-5     0.03168409335865062
4.37E-5                   0.03137213793595354
4.38E-5                   0.031060182520586357
4.3899999999999996E-5     0.03074822711234803
4.4E-5                    0.030436271711037445
4.41E-5                   0.030124316316453573
4.42E-5                   0.02981236092839535
4.43E-5                   0.02950040554666168
4.4399999999999995E-5     0.029188450171051535
4.45E-5                   0.028876494801363808
4.46E-5                   0.02856453943739744
4.4699999999999996E-5     0.028252584078951405
4.48E-5                   0.02794062872582457
4.49E-5                   0.027628673377815903
4.4999999999999996E-5     0.027316718034724356
4.51E-5                   0.0270347452219372
4.52E-5                   0.02677861306715684
4.5299999999999997E-5     0.026522480915901172
4.54E-5                   0.026266348768058712
4.5499999999999995E-5     0.026010216623518084
4.56E-5                   0.025754084482167806
4.57E-5                   0.02549795234389647
4.5799999999999995E-5     0.025241820208592666
4.59E-5                   0.02498568807614493
4.6E-5                    0.02472955594644184
4.6099999999999996E-5     0.024473423819371988
4.62E-5                   0.024217291694823905
4.63E-5                   0.023961159572686172
4.6399999999999996E-5     0.023705027452847385
4.65E-5                   0.023448895335196077
4.66E-5                   0.023192763219620827
4.67E-5                   0.022936631106010227
4.68E-5                   0.022680498994252805
4.6899999999999995E-5     0.022424366884237167
4.7E-5                    0.022197530794523673
4.71E-5                   0.021986459013764167
4.7199999999999995E-5     0.021775387234853855
4.73E-5                   0.021564315457730503
4.74E-5                   0.021353243682331956
4.7499999999999996E-5     0.02114217190859601
4.76E-5                   0.02093110013646047
4.77E-5                   0.020720028365863136
4.7799999999999996E-5     0.020508956596741845
4.79E-5                   0.02029788482903437
4.8E-5                    0.020086813062678534
4.81E-5                   0.019875741297612166
4.82E-5                   0.019664669533773035
4.8299999999999995E-5     0.019453597771098986
4.84E-5                   0.019242526009527795
4.85E-5                   0.01903145424899728
4.8599999999999995E-5     0.018820382489445273
4.87E-5                   0.018609310730809542
4.88E-5                   0.018398238973027916
4.8899999999999996E-5     0.018216504142968954
4.9E-5                    0.018043871555914016
4.91E-5                   0.017871238970237
4.9199999999999997E-5     0.01769860638590378
4.93E-5                   0.017525973802880162
4.9399999999999995E-5     0.017353341221132034
4.95E-5                   0.017180708640625222
4.96E-5                   0.017008076061325577
4.9699999999999995E-5     0.016835443483198955
4.98E-5                   0.016662810906211196
4.99E-5                   0.016490178330328155
4.9999999999999996E-5     0.01631754575551568
5.01E-5                   0.016144913181739613
5.02E-5                   0.0159722806089658
5.0299999999999996E-5     0.015799648037160118
5.04E-5                   0.015627015466288367
5.05E-5                   0.015454382896316432
5.06E-5                   0.015281750327210158
5.07E-5                   0.015109117758935375
5.0799999999999995E-5     0.014962680775414012
5.09E-5                   0.014819943075089492
5.1E-5                    0.014677205375081546
5.1099999999999995E-5     0.014534467675370921
5.12E-5                   0.01439172997593835
5.13E-5                   0.014248992276764584
5.1399999999999996E-5     0.014106254577830374
5.15E-5                   0.013963516879116445
5.16E-5                   0.013820779180603556
5.1699999999999996E-5     0.013678041482272457
5.18E-5                   0.013535303784103865
5.1899999999999994E-5     0.013392566086078554
5.2E-5                    0.013249828388177246
5.21E-5                   0.01310709069038069
5.2199999999999995E-5     0.012964352992669645
5.23E-5                   0.012821615295024832
5.24E-5                   0.012678877597427005
5.2499999999999995E-5     0.01253613989985692
5.26E-5                   0.012393402202295295
5.27E-5                   0.012276284047283136
5.2799999999999996E-5     0.012159442728831875
5.29E-5                   0.012042601410807595
5.3E-5                    0.01192576009319976
5.3099999999999996E-5     0.011808918775997847
5.32E-5                   0.011692077459191307
5.3299999999999995E-5     0.011575236142769618
5.34E-5                   0.011458394826722224
5.35E-5                   0.011341553511038598
5.3599999999999995E-5     0.011224712195708217
5.37E-5                   0.011107870880720525
5.38E-5                   0.010991029566064993
5.3899999999999996E-5     0.010874188251731096
5.4E-5                    0.01075734693770828
5.41E-5                   0.010640505623986017
5.4199999999999996E-5     0.01052366431055378
5.43E-5                   0.010406822997401014
5.4399999999999994E-5     0.0102899816845172
5.4499999999999997E-5     0.010175311753670665
5.46E-5                   0.010079683051396799
5.4699999999999995E-5     0.009984054349315787
5.48E-5                   0.009888425647421767
5.49E-5                   0.009792796945708906
5.4999999999999995E-5     0.009697168244171364
5.51E-5                   0.009601539542803291
5.52E-5                   0.009505910841598844
5.5299999999999996E-5     0.009410282140552189
5.54E-5                   0.009314653439657468
5.55E-5                   0.009219024738908845
5.5599999999999996E-5     0.009123396038300483
5.57E-5                   0.00902776733782653
5.5799999999999994E-5     0.008932138637481152
5.59E-5                   0.008836509937258492
5.6E-5                    0.008740881237152715
5.6099999999999995E-5     0.008645252537157987
5.62E-5                   0.008549623837268445
5.63E-5                   0.00845399513747826
5.6399999999999995E-5     0.008361654039287802
5.65E-5                   0.008281287000298603
5.66E-5                   0.008200919961199404
5.6699999999999996E-5     0.008120552921986823
5.68E-5                   0.008040185882657452
5.69E-5                   0.007959818843207915
5.6999999999999996E-5     0.007879451803634823
5.71E-5                   0.007799084763934769
5.7199999999999994E-5     0.007718717724104384
5.73E-5                   0.00763835068414026
5.74E-5                   0.0075579836440390165
5.7499999999999995E-5     0.007477616603797264
5.76E-5                   0.007397249563411604
5.77E-5                   0.007316882522878655
5.7799999999999995E-5     0.007236515482195027
5.79E-5                   0.007156148441357318
5.8E-5                    0.007075781400362149
5.8099999999999996E-5     0.006995414359206132
5.82E-5                   0.006915047317885865
5.8299999999999994E-5     0.006840540932410098
5.8399999999999997E-5     0.006778016251887779
5.85E-5                   0.006715491571689419
5.8599999999999995E-5     0.006652966891813378
5.87E-5                   0.006590442212258002
5.88E-5                   0.006527917533021651
5.8899999999999995E-5     0.006465392854102689
5.9E-5                    0.006402868175499461
5.91E-5                   0.0063403434972103285
5.9199999999999996E-5     0.006277818819233652
5.93E-5                   0.006215294141567777
5.94E-5                   0.0061527694642110695
5.9499999999999996E-5     0.006090244787161885
5.96E-5                   0.006027720110418574
5.9699999999999994E-5     0.0059651954339794986
5.98E-5                   0.005902670757843009
5.99E-5                   0.005840146082007463
5.9999999999999995E-5     0.005777621406471227
6.01E-5                   0.0057150967312326415
6.02E-5                   0.005655449247902586
6.0299999999999995E-5     0.005599441109466548
6.04E-5                   0.0055434329703633566
6.05E-5                   0.005487424830591773
6.0599999999999996E-5     0.005431416690150571
6.07E-5                   0.005375408549038502
6.08E-5                   0.005319400407254339
6.0899999999999996E-5     0.0052633922647968455
6.1E-5                    0.0052073841216647805
6.11E-5                   0.005151375977856915
6.12E-5                   0.005095367833372005
6.13E-5                   0.005039359688208818
6.14E-5                   0.0049833515423661195
6.149999999999999E-5      0.004928228712531088
6.159999999999999E-5      0.004873480734719867
6.17E-5                   0.004818732757649637
6.18E-5                   0.004763984781319494
6.19E-5                   0.004709236805728534
6.2E-5                    0.004654488830875855
6.209999999999999E-5      0.004599740856760562
6.22E-5                   0.004544992883381733
6.23E-5                   0.004492752638105703
6.24E-5                   0.004451812930543005
6.25E-5                   0.004410873222596096
6.26E-5                   0.004369933514264478
6.269999999999999E-5      0.004328993805547661
6.28E-5                   0.004288054096445131
6.29E-5                   0.004247114386956401
6.3E-5                    0.00420617467708097
6.31E-5                   0.004164381121451652
6.319999999999999E-5      0.004122219553979443
6.33E-5                   0.004080057986674985
6.34E-5                   0.004037896419537723
6.35E-5                   0.0039957348525670915
6.36E-5                   0.003953573285762526
6.37E-5                   0.003910454149967062
6.379999999999999E-5      0.0038668470930700778
6.39E-5                   0.003823240036374481
6.4E-5                    0.003779632979879865
6.41E-5                   0.0037360259235858146
6.42E-5                   0.0036991620048400747
6.429999999999999E-5      0.003665474623065783
6.44E-5                   0.003631787240838802
6.45E-5                   0.003598099858158793
6.46E-5                   0.0035624105817072004
6.47E-5                   0.003524127058056138
6.48E-5                   0.003485843535037764
6.489999999999999E-5      0.003447560012651733
6.5E-5                    0.003410527817756605
6.51E-5                   0.003374025951346319
6.52E-5                   0.003337524084424163
6.53E-5                   0.003302799285463282
6.539999999999999E-5      0.003271486831963312
6.549999999999999E-5      0.0032401743787851454
6.56E-5                   0.0032076992085836287
6.57E-5                   0.0031727365260682933
6.58E-5                   0.00313777384351968
6.59E-5                   0.003104012774792617
6.599999999999999E-5      0.003073128554688746
6.61E-5                   0.0030422443344361666
6.62E-5                   0.0030114947919224846
6.63E-5                   0.002981108059748311
6.64E-5                   0.0029507213278406213
6.65E-5                   0.0029202259255063307
6.659999999999999E-5      0.0028893988880798194
6.67E-5                   0.0028585718503835577
6.68E-5                   0.002828380275292126
6.69E-5                   0.0028004041387260327
6.7E-5                    0.0027724280024030218
6.709999999999999E-5      0.0027443311884816496
6.72E-5                   0.002715748602164957
6.73E-5                   0.00268716601569982
6.74E-5                   0.002658863135423765
6.75E-5                   0.00263187812142982
6.76E-5                   0.0026048931075057643
6.769999999999999E-5      0.002578017383376315
6.78E-5                   0.0025517553111874145
6.79E-5                   0.0025254932390082595
6.8E-5                    0.0024993081766677876
6.81E-5                   0.0024736512173876768
6.819999999999999E-5      0.0024479942580570447
6.829999999999999E-5      0.0024224493938207877
6.84E-5                   0.0023978769799573468
6.85E-5                   0.002373304566169784
6.86E-5                   0.0023487697963107163
6.87E-5                   0.0023246711979190583
6.879999999999999E-5      0.002300572599459166
6.89E-5                   0.002276545382809806
6.9E-5                    0.002253732019410118
6.91E-5                   0.002230918656040866
6.92E-5                   0.0022081052927019687
6.929999999999999E-5      0.0021852919293933485
6.939999999999999E-5      0.0021624785661149178
6.95E-5                   0.002139675131517812
6.96E-5                   0.0021181473500152662
6.97E-5                   0.0020966195684949712
6.98E-5                   0.002075091786956861
6.989999999999999E-5      0.002053564005400874
7.0E-5                    0.002032036223826941
7.01E-5                   0.002010508442234998
7.02E-5                   0.001990307718344649
7.03E-5                   0.0019701624235847794
7.04E-5                   0.001950017128838393
7.049999999999999E-5      0.0019298718341054365
7.06E-5                   0.0019097265393858503
7.07E-5                   0.0018895812446795821
7.08E-5                   0.0018705040849744067
7.09E-5                   0.0018515298761658926
7.099999999999999E-5      0.0018325556673520153
7.11E-5                   0.0018135814585327251
7.12E-5                   0.0017946072497079797
7.13E-5                   0.0017756330408777346
7.14E-5                   0.0017581292623853658
7.15E-5                   0.0017408564039062655
7.159999999999999E-5      0.0017235835454295055
7.17E-5                   0.0017063106869550481
7.18E-5                   0.0016890378284828604
7.19E-5                   0.0016717649700129084
7.2E-5                    0.0016544921115451586
7.209999999999999E-5      0.0016372192530795784
7.219999999999999E-5      0.0016199463946161292
7.23E-5                   0.0016026735361547785
7.24E-5                   0.0015854006776954933
7.25E-5                   0.0015681278192382388
7.26E-5                   0.0015524143548615278
7.269999999999999E-5      0.0015371702699766387
7.28E-5                   0.0015219261850919483
7.29E-5                   0.0015066821002074353
7.3E-5                    0.001491438015323076
7.31E-5                   0.0014761939304388468
7.319999999999999E-5      0.0014609498455547265
7.329999999999999E-5      0.001445705760670688
7.34E-5                   0.0014304616757867092
7.35E-5                   0.0014152175909027671
7.36E-5                   0.0013999735060188372
7.37E-5                   0.001384729421134898
7.379999999999999E-5      0.0013706960961309014
7.39E-5                   0.0013572510465095257
7.4E-5                    0.0013438059968886638
7.41E-5                   0.0013303609472682997
7.42E-5                   0.0013169158976484166
7.429999999999999E-5      0.0013034708480290005
7.439999999999999E-5      0.001290025798410032
7.45E-5                   0.0012765807487914967
7.46E-5                   0.0012631356991733788
7.47E-5                   0.001249690649555661
7.48E-5                   0.0012362455999383284
7.489999999999999E-5      0.0012228005503213666
7.5E-5                    0.0012106504800469672
7.51E-5                   0.0011994483184647527
7.52E-5                   0.0011882461568828572
7.53E-5                   0.0011770439953012705
7.54E-5                   0.0011658418337199832
7.549999999999999E-5      0.0011546396721389878
7.56E-5                   0.0011434375105582723
7.57E-5                   0.0011322353489778283
7.58E-5                   0.0011210331873976467
7.59E-5                   0.0011098310258177181
7.599999999999999E-5      0.0010986288642380348
7.609999999999999E-5      0.0010874267026585844
7.62E-5                   0.0010762245410793592
7.63E-5                   0.0010650223795003497
7.64E-5                   0.0010538202179215467
7.65E-5                   0.0010426180563429407
7.659999999999999E-5      0.0010314158947645241
7.67E-5                   0.0010202137331862845
7.68E-5                   0.0010090115716082143
7.69E-5                   9.978094100303037E-4
7.7E-5                    9.866072484525435E-4
7.709999999999999E-5      9.754050868749267E-4
7.719999999999999E-5      9.642029252974392E-4
7.73E-5                   9.530007637200752E-4
7.74E-5                   9.427610045796398E-4
7.75E-5                   9.340514423285787E-4
7.76E-5                   9.253418800776841E-4
7.769999999999999E-5      9.166323178269523E-4
7.78E-5                   9.079227555763769E-4
7.79E-5                   8.992131933259543E-4
7.8E-5                    8.905036310756802E-4
7.81E-5                   8.817940688255503E-4
7.819999999999999E-5      8.730845065755617E-4
7.829999999999999E-5      8.643749443257075E-4
7.84E-5                   8.556653820759844E-4
7.85E-5                   8.469558198263879E-4
7.86E-5                   8.382462575769141E-4
7.87E-5                   8.295366953275578E-4
7.879999999999999E-5      8.208271330783168E-4
7.89E-5                   8.121175708291838E-4
7.9E-5                    8.034080085801558E-4
7.91E-5                   7.946984463312282E-4
7.92E-5                   7.859888840823971E-4
7.93E-5                   7.772793218336575E-4
7.939999999999999E-5      7.685697595850064E-4
7.95E-5                   7.598601973364376E-4
7.96E-5                   7.51150635087947E-4
7.97E-5                   7.424410728395311E-4
7.98E-5                   7.341096910721534E-4
7.989999999999999E-5      7.273411431659979E-4
7.999999999999999E-5      7.205725952599398E-4
8.01E-5                   7.138040473539783E-4
8.02E-5                   7.070354994481111E-4
8.03E-5                   7.00266951542336E-4
8.04E-5                   6.93498403636651E-4
8.049999999999999E-5      6.867298557310552E-4
8.06E-5                   6.799613078255444E-4
8.07E-5                   6.731927599201176E-4
8.08E-5                   6.66424212014773E-4
8.09E-5                   6.596556641095081E-4
8.099999999999999E-5      6.528871162043219E-4
8.109999999999999E-5      6.461185682992104E-4
8.12E-5                   6.39350020394173E-4
8.13E-5                   6.325814724892071E-4
8.14E-5                   6.258129245843108E-4
8.15E-5                   6.190443766794819E-4
8.159999999999999E-5      6.122758287747195E-4
8.17E-5                   6.055072808700195E-4
8.18E-5                   5.98738732965381E-4
8.19E-5                   5.919701850608017E-4
8.2E-5                    5.852016371562799E-4
8.209999999999999E-5      5.784330892518141E-4
8.219999999999999E-5      5.716699160991937E-4
8.23E-5                   5.664072827347281E-4
8.24E-5                   5.611446493702744E-4
8.25E-5                   5.558820160058319E-4
8.26E-5                   5.506193826413996E-4
8.269999999999999E-5      5.453567492769774E-4
8.28E-5                   5.400941159125627E-4
8.29E-5                   5.348314825481553E-4
8.3E-5                    5.295688491837541E-4
8.31E-5                   5.243062158193585E-4
8.319999999999999E-5      5.19043582454968E-4
8.329999999999999E-5      5.137809490905802E-4
8.34E-5                   5.08518315726195E-4
8.35E-5                   5.032556823618112E-4
8.36E-5                   4.97993048997428E-4
8.37E-5                   4.927304156330444E-4
8.379999999999999E-5      4.874677822686601E-4
8.389999999999999E-5      4.8220514890427295E-4
8.4E-5                    4.769425155398823E-4
8.41E-5                   4.7167988217548763E-4
8.42E-5                   4.664172488110876E-4
8.43E-5                   4.611546154466814E-4
8.439999999999999E-5      4.5589198208226874E-4
8.45E-5                   4.506293487178474E-4
8.46E-5                   4.453667153534168E-4
8.47E-5                   4.413874086924756E-4
8.48E-5                   4.3770463999222775E-4
8.489999999999999E-5      4.3402187129198906E-4
8.499999999999999E-5      4.3033910259175835E-4
8.51E-5                   4.266563338915355E-4
8.52E-5                   4.2297356519132044E-4
8.53E-5                   4.192907964911127E-4
8.54E-5                   4.1560802779091213E-4
8.549999999999999E-5      4.119252590907187E-4
8.56E-5                   4.0824249039053125E-4
8.57E-5                   4.045597216903497E-4
8.58E-5                   4.00876952990174E-4
8.59E-5                   3.971941842900037E-4
8.599999999999999E-5      3.9351141558983884E-4
8.609999999999999E-5      3.898286468896783E-4
8.62E-5                   3.8614587818952214E-4
8.63E-5                   3.824631094893701E-4
8.64E-5                   3.7878034078922166E-4
8.65E-5                   3.7509757208907676E-4
8.659999999999999E-5      3.714148033889353E-4
8.669999999999999E-5      3.6773203468879617E-4
8.68E-5                   3.6404926598865945E-4
8.69E-5                   3.6036649728852474E-4
8.7E-5                    3.566837285883918E-4
8.709999999999999E-5      3.5300095988826085E-4
8.719999999999999E-5      3.493181911881305E-4
8.73E-5                   3.456354224880008E-4
8.74E-5                   3.419526537878716E-4
8.75E-5                   3.382698850877425E-4
8.76E-5                   3.345871163876131E-4
8.769999999999999E-5      3.3090434768748365E-4
8.779999999999999E-5      3.272215789873528E-4
8.79E-5                   3.2353881028722073E-4
8.8E-5                    3.1985604158708705E-4
8.81E-5                   3.161732728869515E-4
8.82E-5                   3.124905041868138E-4
8.829999999999999E-5      3.088077354866738E-4
8.84E-5                   3.051249667865306E-4
8.85E-5                   3.014421980863841E-4
8.86E-5                   2.977594293862342E-4
8.87E-5                   2.940766606860803E-4
8.879999999999999E-5      2.903938919859227E-4
8.889999999999999E-5      2.8671112328576006E-4
8.9E-5                    2.8302835458559255E-4
8.91E-5                   2.7934558588541984E-4
8.92E-5                   2.7566281718524154E-4
8.93E-5                   2.719800484850574E-4
8.939999999999999E-5      2.6829727978486755E-4
8.95E-5                   2.65248654095009E-4
8.96E-5                   2.630414367514543E-4
8.97E-5                   2.608342194079095E-4
8.98E-5                   2.586270020643746E-4
8.989999999999999E-5      2.5641978472084985E-4
8.999999999999999E-5      2.5421256737733443E-4
9.01E-5                   2.5200535003382866E-4
9.02E-5                   2.497981326903325E-4
9.03E-5                   2.475909153468458E-4
9.04E-5                   2.453836980033686E-4
9.049999999999999E-5      2.43176480659901E-4
9.059999999999999E-5      2.4096926331644238E-4
9.07E-5                   2.38762045972993E-4
9.08E-5                   2.3655482862955274E-4
9.09E-5                   2.3434761128612159E-4
9.099999999999999E-5      2.321403939426998E-4
9.109999999999999E-5      2.299331765992865E-4
9.12E-5                   2.2772595925588218E-4
9.13E-5                   2.255187419124866E-4
9.14E-5                   2.233115245690997E-4
9.15E-5                   2.2110430722572158E-4
9.159999999999999E-5      2.1889708988235223E-4
9.169999999999999E-5      2.1668987253899114E-4
9.18E-5                   2.1448265519563846E-4
9.19E-5                   2.1227543785229416E-4
9.2E-5                    2.1006822050895812E-4
9.21E-5                   2.0786100316563035E-4
9.219999999999999E-5      2.0565378582231095E-4
9.23E-5                   2.034465684789994E-4
9.24E-5                   2.0123935113569583E-4
9.25E-5                   1.9903213379240023E-4
9.26E-5                   1.968249164491124E-4
9.269999999999999E-5      1.9461769910583272E-4
9.279999999999999E-5      1.9241048176256052E-4
9.29E-5                   1.902032644192959E-4
9.3E-5                    1.8799604707603888E-4
9.31E-5                   1.857888297327894E-4
9.32E-5                   1.8358161238954737E-4
9.329999999999999E-5      1.8137439504631295E-4
9.34E-5                   1.7916717770308555E-4
9.35E-5                   1.769599603598654E-4
9.36E-5                   1.7475274301665235E-4
9.37E-5                   1.7254552567344642E-4
9.379999999999999E-5      1.703383083302478E-4
9.389999999999999E-5      1.6813109098705583E-4
9.4E-5                    1.659238736438707E-4
9.41E-5                   1.6371665630069242E-4
9.42E-5                   1.6150943895752086E-4
9.43E-5                   1.5934408580784684E-4
9.439999999999999E-5      1.5802322144431086E-4
9.449999999999999E-5      1.5670235708077314E-4
9.46E-5                   1.553814927172338E-4
9.47E-5                   1.540606283536928E-4
9.48E-5                   1.5273976399015013E-4
9.489999999999999E-5      1.5141889962660602E-4
9.499999999999999E-5      1.5009803526305998E-4
9.51E-5                   1.487771708995123E-4
9.52E-5                   1.474563065359629E-4
9.53E-5                   1.4613544217241173E-4
9.54E-5                   1.4481457780885884E-4
9.549999999999999E-5      1.4349371344530434E-4
9.559999999999999E-5      1.421728490817479E-4
9.57E-5                   1.4085198471818966E-4
9.58E-5                   1.3953112035462964E-4
9.59E-5                   1.3821025599106777E-4
9.6E-5                    1.3688939162750406E-4
9.609999999999999E-5      1.3556852726393867E-4
9.62E-5                   1.3424766290037128E-4
9.63E-5                   1.3292679853680193E-4
9.64E-5                   1.3160593417323074E-4
9.65E-5                   1.302850698096576E-4
9.659999999999999E-5      1.2896420544608275E-4
9.669999999999999E-5      1.276433410825057E-4
9.68E-5                   1.2632247671892679E-4
9.69E-5                   1.250016123553458E-4
9.7E-5                    1.2368074799176288E-4
9.71E-5                   1.2235988362817798E-4
9.719999999999999E-5      1.2103901926459117E-4
9.73E-5                   1.1971815490100218E-4
9.74E-5                   1.183972905374111E-4
9.75E-5                   1.1707642617381801E-4
9.76E-5                   1.1575556181022282E-4
9.769999999999999E-5      1.1443469744662566E-4
9.779999999999999E-5      1.1311383308302627E-4
9.79E-5                   1.1179296871942473E-4
9.8E-5                    1.1047210435582103E-4
9.81E-5                   1.0915123999221516E-4
9.82E-5                   1.0783037562860713E-4
9.829999999999999E-5      1.065095112649971E-4
9.839999999999999E-5      1.0518864690138468E-4
9.85E-5                   1.0386778253777004E-4
9.86E-5                   1.0254691817415317E-4
9.87E-5                   1.0122605381053404E-4
9.879999999999999E-5      9.990518944691281E-5
9.889999999999999E-5      9.858432508328915E-5
9.9E-5                    9.726346071966317E-5
9.91E-5                   9.594259635603488E-5
9.92E-5                   9.497323733121504E-5
9.93E-5                   9.418119328501233E-5
9.939999999999999E-5      9.338914923881042E-5
9.949999999999999E-5      9.259710519260901E-5
9.96E-5                   9.180506114640821E-5
9.97E-5                   9.101301710020805E-5
9.98E-5                   9.022097305400848E-5
9.989999999999999E-5      8.942892900780964E-5
9.999999999999999E-5      8.863688496161131E-5
1.001E-4                  8.784484091541358E-5
1.002E-4                  8.705279686921645E-5
1.003E-4                  8.626075282301991E-5
1.004E-4                  8.546870877682398E-5
1.0049999999999999E-4     8.467666473062874E-5
1.0059999999999999E-4     8.388462068443397E-5
1.007E-4                  8.309257663823983E-5
1.008E-4                  8.230053259204625E-5
1.009E-4                  8.150848854585322E-5
1.01E-4                   8.07164444996608E-5
1.0109999999999999E-4     7.992440045346904E-5
1.012E-4                  7.913235640727773E-5
1.013E-4                  7.834031236108703E-5
1.014E-4                  7.754826831489685E-5
1.015E-4                  7.675622426870725E-5
1.0159999999999999E-4     7.596418022251831E-5
1.0169999999999999E-4     7.517213617632982E-5
1.018E-4                  7.438009213014188E-5
1.019E-4                  7.358804808395448E-5
1.02E-4                   7.279600403776761E-5
1.021E-4                  7.200395999158129E-5
1.0219999999999999E-4     7.121191594539563E-5
1.0229999999999999E-4     7.041987189921037E-5
1.024E-4                  6.962782785302566E-5
1.025E-4                  6.883578380684147E-5
1.026E-4                  6.804373976065779E-5
1.0269999999999999E-4     6.725169571447476E-5
1.0279999999999999E-4     6.645965166829212E-5
1.029E-4                  6.566760762211001E-5
1.03E-4                   6.487556357592839E-5
1.031E-4                  6.408351952974728E-5
1.032E-4                  6.329147548356668E-5
1.0329999999999999E-4     6.24994314373867E-5
1.0339999999999999E-4     6.17073873912071E-5
1.035E-4                  6.091534334502798E-5
1.036E-4                  6.012329929884936E-5
1.037E-4                  5.9331255252671205E-5
1.0379999999999999E-4     5.853921120649369E-5
1.0389999999999999E-4     5.774716716031652E-5
1.04E-4                   5.706700383324495E-5
1.041E-4                  5.667147177342306E-5
1.042E-4                  5.627593971360092E-5
1.043E-4                  5.588040765377851E-5
1.0439999999999999E-4     5.54848755939559E-5
1.0449999999999999E-4     5.508934353413298E-5
1.046E-4                  5.469381147430981E-5
1.047E-4                  5.429827941448634E-5
1.048E-4                  5.390274735466264E-5
1.049E-4                  5.3507215294838667E-5
1.0499999999999999E-4     5.311168323501448E-5
1.051E-4                  5.2716151175189996E-5
1.052E-4                  5.232061911536524E-5
1.053E-4                  5.1925087055540214E-5
1.054E-4                  5.152955499571492E-5
1.0549999999999999E-4     5.113402293588943E-5
1.0559999999999999E-4     5.0738490876063614E-5
1.057E-4                  5.034295881623752E-5
1.058E-4                  4.9947426756411176E-5
1.059E-4                  4.955189469658456E-5
1.06E-4                   4.915636263675768E-5
1.0609999999999999E-4     4.8760830576930584E-5
1.0619999999999999E-4     4.8365298517103176E-5
1.063E-4                  4.7969766457275497E-5
1.064E-4                  4.757423439744754E-5
1.065E-4                  4.7178702337619325E-5
1.0659999999999999E-4     4.6783170277790887E-5
1.0669999999999999E-4     4.638763821796213E-5
1.068E-4                  4.59921061581331E-5
1.069E-4                  4.559657409830382E-5
1.07E-4                   4.5201042038474227E-5
1.071E-4                  4.48055099786444E-5
1.0719999999999999E-4     4.440997791881434E-5
1.0729999999999999E-4     4.401444585898395E-5
1.074E-4                  4.3618913799153304E-5
1.075E-4                  4.3223381739322366E-5
1.076E-4                  4.2827849679491176E-5
1.0769999999999999E-4     4.243231761965975E-5
1.0779999999999999E-4     4.2036785559828E-5
1.079E-4                  4.1641253499995975E-5
1.08E-4                   4.1245721440163674E-5
1.081E-4                  4.085018938033111E-5
1.082E-4                  4.045465732049825E-5
1.0829999999999999E-4     4.0059125260665186E-5
1.0839999999999999E-4     3.966359320083178E-5
1.085E-4                  3.9268061140998105E-5
1.086E-4                  3.8872529081164144E-5
1.087E-4                  3.847699702132992E-5
1.0879999999999999E-4     3.808146496149546E-5
1.0889999999999999E-4     3.768593290166067E-5
1.0899999999999999E-4     3.729040084182561E-5
1.091E-4                  3.6894868781990253E-5
1.092E-4                  3.6499336722154626E-5
1.093E-4                  3.610380466231871E-5
1.0939999999999999E-4     3.5708272602482584E-5
1.0949999999999999E-4     3.5312740542646116E-5
1.096E-4                  3.491720848280936E-5
1.097E-4                  3.4521676422972346E-5
1.098E-4                  3.4126144363135024E-5
1.099E-4                  3.373061230329743E-5
1.0999999999999999E-4     3.33350802434596E-5
1.1009999999999999E-4     3.293954818362144E-5
1.102E-4                  3.254401612378299E-5
1.103E-4                  3.214848406394427E-5
1.104E-4                  3.1752952004105245E-5
1.1049999999999999E-4     3.1357419944266E-5
1.1059999999999999E-4     3.0961887884426406E-5
1.107E-4                  3.056635582458654E-5
1.108E-4                  3.017082376474638E-5
1.109E-4                  2.9775291704905936E-5
1.11E-4                   2.9379759645065202E-5
1.1109999999999999E-4     2.8984227585224235E-5
1.1119999999999999E-4     2.8588695525382932E-5
1.113E-4                  2.8193163465541334E-5
1.114E-4                  2.7797631405699445E-5
1.115E-4                  2.740209934585727E-5
1.1159999999999999E-4     2.7006567286014867E-5
1.1169999999999999E-4     2.661103522617211E-5
1.118E-4                  2.6215503166329066E-5
1.119E-4                  2.5819971106485734E-5
1.12E-4                   2.542443904664211E-5
1.121E-4                  2.502890698679819E-5
1.1219999999999999E-4     2.4633374926954035E-5
1.1229999999999999E-4     2.4237842867109527E-5
1.124E-4                  2.3842310807264738E-5
1.125E-4                  2.3446778747419647E-5
1.126E-4                  2.305124668757427E-5
1.1269999999999999E-4     2.2655714627728642E-5
1.1279999999999999E-4     2.2260182567882673E-5
1.1289999999999999E-4     2.1864650508036407E-5
1.13E-4                   2.146911844818985E-5
1.131E-4                  2.1073586388342996E-5
1.132E-4                  2.067805432849584E-5
1.1329999999999999E-4     2.0282522268648447E-5
1.1339999999999999E-4     1.98869902088007E-5
1.135E-4                  1.9491458148952658E-5
1.136E-4                  1.909592608910432E-5
1.137E-4                  1.8837078299113503E-5
1.138E-4                  1.8705878547832744E-5
1.1389999999999999E-4     1.8574678796552088E-5
1.1399999999999999E-4     1.8443479045271502E-5
1.141E-4                  1.8312279293991004E-5
1.142E-4                  1.8181079542710605E-5
1.143E-4                  1.8049879791430287E-5
1.1439999999999999E-4     1.7918680040150077E-5
1.1449999999999999E-4     1.778748028886993E-5
1.146E-4                  1.765628053758988E-5
1.147E-4                  1.752508078630992E-5
1.148E-4                  1.7393881035030045E-5
1.149E-4                  1.7262681283750262E-5
1.1499999999999999E-4     1.7131481532470584E-5
1.1509999999999999E-4     1.7000281781190974E-5
1.152E-4                  1.686908202991146E-5
1.153E-4                  1.6737882278632025E-5
1.154E-4                  1.6606682527352683E-5
1.1549999999999999E-4     1.6475482776073452E-5
1.1559999999999999E-4     1.6344283024794283E-5
1.157E-4                  1.621308327351521E-5
1.158E-4                  1.608188352223622E-5
1.159E-4                  1.5950683770957323E-5
1.16E-4                   1.5819484019678516E-5
1.1609999999999999E-4     1.568828426839981E-5
1.1619999999999999E-4     1.555708451712118E-5
1.163E-4                  1.5425884765842634E-5
1.164E-4                  1.5294685014564183E-5
1.165E-4                  1.5163485263285816E-5
1.1659999999999999E-4     1.5032285512007555E-5
1.1669999999999999E-4     1.4901085760729363E-5
1.1679999999999999E-4     1.4769886009451262E-5
1.169E-4                  1.463868625817325E-5
1.17E-4                   1.4507486506895327E-5
1.171E-4                  1.4376286755617489E-5
1.1719999999999999E-4     1.424508700433976E-5
1.1729999999999999E-4     1.41138872530621E-5
1.174E-4                  1.398268750178453E-5
1.175E-4                  1.3851487750507048E-5
1.176E-4                  1.3720287999229654E-5
1.177E-4                  1.358908824795235E-5
1.1779999999999999E-4     1.3457888496675147E-5
1.1789999999999999E-4     1.332668874539802E-5
1.18E-4                   1.3195488994120979E-5
1.181E-4                  1.3064289242844029E-5
1.182E-4                  1.2933089491567163E-5
1.1829999999999999E-4     1.2801889740290404E-5
1.1839999999999999E-4     1.2670689989013718E-5
1.185E-4                  1.2539490237737117E-5
1.186E-4                  1.2408290486460605E-5
1.187E-4                  1.2277090735184182E-5
1.188E-4                  1.2145890983907847E-5
1.1889999999999999E-4     1.2014691232631618E-5
1.1899999999999999E-4     1.1883491481355462E-5
1.191E-4                  1.175229173007939E-5
1.192E-4                  1.1621091978803408E-5
1.193E-4                  1.1489892227527513E-5
1.1939999999999999E-4     1.1358692476251725E-5
1.1949999999999999E-4     1.122749272497601E-5
1.196E-4                  1.1096292973700379E-5
1.197E-4                  1.0965093222424837E-5
1.198E-4                  1.0833893471149382E-5
1.199E-4                  1.0702693719874018E-5
1.1999999999999999E-4     1.0571493968598758E-5
1.2009999999999999E-4     1.0440294217323566E-5
1.202E-4                  1.0309094466048466E-5
1.203E-4                  1.017789471477345E-5
1.204E-4                  1.0046694963498524E-5
1.2049999999999999E-4     9.915495212223705E-6
1.2059999999999999E-4     9.784295460948955E-6
1.2069999999999999E-4     9.653095709674294E-6
1.208E-4                  9.52189595839972E-6
1.209E-4                  9.390696207125233E-6
1.21E-4                   9.259496455850836E-6
1.2109999999999999E-4     9.128296704576542E-6
1.2119999999999999E-4     8.997096953302317E-6
1.213E-4                  8.865897202028182E-6
1.214E-4                  8.734697450754137E-6
1.215E-4                  8.603497699480175E-6
1.216E-4                  8.472297948206305E-6
1.2169999999999999E-4     8.341098196932538E-6
1.2179999999999999E-4     8.209898445658842E-6
1.219E-4                  8.078698694385234E-6
1.22E-4                   7.947498943111714E-6
1.2209999999999999E-4     7.816299191838298E-6
1.222E-4                  7.68509944056495E-6
1.223E-4                  7.553899689291696E-6
1.224E-4                  7.422699938018524E-6
1.225E-4                  7.291500186745443E-6
1.226E-4                  7.160300435472447E-6
1.227E-4                  7.02910068419954E-6
1.228E-4                  6.897900932926721E-6
1.229E-4                  6.76670118165399E-6
1.2299999999999998E-4     6.635501430381379E-6
1.2309999999999998E-4     6.504301679108822E-6
1.2319999999999999E-4     6.3731019278363535E-6
1.233E-4                  6.24190217656397E-6
1.234E-4                  6.177138230938948E-6
1.235E-4                  6.134281280884818E-6
1.236E-4                  6.091424330830664E-6
1.237E-4                  6.048567380776484E-6
1.238E-4                  6.00571043072228E-6
1.239E-4                  5.962853480668052E-6
1.24E-4                   5.9199965306138E-6
1.241E-4                  5.877139580559523E-6
1.2419999999999998E-4     5.834282630505233E-6
1.2429999999999999E-4     5.791425680450906E-6
1.244E-4                  5.748568730396556E-6
1.245E-4                  5.70571178034218E-6
1.246E-4                  5.66285483028778E-6
1.247E-4                  5.619997880233355E-6
1.248E-4                  5.5771409301789065E-6
1.249E-4                  5.534283980124434E-6
1.25E-4                   5.491427030069936E-6
1.251E-4                  5.448570080015413E-6
1.252E-4                  5.405713129960867E-6
1.2529999999999998E-4     5.362856179906307E-6
1.2539999999999999E-4     5.319999229851711E-6
1.255E-4                  5.277142279797089E-6
1.256E-4                  5.234285329742444E-6
1.257E-4                  5.191428379687775E-6
1.258E-4                  5.14857142963308E-6
1.259E-4                  5.105714479578361E-6
1.26E-4                   5.062857529523619E-6
1.261E-4                  5.0200005794688496E-6
1.262E-4                  4.977143629414058E-6
1.263E-4                  4.934286679359242E-6
1.2639999999999998E-4     4.891429729304411E-6
1.2649999999999998E-4     4.848572779249545E-6
1.266E-4                  4.805715829194655E-6
1.267E-4                  4.7628588791397394E-6
1.268E-4                  4.7200019290848E-6
1.269E-4                  4.677144979029835E-6
1.27E-4                   4.634288028974847E-6
1.271E-4                  4.591431078919834E-6
1.272E-4                  4.548574128864796E-6
1.273E-4                  4.505717178809734E-6
1.274E-4                  4.462860228754647E-6
1.2749999999999998E-4     4.420003278699547E-6
1.2759999999999998E-4     4.377146328644411E-6
1.277E-4                  4.334289378589251E-6
1.278E-4                  4.2914324285340666E-6
1.279E-4                  4.248575478478856E-6
1.28E-4                   4.205718528423623E-6
1.281E-4                  4.1628615783683625E-6
1.282E-4                  4.12000462831308E-6
1.283E-4                  4.077147678257773E-6
1.284E-4                  4.034290728202441E-6
1.285E-4                  3.991433778147084E-6
1.2859999999999998E-4     3.948576828091714E-6
1.2869999999999998E-4     3.905719878036309E-6
1.288E-4                  3.8628629279808775E-6
1.289E-4                  3.820005977925422E-6
1.29E-4                   3.777149027869943E-6
1.291E-4                  3.734292077814439E-6
1.292E-4                  3.69143512775891E-6
1.293E-4                  3.648578177703358E-6
1.294E-4                  3.6057212276477795E-6
1.295E-4                  3.5628642775921774E-6
1.296E-4                  3.5200073275365502E-6
1.2969999999999998E-4     3.4771503774809112E-6
1.2979999999999998E-4     3.434293427425234E-6
1.2989999999999999E-4     3.391436477369534E-6
1.3E-4                    3.3485795273138083E-6
1.301E-4                  3.3057225772580588E-6
1.302E-4                  3.262865627202285E-6
1.303E-4                  3.220008677146486E-6
1.304E-4                  3.177151727090663E-6
1.305E-4                  3.1342947770348154E-6
1.306E-4                  3.0914378269789426E-6
1.307E-4                  3.048580876923046E-6
1.3079999999999998E-4     3.0057239268671356E-6
1.3089999999999998E-4     2.96286697681119E-6
1.3099999999999999E-4     2.9200100267552194E-6
1.311E-4                  2.877153076699224E-6
1.312E-4                  2.8342961266432045E-6
1.313E-4                  2.79143917658716E-6
1.314E-4                  2.748582226531091E-6
1.315E-4                  2.705725276474998E-6
1.316E-4                  2.66286832641888E-6
1.317E-4                  2.6200113763627373E-6
1.318E-4                  2.5771544263065697E-6
1.3189999999999998E-4     2.53429747625039E-6
1.3199999999999998E-4     2.4914405261941737E-6
1.3209999999999999E-4     2.448583576137933E-6
1.322E-4                  2.4057266260816674E-6
1.323E-4                  2.3628696760253775E-6
1.324E-4                  2.320012725969063E-6
1.325E-4                  2.2771557759127243E-6
1.326E-4                  2.2342988258563603E-6
1.327E-4                  2.191441875799972E-6
1.328E-4                  2.1485849257435593E-6
1.329E-4                  2.105727975687122E-6
1.33E-4                   2.06287102563066E-6
1.3309999999999998E-4     2.048135983348958E-6
1.3319999999999999E-4     2.0337726935125268E-6
1.333E-4                  2.0194094036761013E-6
1.334E-4                  2.0050461138396826E-6
1.335E-4                  1.9906828240032706E-6
1.336E-4                  1.9763195341668646E-6
1.337E-4                  1.961956244330466E-6
1.338E-4                  1.9475929544940733E-6
1.339E-4                  1.9332296646576876E-6
1.34E-4                   1.918866374821309E-6
1.341E-4                  1.9045030849849368E-6
1.3419999999999998E-4     1.8901397951485746E-6
1.3429999999999998E-4     1.8757765053122152E-6
1.344E-4                  1.8614132154758632E-6
1.345E-4                  1.847049925639517E-6
1.346E-4                  1.8326866358031776E-6
1.347E-4                  1.8183233459668448E-6
1.348E-4                  1.8039600561305184E-6
1.349E-4                  1.7895967662941986E-6
1.35E-4                   1.775233476457886E-6
1.351E-4                  1.7608701866215797E-6
1.352E-4                  1.7465068967852802E-6
1.3529999999999998E-4     1.7321436069489906E-6
1.3539999999999998E-4     1.7177803171127045E-6
1.355E-4                  1.7034170272764244E-6
1.356E-4                  1.6890537374401508E-6
1.357E-4                  1.674690447603884E-6
1.358E-4                  1.6603271577676242E-6
1.359E-4                  1.645963867931371E-6
1.36E-4                   1.631600578095124E-6
1.361E-4                  1.617237288258884E-6
1.362E-4                  1.60287399842265E-6
1.363E-4                  1.5885107085864234E-6
1.3639999999999998E-4     1.5741474187502069E-6
1.3649999999999998E-4     1.559784128913993E-6
1.3659999999999999E-4     1.5454208390777857E-6
1.367E-4                  1.5310575492415851E-6
1.368E-4                  1.5166942594053913E-6
1.369E-4                  1.5023309695692038E-6
1.37E-4                   1.4879676797330233E-6
1.371E-4                  1.4736043898968494E-6
1.372E-4                  1.4592411000606816E-6
1.373E-4                  1.444877810224521E-6
1.374E-4                  1.4305145203883666E-6
1.3749999999999998E-4     1.4161512305522223E-6
1.3759999999999998E-4     1.4017879407160816E-6
1.3769999999999999E-4     1.387424650879947E-6
1.378E-4                  1.3730613610438193E-6
1.379E-4                  1.358698071207698E-6
1.38E-4                   1.3443347813715835E-6
1.381E-4                  1.3299714915354754E-6
1.382E-4                  1.3156082016993743E-6
1.383E-4                  1.3012449118632791E-6
1.384E-4                  1.2868816220271914E-6
1.385E-4                  1.2725183321911098E-6
1.3859999999999998E-4     1.2581550423550384E-6
1.3869999999999998E-4     1.2437917525189703E-6
1.3879999999999999E-4     1.2294284626829084E-6
1.389E-4                  1.2150651728468533E-6
1.39E-4                   1.200701883010805E-6
1.391E-4                  1.186338593174763E-6
1.392E-4                  1.1719753033387279E-6
1.393E-4                  1.157612013502699E-6
1.394E-4                  1.1432487236666767E-6
1.395E-4                  1.1288854338306614E-6
1.396E-4                  1.1145221439946528E-6
1.3969999999999998E-4     1.100158854158654E-6
1.3979999999999998E-4     1.0857955643226586E-6
1.3989999999999999E-4     1.07143227448667E-6
1.4E-4                    1.0570689846506873E-6
1.401E-4                  1.0427056948147113E-6
1.402E-4                  1.0283424049787424E-6
1.403E-4                  1.0139791151427796E-6
1.404E-4                  9.996158253068235E-7
1.405E-4                  9.85252535470874E-7
1.406E-4                  9.708892456349316E-7
1.407E-4                  9.565259557989955E-7
1.408E-4                  9.421626659630659E-7
1.4089999999999998E-4     9.277993761271471E-7
1.4099999999999998E-4     9.134360862912306E-7
1.411E-4                  8.990727964553213E-7
1.412E-4                  8.847095066194179E-7
1.413E-4                  8.703462167835216E-7
1.414E-4                  8.559829269476317E-7
1.415E-4                  8.416196371117483E-7
1.416E-4                  8.272563472758715E-7
1.417E-4                  8.128930574400016E-7
1.418E-4                  7.985297676041381E-7
1.419E-4                  7.841664777682813E-7
1.4199999999999998E-4     7.698031879324351E-7
1.4209999999999998E-4     7.554398980965916E-7
1.422E-4                  7.410766082607546E-7
1.423E-4                  7.267133184249242E-7
1.424E-4                  7.123500285891003E-7
1.425E-4                  6.979867387532832E-7
1.426E-4                  6.836234489174727E-7
1.427E-4                  6.715802971307332E-7
1.428E-4                  6.67673569331922E-7
1.429E-4                  6.637668415331096E-7
1.43E-4                   6.598601137342965E-7
1.4309999999999998E-4     6.559533859354832E-7
1.4319999999999998E-4     6.52046658136668E-7
1.433E-4                  6.481399303378518E-7
1.434E-4                  6.442332025390346E-7
1.435E-4                  6.403264747402163E-7
1.436E-4                  6.364197469413973E-7
1.437E-4                  6.32513019142577E-7
1.438E-4                  6.286062913437559E-7
1.439E-4                  6.246995635449338E-7
1.44E-4                   6.207928357461107E-7
1.441E-4                  6.168861079472866E-7
1.4419999999999998E-4     6.129793801484625E-7
1.4429999999999998E-4     6.090726523496364E-7
1.4439999999999999E-4     6.051659245508092E-7
1.445E-4                  6.012591967519812E-7
1.446E-4                  5.973524689531522E-7
1.447E-4                  5.93445741154322E-7
1.448E-4                  5.895390133554912E-7
1.449E-4                  5.85632285556659E-7
1.45E-4                   5.81725557757826E-7
1.451E-4                  5.77818829958992E-7
1.452E-4                  5.73912102160157E-7
1.4529999999999998E-4     5.700053743613219E-7
1.4539999999999998E-4     5.660986465624852E-7
1.4549999999999999E-4     5.621919187636471E-7
1.456E-4                  5.582851909648082E-7
1.457E-4                  5.543784631659682E-7
1.458E-4                  5.504717353671275E-7
1.459E-4                  5.465650075682853E-7
1.46E-4                   5.426582797694427E-7
1.461E-4                  5.387515519705986E-7
1.462E-4                  5.348448241717537E-7
1.463E-4                  5.30938096372908E-7
1.4639999999999998E-4     5.27031368574062E-7
1.4649999999999998E-4     5.231246407752143E-7
1.4659999999999999E-4     5.192179129763655E-7
1.467E-4                  5.153111851775155E-7
1.468E-4                  5.114044573786648E-7
1.469E-4                  5.07497729579813E-7
1.47E-4                   5.035910017809601E-7
1.471E-4                  4.996842739821064E-7
1.472E-4                  4.957775461832517E-7
1.473E-4                  4.91870818384396E-7
1.474E-4                  4.879640905855392E-7
1.4749999999999998E-4     4.840573627866825E-7
1.4759999999999998E-4     4.80150634987824E-7
1.4769999999999999E-4     4.76243907188964E-7
1.478E-4                  4.7233717939010345E-7
1.479E-4                  4.6843045159124166E-7
1.48E-4                   4.64523723792379E-7
1.481E-4                  4.6061699599351523E-7
1.482E-4                  4.5671026819465064E-7
1.483E-4                  4.52803540395785E-7
1.484E-4                  4.4889681259691855E-7
1.485E-4                  4.4499008479805084E-7
1.4859999999999998E-4     4.4108335699918317E-7
1.4869999999999998E-4     4.3717662920031366E-7
1.4879999999999998E-4     4.332699014014431E-7
1.489E-4                  4.2936317360257156E-7
1.49E-4                   4.254564458036989E-7
1.491E-4                  4.2154971800482544E-7
1.492E-4                  4.1764299020595084E-7
1.493E-4                  4.1373626240707534E-7
1.494E-4                  4.098295346081988E-7
1.495E-4                  4.0592280680932133E-7
1.496E-4                  4.0201607901044287E-7
1.497E-4                  3.9810935121156335E-7
1.4979999999999998E-4     3.94202623412684E-7
1.4989999999999998E-4     3.902958956138025E-7
1.5E-4                    3.863891678149201E-7
