% Model:              20230225_JW_4_20.mph
% Version:            COMSOL 5.6.0.401
% Date:               Feb 25 2023, 20:46
% Dimension:          1
% Nodes:              1501
% Expressions:        1
% Description:        点图
% X                       Height
0                         0.9538164450389732
1.0E-7                    0.9536760538246769
2.0E-7                    0.9353364803655182
3.0E-7                    0.9714746641116211
4.0E-7                    1.0092840238066845
5.0E-7                    1.0363003715640609
6.0E-7                    1.0569045515227473
7.0E-7                    1.0694765964107085
8.0E-7                    1.0832591838251087
9.0E-7                    1.083752716142694
1.0E-6                    1.0877938737733015
1.1E-6                    1.087709758463583
1.2E-6                    1.0857636412956544
1.2999999999999998E-6     1.0815733217302907
1.4E-6                    1.0760822407806903
1.5E-6                    1.0694621849718073
1.6E-6                    1.0619311456573965
1.6999999999999998E-6     1.053782185813985
1.8E-6                    1.0453759844756516
1.9E-6                    1.0362922456231944
2.0E-6                    1.026962833073814
2.1E-6                    1.017325455141324
2.2E-6                    1.0076309446629035
2.3E-6                    0.9978589265541028
2.4E-6                    0.9880640549241038
2.4999999999999998E-6     0.9782072534638989
2.5999999999999997E-6     0.9683741147752943
2.7E-6                    0.9586739557644586
2.8E-6                    0.9490903016840688
2.8999999999999998E-6     0.9395737434250687
3.0E-6                    0.9303662774480917
3.1E-6                    0.9189247931840632
3.2E-6                    0.9047200945890268
3.2999999999999997E-6     0.9001241620295838
3.3999999999999996E-6     0.8915590461285674
3.5E-6                    0.8824402257287255
3.6E-6                    0.8737856308880356
3.6999999999999997E-6     0.8648443434795742
3.8E-6                    0.8561603422877309
3.9E-6                    0.8473961317767248
4.0E-6                    0.8387130223678927
4.1E-6                    0.8301290469168754
4.2E-6                    0.8215951450574295
4.2999999999999995E-6     0.8131641994426028
4.4E-6                    0.8047630877395748
4.5E-6                    0.7964835921581253
4.6E-6                    0.7882964348419436
4.7E-6                    0.7801850060565759
4.8E-6                    0.7721569037840986
4.9E-6                    0.7651647924580521
4.9999999999999996E-6     0.757277059377434
5.0999999999999995E-6     0.7491292755215385
5.199999999999999E-6      0.7408754926919351
5.3E-6                    0.7333166387249171
5.4E-6                    0.7256931821543605
5.5E-6                    0.7182415903069536
5.6E-6                    0.7108426678903621
5.7E-6                    0.7034382882890952
5.7999999999999995E-6     0.6961393640047978
5.899999999999999E-6      0.6889208150986057
6.0E-6                    0.681712183676624
6.1E-6                    0.6743306738559542
6.2E-6                    0.6677144310861748
6.3E-6                    0.6607863189516459
6.4E-6                    0.6542742630314442
6.5E-6                    0.6474320391770357
6.5999999999999995E-6     0.6407732617812382
6.699999999999999E-6      0.6341771685629539
6.799999999999999E-6      0.6284389503561979
6.9E-6                    0.6208679839045019
7.0E-6                    0.614708124670932
7.1E-6                    0.608430294981912
7.2E-6                    0.6022608174917682
7.2999999999999996E-6     0.5959090320950798
7.3999999999999995E-6     0.5898180548470521
7.499999999999999E-6      0.5837676789859099
7.6E-6                    0.5776649265611542
7.699999999999999E-6      0.5714176551505341
7.8E-6                    0.5657550616086727
7.899999999999999E-6      0.5600435083530607
8.0E-6                    0.5542153564825808
8.1E-6                    0.5485773870729836
8.2E-6                    0.54298379465342
8.3E-6                    0.5373327749189256
8.4E-6                    0.5318213148337815
8.5E-6                    0.5263460090078868
8.599999999999999E-6      0.520956290854628
8.7E-6                    0.5154409045470371
8.8E-6                    0.5103625537769377
8.9E-6                    0.5050476094560687
9.0E-6                    0.49982781302025653
9.1E-6                    0.49465166531005694
9.2E-6                    0.4895966405843721
9.299999999999999E-6      0.4844957780513066
9.4E-6                    0.4794941529180793
9.499999999999999E-6      0.4745458191359914
9.6E-6                    0.4696525640296343
9.7E-6                    0.4647276704679726
9.8E-6                    0.4599820976346982
9.9E-6                    0.45527248887549754
9.999999999999999E-6      0.4506294405113768
1.01E-5                   0.44588220394431
1.0199999999999999E-5     0.44138984136454545
1.03E-5                   0.43683370342902633
1.0399999999999999E-5     0.43231510627806713
1.05E-5                   0.42786343815564676
1.06E-5                   0.42346366683001496
1.07E-5                   0.4190890970996848
1.08E-5                   0.41478118591269747
1.0899999999999999E-5     0.410499338920948
1.1E-5                    0.40627259027852014
1.1099999999999999E-5     0.402085937486023
1.12E-5                   0.3979415597198203
1.13E-5                   0.39384036547781204
1.14E-5                   0.3897823585492345
1.15E-5                   0.38576347955537865
1.1599999999999999E-5     0.3817902826700967
1.17E-5                   0.3778578409679572
1.1799999999999999E-5     0.37398939816179033
1.19E-5                   0.36933312501047133
1.2E-5                    0.3658261125272596
1.21E-5                   0.3623649259201033
1.22E-5                   0.35868503827257814
1.2299999999999999E-5     0.35503169983625665
1.24E-5                   0.351364122922954
1.2499999999999999E-5     0.3477865170588337
1.26E-5                   0.34422514112724345
1.2699999999999999E-5     0.3406791514212307
1.28E-5                   0.3372052202649476
1.29E-5                   0.33367209030652445
1.3E-5                    0.3303036647814856
1.31E-5                   0.32685958548273414
1.3199999999999999E-5     0.3235211329207084
1.33E-5                   0.3201531192752854
1.3399999999999999E-5     0.3170174805705418
1.35E-5                   0.31365794194526375
1.3599999999999999E-5     0.3104082262424772
1.37E-5                   0.3072116857382271
1.38E-5                   0.3040113933189339
1.3899999999999999E-5     0.30092113407583926
1.4E-5                    0.297788556214588
1.4099999999999999E-5     0.2947242392130919
1.42E-5                   0.2916894561263826
1.4299999999999999E-5     0.2886835418706955
1.44E-5                   0.2856998320770341
1.45E-5                   0.28276606742067395
1.4599999999999999E-5     0.279843661088723
1.47E-5                   0.27696971505599555
1.4799999999999999E-5     0.27411042362331706
1.49E-5                   0.2712905559990459
1.4999999999999999E-5     0.2684946349569089
1.51E-5                   0.265727246841878
1.52E-5                   0.2629616725528488
1.53E-5                   0.26032346421875696
1.5399999999999998E-5     0.2576331864553083
1.55E-5                   0.2549596860518128
1.56E-5                   0.25234217799027864
1.57E-5                   0.249713615414234
1.5799999999999998E-5     0.24715712806068055
1.59E-5                   0.24460842612151448
1.6E-5                    0.24208452324939572
1.61E-5                   0.23959011711265035
1.62E-5                   0.23711554191776665
1.63E-5                   0.23467730577582205
1.64E-5                   0.23225297646304566
1.6499999999999998E-5     0.22985984590785458
1.66E-5                   0.22748745130137635
1.67E-5                   0.22515056840368886
1.68E-5                   0.2228298392494262
1.69E-5                   0.22053266510456881
1.7E-5                    0.21826126431681223
1.71E-5                   0.21601047560081937
1.7199999999999998E-5     0.21379133272693251
1.73E-5                   0.211583627614694
1.74E-5                   0.20940757682674976
1.75E-5                   0.20724535038570385
1.76E-5                   0.20511411224455134
1.77E-5                   0.20300118727974895
1.78E-5                   0.20093262285966348
1.7899999999999998E-5     0.19875305975229937
1.8E-5                    0.19678636160085283
1.81E-5                   0.19475076214103243
1.82E-5                   0.19274620876101053
1.8299999999999998E-5     0.19075826050194492
1.84E-5                   0.1887843572521553
1.85E-5                   0.1868511516306047
1.8599999999999998E-5     0.18491787039356852
1.87E-5                   0.18301787840199027
1.88E-5                   0.1811275933834921
1.89E-5                   0.1792621008718829
1.8999999999999998E-5     0.17741900474876343
1.91E-5                   0.17558908470408038
1.92E-5                   0.17378213394710834
1.9299999999999998E-5     0.171988317667199
1.94E-5                   0.17021991085017266
1.95E-5                   0.16846418014379513
1.96E-5                   0.16672999502272792
1.9699999999999998E-5     0.1650124714166879
1.98E-5                   0.16330424456443712
1.99E-5                   0.1616197550636547
1.9999999999999998E-5     0.15995943118386427
2.01E-5                   0.15830959295826133
2.02E-5                   0.15667985272362148
2.03E-5                   0.1550619458517451
2.0399999999999998E-5     0.1534666775245587
2.05E-5                   0.1518831442544953
2.06E-5                   0.15031608468905
2.07E-5                   0.14876847742855928
2.0799999999999997E-5     0.14723633914831838
2.09E-5                   0.1457171974374891
2.1E-5                    0.14421981376082343
2.1099999999999998E-5     0.14272984205713615
2.12E-5                   0.14126323642825467
2.13E-5                   0.13980629187256813
2.14E-5                   0.1383668489651391
2.1499999999999997E-5     0.1369419766188495
2.16E-5                   0.13552387435280852
2.17E-5                   0.1341523022242574
2.1799999999999998E-5     0.13275644338472103
2.19E-5                   0.1313916869920598
2.2E-5                    0.13003531373410637
2.21E-5                   0.12869102469145094
2.2199999999999998E-5     0.12736318202312052
2.23E-5                   0.1260458931278185
2.24E-5                   0.1247424604532289
2.2499999999999998E-5     0.12345728158658086
2.26E-5                   0.12218189820052652
2.27E-5                   0.12093037437047773
2.28E-5                   0.11967885176094532
2.2899999999999998E-5     0.11845184528158688
2.3E-5                    0.11722818523483934
2.31E-5                   0.11602294702312381
2.3199999999999998E-5     0.11482615943168478
2.33E-5                   0.11364316801986728
2.34E-5                   0.11247446974581886
2.35E-5                   0.11131322987955825
2.3599999999999998E-5     0.11016966209061774
2.37E-5                   0.10902881466742134
2.38E-5                   0.10791181110982426
2.3899999999999998E-5     0.10679480851061658
2.4E-5                    0.10569952998617431
2.41E-5                   0.1046064534463696
2.42E-5                   0.1035322585581975
2.4299999999999998E-5     0.10246564197901073
2.44E-5                   0.10141023303032026
2.45E-5                   0.100365201948387
2.4599999999999998E-5     0.09932851532172843
2.4699999999999997E-5     0.09830917193890948
2.48E-5                   0.09729263597730822
2.49E-5                   0.09629481023218234
2.4999999999999998E-5     0.09529698509930196
2.51E-5                   0.09431880275256802
2.52E-5                   0.09334196275658532
2.53E-5                   0.09239105777548735
2.5399999999999997E-5     0.09144347058476464
2.55E-5                   0.09050152713130726
2.56E-5                   0.08956171394663696
2.5699999999999998E-5     0.08863645237973793
2.58E-5                   0.08772584413437137
2.59E-5                   0.08681304457817637
2.6E-5                    0.08591659270450423
2.6099999999999997E-5     0.08503203254051929
2.62E-5                   0.08415625024091442
2.63E-5                   0.08328877965184536
2.6399999999999998E-5     0.08243003312542169
2.65E-5                   0.08158155278262148
2.66E-5                   0.08074043839703582
2.67E-5                   0.07990911270088645
2.6799999999999998E-5     0.07908587747658995
2.69E-5                   0.07827109483831816
2.7E-5                    0.07746495740780054
2.7099999999999998E-5     0.07666681281332952
2.7199999999999997E-5     0.07587724644530566
2.73E-5                   0.07509542089624835
2.74E-5                   0.0743221022917851
2.7499999999999998E-5     0.07355635011356926
2.76E-5                   0.07279855733580769
2.77E-5                   0.07204983526895987
2.7799999999999998E-5     0.07129673832610642
2.7899999999999997E-5     0.07056799107118672
2.8E-5                    0.06983327335557532
2.81E-5                   0.06911535277177022
2.8199999999999998E-5     0.06840500237062365
2.83E-5                   0.0677001103951098
2.84E-5                   0.06700261919511892
2.8499999999999998E-5     0.06631325880623415
2.8599999999999997E-5     0.06562979087620872
2.87E-5                   0.06495446607024823
2.88E-5                   0.06428518269062301
2.8899999999999998E-5     0.06362312417901513
2.9E-5                    0.06296785315357337
2.91E-5                   0.062319286240586684
2.9199999999999998E-5     0.061677066731660894
2.9299999999999997E-5     0.061042012884109285
2.94E-5                   0.06041295850709282
2.95E-5                   0.059790796947665606
2.9599999999999998E-5     0.05917499722202674
2.97E-5                   0.058565046975711924
2.98E-5                   0.057958893445135044
2.99E-5                   0.05736435326140122
2.9999999999999997E-5     0.05676853240399272
3.01E-5                   0.05618848792504143
3.02E-5                   0.055605885661964796
3.0299999999999998E-5     0.055030466672416505
3.04E-5                   0.05446378257713444
3.05E-5                   0.05390277329832082
3.06E-5                   0.05334683164641282
3.07E-5                   0.0527977857869893
3.0799999999999996E-5     0.05225349941622232
3.09E-5                   0.051714895186520955
3.1E-5                    0.05118364944218343
3.11E-5                   0.05065535520048635
3.12E-5                   0.050134588619654016
3.13E-5                   0.049617925195368756
3.14E-5                   0.04910635269033827
3.15E-5                   0.04860119806420787
3.1599999999999996E-5     0.04810009763625945
3.17E-5                   0.04760445472062709
3.18E-5                   0.04711467576845545
3.1899999999999996E-5     0.046628837038388764
3.2E-5                    0.046148384622984095
3.21E-5                   0.04567369877750396
3.22E-5                   0.0452027252899359
3.23E-5                   0.04473667148165227
3.24E-5                   0.04427674571375363
3.25E-5                   0.04382031062753992
3.26E-5                   0.043368228353770626
3.2699999999999995E-5     0.04292245883931274
3.28E-5                   0.0424800821397482
3.29E-5                   0.04204180121048845
3.2999999999999996E-5     0.041609597222508544
3.31E-5                   0.0411807552120096
3.32E-5                   0.04075597745273689
3.3299999999999996E-5     0.040336933055354574
3.34E-5                   0.039921179917901936
3.35E-5                   0.039509404136362225
3.36E-5                   0.03910320792554415
3.37E-5                   0.03870017990040873
3.38E-5                   0.03830091773486877
3.39E-5                   0.0379070364529481
3.4E-5                    0.03751625040393694
3.4099999999999995E-5     0.03712766951351707
3.42E-5                   0.03674066246629334
3.43E-5                   0.03636109395110182
3.4399999999999996E-5     0.03599042638389971
3.45E-5                   0.03561185733400909
3.46E-5                   0.03524865034627327
3.4699999999999996E-5     0.034883600053858745
3.48E-5                   0.0345258723792993
3.49E-5                   0.03416931851926492
3.5E-5                    0.03381810370690412
3.51E-5                   0.033469883677045384
3.52E-5                   0.033126012740880416
3.53E-5                   0.03278457944447881
3.54E-5                   0.03244673737625729
3.5499999999999996E-5     0.03211259142971305
3.56E-5                   0.03178156987617745
3.57E-5                   0.031454222519062276
3.5799999999999996E-5     0.031130652846652607
3.59E-5                   0.03081129426451741
3.6E-5                    0.030494000954520258
3.6099999999999997E-5     0.030178666953143744
3.62E-5                   0.029869207813130648
3.63E-5                   0.029559748694670963
3.64E-5                   0.029256945407954857
3.65E-5                   0.028954971254440045
3.6599999999999995E-5     0.028656774335279706
3.67E-5                   0.028361949167046045
3.68E-5                   0.028068353290716042
3.6899999999999996E-5     0.027780867466754126
3.7E-5                    0.027493381655252485
3.71E-5                   0.027214047300027303
3.7199999999999996E-5     0.02693666715670944
3.73E-5                   0.026659287028440427
3.74E-5                   0.026381906914693155
3.75E-5                   0.02610565966718155
3.76E-5                   0.0258416250872053
3.77E-5                   0.02557759051849119
3.78E-5                   0.025313555960583718
3.79E-5                   0.025049521413027343
3.7999999999999995E-5     0.024790033671117834
3.81E-5                   0.024538519591321795
3.82E-5                   0.02428700552321092
3.8299999999999996E-5     0.024035491466392073
3.84E-5                   0.023783977420472092
3.85E-5                   0.02354376248625909
3.8599999999999996E-5     0.023309864416329408
3.87E-5                   0.023075966355109133
3.88E-5                   0.022842068302281863
3.89E-5                   0.02260817025753116
3.9E-5                    0.022374272220540534
3.9099999999999995E-5     0.022140374190993583
3.92E-5                   0.021906476168573823
3.93E-5                   0.021672578152964823
3.9399999999999995E-5     0.021442994012822496
3.95E-5                   0.021230889904105765
3.96E-5                   0.021018785802401362
3.9699999999999996E-5     0.020806681707473424
3.98E-5                   0.020594577619086014
3.99E-5                   0.020382473537003256
3.9999999999999996E-5     0.020170369460989258
4.01E-5                   0.019958265390808097
4.02E-5                   0.019746161326223897
4.03E-5                   0.019534057267000752
4.04E-5                   0.01933687807059509
4.0499999999999995E-5     0.019144556042298463
4.06E-5                   0.01895223401976189
4.07E-5                   0.01875991200280948
4.0799999999999996E-5     0.01856758999126537
4.09E-5                   0.018375267984953623
4.1E-5                    0.018182945983698368
4.1099999999999996E-5     0.01799062398732372
4.12E-5                   0.017798301995653753
4.13E-5                   0.017613961963224303
4.14E-5                   0.017447306066790482
4.15E-5                   0.01728065017368201
4.1599999999999995E-5     0.01711399428378447
4.17E-5                   0.016947338396983404
4.18E-5                   0.016780682513164377
4.1899999999999995E-5     0.016614026632212973
4.2E-5                    0.016447370754014725
4.21E-5                   0.01628071487845521
4.2199999999999996E-5     0.01611405900542
4.23E-5                   0.015947403134794636
4.24E-5                   0.015780747266464685
4.2499999999999996E-5     0.015614091400315734
4.26E-5                   0.015447435536233305
4.27E-5                   0.015280779674102981
4.28E-5                   0.015114123813810325
4.29E-5                   0.014947467955240892
4.2999999999999995E-5     0.014780812098280255
4.31E-5                   0.01461415624281395
4.32E-5                   0.014460084817327305
4.3299999999999995E-5     0.014323106057803271
4.34E-5                   0.014186127300929212
4.35E-5                   0.014049148546641589
4.3599999999999996E-5     0.013912169794876892
4.37E-5                   0.01377519104557155
4.38E-5                   0.013638212298662035
4.3899999999999996E-5     0.013501233554084826
4.4E-5                    0.013364254811776357
4.41E-5                   0.013227276071673103
4.42E-5                   0.01309029733371153
4.43E-5                   0.012953318597828082
4.4399999999999995E-5     0.01281633986395924
4.45E-5                   0.012679361132041447
4.46E-5                   0.012542382402011174
4.4699999999999996E-5     0.012405403673804887
4.48E-5                   0.012268424947359028
4.49E-5                   0.012131446222610079
4.4999999999999996E-5     0.01199446749949449
4.51E-5                   0.011870660524929928
4.52E-5                   0.011758205716123796
4.5299999999999997E-5     0.011645750908645225
4.54E-5                   0.011533296102459024
4.5499999999999995E-5     0.011420841297530022
4.56E-5                   0.011308386493823036
4.57E-5                   0.011195931691302886
4.5799999999999995E-5     0.011083476889934402
4.59E-5                   0.010971022089682394
4.6E-5                    0.010858567290511687
4.6099999999999996E-5     0.010746112492387109
4.62E-5                   0.010633657695273468
4.63E-5                   0.010521202899135591
4.6399999999999996E-5     0.010408748103938308
4.65E-5                   0.010296293309646425
4.66E-5                   0.010183838516224767
4.67E-5                   0.010071383723638166
4.68E-5                   0.009958928931851428
4.6899999999999995E-5     0.009846474140829386
4.7E-5                    0.009746867367293691
4.71E-5                   0.009654174164520024
4.7199999999999995E-5     0.009561480962250736
4.73E-5                   0.009468787760466134
4.74E-5                   0.009376094559146557
4.7499999999999996E-5     0.009283401358272332
4.76E-5                   0.009190708157823777
4.77E-5                   0.009098014957781219
4.7799999999999996E-5     0.00900532175812499
4.79E-5                   0.008912628558835409
4.8E-5                    0.0088199353598928
4.81E-5                   0.008727242161277501
4.82E-5                   0.00863454896296983
4.8299999999999995E-5     0.008541855764950116
4.84E-5                   0.008449162567198673
4.85E-5                   0.008356469369695838
4.8599999999999995E-5     0.00826377617242194
4.87E-5                   0.008171082975357295
4.88E-5                   0.00807838977848223
4.8899999999999996E-5     0.007998597030825073
4.9E-5                    0.007922806850329134
4.91E-5                   0.007847016670398827
4.9199999999999997E-5     0.0077712264910233765
4.93E-5                   0.007695436312192004
4.9399999999999995E-5     0.007619646133893947
4.95E-5                   0.007543855956118423
4.96E-5                   0.007468065778854663
4.9699999999999995E-5     0.0073922756020919
4.98E-5                   0.007316485425819352
4.99E-5                   0.0072406952500262516
4.9999999999999996E-5     0.007164905074701831
5.01E-5                   0.007089114899835305
5.02E-5                   0.00701332472541591
5.0299999999999996E-5     0.006937534551432877
5.04E-5                   0.0068617443778754205
5.05E-5                   0.006785954204732779
5.06E-5                   0.006710164031994179
5.07E-5                   0.006634373859648841
5.0799999999999995E-5     0.006570080634858243
5.09E-5                   0.006507410983769468
5.1E-5                    0.0064447413327271014
5.1099999999999995E-5     0.006382071681725065
5.12E-5                   0.006319402030757259
5.13E-5                   0.0062567323798175985
5.1399999999999996E-5     0.0061940627289
5.15E-5                   0.00613139307799837
5.16E-5                   0.006068723427106618
5.1699999999999996E-5     0.006006053776218666
5.18E-5                   0.005943384125328414
5.1899999999999994E-5     0.0058807144744297815
5.2E-5                    0.005818044823516674
5.21E-5                   0.005755375172583006
5.2199999999999995E-5     0.005692705521622694
5.23E-5                   0.005630035870629642
5.24E-5                   0.0055673662195977625
5.2499999999999995E-5     0.005504696568520977
5.26E-5                   0.005442026917393182
5.27E-5                   0.0053905742391097316
5.2799999999999996E-5     0.0053392427678271995
5.29E-5                   0.005287911296722056
5.3E-5                    0.005236579825790967
5.3099999999999996E-5     0.005185248355030606
5.32E-5                   0.005133916884437634
5.3299999999999995E-5     0.00508258541400872
5.34E-5                   0.005031253943740526
5.35E-5                   0.004979922473629721
5.3599999999999995E-5     0.004928591003672976
5.37E-5                   0.00487725953386695
5.38E-5                   0.0048259280642083124
5.3899999999999996E-5     0.004774596594693734
5.4E-5                    0.004723265125319875
5.41E-5                   0.004671933656083403
5.4199999999999996E-5     0.0046206021869809885
5.43E-5                   0.004569270718009293
5.4399999999999994E-5     0.004517939249164987
5.4499999999999997E-5     0.004467569239578262
5.46E-5                   0.0044256304341613265
5.4699999999999995E-5     0.004383691628807951
5.48E-5                   0.0043417528235162916
5.49E-5                   0.004299814018284514
5.4999999999999995E-5     0.0042578752131107855
5.51E-5                   0.004215936407993263
5.52E-5                   0.004173997602930114
5.5299999999999996E-5     0.004132058797919504
5.54E-5                   0.00409011999295959
5.55E-5                   0.004048181188048539
5.5599999999999996E-5     0.004006242383184517
5.57E-5                   0.003964303578365682
5.5799999999999994E-5     0.003922364773590203
5.59E-5                   0.0038804259688562373
5.6E-5                    0.00383848716416195
5.6099999999999995E-5     0.0037965483595055094
5.62E-5                   0.0037546095548850705
5.63E-5                   0.0037126707502988035
5.6399999999999995E-5     0.003672151061039566
5.65E-5                   0.0036368000549363596
5.66E-5                   0.0036014490487792762
5.6699999999999996E-5     0.0035660980425672346
5.68E-5                   0.0035307470362991515
5.69E-5                   0.0034953960299739474
5.6999999999999996E-5     0.003460045023590543
5.71E-5                   0.003424694017147854
5.7199999999999994E-5     0.0033893430106448027
5.73E-5                   0.003353992004080303
5.74E-5                   0.0033186409974532783
5.7499999999999995E-5     0.0032832899907626486
5.76E-5                   0.0032479389840073276
5.77E-5                   0.003212587977186238
5.7799999999999995E-5     0.003177236970298301
5.79E-5                   0.0031418859633424298
5.8E-5                    0.0031065349563175458
5.8099999999999996E-5     0.003071183949222571
5.82E-5                   0.00303583294205642
5.8299999999999994E-5     0.0030030899698399944
5.8399999999999997E-5     0.002975678944432295
5.85E-5                   0.0029482679191623084
5.8599999999999995E-5     0.0029208568940295235
5.87E-5                   0.0028934458690334213
5.88E-5                   0.0028660348441734915
5.8899999999999995E-5     0.00283862381944922
5.9E-5                    0.0028112127948600905
5.91E-5                   0.0027838017704055916
5.9199999999999996E-5     0.0027563907460852093
5.93E-5                   0.002728979721898428
5.94E-5                   0.002701568697844734
5.9499999999999996E-5     0.002674157673923615
5.96E-5                   0.0026467466501345566
5.9699999999999994E-5     0.0026193356264770447
5.98E-5                   0.0025919246029505643
5.99E-5                   0.002564513579554602
5.9999999999999995E-5     0.0025371025562886456
6.01E-5                   0.002509691533152179
6.02E-5                   0.0024836092038837986
6.0299999999999995E-5     0.0024592075325383465
6.04E-5                   0.0024348058609381536
6.05E-5                   0.002410404189082847
6.0599999999999996E-5     0.002386002516972052
6.07E-5                   0.0023616008446053897
6.08E-5                   0.0023371991719824867
6.0899999999999996E-5     0.0023127974991029683
6.1E-5                    0.0022883958259664544
6.11E-5                   0.0022639941525725753
6.12E-5                   0.00223959247892095
6.13E-5                   0.0022151908050112045
6.14E-5                   0.0021907891308429643
6.149999999999999E-5      0.002166287558629414
6.159999999999999E-5      0.002141743688951655
6.17E-5                   0.002117199819562379
6.18E-5                   0.0020926559504612615
6.19E-5                   0.002068112081647979
6.2E-5                    0.0020435682131222078
6.209999999999999E-5      0.0020190243448836276
6.22E-5                   0.0019944804769319075
6.23E-5                   0.001971155755975707
6.24E-5                   0.001953324859254009
6.25E-5                   0.0019354939624087273
6.26E-5                   0.0019176630654397157
6.269999999999999E-5      0.001899832168346829
6.28E-5                   0.0018820012711299164
6.29E-5                   0.0018641703737888322
6.3E-5                    0.0018463394763234301
6.31E-5                   0.0018283010789081865
6.319999999999999E-5      0.0018101732479443434
6.33E-5                   0.0017920454169880738
6.34E-5                   0.001773917586039213
6.35E-5                   0.0017557897550975964
6.36E-5                   0.0017376619241630572
6.37E-5                   0.00171838754885186
6.379999999999999E-5      0.0016985289616537798
6.39E-5                   0.0016786703746290022
6.4E-5                    0.0016588117877773746
6.41E-5                   0.0016389532010987395
6.42E-5                   0.001622926588217843
6.429999999999999E-5      0.0016087051300199102
6.44E-5                   0.0015944836715656898
6.45E-5                   0.001580262212855095
6.46E-5                   0.0015648927478839106
6.47E-5                   0.0015480355855533529
6.48E-5                   0.001531178423554986
6.489999999999999E-5      0.0015143212618886962
6.5E-5                    0.001497667014357818
6.51E-5                   0.0014810987642257007
6.52E-5                   0.0014645305138623712
6.53E-5                   0.0014492050326602383
6.539999999999999E-5      0.0014362659301759713
6.549999999999999E-5      0.0014233268277622107
6.56E-5                   0.0014094439650703045
6.57E-5                   0.001393542025702432
6.58E-5                   0.0013776400864277337
6.59E-5                   0.0013624595783239147
6.599999999999999E-5      0.001349006287307361
6.61E-5                   0.0013355529961140186
6.62E-5                   0.0013222018118141043
6.63E-5                   0.0013091256949298543
6.64E-5                   0.0012960495782576578
6.65E-5                   0.0012827526754314387
6.659999999999999E-5      0.0012687819893275358
6.67E-5                   0.0012548113030400132
6.68E-5                   0.001241307068981203
6.69E-5                   0.0012294290457784383
6.7E-5                    0.0012175510226957477
6.709999999999999E-5      0.001205486520562982
6.72E-5                   0.0011926713716575866
6.73E-5                   0.0011798562227080174
6.74E-5                   0.001167228057396497
6.75E-5                   0.001155480885656995
6.76E-5                   0.001143733713897346
6.769999999999999E-5      0.0011320233466571598
6.78E-5                   0.0011205196336030497
6.79E-5                   0.0011090159206155574
6.8E-5                    0.0010975289871112768
6.81E-5                   0.0010861571202216134
6.819999999999999E-5      0.0010747852532490777
6.829999999999999E-5      0.0010634879681654123
6.84E-5                   0.0010528376983081832
6.85E-5                   0.00104218742853123
6.86E-5                   0.0010315315719387225
6.87E-5                   0.0010208109811550568
6.879999999999999E-5      0.0010100903903123763
6.89E-5                   9.99412118585787E-4
6.9E-5                    9.8945348703266E-4
6.91E-5                   9.794948554988354E-4
6.92E-5                   9.695362239842886E-4
6.929999999999999E-5      9.595775924889957E-4
6.939999999999999E-5      9.496189610129286E-4
6.95E-5                   9.396639060592341E-4
6.96E-5                   9.301683674356269E-4
6.97E-5                   9.206728288032279E-4
6.98E-5                   9.111772901620159E-4
6.989999999999999E-5      9.016817515119722E-4
7.0E-5                    8.92186212853073E-4
7.01E-5                   8.826906741852995E-4
7.02E-5                   8.738456169217588E-4
7.03E-5                   8.650277292485331E-4
7.04E-5                   8.562098415784231E-4
7.049999999999999E-5      8.473919539114127E-4
7.06E-5                   8.385740662474824E-4
7.07E-5                   8.297561785866163E-4
7.08E-5                   8.213689241239093E-4
7.09E-5                   8.130231757239683E-4
7.099999999999999E-5      8.04677427326165E-4
7.11E-5                   7.963316789304829E-4
7.12E-5                   7.879859305369084E-4
7.13E-5                   7.796401821454281E-4
7.14E-5                   7.719546276580457E-4
7.15E-5                   7.643727516497824E-4
7.159999999999999E-5      7.567908756400843E-4
7.17E-5                   7.492089996289387E-4
7.18E-5                   7.416271236163358E-4
7.19E-5                   7.34045247602265E-4
7.2E-5                    7.26463371586715E-4
7.209999999999999E-5      7.188814955696763E-4
7.219999999999999E-5      7.112996195511362E-4
7.23E-5                   7.037177435310845E-4
7.24E-5                   6.96135867509511E-4
7.25E-5                   6.885539914864048E-4
7.26E-5                   6.816551273096666E-4
7.269999999999999E-5      6.749618505213957E-4
7.28E-5                   6.682685737350667E-4
7.29E-5                   6.615752969506727E-4
7.3E-5                    6.548820201682065E-4
7.31E-5                   6.481887433876607E-4
7.319999999999999E-5      6.414954666090288E-4
7.329999999999999E-5      6.348021898323019E-4
7.34E-5                   6.281089130574729E-4
7.35E-5                   6.214156362845344E-4
7.36E-5                   6.147223595134796E-4
7.37E-5                   6.080290827443006E-4
7.379999999999999E-5      6.018659349786471E-4
7.39E-5                   5.959603625136557E-4
7.4E-5                    5.900547900473639E-4
7.41E-5                   5.841492175797662E-4
7.42E-5                   5.782436451108578E-4
7.429999999999999E-5      5.723380726406346E-4
7.439999999999999E-5      5.664325001690896E-4
7.45E-5                   5.605269276962188E-4
7.46E-5                   5.546213552220168E-4
7.47E-5                   5.487157827464785E-4
7.48E-5                   5.428102102695992E-4
7.489999999999999E-5      5.369046377913741E-4
7.5E-5                    5.315695862736568E-4
7.51E-5                   5.266521489689684E-4
7.52E-5                   5.217347116648888E-4
7.53E-5                   5.16817274361415E-4
7.54E-5                   5.118998370585442E-4
7.549999999999999E-5      5.06982399756274E-4
7.56E-5                   5.020649624546005E-4
7.57E-5                   4.971475251535207E-4
7.58E-5                   4.922300878530323E-4
7.59E-5                   4.8731265055313214E-4
7.599999999999999E-5      4.823952132538178E-4
7.609999999999999E-5      4.7747777595508537E-4
7.62E-5                   4.725603386569321E-4
7.63E-5                   4.6764290135935526E-4
7.64E-5                   4.6272546406235195E-4
7.65E-5                   4.5780802676591927E-4
7.659999999999999E-5      4.528905894700548E-4
7.67E-5                   4.4797315217475435E-4
7.68E-5                   4.430557148800156E-4
7.69E-5                   4.3813827758583564E-4
7.7E-5                    4.332208402922116E-4
7.709999999999999E-5      4.2830340299914105E-4
7.719999999999999E-5      4.2338596570661973E-4
7.73E-5                   4.1846852841464545E-4
7.74E-5                   4.1397267672826704E-4
7.75E-5                   4.1014713608508615E-4
7.76E-5                   4.063215954416732E-4
7.769999999999999E-5      4.0249605479802735E-4
7.78E-5                   3.9867051415414597E-4
7.79E-5                   3.9484497351002844E-4
7.8E-5                    3.9101943286567315E-4
7.81E-5                   3.8719389222107895E-4
7.819999999999999E-5      3.833683515762448E-4
7.829999999999999E-5      3.7954281093116837E-4
7.84E-5                   3.757172702858487E-4
7.85E-5                   3.718917296402845E-4
7.86E-5                   3.680661889944744E-4
7.87E-5                   3.6424064834841683E-4
7.879999999999999E-5      3.604151077021112E-4
7.89E-5                   3.5658956705555506E-4
7.9E-5                    3.5276402640874724E-4
7.91E-5                   3.4893848576168676E-4
7.92E-5                   3.4511294511437203E-4
7.93E-5                   3.412874044668016E-4
7.939999999999999E-5      3.3746186381897474E-4
7.95E-5                   3.336363231708889E-4
7.96E-5                   3.2981078252254344E-4
7.97E-5                   3.2598524187393683E-4
7.98E-5                   3.22326220273964E-4
7.989999999999999E-5      3.1935533997487633E-4
7.999999999999999E-5      3.163844596759819E-4
8.01E-5                   3.1341357937728027E-4
8.02E-5                   3.1044269907877097E-4
8.03E-5                   3.074718187804533E-4
8.04E-5                   3.045009384823266E-4
8.049999999999999E-5      3.015300581843907E-4
8.06E-5                   2.98559177886644E-4
8.07E-5                   2.9558829758908624E-4
8.08E-5                   2.926174172917169E-4
8.09E-5                   2.896465369945354E-4
8.099999999999999E-5      2.8667565669754125E-4
8.109999999999999E-5      2.8370477640073317E-4
8.12E-5                   2.8073389610411086E-4
8.13E-5                   2.777630158076736E-4
8.14E-5                   2.747921355114209E-4
8.15E-5                   2.7182125521535205E-4
8.159999999999999E-5      2.6885037491946673E-4
8.17E-5                   2.658794946237635E-4
8.18E-5                   2.6290861432824226E-4
8.19E-5                   2.5993773403290213E-4
8.2E-5                    2.5696685373774263E-4
8.209999999999999E-5      2.5399597344276343E-4
8.219999999999999E-5      2.5102744558918265E-4
8.23E-5                   2.487156795331787E-4
8.24E-5                   2.4640391347709265E-4
8.25E-5                   2.4409214742092422E-4
8.26E-5                   2.417803813646731E-4
8.269999999999999E-5      2.3946861530833941E-4
8.28E-5                   2.3715684925192207E-4
8.29E-5                   2.348450831954211E-4
8.3E-5                    2.325333171388363E-4
8.31E-5                   2.3022155108216733E-4
8.319999999999999E-5      2.279097850254141E-4
8.329999999999999E-5      2.2559801896857576E-4
8.34E-5                   2.2328625291165234E-4
8.35E-5                   2.2097448685464352E-4
8.36E-5                   2.1866272079754887E-4
8.37E-5                   2.1635095474036825E-4
8.379999999999999E-5      2.1403918868310168E-4
8.389999999999999E-5      2.117274226257481E-4
8.4E-5                    2.0941565656830758E-4
8.41E-5                   2.0710389051077987E-4
8.42E-5                   2.0479212445316454E-4
8.43E-5                   2.0248035839546134E-4
8.439999999999999E-5      2.0016859233767037E-4
8.45E-5                   1.9785682627979063E-4
8.46E-5                   1.9554506022182206E-4
8.47E-5                   1.937979227130688E-4
8.48E-5                   1.9218125377332064E-4
8.489999999999999E-5      1.9056458483359553E-4
8.499999999999999E-5      1.8894791589389278E-4
8.51E-5                   1.8733124695421259E-4
8.52E-5                   1.857145780145548E-4
8.53E-5                   1.840979090749194E-4
8.54E-5                   1.8248124013530622E-4
8.549999999999999E-5      1.8086457119571536E-4
8.56E-5                   1.7924790225614626E-4
8.57E-5                   1.776312333165991E-4
8.58E-5                   1.7601456437707375E-4
8.59E-5                   1.7439789543757003E-4
8.599999999999999E-5      1.727812264980882E-4
8.609999999999999E-5      1.711645575586276E-4
8.62E-5                   1.6954788861918836E-4
8.63E-5                   1.6793121967977046E-4
8.64E-5                   1.663145507403737E-4
8.65E-5                   1.6469788180099802E-4
8.659999999999999E-5      1.6308121286164352E-4
8.669999999999999E-5      1.6146454392230975E-4
8.68E-5                   1.5984787498299658E-4
8.69E-5                   1.5823120604370415E-4
8.7E-5                    1.5661453710443226E-4
8.709999999999999E-5      1.5499786816518103E-4
8.719999999999999E-5      1.5338119922594993E-4
8.73E-5                   1.5176453028673906E-4
8.74E-5                   1.501478613475483E-4
8.75E-5                   1.4853119240837757E-4
8.76E-5                   1.469145234692268E-4
8.769999999999999E-5      1.45297854530096E-4
8.779999999999999E-5      1.4368118559098471E-4
8.79E-5                   1.4206451665189305E-4
8.8E-5                    1.404478477128209E-4
8.81E-5                   1.3883117877376813E-4
8.82E-5                   1.3721450983473466E-4
8.829999999999999E-5      1.355978408957206E-4
8.84E-5                   1.3398117195672537E-4
8.85E-5                   1.3236450301774914E-4
8.86E-5                   1.3074783407879175E-4
8.87E-5                   1.291311651398532E-4
8.879999999999999E-5      1.2751449620093346E-4
8.889999999999999E-5      1.258978272620321E-4
8.9E-5                    1.2428115832314923E-4
8.91E-5                   1.2266448938428465E-4
8.92E-5                   1.2104782044543836E-4
8.93E-5                   1.194311515066102E-4
8.939999999999999E-5      1.1781448256780026E-4
8.95E-5                   1.1647596794501177E-4
8.96E-5                   1.1550652048724842E-4
8.97E-5                   1.1453707302948127E-4
8.98E-5                   1.135676255717104E-4
8.989999999999999E-5      1.125981781139359E-4
8.999999999999999E-5      1.1162873065615741E-4
9.01E-5                   1.1065928319837512E-4
9.02E-5                   1.09689835740589E-4
9.03E-5                   1.0872038828279898E-4
9.04E-5                   1.0775094082500508E-4
9.049999999999999E-5      1.0678149336720738E-4
9.059999999999999E-5      1.058120459094056E-4
9.07E-5                   1.0484259845159985E-4
9.08E-5                   1.0387315099379014E-4
9.09E-5                   1.0290370353597641E-4
9.099999999999999E-5      1.019342560781588E-4
9.109999999999999E-5      1.0096480862033698E-4
9.12E-5                   9.99953611625111E-5
9.13E-5                   9.90259137046811E-5
9.14E-5                   9.8056466246847E-5
9.15E-5                   9.708701878900873E-5
9.159999999999999E-5      9.611757133116646E-5
9.169999999999999E-5      9.514812387331988E-5
9.18E-5                   9.417867641546904E-5
9.19E-5                   9.320922895761401E-5
9.2E-5                    9.223978149975469E-5
9.21E-5                   9.127033404189112E-5
9.219999999999999E-5      9.030088658402337E-5
9.23E-5                   8.933143912615115E-5
9.24E-5                   8.836199166827461E-5
9.25E-5                   8.739254421039369E-5
9.26E-5                   8.642309675250839E-5
9.269999999999999E-5      8.54536492946188E-5
9.279999999999999E-5      8.448420183672462E-5
9.29E-5                   8.351475437882601E-5
9.3E-5                    8.254530692092291E-5
9.31E-5                   8.157585946301531E-5
9.32E-5                   8.06064120051032E-5
9.329999999999999E-5      7.963696454718665E-5
9.34E-5                   7.866751708926539E-5
9.35E-5                   7.769806963133954E-5
9.36E-5                   7.672862217340911E-5
9.37E-5                   7.575917471547403E-5
9.379999999999999E-5      7.478972725753439E-5
9.389999999999999E-5      7.382027979958996E-5
9.4E-5                    7.285083234164084E-5
9.41E-5                   7.188138488368696E-5
9.42E-5                   7.091193742572832E-5
9.43E-5                   6.99608945343114E-5
9.439999999999999E-5      6.938111043868339E-5
9.449999999999999E-5      6.880132634305694E-5
9.46E-5                   6.822154224743212E-5
9.47E-5                   6.764175815180896E-5
9.48E-5                   6.706197405618743E-5
9.489999999999999E-5      6.648218996056761E-5
9.499999999999999E-5      6.590240586494934E-5
9.51E-5                   6.53226217693327E-5
9.52E-5                   6.474283767371766E-5
9.53E-5                   6.416305357810422E-5
9.54E-5                   6.358326948249242E-5
9.549999999999999E-5      6.300348538688229E-5
9.559999999999999E-5      6.242370129127366E-5
9.57E-5                   6.184391719566664E-5
9.58E-5                   6.12641331000612E-5
9.59E-5                   6.068434900445736E-5
9.6E-5                    6.010456490885507E-5
9.609999999999999E-5      5.9524780813254454E-5
9.62E-5                   5.8944996717655313E-5
9.63E-5                   5.836521262205774E-5
9.64E-5                   5.778542852646172E-5
9.65E-5                   5.720564443086727E-5
9.659999999999999E-5      5.662586033527443E-5
9.669999999999999E-5      5.604607623968306E-5
9.68E-5                   5.546629214409323E-5
9.69E-5                   5.4886508048504934E-5
9.7E-5                    5.4306723952918174E-5
9.71E-5                   5.372693985733293E-5
9.719999999999999E-5      5.3147155761749295E-5
9.73E-5                   5.256737166616708E-5
9.74E-5                   5.1987587570586385E-5
9.75E-5                   5.1407803475007194E-5
9.76E-5                   5.08280193794295E-5
9.769999999999999E-5      5.024823528385339E-5
9.779999999999999E-5      4.966845118827867E-5
9.79E-5                   4.908866709270546E-5
9.8E-5                    4.850888299713372E-5
9.81E-5                   4.792909890156346E-5
9.82E-5                   4.734931480599467E-5
9.829999999999999E-5      4.6769530710427426E-5
9.839999999999999E-5      4.6189746614861564E-5
9.85E-5                   4.5609962519297165E-5
9.86E-5                   4.503017842373421E-5
9.87E-5                   4.44503943281727E-5
9.879999999999999E-5      4.387061023261272E-5
9.889999999999999E-5      4.329082613705409E-5
9.9E-5                    4.2711042041496916E-5
9.91E-5                   4.213125794594113E-5
9.92E-5                   4.1705597054492246E-5
9.93E-5                   4.135768278485232E-5
9.939999999999999E-5      4.1009768515212175E-5
9.949999999999999E-5      4.0661854245571716E-5
9.96E-5                   4.0313939975931E-5
9.97E-5                   3.9966025706290005E-5
9.98E-5                   3.9618111436648747E-5
9.989999999999999E-5      3.927019716700726E-5
9.999999999999999E-5      3.892228289736545E-5
1.001E-4                  3.857436862772338E-5
1.002E-4                  3.8226454358081035E-5
1.003E-4                  3.787854008843839E-5
1.004E-4                  3.753062581879549E-5
1.0049999999999999E-4     3.718271154915236E-5
1.0059999999999999E-4     3.68347972795089E-5
1.007E-4                  3.648688300986516E-5
1.008E-4                  3.613896874022114E-5
1.009E-4                  3.579105447057684E-5
1.01E-4                   3.544314020093225E-5
1.0109999999999999E-4     3.509522593128743E-5
1.012E-4                  3.4747311661642286E-5
1.013E-4                  3.439939739199684E-5
1.014E-4                  3.4051483122351115E-5
1.015E-4                  3.370356885270509E-5
1.0159999999999999E-4     3.3355654583058853E-5
1.0169999999999999E-4     3.3007740313412255E-5
1.018E-4                  3.2659826043765365E-5
1.019E-4                  3.2311911774118205E-5
1.02E-4                   3.196399750447074E-5
1.021E-4                  3.161608323482297E-5
1.0219999999999999E-4     3.126816896517497E-5
1.0229999999999999E-4     3.0920254695526614E-5
1.024E-4                  3.057234042587797E-5
1.025E-4                  3.0224426156229016E-5
1.026E-4                  2.9876511886579768E-5
1.0269999999999999E-4     2.952859761693028E-5
1.0279999999999999E-4     2.9180683347280422E-5
1.029E-4                  2.883276907763028E-5
1.03E-4                   2.8484854807979822E-5
1.031E-4                  2.8136940538329063E-5
1.032E-4                  2.7789026268678006E-5
1.0329999999999999E-4     2.7441111999026688E-5
1.0339999999999999E-4     2.709319772937501E-5
1.035E-4                  2.6745283459723025E-5
1.036E-4                  2.639736919007072E-5
1.037E-4                  2.6049454920418126E-5
1.0379999999999999E-4     2.5701540650765256E-5
1.0389999999999999E-4     2.5353626381112024E-5
1.04E-4                   2.505488730481485E-5
1.041E-4                  2.488125287312674E-5
1.042E-4                  2.4707618441438552E-5
1.043E-4                  2.4533984009750297E-5
1.0439999999999999E-4     2.436034957806199E-5
1.0449999999999999E-4     2.418671514637359E-5
1.046E-4                  2.4013080714685117E-5
1.047E-4                  2.3839446282996567E-5
1.048E-4                  2.3665811851307953E-5
1.049E-4                  2.3492177419619257E-5
1.0499999999999999E-4     2.3318542987930524E-5
1.051E-4                  2.3144908556241686E-5
1.052E-4                  2.2971274124552773E-5
1.053E-4                  2.2797639692863796E-5
1.054E-4                  2.2624005261174738E-5
1.0549999999999999E-4     2.245037082948563E-5
1.0559999999999999E-4     2.2276736397796425E-5
1.057E-4                  2.2103101966107153E-5
1.058E-4                  2.1929467534417803E-5
1.059E-4                  2.1755833102728382E-5
1.06E-4                   2.1582198671038887E-5
1.0609999999999999E-4     2.1408564239349337E-5
1.0619999999999999E-4     2.123492980765969E-5
1.063E-4                  2.1061295375969967E-5
1.064E-4                  2.0887660944280174E-5
1.065E-4                  2.0714026512590306E-5
1.0659999999999999E-4     2.0540392080900383E-5
1.0669999999999999E-4     2.036675764921036E-5
1.068E-4                  2.0193123217520268E-5
1.069E-4                  2.0019488785830098E-5
1.07E-4                   1.9845854354139857E-5
1.071E-4                  1.9672219922449535E-5
1.0719999999999999E-4     1.9498585490759155E-5
1.0729999999999999E-4     1.932495105906869E-5
1.074E-4                  1.915131662737814E-5
1.075E-4                  1.8977682195687515E-5
1.076E-4                  1.8804047763996813E-5
1.0769999999999999E-4     1.863041333230606E-5
1.0779999999999999E-4     1.8456778900615207E-5
1.079E-4                  1.8283144468924285E-5
1.08E-4                   1.8109510037233275E-5
1.081E-4                  1.7935875605542194E-5
1.082E-4                  1.7762241173851035E-5
1.0829999999999999E-4     1.758860674215982E-5
1.0839999999999999E-4     1.7414972310468507E-5
1.085E-4                  1.724133787877712E-5
1.086E-4                  1.7067703447085647E-5
1.087E-4                  1.6894069015394105E-5
1.0879999999999999E-4     1.6720434583702506E-5
1.0889999999999999E-4     1.6546800152010805E-5
1.0899999999999999E-4     1.6373165720319026E-5
1.091E-4                  1.6199531288627166E-5
1.092E-4                  1.6025896856935234E-5
1.093E-4                  1.5852262425243218E-5
1.0939999999999999E-4     1.5678627993551144E-5
1.0949999999999999E-4     1.550499356185898E-5
1.096E-4                  1.533135913016673E-5
1.097E-4                  1.5157724698474405E-5
1.098E-4                  1.4984090266781996E-5
1.099E-4                  1.4810455835089508E-5
1.0999999999999999E-4     1.463682140339697E-5
1.1009999999999999E-4     1.4463186971704324E-5
1.102E-4                  1.4289552540011598E-5
1.103E-4                  1.4115918108318794E-5
1.104E-4                  1.394228367662591E-5
1.1049999999999999E-4     1.376864924493297E-5
1.1059999999999999E-4     1.3595014813239929E-5
1.107E-4                  1.3421380381546804E-5
1.108E-4                  1.32477459498536E-5
1.109E-4                  1.3074111518160316E-5
1.11E-4                   1.2900477086466951E-5
1.1109999999999999E-4     1.2726842654773529E-5
1.1119999999999999E-4     1.2553208223080003E-5
1.113E-4                  1.2379573791386398E-5
1.114E-4                  1.2205939359692712E-5
1.115E-4                  1.203230492799894E-5
1.1159999999999999E-4     1.1858670496305113E-5
1.1169999999999999E-4     1.1685036064611183E-5
1.118E-4                  1.151140163291717E-5
1.119E-4                  1.1337767201223075E-5
1.12E-4                   1.1164132769528897E-5
1.121E-4                  1.0990498337834638E-5
1.1219999999999999E-4     1.0816863906140321E-5
1.1229999999999999E-4     1.0643229474445898E-5
1.124E-4                  1.0469595042751393E-5
1.125E-4                  1.0295960611056803E-5
1.126E-4                  1.0122326179362134E-5
1.1269999999999999E-4     9.948691747667404E-6
1.1279999999999999E-4     9.775057315972568E-6
1.1289999999999999E-4     9.601422884277651E-6
1.13E-4                   9.427788452582645E-6
1.131E-4                  9.254154020887563E-6
1.132E-4                  9.080519589192392E-6
1.1329999999999999E-4     8.906885157497164E-6
1.1339999999999999E-4     8.733250725801829E-6
1.135E-4                  8.55961629410641E-6
1.136E-4                  8.385981862410905E-6
1.137E-4                  8.272336052619564E-6
1.138E-4                  8.214713001986699E-6
1.1389999999999999E-4     8.157089951353881E-6
1.1399999999999999E-4     8.099466900721093E-6
1.141E-4                  8.041843850088348E-6
1.142E-4                  7.98422079945564E-6
1.143E-4                  7.926597748822973E-6
1.1439999999999999E-4     7.868974698190352E-6
1.1449999999999999E-4     7.811351647557766E-6
1.146E-4                  7.753728596925217E-6
1.147E-4                  7.696105546292708E-6
1.148E-4                  7.638482495660239E-6
1.149E-4                  7.580859445027809E-6
1.1499999999999999E-4     7.523236394395427E-6
1.1509999999999999E-4     7.465613343763077E-6
1.152E-4                  7.407990293130768E-6
1.153E-4                  7.350367242498494E-6
1.154E-4                  7.292744191866261E-6
1.1549999999999999E-4     7.235121141234077E-6
1.1559999999999999E-4     7.177498090601925E-6
1.157E-4                  7.119875039969811E-6
1.158E-4                  7.062251989337739E-6
1.159E-4                  7.004628938705704E-6
1.16E-4                   6.9470058880737096E-6
1.1609999999999999E-4     6.889382837441763E-6
1.1619999999999999E-4     6.8317597868098465E-6
1.163E-4                  6.774136736177971E-6
1.164E-4                  6.716513685546134E-6
1.165E-4                  6.658890634914338E-6
1.1659999999999999E-4     6.60126758428259E-6
1.1669999999999999E-4     6.54364453365087E-6
1.1679999999999999E-4     6.486021483019192E-6
1.169E-4                  6.4283984323875535E-6
1.17E-4                   6.3707753817559545E-6
1.171E-4                  6.3131523311243935E-6
1.1719999999999999E-4     6.255529280492881E-6
1.1729999999999999E-4     6.1979062298614E-6
1.174E-4                  6.140283179229958E-6
1.175E-4                  6.082660128598557E-6
1.176E-4                  6.025037077967194E-6
1.177E-4                  5.967414027335871E-6
1.1779999999999999E-4     5.909790976704597E-6
1.1789999999999999E-4     5.852167926073353E-6
1.18E-4                   5.794544875442147E-6
1.181E-4                  5.736921824810981E-6
1.182E-4                  5.679298774179856E-6
1.1829999999999999E-4     5.6216757235487774E-6
1.1839999999999999E-4     5.56405267291773E-6
1.185E-4                  5.506429622286723E-6
1.186E-4                  5.448806571655756E-6
1.187E-4                  5.391183521024826E-6
1.188E-4                  5.333560470393936E-6
1.1889999999999999E-4     5.275937419763094E-6
1.1899999999999999E-4     5.218314369132284E-6
1.191E-4                  5.160691318501513E-6
1.192E-4                  5.103068267870781E-6
1.193E-4                  5.045445217240089E-6
1.1939999999999999E-4     4.987822166609443E-6
1.1949999999999999E-4     4.93019911597883E-6
1.196E-4                  4.8725760653482555E-6
1.197E-4                  4.81495301471772E-6
1.198E-4                  4.757329964087225E-6
1.199E-4                  4.69970691345677E-6
1.1999999999999999E-4     4.642083862826361E-6
1.2009999999999999E-4     4.5844608121959836E-6
1.202E-4                  4.526837761565645E-6
1.203E-4                  4.469214710935345E-6
1.204E-4                  4.411591660305086E-6
1.2049999999999999E-4     4.3539686096748745E-6
1.2059999999999999E-4     4.2963455590446925E-6
1.2069999999999999E-4     4.238722508414552E-6
1.208E-4                  4.181099457784449E-6
1.209E-4                  4.123476407154386E-6
1.21E-4                   4.065853356524363E-6
1.2109999999999999E-4     4.008230305894386E-6
1.2119999999999999E-4     3.950607255264442E-6
1.213E-4                  3.892984204634536E-6
1.214E-4                  3.835361154004671E-6
1.215E-4                  3.7777381033748423E-6
1.216E-4                  3.720115052745054E-6
1.2169999999999999E-4     3.6624920021153143E-6
1.2179999999999999E-4     3.6048689514856045E-6
1.219E-4                  3.5472459008559337E-6
1.22E-4                   3.489622850226304E-6
1.2209999999999999E-4     3.43199979959672E-6
1.222E-4                  3.3743767489671682E-6
1.223E-4                  3.316753698337654E-6
1.224E-4                  3.259130647708181E-6
1.225E-4                  3.2015075970787462E-6
1.226E-4                  3.1438845464493507E-6
1.227E-4                  3.0862614958199954E-6
1.228E-4                  3.028638445190678E-6
1.229E-4                  2.9710153945614E-6
1.2299999999999998E-4     2.9133923439321765E-6
1.2309999999999998E-4     2.8557692933029775E-6
1.2319999999999999E-4     2.798146242673817E-6
1.233E-4                  2.7405231920446968E-6
1.234E-4                  2.712081670112329E-6
1.235E-4                  2.693262664437304E-6
1.236E-4                  2.674443658762265E-6
1.237E-4                  2.6556246530872114E-6
1.238E-4                  2.6368056474121444E-6
1.239E-4                  2.617986641737063E-6
1.24E-4                   2.599167636061968E-6
1.241E-4                  2.5803486303868583E-6
1.2419999999999998E-4     2.5615296247117396E-6
1.2429999999999999E-4     2.5427106190366027E-6
1.244E-4                  2.523891613361451E-6
1.245E-4                  2.505072607686285E-6
1.246E-4                  2.486253602011105E-6
1.247E-4                  2.467434596335911E-6
1.248E-4                  2.448615590660703E-6
1.249E-4                  2.4297965849854804E-6
1.25E-4                   2.410977579310244E-6
1.251E-4                  2.3921585736349936E-6
1.252E-4                  2.3733395679597293E-6
1.2529999999999998E-4     2.3545205622844556E-6
1.2539999999999999E-4     2.3357015566091633E-6
1.255E-4                  2.316882550933856E-6
1.256E-4                  2.2980635452585355E-6
1.257E-4                  2.2792445395831996E-6
1.258E-4                  2.260425533907851E-6
1.259E-4                  2.2416065282324875E-6
1.26E-4                   2.22278752255711E-6
1.261E-4                  2.2039685168817187E-6
1.262E-4                  2.185149511206313E-6
1.263E-4                  2.1663305055308935E-6
1.2639999999999998E-4     2.147511499855465E-6
1.2649999999999998E-4     2.128692494180017E-6
1.266E-4                  2.109873488504555E-6
1.267E-4                  2.0910544828290784E-6
1.268E-4                  2.0722354771535888E-6
1.269E-4                  2.0534164714780843E-6
1.27E-4                   2.034597465802566E-6
1.271E-4                  2.0157784601270334E-6
1.272E-4                  1.9969594544514865E-6
1.273E-4                  1.978140448775926E-6
1.274E-4                  1.9593214431003514E-6
1.2749999999999998E-4     1.9405024374247673E-6
1.2759999999999998E-4     1.9216834317491645E-6
1.277E-4                  1.9028644260735472E-6
1.278E-4                  1.884045420397916E-6
1.279E-4                  1.8652264147222705E-6
1.28E-4                   1.846407409046611E-6
1.281E-4                  1.8275884033709376E-6
1.282E-4                  1.8087693976952501E-6
1.283E-4                  1.7899503920195483E-6
1.284E-4                  1.7711313863438325E-6
1.285E-4                  1.7523123806681027E-6
1.2859999999999998E-4     1.7334933749923634E-6
1.2869999999999998E-4     1.714674369316605E-6
1.288E-4                  1.6958553636408326E-6
1.289E-4                  1.6770363579650465E-6
1.29E-4                   1.6582173522892456E-6
1.291E-4                  1.6393983466134315E-6
1.292E-4                  1.6205793409376026E-6
1.293E-4                  1.6017603352617597E-6
1.294E-4                  1.5829413295859024E-6
1.295E-4                  1.5641223239100318E-6
1.296E-4                  1.5453033182341464E-6
1.2969999999999998E-4     1.526484312558252E-6
1.2979999999999998E-4     1.507665306882339E-6
1.2989999999999999E-4     1.4888463012064113E-6
1.3E-4                    1.47002729553047E-6
1.301E-4                  1.4512082898545142E-6
1.302E-4                  1.4323892841785443E-6
1.303E-4                  1.4135702785025606E-6
1.304E-4                  1.3947512728265623E-6
1.305E-4                  1.3759322671505502E-6
1.306E-4                  1.3571132614745238E-6
1.307E-4                  1.3382942557984837E-6
1.3079999999999998E-4     1.3194752501224342E-6
1.3089999999999998E-4     1.3006562444463656E-6
1.3099999999999999E-4     1.2818372387702828E-6
1.311E-4                  1.2630182330941862E-6
1.312E-4                  1.2441992274180753E-6
1.313E-4                  1.2253802217419501E-6
1.314E-4                  1.206561216065811E-6
1.315E-4                  1.187742210389658E-6
1.316E-4                  1.1689232047134902E-6
1.317E-4                  1.1501041990373091E-6
1.318E-4                  1.131285193361113E-6
1.3189999999999998E-4     1.1124661876849087E-6
1.3199999999999998E-4     1.0936471820086849E-6
1.3209999999999999E-4     1.0748281763324467E-6
1.322E-4                  1.0560091706561949E-6
1.323E-4                  1.0371901649799287E-6
1.324E-4                  1.0183711593036483E-6
1.325E-4                  9.995521536273542E-7
1.326E-4                  9.807331479510455E-7
1.327E-4                  9.61914142274723E-7
1.328E-4                  9.430951365983862E-7
1.329E-4                  9.242761309220356E-7
1.33E-4                   9.054571252456706E-7
1.3309999999999998E-4     8.98997096278774E-7
1.3319999999999999E-4     8.927004445567513E-7
1.333E-4                  8.864037928347329E-7
1.334E-4                  8.801071411127187E-7
1.335E-4                  8.738104893907097E-7
1.336E-4                  8.675138376687047E-7
1.337E-4                  8.612171859467052E-7
1.338E-4                  8.549205342247097E-7
1.339E-4                  8.486238825027189E-7
1.34E-4                   8.423272307807329E-7
1.341E-4                  8.36030579058751E-7
1.3419999999999998E-4     8.297339273367758E-7
1.3429999999999998E-4     8.234372756148033E-7
1.344E-4                  8.171406238928358E-7
1.345E-4                  8.108439721708726E-7
1.346E-4                  8.04547320448914E-7
1.347E-4                  7.982506687269601E-7
1.348E-4                  7.919540170050109E-7
1.349E-4                  7.856573652830661E-7
1.35E-4                   7.793607135611262E-7
1.351E-4                  7.730640618391905E-7
1.352E-4                  7.667674101172597E-7
1.3529999999999998E-4     7.60470758395335E-7
1.3539999999999998E-4     7.541741066734135E-7
1.355E-4                  7.478774549514965E-7
1.356E-4                  7.415808032295839E-7
1.357E-4                  7.352841515076762E-7
1.358E-4                  7.289874997857729E-7
1.359E-4                  7.226908480638744E-7
1.36E-4                   7.163941963419803E-7
1.361E-4                  7.100975446200908E-7
1.362E-4                  7.03800892898206E-7
1.363E-4                  6.975042411763259E-7
1.3639999999999998E-4     6.91207589454452E-7
1.3649999999999998E-4     6.849109377325811E-7
1.3659999999999999E-4     6.786142860107146E-7
1.367E-4                  6.723176342888528E-7
1.368E-4                  6.660209825669959E-7
1.369E-4                  6.597243308451432E-7
1.37E-4                   6.534276791232954E-7
1.371E-4                  6.471310274014521E-7
1.372E-4                  6.408343756796133E-7
1.373E-4                  6.345377239577791E-7
1.374E-4                  6.282410722359497E-7
1.3749999999999998E-4     6.219444205141265E-7
1.3759999999999998E-4     6.15647768792306E-7
1.3769999999999999E-4     6.093511170704904E-7
1.378E-4                  6.030544653486794E-7
1.379E-4                  5.967578136268731E-7
1.38E-4                   5.904611619050712E-7
1.381E-4                  5.841645101832739E-7
1.382E-4                  5.778678584614812E-7
1.383E-4                  5.715712067396932E-7
1.384E-4                  5.652745550179098E-7
1.385E-4                  5.58977903296131E-7
1.3859999999999998E-4     5.526812515743585E-7
1.3869999999999998E-4     5.463845998525889E-7
1.3879999999999999E-4     5.40087948130824E-7
1.389E-4                  5.337912964090635E-7
1.39E-4                   5.274946446873078E-7
1.391E-4                  5.211979929655566E-7
1.392E-4                  5.149013412438101E-7
1.393E-4                  5.086046895220681E-7
1.394E-4                  5.023080378003307E-7
1.395E-4                  4.960113860785981E-7
1.396E-4                  4.897147343568698E-7
1.3969999999999998E-4     4.83418082635148E-7
1.3979999999999998E-4     4.771214309134291E-7
1.3989999999999999E-4     4.7082477919171484E-7
1.4E-4                    4.645281274700052E-7
1.401E-4                  4.582314757483002E-7
1.402E-4                  4.519348240265996E-7
1.403E-4                  4.4563817230490375E-7
1.404E-4                  4.3934152058321254E-7
1.405E-4                  4.3304486886152583E-7
1.406E-4                  4.2674821713984384E-7
1.407E-4                  4.2045156541816634E-7
1.408E-4                  4.141549136964936E-7
1.4089999999999998E-4     4.07858261974827E-7
1.4099999999999998E-4     4.0156161025316345E-7
1.411E-4                  3.9526495853150443E-7
1.412E-4                  3.889683068098501E-7
1.413E-4                  3.826716550882002E-7
1.414E-4                  3.7637500336655506E-7
1.415E-4                  3.700783516449145E-7
1.416E-4                  3.6378169992327853E-7
1.417E-4                  3.5748504820164714E-7
1.418E-4                  3.5118839648002036E-7
1.419E-4                  3.4489174475839824E-7
1.4199999999999998E-4     3.385950930367824E-7
1.4209999999999998E-4     3.322984413151695E-7
1.422E-4                  3.2600178959356116E-7
1.423E-4                  3.197051378719575E-7
1.424E-4                  3.134084861503584E-7
1.425E-4                  3.0711183442876383E-7
1.426E-4                  3.00815182707174E-7
1.427E-4                  2.955329485950279E-7
1.428E-4                  2.9380814580665436E-7
1.429E-4                  2.9208334301828014E-7
1.43E-4                   2.9035854022990524E-7
1.4309999999999998E-4     2.8863373744153007E-7
1.4319999999999998E-4     2.869089346531537E-7
1.433E-4                  2.8518413186477667E-7
1.434E-4                  2.8345932907639896E-7
1.435E-4                  2.8173452628802045E-7
1.436E-4                  2.800097234996413E-7
1.437E-4                  2.782849207112614E-7
1.438E-4                  2.7656011792288087E-7
1.439E-4                  2.748353151344996E-7
1.44E-4                   2.731105123461176E-7
1.441E-4                  2.7138570955773493E-7
1.4419999999999998E-4     2.69660906769352E-7
1.4429999999999998E-4     2.679361039809679E-7
1.4439999999999999E-4     2.6621130119258306E-7
1.445E-4                  2.644864984041977E-7
1.446E-4                  2.6276169561581144E-7
1.447E-4                  2.610368928274245E-7
1.448E-4                  2.5931209003903696E-7
1.449E-4                  2.5758728725064856E-7
1.45E-4                   2.558624844622596E-7
1.451E-4                  2.541376816738699E-7
1.452E-4                  2.5241287888547943E-7
1.4529999999999998E-4     2.506880760970888E-7
1.4539999999999998E-4     2.489632733086969E-7
1.4549999999999999E-4     2.472384705203044E-7
1.456E-4                  2.455136677319112E-7
1.457E-4                  2.437888649435172E-7
1.458E-4                  2.4206406215512255E-7
1.459E-4                  2.4033925936672716E-7
1.46E-4                   2.3861445657833113E-7
1.461E-4                  2.3688965378993433E-7
1.462E-4                  2.3516485100153685E-7
1.463E-4                  2.3344004821313866E-7
1.4639999999999998E-4     2.3171524542474027E-7
1.4649999999999998E-4     2.2999044263634067E-7
1.4659999999999999E-4     2.2826563984794036E-7
1.467E-4                  2.265408370595393E-7
1.468E-4                  2.2481603427113767E-7
1.469E-4                  2.2309123148273523E-7
1.47E-4                   2.213664286943321E-7
1.471E-4                  2.1964162590592833E-7
1.472E-4                  2.179168231175238E-7
1.473E-4                  2.1619202032911854E-7
1.474E-4                  2.144672175407127E-7
1.4749999999999998E-4     2.127424147523065E-7
1.4759999999999998E-4     2.1101761196389915E-7
1.4769999999999999E-4     2.0929280917549108E-7
1.478E-4                  2.0756800638708238E-7
1.479E-4                  2.0584320359867288E-7
1.48E-4                   2.0411840081026271E-7
1.481E-4                  2.023935980218519E-7
1.482E-4                  2.006687952334403E-7
1.483E-4                  1.98943992445028E-7
1.484E-4                  1.9721918965661503E-7
1.485E-4                  1.9549438686820137E-7
1.4859999999999998E-4     1.9376958407978745E-7
1.4869999999999998E-4     1.9204478129137234E-7
1.4879999999999998E-4     1.9031997850295657E-7
1.489E-4                  1.8859517571454008E-7
1.49E-4                   1.8687037292612283E-7
1.491E-4                  1.8514557013770494E-7
1.492E-4                  1.8342076734928633E-7
1.493E-4                  1.8169596456086699E-7
1.494E-4                  1.7997116177244698E-7
1.495E-4                  1.7824635898402625E-7
1.496E-4                  1.765215561956048E-7
1.497E-4                  1.747967534071827E-7
1.4979999999999998E-4     1.7307195061876027E-7
1.4989999999999998E-4     1.7134714783033675E-7
1.5E-4                    1.6962234504191248E-7
