% Model:              20230225_JW_4_20.mph
% Version:            COMSOL 5.6.0.401
% Date:               Feb 25 2023, 20:43
% Dimension:          1
% Nodes:              1501
% Expressions:        1
% Description:        点图
% X                       Height
0                         6.726832397234634
1.0E-7                    6.7243386084634995
2.0E-7                    6.767490726743888
3.0E-7                    6.83781686966433
4.0E-7                    6.90782234002295
5.0E-7                    6.946215402162821
6.0E-7                    6.967981847309595
7.0E-7                    6.978438293368787
8.0E-7                    6.968628655797404
9.0E-7                    6.954804484492044
1.0E-6                    6.929041333603698
1.1E-6                    6.8949535720657655
1.2E-6                    6.854996600019874
1.2999999999999998E-6     6.810168310286574
1.4E-6                    6.761023866676635
1.5E-6                    6.708705273613318
1.6E-6                    6.653871039297519
1.6999999999999998E-6     6.597636085094516
1.8E-6                    6.539865475977087
1.9E-6                    6.4810403215109975
2.0E-6                    6.421394865557907
2.1E-6                    6.361349111358785
2.2E-6                    6.301156212693055
2.3E-6                    6.240838900531786
2.4E-6                    6.180724972864534
2.4999999999999998E-6     6.120877858888432
2.5999999999999997E-6     6.061333168360311
2.7E-6                    6.002072074527829
2.8E-6                    5.942834978582153
2.8999999999999998E-6     5.882513068307128
3.0E-6                    5.820548631534422
3.1E-6                    5.761232084016791
3.2E-6                    5.707148788930377
3.2999999999999997E-6     5.652440251519941
3.3999999999999996E-6     5.597979334845144
3.5E-6                    5.542505670780498
3.6E-6                    5.488252451696161
3.6999999999999997E-6     5.433790618047616
3.8E-6                    5.380092997428622
3.9E-6                    5.326618752505982
4.0E-6                    5.273607773702586
4.1E-6                    5.2209443772860675
4.2E-6                    5.16877034749713
4.2999999999999995E-6     5.1170531563239425
4.4E-6                    5.065806443641583
4.5E-6                    5.015045368101096
4.6E-6                    4.964768647458362
4.7E-6                    4.914959821996032
4.8E-6                    4.865646239158585
4.9E-6                    4.8168073563334355
4.9999999999999996E-6     4.768822889662719
5.0999999999999995E-6     4.721475398953002
5.199999999999999E-6      4.673633282379886
5.3E-6                    4.625797963929262
5.4E-6                    4.579325792176721
5.5E-6                    4.533092048557311
5.6E-6                    4.487254245152331
5.7E-6                    4.441820849003182
5.7999999999999995E-6     4.396998991472801
5.899999999999999E-6      4.353115892680867
6.0E-6                    4.307305646525174
6.1E-6                    4.263825131608134
6.2E-6                    4.2212641586182285
6.3E-6                    4.178928187312804
6.4E-6                    4.136613616367753
6.5E-6                    4.094944187388208
6.5999999999999995E-6     4.053404247970996
6.699999999999999E-6      4.012546967591366
6.799999999999999E-6      3.971204472363928
6.9E-6                    3.931100273631284
7.0E-6                    3.8912582547215813
7.1E-6                    3.8520503570821174
7.2E-6                    3.8128791532773705
7.2999999999999996E-6     3.774282078160797
7.3999999999999995E-6     3.7359422778400435
7.499999999999999E-6      3.698041559967416
7.6E-6                    3.6602666365706717
7.699999999999999E-6      3.622950575003397
7.8E-6                    3.586089532618792
7.899999999999999E-6      3.5497640774414467
8.0E-6                    3.513727078557289
8.1E-6                    3.4780120633022635
8.2E-6                    3.4426568143214964
8.3E-6                    3.4076414852813257
8.4E-6                    3.372901482986859
8.5E-6                    3.3385900864811306
8.599999999999999E-6      3.3044512628083367
8.7E-6                    3.271083721365445
8.8E-6                    3.2379387483273687
8.9E-6                    3.204760611444228
9.0E-6                    3.171941067338673
9.1E-6                    3.1396058305747045
9.2E-6                    3.107477850023182
9.299999999999999E-6      3.0757860291132904
9.4E-6                    3.044356066639363
9.499999999999999E-6      3.0134099324535306
9.6E-6                    2.9821374826093883
9.7E-6                    2.9517059061850417
9.8E-6                    2.9216716759253387
9.9E-6                    2.8919623297902857
9.999999999999999E-6      2.862338977576877
1.01E-5                   2.833148931364093
1.0199999999999999E-5     2.804193385013365
1.03E-5                   2.7755447431432057
1.0399999999999999E-5     2.747138908001151
1.05E-5                   2.7190248579757674
1.06E-5                   2.6912367622808104
1.07E-5                   2.6636907350855337
1.08E-5                   2.636437081730372
1.0899999999999999E-5     2.6094554292821073
1.1E-5                    2.582749625312858
1.1099999999999999E-5     2.5563040329384648
1.12E-5                   2.5301354808709173
1.13E-5                   2.5042217687049715
1.14E-5                   2.47856962460949
1.15E-5                   2.4531867517750623
1.1599999999999999E-5     2.428036597720673
1.17E-5                   2.4031906211052987
1.1799999999999999E-5     2.378358937509968
1.19E-5                   2.3529619104543995
1.2E-5                    2.3289720762755124
1.21E-5                   2.305408604278114
1.22E-5                   2.282313365794723
1.2299999999999999E-5     2.258991427216587
1.24E-5                   2.2359361389795396
1.2499999999999999E-5     2.213080170763291
1.26E-5                   2.1904456492894204
1.2699999999999999E-5     2.1680723472353316
1.28E-5                   2.1458042560112403
1.29E-5                   2.123831880073662
1.3E-5                    2.102063135899265
1.31E-5                   2.0804930896083538
1.3199999999999999E-5     2.059128698667208
1.33E-5                   2.0381467015275554
1.3399999999999999E-5     2.0172090661807074
1.35E-5                   1.9965903125280307
1.3599999999999999E-5     1.976005486836525
1.37E-5                   1.9556576754259793
1.38E-5                   1.935598729292993
1.3899999999999999E-5     1.9156973891422748
1.4E-5                    1.8960175073243972
1.4099999999999999E-5     1.8765647882805847
1.42E-5                   1.857294363535979
1.4299999999999999E-5     1.8382103072753824
1.44E-5                   1.819329012060828
1.45E-5                   1.800648040387227
1.4599999999999999E-5     1.7821423813641413
1.47E-5                   1.7638574676529968
1.4799999999999999E-5     1.7457379014313712
1.49E-5                   1.7278100955164462
1.4999999999999999E-5     1.7100636374457459
1.51E-5                   1.6924838200763934
1.52E-5                   1.6751794780649114
1.53E-5                   1.6579728371102
1.5399999999999998E-5     1.6410412215462222
1.55E-5                   1.624075867403034
1.56E-5                   1.6073364463902438
1.57E-5                   1.5908268703640809
1.5799999999999998E-5     1.5744509467045478
1.59E-5                   1.558257680154068
1.6E-5                    1.5422379868799572
1.61E-5                   1.5263623395692765
1.62E-5                   1.5106938162952153
1.63E-5                   1.4951582841674413
1.64E-5                   1.4797749791231123
1.6499999999999998E-5     1.464555246637891
1.66E-5                   1.4494986523029503
1.67E-5                   1.4346001130879473
1.68E-5                   1.419850280138939
1.69E-5                   1.4052516569317641
1.7E-5                    1.390807070527225
1.71E-5                   1.3764990955575478
1.7199999999999998E-5     1.3623457271252024
1.73E-5                   1.3483430885291847
1.74E-5                   1.3344744909202386
1.75E-5                   1.3207463195244726
1.76E-5                   1.3071669049058872
1.77E-5                   1.2937225194149033
1.78E-5                   1.2803247207053579
1.7899999999999998E-5     1.2671926302986278
1.8E-5                    1.2541181031848376
1.81E-5                   1.2412321136587108
1.82E-5                   1.2284507252724186
1.8299999999999998E-5     1.2158035890650607
1.84E-5                   1.2033002318150627
1.85E-5                   1.1909171407401957
1.8599999999999998E-5     1.178668184834487
1.87E-5                   1.1665347755629436
1.88E-5                   1.154529971096668
1.89E-5                   1.1426544386812496
1.8999999999999998E-5     1.1309021909279904
1.91E-5                   1.1192685112376446
1.92E-5                   1.107751220208655
1.9299999999999998E-5     1.096350109004615
1.94E-5                   1.0850633190355288
1.95E-5                   1.0739029428611404
1.96E-5                   1.0628569365253406
1.9699999999999998E-5     1.0519141815430022
1.98E-5                   1.0411073030780633
1.99E-5                   1.030404233353453
1.9999999999999998E-5     1.0197677662624243
2.01E-5                   1.0092498310165319
2.02E-5                   0.9988391412443028
2.03E-5                   0.9885604858065652
2.0399999999999998E-5     0.9783681948393871
2.05E-5                   0.9682994305141843
2.06E-5                   0.9583285047953835
2.07E-5                   0.9484668829332911
2.0799999999999997E-5     0.9387021092493246
2.09E-5                   0.9290399867215913
2.1E-5                    0.9194797068871324
2.1099999999999998E-5     0.9100106121100966
2.12E-5                   0.9006491143728832
2.13E-5                   0.8913733757362948
2.14E-5                   0.8822022610500279
2.1499999999999997E-5     0.8731179957925463
2.16E-5                   0.8641567971941673
2.17E-5                   0.8552542991092748
2.1799999999999998E-5     0.8464715479640822
2.19E-5                   0.8377447472913255
2.2E-5                    0.8291109706294222
2.21E-5                   0.82055338682143
2.2199999999999998E-5     0.8120752421085441
2.23E-5                   0.8036902598486607
2.24E-5                   0.7953969558801621
2.2499999999999998E-5     0.7871881543235266
2.26E-5                   0.7790811258452018
2.27E-5                   0.7711024227820009
2.28E-5                   0.7631237304904788
2.2899999999999998E-5     0.7553027911449243
2.3E-5                    0.7475033867861114
2.31E-5                   0.7398245070402333
2.3199999999999998E-5     0.7322009171938157
2.33E-5                   0.7246613516322189
2.34E-5                   0.7172088360717579
2.35E-5                   0.7098058118968577
2.3599999999999998E-5     0.7025200523328454
2.37E-5                   0.695250957566782
2.38E-5                   0.6881279064470635
2.3899999999999998E-5     0.6810048630366622
2.4E-5                    0.6740290159571378
2.41E-5                   0.6670680905861084
2.42E-5                   0.6602162748199819
2.4299999999999998E-5     0.6534082522350053
2.44E-5                   0.6466814308242578
2.45E-5                   0.6400297991684473
2.4599999999999998E-5     0.6334256738015802
2.4699999999999997E-5     0.6269202836767457
2.48E-5                   0.6204341237399318
2.49E-5                   0.6140761188258048
2.4999999999999998E-5     0.6077181193392447
2.51E-5                   0.6014963621124432
2.52E-5                   0.5952839161212328
2.53E-5                   0.5891834008433376
2.5399999999999997E-5     0.5831096152137341
2.55E-5                   0.577104683436949
2.56E-5                   0.5711565445250518
2.5699999999999998E-5     0.565253106656348
2.58E-5                   0.559412325020259
2.59E-5                   0.5536315153678627
2.6E-5                    0.5479182532584677
2.6099999999999997E-5     0.5422770291289056
2.62E-5                   0.5366885701772697
2.63E-5                   0.5311602588814134
2.6399999999999998E-5     0.5256897775352409
2.65E-5                   0.5202754958127558
2.66E-5                   0.5149177274969802
2.67E-5                   0.5096142923843069
2.6799999999999998E-5     0.5043667331544892
2.69E-5                   0.4991711528180228
2.7E-5                    0.4940319742975777
2.7099999999999998E-5     0.4889416768586431
2.7199999999999997E-5     0.48390882171671773
2.73E-5                   0.47892255768231984
2.74E-5                   0.47399280159092827
2.7499999999999998E-5     0.4691097261056795
2.76E-5                   0.4642783160047746
2.77E-5                   0.4594759849543821
2.7799999999999998E-5     0.4547367154245892
2.7899999999999997E-5     0.4500342973600602
2.8E-5                    0.44539485676473883
2.81E-5                   0.44080122167657304
2.8199999999999998E-5     0.4362646191264843
2.83E-5                   0.4317720223766947
2.84E-5                   0.4273255201994893
2.8499999999999998E-5     0.4229254313887152
2.8599999999999997E-5     0.41857145808088114
2.87E-5                   0.414258685812457
2.88E-5                   0.40999488556400804
2.8899999999999998E-5     0.4057702331455797
2.9E-5                    0.4015927849412003
2.91E-5                   0.39745674574572
2.9199999999999998E-5     0.3933618355542654
2.9299999999999997E-5     0.3893123274930775
2.94E-5                   0.3853010609785103
2.95E-5                   0.3813338079158769
2.9599999999999998E-5     0.37740636374415687
2.97E-5                   0.37351705643798777
2.98E-5                   0.3696673549300434
2.99E-5                   0.365849873145457
2.9999999999999997E-5     0.36207950206381173
3.01E-5                   0.3583361539365092
3.02E-5                   0.35463793741853
3.0299999999999998E-5     0.35097553057314
3.04E-5                   0.34736246439486534
3.05E-5                   0.34378223974644234
3.06E-5                   0.34024106146309036
3.07E-5                   0.3367365880391188
3.0799999999999996E-5     0.33326826757295985
3.09E-5                   0.32983380691282793
3.1E-5                    0.32644233299378156
3.11E-5                   0.3230778816510067
3.12E-5                   0.3197554264958906
3.13E-5                   0.31645883763687815
3.14E-5                   0.31319691214142936
3.15E-5                   0.30997625935752815
3.1599999999999996E-5     0.3067806311043749
3.17E-5                   0.3036179909650941
3.18E-5                   0.3004961008377286
3.1899999999999996E-5     0.29739843977414765
3.2E-5                    0.294332139023919
3.21E-5                   0.29130585938427084
3.22E-5                   0.2883030944387171
3.23E-5                   0.28533032544407894
3.24E-5                   0.282396663157996
3.25E-5                   0.27948583718068937
3.26E-5                   0.2766037783563265
3.2699999999999995E-5     0.27375994926243735
3.28E-5                   0.2709382413241096
3.29E-5                   0.26814400189134263
3.2999999999999996E-5     0.2653873371410886
3.31E-5                   0.26265207389164785
3.32E-5                   0.25994293671903723
3.3299999999999996E-5     0.25727072499139764
3.34E-5                   0.2546192655970556
3.35E-5                   0.2519927296033674
3.36E-5                   0.24940231077764582
3.37E-5                   0.24683205293899074
3.38E-5                   0.24428565349600642
3.39E-5                   0.2417712923300372
3.4E-5                    0.239275494887358
3.4099999999999995E-5     0.23680001548060436
3.42E-5                   0.2343493066897561
3.43E-5                   0.23192728831758472
3.4399999999999996E-5     0.22952794703757284
3.45E-5                   0.22716218974720648
3.46E-5                   0.22481239881884937
3.4699999999999996E-5     0.2224998013618344
3.48E-5                   0.22020966158387992
3.49E-5                   0.21794063479399955
3.5E-5                    0.21569685473334047
3.51E-5                   0.21347673201151568
3.52E-5                   0.21128032256416035
3.53E-5                   0.20910459777836102
3.54E-5                   0.20695061064841797
3.5499999999999996E-5     0.2048167844920466
3.56E-5                   0.20270635768681725
3.57E-5                   0.20062038431494789
3.5799999999999996E-5     0.19855471112393636
3.59E-5                   0.19651738653744832
3.6E-5                    0.19449482492105655
3.6099999999999997E-5     0.192484378937455
3.62E-5                   0.19051026078498196
3.63E-5                   0.1885361427958989
3.64E-5                   0.18660465455069247
3.65E-5                   0.1846784768545513
3.6599999999999995E-5     0.18277683146222354
3.67E-5                   0.18089708481614533
3.68E-5                   0.17902492868410547
3.6899999999999996E-5     0.1771905002936025
3.7E-5                    0.17535607204060846
3.71E-5                   0.17357466095872784
3.7199999999999996E-5     0.17180596010427968
3.73E-5                   0.17003725936487987
3.74E-5                   0.16826855873512134
3.75E-5                   0.1665070176091061
3.76E-5                   0.1648226581273523
3.77E-5                   0.1631382987565527
3.78E-5                   0.1614539394920382
3.79E-5                   0.15976958032913952
3.7999999999999995E-5     0.15811442664909867
3.81E-5                   0.15651049013268142
3.82E-5                   0.15490655370815717
3.8299999999999996E-5     0.1533026173714941
3.84E-5                   0.1516986811186599
3.85E-5                   0.15016662438062853
3.8599999999999996E-5     0.14867475250854487
3.87E-5                   0.1471828807130556
3.88E-5                   0.14569100899091628
3.89E-5                   0.14419913733888257
3.9E-5                    0.1427072657537096
3.9099999999999995E-5     0.14121539423215315
3.92E-5                   0.13972352277096825
3.93E-5                   0.1382316513669105
3.9399999999999995E-5     0.13676730798997686
3.95E-5                   0.135414509473564
3.96E-5                   0.134061711022605
3.9699999999999996E-5     0.13270891263468101
3.98E-5                   0.131356114307373
3.99E-5                   0.13000331603826204
3.9999999999999996E-5     0.12865051782492934
4.01E-5                   0.1272977196649557
4.02E-5                   0.12594492155592224
4.03E-5                   0.12459212349541002
4.04E-5                   0.12333449021738704
4.0499999999999995E-5     0.12210782750444532
4.06E-5                   0.12088116483752706
4.07E-5                   0.11965450221482866
4.0799999999999996E-5     0.11842783963454653
4.09E-5                   0.11720117709487693
4.1E-5                    0.11597451459401616
4.1099999999999996E-5     0.11474785213016069
4.12E-5                   0.11352118970150658
4.13E-5                   0.11234543933341046
4.14E-5                   0.11128248530466128
4.15E-5                   0.11021953130611768
4.1599999999999995E-5     0.10915657733660633
4.17E-5                   0.1080936233949537
4.18E-5                   0.10703066947998642
4.1899999999999995E-5     0.10596771559053114
4.2E-5                    0.10490476172541427
4.21E-5                   0.10384180788346245
4.2199999999999996E-5     0.10277885406350229
4.23E-5                   0.10171590026436018
4.24E-5                   0.10065294648486278
4.2499999999999996E-5     0.0995899927238367
4.26E-5                   0.09852703898010824
4.27E-5                   0.09746408525250408
4.28E-5                   0.09640113153985083
4.29E-5                   0.09533817784097483
4.2999999999999995E-5     0.09427522415470276
4.31E-5                   0.093212270479861
4.32E-5                   0.09222960934703305
4.3299999999999995E-5     0.09135600469625221
4.34E-5                   0.09048240007140176
4.35E-5                   0.08960879547183062
4.3599999999999996E-5     0.08873519089688765
4.37E-5                   0.08786158634592152
4.38E-5                   0.08698798181828114
4.3899999999999996E-5     0.08611437731331537
4.4E-5                    0.0852407728303729
4.41E-5                   0.0843671683688026
4.42E-5                   0.08349356392795336
4.43E-5                   0.0826199595071738
4.4399999999999995E-5     0.08174635510581288
4.45E-5                   0.0808727507232193
4.46E-5                   0.07999914635874186
4.4699999999999996E-5     0.07912554201172949
4.48E-5                   0.07825193768153077
4.49E-5                   0.07737833336749461
4.4999999999999996E-5     0.07650472906896985
4.51E-5                   0.07571494311914297
4.52E-5                   0.0749973966109771
4.5299999999999997E-5     0.07427985011250766
4.54E-5                   0.07356230362337292
4.5499999999999995E-5     0.07284475714321119
4.56E-5                   0.07212721067166075
4.57E-5                   0.07140966420835988
4.5799999999999995E-5     0.07069211775294704
4.59E-5                   0.06997457130506032
4.6E-5                    0.06925702486433814
4.6099999999999996E-5     0.06853947843041881
4.62E-5                   0.06782193200294058
4.63E-5                   0.06710438558154175
4.6399999999999996E-5     0.06638683916586068
4.65E-5                   0.06566929275553557
4.66E-5                   0.06495174635020477
4.67E-5                   0.06423419994950663
4.68E-5                   0.06351665355307935
4.6899999999999995E-5     0.0627991071605613
4.7E-5                    0.06216395237869861
4.71E-5                   0.06157313286287852
4.7199999999999995E-5     0.06098231335379058
4.73E-5                   0.06039149385123394
4.74E-5                   0.05980067435500791
4.7499999999999996E-5     0.05920985486491177
4.76E-5                   0.05861903538074469
4.77E-5                   0.05802821590230595
4.7799999999999996E-5     0.05743739642939486
4.79E-5                   0.05684657696181056
4.8E-5                    0.05625575749935236
4.81E-5                   0.05566493804181954
4.82E-5                   0.05507411858901126
4.8299999999999995E-5     0.05448329914072688
4.84E-5                   0.05389247969676553
4.85E-5                   0.053301660256926495
4.8599999999999995E-5     0.052710840821009075
4.87E-5                   0.05212002138881244
4.88E-5                   0.05152920196013589
4.8899999999999996E-5     0.05102006115277842
4.9E-5                    0.05053626242104014
4.91E-5                   0.050052463692644523
4.9199999999999997E-5     0.04956866496748038
4.93E-5                   0.0490848662454364
4.9399999999999995E-5     0.04860106752640142
4.95E-5                   0.048117268810264145
4.96E-5                   0.04763347009691336
4.9699999999999995E-5     0.04714967138623791
4.98E-5                   0.046665872678126434
4.99E-5                   0.04618207397246776
4.9999999999999996E-5     0.04569827526915072
5.01E-5                   0.04521447656806397
5.02E-5                   0.04473067786909633
5.0299999999999996E-5     0.04424687917213659
5.04E-5                   0.043763080477073474
5.05E-5                   0.04327928178379575
5.06E-5                   0.04279548309219223
5.07E-5                   0.04231168440215162
5.0799999999999995E-5     0.04190162230867193
5.09E-5                   0.041501973136814654
5.1E-5                    0.041102323966516446
5.1099999999999995E-5     0.040702674797715215
5.12E-5                   0.040303025630348766
5.13E-5                   0.03990337646435497
5.1399999999999996E-5     0.03950372729967171
5.15E-5                   0.039104078136236814
5.16E-5                   0.03870442897398813
5.1699999999999996E-5     0.03830477981286357
5.18E-5                   0.037905130652800934
5.1899999999999994E-5     0.03750548149373813
5.2E-5                    0.037105832335612945
5.21E-5                   0.03670618317836328
5.2199999999999995E-5     0.036306534021927024
5.23E-5                   0.03590688486624196
5.24E-5                   0.035507235711246
5.2499999999999995E-5     0.035107586556877
5.26E-5                   0.03470793740307278
5.27E-5                   0.03438017314140947
5.2799999999999996E-5     0.03405318564462932
5.29E-5                   0.03372619814883587
5.3E-5                    0.03339921065399507
5.3099999999999996E-5     0.03307222316007287
5.32E-5                   0.03274523566703514
5.3299999999999995E-5     0.032418248174847876
5.34E-5                   0.03209126068347694
5.35E-5                   0.03176427319288827
5.3599999999999995E-5     0.03143728570304785
5.37E-5                   0.03111029821392154
5.38E-5                   0.030783310725475285
5.3899999999999996E-5     0.03045632323767504
5.4E-5                    0.03012933575048669
5.41E-5                   0.029802348263876177
5.4199999999999996E-5     0.029475360777809465
5.43E-5                   0.02914837329225242
5.4399999999999994E-5     0.02882138580717101
5.4499999999999997E-5     0.02850038708456862
5.46E-5                   0.028231904869095555
5.4699999999999995E-5     0.027963422654248223
5.48E-5                   0.027694940440007365
5.49E-5                   0.027426458226353805
5.4999999999999995E-5     0.027157976013268345
5.51E-5                   0.026889493800731724
5.52E-5                   0.02662101158872476
5.5299999999999996E-5     0.02635252937722826
5.54E-5                   0.026084047166222965
5.55E-5                   0.0258155649556897
5.5599999999999996E-5     0.025547082745609254
5.57E-5                   0.025278600535962384
5.5799999999999994E-5     0.025010118326729915
5.59E-5                   0.0247416361178926
5.6E-5                    0.024473153909431243
5.6099999999999995E-5     0.02420467170132666
5.62E-5                   0.023936189493559586
5.63E-5                   0.023667707286110843
5.6399999999999995E-5     0.023408790512139697
5.65E-5                   0.023184712833858284
5.66E-5                   0.022960635155389732
5.6699999999999996E-5     0.02273655747672348
5.68E-5                   0.022512479797848907
5.69E-5                   0.022288402118755435
5.6999999999999996E-5     0.022064324439432487
5.71E-5                   0.02184024675986944
5.7199999999999994E-5     0.02161616908005574
5.73E-5                   0.021392091399980762
5.74E-5                   0.021168013719633935
5.7499999999999995E-5     0.020943936039004678
5.76E-5                   0.020719858358082374
5.77E-5                   0.02049578067685644
5.7799999999999995E-5     0.020271702995316315
5.79E-5                   0.02004762531345137
5.8E-5                    0.019823547631251024
5.8099999999999996E-5     0.01959946994870471
5.82E-5                   0.019375392265801802
5.8299999999999994E-5     0.019167085478751195
5.8399999999999997E-5     0.018991021195734464
5.85E-5                   0.01881495691348469
5.8599999999999995E-5     0.018638892631996216
5.87E-5                   0.018462828351263325
5.88E-5                   0.018286764071280357
5.8899999999999995E-5     0.018110699792041638
5.9E-5                    0.017934635513541467
5.91E-5                   0.017758571235774172
5.9199999999999996E-5     0.017582506958734093
5.93E-5                   0.017406442682415525
5.94E-5                   0.01723037840681279
5.9499999999999996E-5     0.017054314131920233
5.96E-5                   0.01687824985773214
5.9699999999999994E-5     0.016702185584242864
5.98E-5                   0.016526121311446696
5.99E-5                   0.01635005703933796
5.9999999999999995E-5     0.01617399276791101
6.01E-5                   0.015997928497160124
6.02E-5                   0.015829225543467787
6.0299999999999995E-5     0.01566983388095673
6.04E-5                   0.015510442216616653
6.05E-5                   0.01535105055044343
6.0599999999999996E-5     0.015191658882432927
6.07E-5                   0.015032267212580977
6.08E-5                   0.014872875540883453
6.0899999999999996E-5     0.014713483867336221
6.1E-5                    0.014554092191935115
6.11E-5                   0.014394700514676022
6.12E-5                   0.014235308835554768
6.13E-5                   0.01407591715456722
6.14E-5                   0.013916525471709247
6.149999999999999E-5      0.013767078054632497
6.159999999999999E-5      0.013621841136296893
6.17E-5                   0.013476604219903205
6.18E-5                   0.013331367305449319
6.19E-5                   0.013186130392933114
6.2E-5                    0.013040893482352486
6.209999999999999E-5      0.01289565657370533
6.22E-5                   0.012750419666989494
6.23E-5                   0.012610080350508892
6.24E-5                   0.012491810969364464
6.25E-5                   0.012373541586776192
6.26E-5                   0.012255272202741993
6.269999999999999E-5      0.012137002817259804
6.28E-5                   0.012018733430327512
6.29E-5                   0.01190046404194304
6.3E-5                    0.011782194652104318
6.31E-5                   0.01166150984617922
6.319999999999999E-5      0.011539783984353532
6.33E-5                   0.011418058123662178
6.34E-5                   0.01129633226410337
6.35E-5                   0.011174606405675315
6.36E-5                   0.011052880548376224
6.37E-5                   0.01093666338330878
6.379999999999999E-5      0.01082325312525273
6.39E-5                   0.01070984286680344
6.4E-5                    0.010596432607959845
6.41E-5                   0.010483022348720861
6.42E-5                   0.010377068805489324
6.429999999999999E-5      0.010274627950090924
6.44E-5                   0.010172187094516668
6.45E-5                   0.01006974623876511
6.46E-5                   0.009966357311083937
6.47E-5                   0.009861739780540748
6.48E-5                   0.00975712225071721
6.489999999999999E-5      0.009652504721612444
6.5E-5                    0.009552481769585086
6.51E-5                   0.009454406058855551
6.52E-5                   0.009356330347106529
6.53E-5                   0.009259115959084572
6.539999999999999E-5      0.009163555496361931
6.549999999999999E-5      0.009067995034939571
6.56E-5                   0.008973628074164111
6.57E-5                   0.00888181448043083
6.58E-5                   0.008790000885659842
6.59E-5                   0.008699110202962854
6.599999999999999E-5      0.008610429116702718
6.61E-5                   0.008521748031363113
6.62E-5                   0.008433669554382734
6.63E-5                   0.008347214448113503
6.64E-5                   0.00826075934129473
6.65E-5                   0.008175089083458825
6.659999999999999E-5      0.008091813984609245
6.67E-5                   0.008008538885982325
6.68E-5                   0.007925694183608833
6.69E-5                   0.007844349987509727
6.7E-5                    0.00776300579152821
6.709999999999999E-5      0.007682310927555391
6.72E-5                   0.0076042298615467425
6.73E-5                   0.0075261487952122275
6.74E-5                   0.007448363329202554
6.75E-5                   0.007371970617398797
6.76E-5                   0.007295577906073915
6.769999999999999E-5      0.00721961399526
6.78E-5                   0.00714605775770852
6.79E-5                   0.007072501519667963
6.8E-5                    0.006999217093181163
6.81E-5                   0.006927796646701887
6.819999999999999E-5      0.006856376200677065
6.829999999999999E-5      0.006785163671836162
6.84E-5                   0.006715754866960781
6.85E-5                   0.00664634606174884
6.86E-5                   0.006577137414196773
6.87E-5                   0.006510247955569174
6.879999999999999E-5      0.006443358497167569
6.89E-5                   0.006376620990402962
6.9E-5                    0.00631246742686815
6.91E-5                   0.006248313863283336
6.92E-5                   0.006184160299648269
6.929999999999999E-5      0.0061200067359626995
6.939999999999999E-5      0.006055853172226358
6.95E-5                   0.005991730980301183
6.96E-5                   0.005931639508351339
6.97E-5                   0.0058715480364263835
6.98E-5                   0.005811456564526101
6.989999999999999E-5      0.005751365092650289
7.0E-5                    0.005691273620798712
7.01E-5                   0.00563118214897117
7.02E-5                   0.005574483524144919
7.03E-5                   0.005517926613219609
7.04E-5                   0.005461369702303013
7.049999999999999E-5      0.005404812791394962
7.06E-5                   0.005348255880495266
7.07E-5                   0.005291698969603757
7.08E-5                   0.005238331916429767
7.09E-5                   0.005185272313825156
7.099999999999999E-5      0.0051322127112047675
7.11E-5                   0.00507915310856844
7.12E-5                   0.005026093505916033
7.13E-5                   0.004973033903247401
7.14E-5                   0.004924007846122207
7.15E-5                   0.0048756152269621555
7.159999999999999E-5      0.004827222607816204
7.17E-5                   0.004778829988684231
7.18E-5                   0.004730437369566131
7.19E-5                   0.004682044750461792
7.2E-5                    0.004633652131371105
7.209999999999999E-5      0.004585259512293967
7.219999999999999E-5      0.004536866893230252
7.23E-5                   0.004488474274179857
7.24E-5                   0.0044400816551426695
7.25E-5                   0.004391689036118582
7.26E-5                   0.004347680297269321
7.269999999999999E-5      0.00430499111161124
7.28E-5                   0.004262301925945549
7.29E-5                   0.00421961274027218
7.3E-5                    0.004176923554591055
7.31E-5                   0.004134234368902101
7.319999999999999E-5      0.0040915451832052455
7.329999999999999E-5      0.004048855997500402
7.34E-5                   0.0040061668117874994
7.35E-5                   0.0039634776260664625
7.36E-5                   0.003920788440337214
7.37E-5                   0.00387809925459968
7.379999999999999E-5      0.003838801873897857
7.39E-5                   0.0038011524792660985
7.4E-5                    0.0037635030846436264
7.41E-5                   0.003725853690030387
7.42E-5                   0.003688204295426329
7.429999999999999E-5      0.003650554900831405
7.439999999999999E-5      0.003612905506245553
7.45E-5                   0.0035752561116687257
7.46E-5                   0.0035376067171008713
7.47E-5                   0.003499957322541936
7.48E-5                   0.003462307927991871
7.489999999999999E-5      0.0034246585334506245
7.5E-5                    0.0033906300629826486
7.51E-5                   0.00335925206367038
7.52E-5                   0.0033278740643562055
7.53E-5                   0.003296496065040095
7.54E-5                   0.003265118065722018
7.549999999999999E-5      0.0032337400664019505
7.56E-5                   0.003202362067079851
7.57E-5                   0.003170984067755695
7.58E-5                   0.003139606068429452
7.59E-5                   0.003108228069101092
7.599999999999999E-5      0.003076850069770589
7.609999999999999E-5      0.003045472070437904
7.62E-5                   0.0030140940711030116
7.63E-5                   0.0029827160717658813
7.64E-5                   0.0029513380724264836
7.65E-5                   0.0029199600730847874
7.659999999999999E-5      0.002888582073740767
7.67E-5                   0.002857204074394384
7.68E-5                   0.0028258260750456134
7.69E-5                   0.0027944480756944235
7.7E-5                    0.002763070076340785
7.709999999999999E-5      0.002731692076984671
7.719999999999999E-5      0.002700314077626044
7.73E-5                   0.0026689360782648774
7.74E-5                   0.0026402573431222364
7.75E-5                   0.002615870373624669
7.76E-5                   0.002591483404129352
7.769999999999999E-5      0.002567096434636277
7.78E-5                   0.002542709465145422
7.79E-5                   0.002518322495656776
7.8E-5                    0.002493935526170325
7.81E-5                   0.0024695485566860556
7.819999999999999E-5      0.002445161587203956
7.829999999999999E-5      0.0024207746177240057
7.84E-5                   0.0023963876482461944
7.85E-5                   0.002372000678770507
7.86E-5                   0.002347613709296929
7.87E-5                   0.002323226739825448
7.879999999999999E-5      0.0022988397703560515
7.89E-5                   0.0022744528008887197
7.9E-5                    0.002250065831423441
7.91E-5                   0.002225678861960201
7.92E-5                   0.002201291892498987
7.93E-5                   0.002176904923039783
7.939999999999999E-5      0.002152517953582579
7.95E-5                   0.002128130984127354
7.96E-5                   0.002103744014674098
7.97E-5                   0.002079357045222796
7.98E-5                   0.0020560272385803033
7.989999999999999E-5      0.0020370661656895312
7.999999999999999E-5      0.002018105092798067
8.01E-5                   0.001999144019905906
8.02E-5                   0.0019801829470130422
8.03E-5                   0.001961221874119469
8.04E-5                   0.001942260801225179
8.049999999999999E-5      0.0019232997283301688
8.06E-5                   0.0019043386554344261
8.07E-5                   0.0018853775825379468
8.08E-5                   0.0018664165096407255
8.09E-5                   0.001847455436742754
8.099999999999999E-5      0.001828494363844029
8.109999999999999E-5      0.0018095332909445379
8.12E-5                   0.001790572218044278
8.13E-5                   0.0017716111451432416
8.14E-5                   0.001752650072241422
8.15E-5                   0.0017336889993388135
8.159999999999999E-5      0.0017147279264354105
8.17E-5                   0.0016957668535312028
8.18E-5                   0.0016768057806261854
8.19E-5                   0.0016578447077203516
8.2E-5                    0.0016388836348136954
8.209999999999999E-5      0.0016199225619062119
8.219999999999999E-5      0.0016009765760162551
8.23E-5                   0.0015862426304605979
8.24E-5                   0.0015715086849055196
8.25E-5                   0.001556774739351017
8.26E-5                   0.001542040793797088
8.269999999999999E-5      0.0015273068482437302
8.28E-5                   0.0015125729026909374
8.29E-5                   0.0014978389571387082
8.3E-5                    0.001483105011587039
8.31E-5                   0.0014683710660359276
8.319999999999999E-5      0.0014536371204853721
8.329999999999999E-5      0.0014389031749353657
8.34E-5                   0.001424169229385907
8.35E-5                   0.001409435283836993
8.36E-5                   0.0013947013382886212
8.37E-5                   0.0013799673927407875
8.379999999999999E-5      0.0013652334471934914
8.389999999999999E-5      0.0013504995016467257
8.4E-5                    0.0013357655561004886
8.41E-5                   0.0013210316105547778
8.42E-5                   0.0013062976650095898
8.43E-5                   0.001291563719464922
8.439999999999999E-5      0.0012768297739207722
8.45E-5                   0.0012620958283771344
8.46E-5                   0.0012473618828340064
8.47E-5                   0.0012362164982046792
8.48E-5                   0.0012259003213928729
8.489999999999999E-5      0.0012155841445809703
8.499999999999999E-5      0.0012052679677689673
8.51E-5                   0.001194951790956865
8.52E-5                   0.0011846356141446614
8.53E-5                   0.0011743194373323562
8.54E-5                   0.0011640032605199479
8.549999999999999E-5      0.0011536870837074366
8.56E-5                   0.0011433709068948193
8.57E-5                   0.0011330547300820956
8.58E-5                   0.001122738553269265
8.59E-5                   0.0011124223764563254
8.599999999999999E-5      0.001102106199643278
8.609999999999999E-5      0.001091790022830119
8.62E-5                   0.001081473846016848
8.63E-5                   0.0010711576692034642
8.64E-5                   0.0010608414923899672
8.65E-5                   0.0010505253155763553
8.659999999999999E-5      0.001040209138762629
8.669999999999999E-5      0.001029892961948784
8.68E-5                   0.0010195767851348214
8.69E-5                   0.0010092606083207396
8.7E-5                    9.989444315065376E-4
8.709999999999999E-5      9.886282546922157E-4
8.719999999999999E-5      9.783120778777705E-4
8.73E-5                   9.679959010632014E-4
8.74E-5                   9.576797242485083E-4
8.75E-5                   9.473635474336895E-4
8.76E-5                   9.37047370618744E-4
8.769999999999999E-5      9.267311938036724E-4
8.779999999999999E-5      9.164150169884706E-4
8.79E-5                   9.06098840173139E-4
8.8E-5                    8.957826633576766E-4
8.81E-5                   8.854664865420823E-4
8.82E-5                   8.751503097263549E-4
8.829999999999999E-5      8.64834132910495E-4
8.84E-5                   8.545179560944982E-4
8.85E-5                   8.442017792783654E-4
8.86E-5                   8.338856024620952E-4
8.87E-5                   8.235694256456869E-4
8.879999999999999E-5      8.132532488291401E-4
8.889999999999999E-5      8.029370720124517E-4
8.9E-5                    7.926208951956217E-4
8.91E-5                   7.823047183786489E-4
8.92E-5                   7.719885415615324E-4
8.93E-5                   7.616723647442712E-4
8.939999999999999E-5      7.513561879268653E-4
8.95E-5                   7.428176440679289E-4
8.96E-5                   7.366377404268278E-4
8.97E-5                   7.304578367858002E-4
8.98E-5                   7.242779331448458E-4
8.989999999999999E-5      7.180980295039654E-4
8.999999999999999E-5      7.119181258631567E-4
9.01E-5                   7.057382222224208E-4
9.02E-5                   6.995583185817571E-4
9.03E-5                   6.933784149411652E-4
9.04E-5                   6.871985113006452E-4
9.049999999999999E-5      6.810186076601981E-4
9.059999999999999E-5      6.748387040198213E-4
9.07E-5                   6.686588003795156E-4
9.08E-5                   6.624788967392808E-4
9.09E-5                   6.562989930991168E-4
9.099999999999999E-5      6.50119089459024E-4
9.109999999999999E-5      6.439391858190007E-4
9.12E-5                   6.377592821790473E-4
9.13E-5                   6.315793785391635E-4
9.14E-5                   6.253994748993496E-4
9.15E-5                   6.192195712596047E-4
9.159999999999999E-5      6.130396676199299E-4
9.169999999999999E-5      6.06859763980323E-4
9.18E-5                   6.006798603407848E-4
9.19E-5                   5.944999567013149E-4
9.2E-5                    5.883200530619134E-4
9.21E-5                   5.821401494225795E-4
9.219999999999999E-5      5.759602457833143E-4
9.23E-5                   5.697803421441155E-4
9.24E-5                   5.636004385049842E-4
9.25E-5                   5.5742053486592E-4
9.26E-5                   5.512406312269223E-4
9.269999999999999E-5      5.450607275879921E-4
9.279999999999999E-5      5.388808239491273E-4
9.29E-5                   5.327009203103286E-4
9.3E-5                    5.265210166715958E-4
9.31E-5                   5.203411130329285E-4
9.32E-5                   5.141612093943268E-4
9.329999999999999E-5      5.079813057557908E-4
9.34E-5                   5.018014021173191E-4
9.35E-5                   4.95621498478912E-4
9.36E-5                   4.894415948405695E-4
9.37E-5                   4.83261691202291E-4
9.379999999999999E-5      4.7708178756407745E-4
9.389999999999999E-5      4.709018839259269E-4
9.4E-5                    4.647219802878398E-4
9.41E-5                   4.5854207664981604E-4
9.42E-5                   4.523621730118553E-4
9.43E-5                   4.4629937057267844E-4
9.439999999999999E-5      4.4259874547211713E-4
9.449999999999999E-5      4.388981203715384E-4
9.46E-5                   4.351974952709425E-4
9.47E-5                   4.3149687017032947E-4
9.48E-5                   4.277962450696992E-4
9.489999999999999E-5      4.2409561996905226E-4
9.499999999999999E-5      4.203949948683874E-4
9.51E-5                   4.1669436976770523E-4
9.52E-5                   4.1299374466700553E-4
9.53E-5                   4.092931195662885E-4
9.54E-5                   4.0559249446555387E-4
9.549999999999999E-5      4.0189186936480235E-4
9.559999999999999E-5      3.981912442640326E-4
9.57E-5                   3.944906191632452E-4
9.58E-5                   3.9078999406244006E-4
9.59E-5                   3.870893689616172E-4
9.6E-5                    3.8338874386077655E-4
9.609999999999999E-5      3.796881187599185E-4
9.62E-5                   3.759874936590421E-4
9.63E-5                   3.7228686855814776E-4
9.64E-5                   3.6858624345723523E-4
9.65E-5                   3.648856183563048E-4
9.659999999999999E-5      3.611849932553569E-4
9.669999999999999E-5      3.574843681543902E-4
9.68E-5                   3.537837430534052E-4
9.69E-5                   3.5008311795240213E-4
9.7E-5                    3.4638249285138064E-4
9.71E-5                   3.4268186775034083E-4
9.719999999999999E-5      3.389812426492831E-4
9.73E-5                   3.3528061754820645E-4
9.74E-5                   3.315799924471113E-4
9.75E-5                   3.278793673459976E-4
9.76E-5                   3.241787422448653E-4
9.769999999999999E-5      3.2047811714371483E-4
9.779999999999999E-5      3.167774920425452E-4
9.79E-5                   3.130768669413568E-4
9.8E-5                    3.0937624184014956E-4
9.81E-5                   3.0567561673892354E-4
9.82E-5                   3.019749916376786E-4
9.829999999999999E-5      2.9827436653641527E-4
9.839999999999999E-5      2.945737414351323E-4
9.85E-5                   2.9087311633383046E-4
9.86E-5                   2.8717249123250946E-4
9.87E-5                   2.8347186613116926E-4
9.879999999999999E-5      2.797712410298103E-4
9.889999999999999E-5      2.7607061592843174E-4
9.9E-5                    2.723699908270339E-4
9.91E-5                   2.686693657256166E-4
9.92E-5                   2.659548780395163E-4
9.93E-5                   2.637378420715192E-4
9.939999999999999E-5      2.615208061035262E-4
9.949999999999999E-5      2.5930377013553695E-4
9.96E-5                   2.570867341675515E-4
9.97E-5                   2.5486969819957E-4
9.98E-5                   2.5265266223159245E-4
9.989999999999999E-5      2.5043562626361895E-4
9.999999999999999E-5      2.482185902956491E-4
1.001E-4                  2.46001554327683E-4
1.002E-4                  2.4378451835972088E-4
1.003E-4                  2.415674823917625E-4
1.004E-4                  2.3935044642380807E-4
1.0049999999999999E-4     2.371334104558575E-4
1.0059999999999999E-4     2.3491637448791065E-4
1.007E-4                  2.326993385199675E-4
1.008E-4                  2.304823025520282E-4
1.009E-4                  2.282652665840926E-4
1.01E-4                   2.260482306161608E-4
1.0109999999999999E-4     2.238311946482331E-4
1.012E-4                  2.216141586803087E-4
1.013E-4                  2.1939712271238813E-4
1.014E-4                  2.171800867444712E-4
1.015E-4                  2.1496305077655802E-4
1.0159999999999999E-4     2.1274601480864884E-4
1.0169999999999999E-4     2.1052897884074303E-4
1.018E-4                  2.083119428728409E-4
1.019E-4                  2.0609490690494243E-4
1.02E-4                   2.038778709370476E-4
1.021E-4                  2.0166083496915641E-4
1.0219999999999999E-4     1.994437990012692E-4
1.0229999999999999E-4     1.9722676303338523E-4
1.024E-4                  1.9500972706550495E-4
1.025E-4                  1.927926910976282E-4
1.026E-4                  1.9057565512975506E-4
1.0269999999999999E-4     1.8835861916188579E-4
1.0279999999999999E-4     1.8614158319401984E-4
1.029E-4                  1.839245472261574E-4
1.03E-4                   1.8170751125829847E-4
1.031E-4                  1.7949047529044316E-4
1.032E-4                  1.772734393225913E-4
1.0329999999999999E-4     1.750564033547433E-4
1.0339999999999999E-4     1.7283936738689848E-4
1.035E-4                  1.7062233141905715E-4
1.036E-4                  1.6840529545121931E-4
1.037E-4                  1.6618825948338498E-4
1.0379999999999999E-4     1.6397122351555438E-4
1.0389999999999999E-4     1.6175418754772692E-4
1.04E-4                   1.5985003181183714E-4
1.041E-4                  1.5874186217279415E-4
1.042E-4                  1.5763369253375063E-4
1.043E-4                  1.5652552289470656E-4
1.0439999999999999E-4     1.55417353255662E-4
1.0449999999999999E-4     1.543091836166167E-4
1.046E-4                  1.5320101397757086E-4
1.047E-4                  1.520928443385244E-4
1.048E-4                  1.5098467469947733E-4
1.049E-4                  1.4987650506042974E-4
1.0499999999999999E-4     1.487683354213817E-4
1.051E-4                  1.4766016578233285E-4
1.052E-4                  1.4655199614328347E-4
1.053E-4                  1.4544382650423347E-4
1.054E-4                  1.4433565686518287E-4
1.0549999999999999E-4     1.432274872261318E-4
1.0559999999999999E-4     1.4211931758708005E-4
1.057E-4                  1.4101114794802766E-4
1.058E-4                  1.3990297830897462E-4
1.059E-4                  1.3879480866992107E-4
1.06E-4                   1.3768663903086683E-4
1.0609999999999999E-4     1.3657846939181217E-4
1.0619999999999999E-4     1.3547029975275674E-4
1.063E-4                  1.343621301137007E-4
1.064E-4                  1.3325396047464408E-4
1.065E-4                  1.3214579083558684E-4
1.0659999999999999E-4     1.310376211965291E-4
1.0669999999999999E-4     1.2992945155747062E-4
1.068E-4                  1.2882128191841154E-4
1.069E-4                  1.2771311227935186E-4
1.07E-4                   1.266049426402915E-4
1.071E-4                  1.2549677300123058E-4
1.0719999999999999E-4     1.2438860336216916E-4
1.0729999999999999E-4     1.2328043372310693E-4
1.074E-4                  1.2217226408404414E-4
1.075E-4                  1.2106409444498069E-4
1.076E-4                  1.1995592480591663E-4
1.0769999999999999E-4     1.1884775516685209E-4
1.0779999999999999E-4     1.1773958552778678E-4
1.079E-4                  1.1663141588872082E-4
1.08E-4                   1.1552324624965427E-4
1.081E-4                  1.1441507661058702E-4
1.082E-4                  1.1330690697151917E-4
1.0829999999999999E-4     1.1219873733245086E-4
1.0839999999999999E-4     1.1109056769338175E-4
1.085E-4                  1.0998239805431197E-4
1.086E-4                  1.0887422841524156E-4
1.087E-4                  1.0776605877617053E-4
1.0879999999999999E-4     1.06657889137099E-4
1.0889999999999999E-4     1.0554971949802668E-4
1.0899999999999999E-4     1.044415498589537E-4
1.091E-4                  1.0333338021988008E-4
1.092E-4                  1.0222521058080582E-4
1.093E-4                  1.0111704094173091E-4
1.0939999999999999E-4     1.0000887130265551E-4
1.0949999999999999E-4     9.89007016635793E-5
1.096E-4                  9.779253202450242E-5
1.097E-4                  9.66843623854249E-5
1.098E-4                  9.557619274634672E-5
1.099E-4                  9.446802310726791E-5
1.0999999999999999E-4     9.335985346818858E-5
1.1009999999999999E-4     9.225168382910842E-5
1.102E-4                  9.114351419002761E-5
1.103E-4                  9.003534455094614E-5
1.104E-4                  8.892717491186399E-5
1.1049999999999999E-4     8.781900527278135E-5
1.1059999999999999E-4     8.671083563369787E-5
1.107E-4                  8.560266599461373E-5
1.108E-4                  8.449449635552892E-5
1.109E-4                  8.338632671644347E-5
1.11E-4                   8.227815707735732E-5
1.1109999999999999E-4     8.116998743827066E-5
1.1119999999999999E-4     8.006181779918317E-5
1.113E-4                  7.8953648160095E-5
1.114E-4                  7.784547852100616E-5
1.115E-4                  7.673730888191663E-5
1.1159999999999999E-4     7.562913924282658E-5
1.1169999999999999E-4     7.452096960373572E-5
1.118E-4                  7.341279996464416E-5
1.119E-4                  7.23046303255519E-5
1.12E-4                   7.119646068645899E-5
1.121E-4                  7.008829104736536E-5
1.1219999999999999E-4     6.898012140827122E-5
1.1229999999999999E-4     6.787195176917622E-5
1.124E-4                  6.676378213008053E-5
1.125E-4                  6.565561249098418E-5
1.126E-4                  6.454744285188711E-5
1.1269999999999999E-4     6.343927321278948E-5
1.1279999999999999E-4     6.233110357369104E-5
1.1289999999999999E-4     6.12229339345919E-5
1.13E-4                   6.0114764295492035E-5
1.131E-4                  5.900659465639149E-5
1.132E-4                  5.789842501729024E-5
1.1329999999999999E-4     5.6790255378188455E-5
1.1339999999999999E-4     5.5682085739085794E-5
1.135E-4                  5.457391609998242E-5
1.136E-4                  5.346574646087837E-5
1.137E-4                  5.274072429828758E-5
1.138E-4                  5.23735196370418E-5
1.1389999999999999E-4     5.200631497579618E-5
1.1399999999999999E-4     5.163911031455056E-5
1.141E-4                  5.1271905653305E-5
1.142E-4                  5.09047009920595E-5
1.143E-4                  5.053749633081408E-5
1.1439999999999999E-4     5.017029166956877E-5
1.1449999999999999E-4     4.980308700832349E-5
1.146E-4                  4.9435882347078265E-5
1.147E-4                  4.906867768583311E-5
1.148E-4                  4.870147302458802E-5
1.149E-4                  4.8334268363342984E-5
1.1499999999999999E-4     4.796706370209808E-5
1.1509999999999999E-4     4.759985904085318E-5
1.152E-4                  4.7232654379608346E-5
1.153E-4                  4.6865449718363595E-5
1.154E-4                  4.64982450571189E-5
1.1549999999999999E-4     4.613104039587431E-5
1.1559999999999999E-4     4.576383573462975E-5
1.157E-4                  4.539663107338525E-5
1.158E-4                  4.502942641214081E-5
1.159E-4                  4.466222175089644E-5
1.16E-4                   4.4295017089652144E-5
1.1609999999999999E-4     4.392781242840795E-5
1.1619999999999999E-4     4.356060776716377E-5
1.163E-4                  4.319340310591967E-5
1.164E-4                  4.282619844467562E-5
1.165E-4                  4.245899378343165E-5
1.1659999999999999E-4     4.209178912218779E-5
1.1669999999999999E-4     4.1724584460943946E-5
1.1679999999999999E-4     4.135737979970015E-5
1.169E-4                  4.099017513845645E-5
1.17E-4                   4.0622970477212784E-5
1.171E-4                  4.02557658159692E-5
1.1719999999999999E-4     3.9888561154725736E-5
1.1729999999999999E-4     3.952135649348227E-5
1.174E-4                  3.915415183223888E-5
1.175E-4                  3.8786947170995543E-5
1.176E-4                  3.841974250975229E-5
1.177E-4                  3.8052537848509085E-5
1.1779999999999999E-4     3.7685333187266E-5
1.1789999999999999E-4     3.7318128526022945E-5
1.18E-4                   3.6950923864779936E-5
1.181E-4                  3.6583719203536995E-5
1.182E-4                  3.6216514542294114E-5
1.1829999999999999E-4     3.5849309881051356E-5
1.1839999999999999E-4     3.548210521980861E-5
1.185E-4                  3.511490055856592E-5
1.186E-4                  3.474769589732331E-5
1.187E-4                  3.438049123608076E-5
1.188E-4                  3.401328657483826E-5
1.1889999999999999E-4     3.3646081913595884E-5
1.1899999999999999E-4     3.327887725235352E-5
1.191E-4                  3.291167259111122E-5
1.192E-4                  3.254446792986899E-5
1.193E-4                  3.217726326862681E-5
1.1939999999999999E-4     3.1810058607384755E-5
1.1949999999999999E-4     3.1442853946142715E-5
1.196E-4                  3.107564928490073E-5
1.197E-4                  3.070844462365882E-5
1.198E-4                  3.0341239962416965E-5
1.199E-4                  2.997403530117518E-5
1.1999999999999999E-4     2.96068306399335E-5
1.2009999999999999E-4     2.9239625978691837E-5
1.202E-4                  2.887242131745024E-5
1.203E-4                  2.8505216656208706E-5
1.204E-4                  2.8138011994967232E-5
1.2049999999999999E-4     2.7770807333725876E-5
1.2059999999999999E-4     2.740360267248453E-5
1.2069999999999999E-4     2.7036398011243246E-5
1.208E-4                  2.6669193350002023E-5
1.209E-4                  2.6301988688760867E-5
1.21E-4                   2.5934784027519776E-5
1.2109999999999999E-4     2.5567579366278793E-5
1.2119999999999999E-4     2.520037470503783E-5
1.213E-4                  2.4833170043796922E-5
1.214E-4                  2.446596538255609E-5
1.215E-4                  2.409876072131531E-5
1.216E-4                  2.373155606007459E-5
1.2169999999999999E-4     2.3364351398833986E-5
1.2179999999999999E-4     2.2997146737593397E-5
1.219E-4                  2.262994207635287E-5
1.22E-4                   2.2262737415112407E-5
1.2209999999999999E-4     2.189553275387205E-5
1.222E-4                  2.152832809263171E-5
1.223E-4                  2.116112343139143E-5
1.224E-4                  2.079391877015122E-5
1.225E-4                  2.0426714108911063E-5
1.226E-4                  2.0059509447670968E-5
1.227E-4                  1.969230478643094E-5
1.228E-4                  1.932510012519098E-5
1.229E-4                  1.8957895463951072E-5
1.2299999999999998E-4     1.859069080271133E-5
1.2309999999999998E-4     1.8223486141471552E-5
1.2319999999999999E-4     1.785628148023183E-5
1.233E-4                  1.748907681899217E-5
1.234E-4                  1.7307669475373063E-5
1.235E-4                  1.7187528206192923E-5
1.236E-4                  1.7067386937012793E-5
1.237E-4                  1.6947245667832677E-5
1.238E-4                  1.6827104398652578E-5
1.239E-4                  1.6706963129472493E-5
1.24E-4                   1.6586821860292424E-5
1.241E-4                  1.6466680591112366E-5
1.2419999999999998E-4     1.6346539321932354E-5
1.2429999999999999E-4     1.6226398052752323E-5
1.244E-4                  1.610625678357231E-5
1.245E-4                  1.5986115514392308E-5
1.246E-4                  1.5865974245212317E-5
1.247E-4                  1.5745832976032347E-5
1.248E-4                  1.5625691706852383E-5
1.249E-4                  1.550555043767244E-5
1.25E-4                   1.5385409168492503E-5
1.251E-4                  1.526526789931259E-5
1.252E-4                  1.5145126630132686E-5
1.2529999999999998E-4     1.5024985360952826E-5
1.2539999999999999E-4     1.4904844091772949E-5
1.255E-4                  1.4784702822593085E-5
1.256E-4                  1.4664561553413237E-5
1.257E-4                  1.45444202842334E-5
1.258E-4                  1.4424279015053582E-5
1.259E-4                  1.4304137745873771E-5
1.26E-4                   1.4183996476693982E-5
1.261E-4                  1.4063855207514203E-5
1.262E-4                  1.3943713938334438E-5
1.263E-4                  1.3823572669154686E-5
1.2639999999999998E-4     1.3703431399974982E-5
1.2649999999999998E-4     1.3583290130795259E-5
1.266E-4                  1.3463148861615546E-5
1.267E-4                  1.3343007592435851E-5
1.268E-4                  1.3222866323256169E-5
1.269E-4                  1.31027250540765E-5
1.27E-4                   1.2982583784896845E-5
1.271E-4                  1.2862442515717207E-5
1.272E-4                  1.2742301246537578E-5
1.273E-4                  1.262215997735797E-5
1.274E-4                  1.2502018708178371E-5
1.2749999999999998E-4     1.2381877438998816E-5
1.2759999999999998E-4     1.2261736169819247E-5
1.277E-4                  1.214159490063969E-5
1.278E-4                  1.2021453631460145E-5
1.279E-4                  1.1901312362280617E-5
1.28E-4                   1.17811710931011E-5
1.281E-4                  1.1661029823921599E-5
1.282E-4                  1.1540888554742112E-5
1.283E-4                  1.1420747285562637E-5
1.284E-4                  1.1300606016383179E-5
1.285E-4                  1.1180464747203732E-5
1.2859999999999998E-4     1.1060323478024334E-5
1.2869999999999998E-4     1.0940182208844914E-5
1.288E-4                  1.0820040939665511E-5
1.289E-4                  1.0699899670486119E-5
1.29E-4                   1.0579758401306741E-5
1.291E-4                  1.045961713212738E-5
1.292E-4                  1.0339475862948034E-5
1.293E-4                  1.0219334593768699E-5
1.294E-4                  1.0099193324589375E-5
1.295E-4                  9.979052055410067E-6
1.296E-4                  9.858910786230776E-6
1.2969999999999998E-4     9.738769517051526E-6
1.2979999999999998E-4     9.618628247872262E-6
1.2989999999999999E-4     9.498486978693008E-6
1.3E-4                    9.378345709513771E-6
1.301E-4                  9.258204440334546E-6
1.302E-4                  9.138063171155337E-6
1.303E-4                  9.01792190197614E-6
1.304E-4                  8.897780632796958E-6
1.305E-4                  8.777639363617789E-6
1.306E-4                  8.657498094438633E-6
1.307E-4                  8.537356825259491E-6
1.3079999999999998E-4     8.417215556080397E-6
1.3089999999999998E-4     8.297074286901282E-6
1.3099999999999999E-4     8.17693301772218E-6
1.311E-4                  8.056791748543098E-6
1.312E-4                  7.936650479364024E-6
1.313E-4                  7.816509210184966E-6
1.314E-4                  7.696367941005921E-6
1.315E-4                  7.576226671826892E-6
1.316E-4                  7.456085402647874E-6
1.317E-4                  7.33594413346887E-6
1.318E-4                  7.215802864289881E-6
1.3189999999999998E-4     7.095661595110938E-6
1.3199999999999998E-4     6.975520325931976E-6
1.3209999999999999E-4     6.855379056753027E-6
1.322E-4                  6.7352377875740955E-6
1.323E-4                  6.615096518395174E-6
1.324E-4                  6.494955249216266E-6
1.325E-4                  6.374813980037374E-6
1.326E-4                  6.2546727108584975E-6
1.327E-4                  6.13453144167963E-6
1.328E-4                  6.0143901725007785E-6
1.329E-4                  5.8942489033219414E-6
1.33E-4                   5.774107634143117E-6
1.3309999999999998E-4     5.732874563952597E-6
1.3319999999999999E-4     5.692684606347459E-6
1.333E-4                  5.652494648742309E-6
1.334E-4                  5.612304691137147E-6
1.335E-4                  5.5721147335319735E-6
1.336E-4                  5.531924775926786E-6
1.337E-4                  5.491734818321589E-6
1.338E-4                  5.451544860716377E-6
1.339E-4                  5.411354903111155E-6
1.34E-4                   5.37116494550592E-6
1.341E-4                  5.3309749879006724E-6
1.3419999999999998E-4     5.290785030295425E-6
1.3429999999999998E-4     5.250595072690153E-6
1.344E-4                  5.2104051150848695E-6
1.345E-4                  5.170215157479574E-6
1.346E-4                  5.1300251998742655E-6
1.347E-4                  5.089835242268946E-6
1.348E-4                  5.049645284663613E-6
1.349E-4                  5.0094553270582686E-6
1.35E-4                   4.969265369452913E-6
1.351E-4                  4.929075411847544E-6
1.352E-4                  4.888885454242163E-6
1.3529999999999998E-4     4.8486954966367795E-6
1.3539999999999998E-4     4.8085055390313755E-6
1.355E-4                  4.768315581425958E-6
1.356E-4                  4.7281256238205276E-6
1.357E-4                  4.687935666215088E-6
1.358E-4                  4.647745708609632E-6
1.359E-4                  4.607555751004166E-6
1.36E-4                   4.567365793398688E-6
1.361E-4                  4.527175835793198E-6
1.362E-4                  4.486985878187695E-6
1.363E-4                  4.44679592058218E-6
1.3639999999999998E-4     4.406605962976663E-6
1.3649999999999998E-4     4.3664160053711255E-6
1.3659999999999999E-4     4.326226047765574E-6
1.367E-4                  4.286036090160011E-6
1.368E-4                  4.245846132554436E-6
1.369E-4                  4.205656174948847E-6
1.37E-4                   4.1654662173432465E-6
1.371E-4                  4.125276259737636E-6
1.372E-4                  4.0850863021320115E-6
1.373E-4                  4.044896344526374E-6
1.374E-4                  4.004706386920726E-6
1.3749999999999998E-4     3.964516429315075E-6
1.3759999999999998E-4     3.9243264717094035E-6
1.3769999999999999E-4     3.884136514103718E-6
1.378E-4                  3.84394655649802E-6
1.379E-4                  3.803756598892311E-6
1.38E-4                   3.7635666412865892E-6
1.381E-4                  3.7233766836808553E-6
1.382E-4                  3.6831867260751103E-6
1.383E-4                  3.642996768469352E-6
1.384E-4                  3.6028068108635814E-6
1.385E-4                  3.562616853257799E-6
1.3859999999999998E-4     3.522426895652015E-6
1.3869999999999998E-4     3.482236938046208E-6
1.3879999999999999E-4     3.44204698044039E-6
1.389E-4                  3.401857022834559E-6
1.39E-4                   3.3616670652287156E-6
1.391E-4                  3.32147710762286E-6
1.392E-4                  3.2812871500169923E-6
1.393E-4                  3.2410971924111123E-6
1.394E-4                  3.2009072348052203E-6
1.395E-4                  3.160717277199317E-6
1.396E-4                  3.1205273195934005E-6
1.3969999999999998E-4     3.0803373619874827E-6
1.3979999999999998E-4     3.040147404381542E-6
1.3989999999999999E-4     2.999957446775589E-6
1.4E-4                    2.9597674891696244E-6
1.401E-4                  2.919577531563647E-6
1.402E-4                  2.879387573957658E-6
1.403E-4                  2.8391976163516564E-6
1.404E-4                  2.7990076587456425E-6
1.405E-4                  2.758817701139617E-6
1.406E-4                  2.718627743533579E-6
1.407E-4                  2.678437785927529E-6
1.408E-4                  2.6382478283214666E-6
1.4089999999999998E-4     2.5980578707154028E-6
1.4099999999999998E-4     2.5578679131093156E-6
1.411E-4                  2.517677955503217E-6
1.412E-4                  2.477487997897107E-6
1.413E-4                  2.4372980402909834E-6
1.414E-4                  2.3971080826848475E-6
1.415E-4                  2.3569181250787E-6
1.416E-4                  2.31672816747254E-6
1.417E-4                  2.2765382098663687E-6
1.418E-4                  2.2363482522601846E-6
1.419E-4                  2.196158294653989E-6
1.4199999999999998E-4     2.1559683370477913E-6
1.4209999999999998E-4     2.1157783794415703E-6
1.422E-4                  2.075588421835338E-6
1.423E-4                  2.035398464229093E-6
1.424E-4                  1.995208506622836E-6
1.425E-4                  1.9550185490165665E-6
1.426E-4                  1.9148285914102853E-6
1.427E-4                  1.8811307581939854E-6
1.428E-4                  1.870199965344372E-6
1.429E-4                  1.8592691724947607E-6
1.43E-4                   1.8483383796451523E-6
1.4309999999999998E-4     1.8374075867955481E-6
1.4319999999999998E-4     1.8264767939459437E-6
1.433E-4                  1.8155460010963414E-6
1.434E-4                  1.804615208246741E-6
1.435E-4                  1.7936844153971434E-6
1.436E-4                  1.7827536225475475E-6
1.437E-4                  1.7718228296979543E-6
1.438E-4                  1.760892036848363E-6
1.439E-4                  1.749961243998774E-6
1.44E-4                   1.739030451149187E-6
1.441E-4                  1.7280996582996026E-6
1.4419999999999998E-4     1.7171688654500234E-6
1.4429999999999998E-4     1.7062380726004433E-6
1.4439999999999999E-4     1.6953072797508654E-6
1.445E-4                  1.6843764869012898E-6
1.446E-4                  1.6734456940517161E-6
1.447E-4                  1.662514901202145E-6
1.448E-4                  1.6515841083525763E-6
1.449E-4                  1.6406533155030092E-6
1.45E-4                   1.6297225226534444E-6
1.451E-4                  1.6187917298038824E-6
1.452E-4                  1.6078609369543222E-6
1.4529999999999998E-4     1.5969301441047672E-6
1.4539999999999998E-4     1.5859993512552117E-6
1.4549999999999999E-4     1.575068558405658E-6
1.456E-4                  1.5641377655561068E-6
1.457E-4                  1.553206972706558E-6
1.458E-4                  1.542276179857011E-6
1.459E-4                  1.5313453870074664E-6
1.46E-4                   1.520414594157924E-6
1.461E-4                  1.5094838013083838E-6
1.462E-4                  1.4985530084588462E-6
1.463E-4                  1.4876222156093104E-6
1.4639999999999998E-4     1.4766914227597799E-6
1.4649999999999998E-4     1.4657606299102483E-6
1.4659999999999999E-4     1.4548298370607195E-6
1.467E-4                  1.4438990442111926E-6
1.468E-4                  1.4329682513616678E-6
1.469E-4                  1.4220374585121458E-6
1.47E-4                   1.4111066656626253E-6
1.471E-4                  1.4001758728131075E-6
1.472E-4                  1.389245079963592E-6
1.473E-4                  1.378314287114078E-6
1.474E-4                  1.367383494264567E-6
1.4749999999999998E-4     1.356452701415061E-6
1.4759999999999998E-4     1.345521908565554E-6
1.4769999999999999E-4     1.3345911157160492E-6
1.478E-4                  1.3236603228665473E-6
1.479E-4                  1.3127295300170467E-6
1.48E-4                   1.301798737167549E-6
1.481E-4                  1.2908679443180532E-6
1.482E-4                  1.2799371514685596E-6
1.483E-4                  1.2690063586190685E-6
1.484E-4                  1.258075565769579E-6
1.485E-4                  1.2471447729200926E-6
1.4859999999999998E-4     1.2362139800706108E-6
1.4869999999999998E-4     1.2252831872211284E-6
1.4879999999999998E-4     1.2143523943716483E-6
1.489E-4                  1.20342160152217E-6
1.49E-4                   1.192490808672694E-6
1.491E-4                  1.1815600158232207E-6
1.492E-4                  1.1706292229737495E-6
1.493E-4                  1.1596984301242804E-6
1.494E-4                  1.1487676372748132E-6
1.495E-4                  1.1378368444253486E-6
1.496E-4                  1.1269060515758863E-6
1.497E-4                  1.1159752587264265E-6
1.4979999999999998E-4     1.1050444658769714E-6
1.4989999999999998E-4     1.0941136730275152E-6
1.5E-4                    1.0831828801780618E-6
