% Model:              20230225_JW_4_20.mph
% Version:            COMSOL 5.6.0.401
% Date:               Feb 25 2023, 20:44
% Dimension:          1
% Nodes:              1501
% Expressions:        1
% Description:        点图
% X                       Height
0                         4.185841206610822
1.0E-7                    4.181928647208454
2.0E-7                    4.189324931256797
3.0E-7                    4.265801361206599
4.0E-7                    4.350971740416167
5.0E-7                    4.400151761914555
6.0E-7                    4.434289767859817
7.0E-7                    4.455668063224599
8.0E-7                    4.464169676304246
9.0E-7                    4.4623606235915165
1.0E-6                    4.4543193246619985
1.1E-6                    4.439934257211445
1.2E-6                    4.419035734329396
1.2999999999999998E-6     4.39364492330984
1.4E-6                    4.364746625242643
1.5E-6                    4.33288046099835
1.6E-6                    4.298719751214266
1.6999999999999998E-6     4.2630827460619845
1.8E-6                    4.226186074854997
1.9E-6                    4.188322719864079
2.0E-6                    4.149590218536835
2.1E-6                    4.110373340957483
2.2E-6                    4.070984856216827
2.3E-6                    4.031518228787146
2.4E-6                    3.992038257768531
2.4999999999999998E-6     3.952655718305132
2.5999999999999997E-6     3.913503845933832
2.7E-6                    3.8746694812944584
2.8E-6                    3.8358606614512842
2.8999999999999998E-6     3.7969984185450274
3.0E-6                    3.7570054509506363
3.1E-6                    3.7137826709525967
3.2E-6                    3.679203061648281
3.2999999999999997E-6     3.6453614988972123
3.3999999999999996E-6     3.6084289273514605
3.5E-6                    3.5725357935580146
3.6E-6                    3.5365988058836844
3.6999999999999997E-6     3.501006851557529
3.8E-6                    3.4658959818865136
3.9E-6                    3.4309294588727903
4.0E-6                    3.396398143126518
4.1E-6                    3.361929190662006
4.2E-6                    3.327849073285237
4.2999999999999995E-6     3.2941078809619713
4.4E-6                    3.260701044536272
4.5E-6                    3.227567647265164
4.6E-6                    3.194741761050014
4.7E-6                    3.1622485423130637
4.8E-6                    3.130183869207064
4.9E-6                    3.0960862952160793
4.9999999999999996E-6     3.066039490321867
5.0999999999999995E-6     3.0365219145010416
5.199999999999999E-6      3.005326139411419
5.3E-6                    2.9740215190662074
5.4E-6                    2.943747128862825
5.5E-6                    2.9137561188560746
5.6E-6                    2.8839499375692172
5.7E-6                    2.854456970777438
5.7999999999999995E-6     2.8253379985852902
5.899999999999999E-6      2.7969759418500764
6.0E-6                    2.7671343228978937
6.1E-6                    2.7385808639182923
6.2E-6                    2.711091906251189
6.3E-6                    2.6837166798961456
6.4E-6                    2.656180169527914
6.5E-6                    2.6291651877875695
6.5999999999999995E-6     2.6024105241463604
6.699999999999999E-6      2.5758822573416245
6.799999999999999E-6      2.5488130961536335
6.9E-6                    2.5226326561475134
7.0E-6                    2.4973503585656363
7.1E-6                    2.471863344179248
7.2E-6                    2.446644256857426
7.2999999999999996E-6     2.421718462474222
7.3999999999999995E-6     2.3969719735944244
7.499999999999999E-6      2.3724710231601622
7.6E-6                    2.3487152767004544
7.699999999999999E-6      2.3240809770050026
7.8E-6                    2.3000692587501357
7.899999999999999E-6      2.2766603300615236
8.0E-6                    2.2535152441693462
8.1E-6                    2.2303556355302594
8.2E-6                    2.2074909851877784
8.3E-6                    2.184965732857748
8.4E-6                    2.1625529761753617
8.5E-6                    2.140424322840754
8.599999999999999E-6      2.118333408643732
8.7E-6                    2.0970069661974526
8.8E-6                    2.075676676261068
8.9E-6                    2.054158036942756
9.0E-6                    2.0330622568346524
9.1E-6                    2.0121738053581906
9.2E-6                    1.9914961496654218
9.299999999999999E-6      1.971094622556382
9.4E-6                    1.9508762698814965
9.499999999999999E-6      1.9309672093642396
9.6E-6                    1.9109237418321385
9.7E-6                    1.8910402339808325
9.8E-6                    1.8718789599583407
9.9E-6                    1.8526861737751312
9.999999999999999E-6      1.8336951889484965
1.01E-5                   1.8149309655504
1.0199999999999999E-5     1.7962522209657685
1.03E-5                   1.7778329905043824
1.0399999999999999E-5     1.7595834716618157
1.05E-5                   1.741513240607459
1.06E-5                   1.7236337159891413
1.07E-5                   1.705935922873373
1.08E-5                   1.688414108441021
1.0899999999999999E-5     1.671074557206954
1.1E-5                    1.6539109779350871
1.1099999999999999E-5     1.6369208505895056
1.12E-5                   1.6201072339086817
1.13E-5                   1.6034575358292664
1.14E-5                   1.5869854746365994
1.15E-5                   1.5706736183012795
1.1599999999999999E-5     1.5545382956221772
1.17E-5                   1.5385714985822658
1.1799999999999999E-5     1.5232845309205243
1.19E-5                   1.5063856975202752
1.2E-5                    1.4904907264752847
1.21E-5                   1.4756498927551913
1.22E-5                   1.4608933811086187
1.2299999999999999E-5     1.4459757265616044
1.24E-5                   1.431102961387402
1.2499999999999999E-5     1.4165126768120224
1.26E-5                   1.4019761781799769
1.2699999999999999E-5     1.3876364086748314
1.28E-5                   1.3733690790390933
1.29E-5                   1.3592947467551522
1.3E-5                    1.3452929709244899
1.31E-5                   1.3315033866110886
1.3199999999999999E-5     1.3177868851163328
1.33E-5                   1.3041748838375593
1.3399999999999999E-5     1.2909286423094473
1.35E-5                   1.2777028978161484
1.3599999999999999E-5     1.2644708793834198
1.37E-5                   1.2514359657117666
1.38E-5                   1.2385749301122764
1.3899999999999999E-5     1.225806509582942
1.4E-5                    1.2131986349747785
1.4099999999999999E-5     1.2007287724193396
1.42E-5                   1.188368981040178
1.4299999999999999E-5     1.1761399675051363
1.44E-5                   1.1640397077851037
1.45E-5                   1.152053336310756
1.4599999999999999E-5     1.1402173149655452
1.47E-5                   1.128480610641624
1.4799999999999999E-5     1.116880150389499
1.49E-5                   1.1053894203397974
1.4999999999999999E-5     1.0940189357272703
1.51E-5                   1.0827533845754551
1.52E-5                   1.0715830402142401
1.53E-5                   1.0607668082948085
1.5399999999999998E-5     1.0498460370392768
1.55E-5                   1.0389458160019682
1.56E-5                   1.0282137483513443
1.57E-5                   1.0176373025264172
1.5799999999999998E-5     1.0071515351561793
1.59E-5                   0.9967710258142722
1.6E-5                    0.9865170178233527
1.61E-5                   0.9763494281660714
1.62E-5                   0.9663111203859869
1.63E-5                   0.9563780406342426
1.64E-5                   0.9465210597097992
1.6499999999999998E-5     0.9367770640641133
1.66E-5                   0.927132401761977
1.67E-5                   0.9175923618005606
1.68E-5                   0.9081416834203587
1.69E-5                   0.8988008372727695
1.7E-5                    0.8895472942315573
1.71E-5                   0.8803932427932983
1.7199999999999998E-5     0.8713262420600172
1.73E-5                   0.8623666090270806
1.74E-5                   0.8534867621006446
1.75E-5                   0.844699690597463
1.76E-5                   0.8360067401004108
1.77E-5                   0.8274143524138051
1.78E-5                   0.8188254809796738
1.7899999999999998E-5     0.8104107852819226
1.8E-5                    0.8020763455403718
1.81E-5                   0.793806497585085
1.82E-5                   0.7856213782864786
1.8299999999999998E-5     0.777524816313574
1.84E-5                   0.7695326152902764
1.85E-5                   0.7616015289509346
1.8599999999999998E-5     0.7537665146502436
1.87E-5                   0.7459962526463811
1.88E-5                   0.7383198692385253
1.89E-5                   0.7307167753182281
1.8999999999999998E-5     0.7231967285117804
1.91E-5                   0.7157538779732027
1.92E-5                   0.7083820525939404
1.9299999999999998E-5     0.701089494438898
1.94E-5                   0.6938644385781981
1.95E-5                   0.6867257570298206
1.96E-5                   0.6796575318019938
1.9699999999999998E-5     0.6726562415466583
1.98E-5                   0.6657172061844964
1.99E-5                   0.6589304207780072
1.9999999999999998E-5     0.6521264753788925
2.01E-5                   0.6453597075179138
2.02E-5                   0.6387018046155905
2.03E-5                   0.6321205759828387
2.0399999999999998E-5     0.6256077145949699
2.05E-5                   0.6191640926287554
2.06E-5                   0.6127806760745683
2.07E-5                   0.6064745300443747
2.0799999999999997E-5     0.6002285373121174
2.09E-5                   0.5940489870795559
2.1E-5                    0.587930011454693
2.1099999999999998E-5     0.5818773058991691
2.12E-5                   0.5758844193882106
2.13E-5                   0.569952070751158
2.14E-5                   0.5640862357626493
2.1499999999999997E-5     0.5582734729299702
2.16E-5                   0.5525264752429211
2.17E-5                   0.5468561029276569
2.1799999999999998E-5     0.541232755157028
2.19E-5                   0.5356549478374805
2.2E-5                    0.5301258550549358
2.21E-5                   0.5246548316812033
2.2199999999999998E-5     0.5192357671446686
2.23E-5                   0.5138674741198465
2.24E-5                   0.508565208238551
2.2499999999999998E-5     0.5033115953364725
2.26E-5                   0.49812948762394466
2.27E-5                   0.49302524628155614
2.28E-5                   0.4879210120250777
2.2899999999999998E-5     0.482919466275677
2.3E-5                    0.4779319386706386
2.31E-5                   0.473021105384133
2.3199999999999998E-5     0.4681454552786129
2.33E-5                   0.4633232988724486
2.34E-5                   0.4585565623849069
2.35E-5                   0.4538220645097353
2.3599999999999998E-5     0.44916395270269854
2.37E-5                   0.4445162365071292
2.38E-5                   0.4399596202813737
2.3899999999999998E-5     0.435403009028545
2.4E-5                    0.4309424587671558
2.41E-5                   0.4264916466290993
2.42E-5                   0.4221103751197969
2.4299999999999998E-5     0.417757015017207
2.44E-5                   0.4134548592593759
2.45E-5                   0.40920011725445893
2.4599999999999998E-5     0.4049766956826129
2.4699999999999997E-5     0.4008183691401784
2.48E-5                   0.3966718893669957
2.49E-5                   0.3926043584147722
2.4999999999999998E-5     0.3885368310500252
2.51E-5                   0.384557489307655
2.52E-5                   0.3805841745133167
2.53E-5                   0.37669031286265814
2.5399999999999997E-5     0.37281202179665374
2.55E-5                   0.368971047378625
2.56E-5                   0.36516037021358
2.5699999999999998E-5     0.36138925624917695
2.58E-5                   0.35765212193045876
2.59E-5                   0.35395752380300965
2.6E-5                    0.3503056145351934
2.6099999999999997E-5     0.3466938215689414
2.62E-5                   0.3431196433268448
2.63E-5                   0.33958551878371307
2.6399999999999998E-5     0.33608696966201623
2.65E-5                   0.33262530924287836
2.66E-5                   0.32919881406605334
2.67E-5                   0.32580849455238925
2.6799999999999998E-5     0.32245287219866986
2.69E-5                   0.3191306856701655
2.7E-5                    0.31584487285938057
2.7099999999999998E-5     0.3125895578889668
2.7199999999999997E-5     0.309372063692733
2.73E-5                   0.30618381691443974
2.74E-5                   0.30303176604557364
2.7499999999999998E-5     0.2999096117302185
2.76E-5                   0.29682112229520163
2.77E-5                   0.2937545652762144
2.7799999999999998E-5     0.29071863049667584
2.7899999999999997E-5     0.28770747194494173
2.8E-5                    0.2847421300488873
2.81E-5                   0.2818088957935994
2.8199999999999998E-5     0.27890775185285466
2.83E-5                   0.2760359678348948
2.84E-5                   0.27319256803940667
2.8499999999999998E-5     0.270380200207657
2.8599999999999997E-5     0.26759603530557335
2.87E-5                   0.26483964021094225
2.88E-5                   0.26211279567844636
2.8899999999999998E-5     0.2594119144797875
2.9E-5                    0.25674093966413397
2.91E-5                   0.25409650150819235
2.9199999999999998E-5     0.25147867153046694
2.9299999999999997E-5     0.24888947083180832
2.94E-5                   0.24632492774098377
2.95E-5                   0.24378842038197637
2.9599999999999998E-5     0.2412774190683778
2.97E-5                   0.23879053575625622
2.98E-5                   0.2363255620960059
2.99E-5                   0.2338912440089219
2.9999999999999997E-5     0.23148268945227585
3.01E-5                   0.22908802528911562
3.02E-5                   0.226721690755177
3.0299999999999998E-5     0.22437980265238444
3.04E-5                   0.22206936506098077
3.05E-5                   0.21978062156267122
3.06E-5                   0.21751594258286758
3.07E-5                   0.21527588041996806
3.0799999999999996E-5     0.21305780029312135
3.09E-5                   0.21086281031437037
3.1E-5                    0.20869385226961576
3.11E-5                   0.20654316010518953
3.12E-5                   0.20441894086752918
3.13E-5                   0.20231121535427016
3.14E-5                   0.20022573714886407
3.15E-5                   0.19816689574455204
3.1599999999999996E-5     0.19612387338138476
3.17E-5                   0.19410147404733746
3.18E-5                   0.19210585835837896
3.1899999999999996E-5     0.19012562372725228
3.2E-5                    0.18816495385288234
3.21E-5                   0.18623027997165778
3.22E-5                   0.18431063777649298
3.23E-5                   0.182410032704389
3.24E-5                   0.1805344479214058
3.25E-5                   0.17867350967274978
3.26E-5                   0.17683104004353617
3.2699999999999995E-5     0.17501285309599812
3.28E-5                   0.17320885947615436
3.29E-5                   0.1714225543611674
3.2999999999999996E-5     0.16966011965293634
3.31E-5                   0.16791139685464446
3.32E-5                   0.16617945963455913
3.3299999999999996E-5     0.16447106888361215
3.34E-5                   0.16277593995700823
3.35E-5                   0.16109674854251438
3.36E-5                   0.1594407056707032
3.37E-5                   0.15779751234122574
3.38E-5                   0.1561695026629723
3.39E-5                   0.15456278099876095
3.4E-5                    0.1529676881229487
3.4099999999999995E-5     0.15138367762827676
3.42E-5                   0.1498134846431187
3.43E-5                   0.1482676019278414
3.4399999999999996E-5     0.14673560121031462
3.45E-5                   0.14521840190026977
3.46E-5                   0.14371803282429169
3.4699999999999996E-5     0.14224213670244212
3.48E-5                   0.14077587016759902
3.49E-5                   0.13932760480125553
3.5E-5                    0.13789211716913627
3.51E-5                   0.13647286078861046
3.52E-5                   0.13506905038032915
3.53E-5                   0.13367802370770493
3.54E-5                   0.13230078438528486
3.5499999999999996E-5     0.13093702466709642
3.56E-5                   0.12958759751452395
3.57E-5                   0.12825401566985487
3.5799999999999996E-5     0.12693360134338685
3.59E-5                   0.12563114974424103
3.6E-5                    0.12433800313457315
3.6099999999999997E-5     0.12305265779207722
3.62E-5                   0.12179070392644757
3.63E-5                   0.12052875016074605
3.64E-5                   0.11929390792896778
3.65E-5                   0.11806244308984139
3.6599999999999995E-5     0.11684671473278406
3.67E-5                   0.1156450335361907
3.68E-5                   0.11444819919548414
3.6899999999999996E-5     0.11327545555486254
3.7E-5                    0.11210271200194791
3.71E-5                   0.1109638571372355
3.7199999999999996E-5     0.10983312668058236
3.73E-5                   0.10870239630154119
3.74E-5                   0.10757166599662947
3.75E-5                   0.10644551459409192
3.76E-5                   0.10536872512121175
3.77E-5                   0.10429193571939427
3.78E-5                   0.10321514638563146
3.79E-5                   0.1021383571169151
3.7999999999999995E-5     0.10108023257896516
3.81E-5                   0.10005484006720673
3.82E-5                   0.09902944761736052
3.8299999999999996E-5     0.0980040552268295
3.84E-5                   0.09697866289301647
3.85E-5                   0.09599922963268386
3.8599999999999996E-5     0.09504549019057805
3.87E-5                   0.09409175079854114
3.88E-5                   0.09313801145448308
3.89E-5                   0.092184272156314
3.9E-5                    0.0912305329019437
3.9099999999999995E-5     0.09027679368928225
3.92E-5                   0.08932305451623951
3.93E-5                   0.08836931538072546
3.9399999999999995E-5     0.0874331752143726
3.95E-5                   0.08656834689562609
3.96E-5                   0.08570351861959463
3.9699999999999996E-5     0.08483869038472007
3.98E-5                   0.08397386218944414
3.99E-5                   0.08310903403220866
3.9999999999999996E-5     0.08224420591145545
4.01E-5                   0.08137937782562618
4.02E-5                   0.08051454977316266
4.03E-5                   0.07964972175250674
4.04E-5                   0.07884573084361149
4.0499999999999995E-5     0.0780615388536297
4.06E-5                   0.07727734689423375
4.07E-5                   0.07649315496426196
4.0799999999999996E-5     0.07570896306255268
4.09E-5                   0.07492477118794408
4.1E-5                    0.07414057933927452
4.1099999999999996E-5     0.07335638751538232
4.12E-5                   0.07257219571510562
4.13E-5                   0.07182055257025773
4.14E-5                   0.07114102139756413
4.15E-5                   0.07046149024463594
4.1599999999999995E-5     0.06978195911071731
4.17E-5                   0.06910242799505226
4.18E-5                   0.06842289689688488
4.1899999999999995E-5     0.06774336581545932
4.2E-5                    0.06706383475001956
4.21E-5                   0.06638430369980973
4.2199999999999996E-5     0.06570477266407393
4.23E-5                   0.06502524164205617
4.24E-5                   0.0643457106330005
4.2499999999999996E-5     0.06366617963615111
4.26E-5                   0.06298664865075192
4.27E-5                   0.06230711767604707
4.28E-5                   0.06162758671128064
4.29E-5                   0.06094805575569662
4.2999999999999995E-5     0.06026852480853913
4.31E-5                   0.059588993869052156
4.32E-5                   0.058960784918949315
4.3299999999999995E-5     0.058402283508953795
4.34E-5                   0.05784378211570044
4.35E-5                   0.057285280738769755
4.3599999999999996E-5     0.05672677937774228
4.37E-5                   0.0561682780321984
4.38E-5                   0.055609776701718655
4.3899999999999996E-5     0.0550512753858836
4.4E-5                    0.05449277408427359
4.41E-5                   0.05393427279646919
4.42E-5                   0.0533757715220509
4.43E-5                   0.05281727026059912
4.4399999999999995E-5     0.05225876901169441
4.45E-5                   0.0517002677749172
4.46E-5                   0.05114176654984797
4.4699999999999996E-5     0.050583265336067246
4.48E-5                   0.050024764133155424
4.49E-5                   0.04946626294069305
4.4999999999999996E-5     0.048907761758260594
4.51E-5                   0.048402896827319034
4.52E-5                   0.047944258682536836
4.5299999999999997E-5     0.04748562054436783
4.54E-5                   0.04702698241257915
4.5499999999999995E-5     0.046568344286938124
4.56E-5                   0.04610970616721191
4.57E-5                   0.045651068053167806
4.5799999999999995E-5     0.04519242994457306
4.59E-5                   0.04473379184119488
4.6E-5                    0.044275153742800506
4.6099999999999996E-5     0.0438165156491572
4.62E-5                   0.043357877560032176
4.63E-5                   0.04289923947519268
4.6399999999999996E-5     0.042440601394405995
4.65E-5                   0.04198196331743929
4.66E-5                   0.04152332524405982
4.67E-5                   0.04106468717403487
4.68E-5                   0.04060604910713161
4.6899999999999995E-5     0.04014741104311734
4.7E-5                    0.039741321144206566
4.71E-5                   0.03936350762973355
4.7199999999999995E-5     0.038985694119394204
4.73E-5                   0.0386078806130589
4.74E-5                   0.03823006711059813
4.7499999999999996E-5     0.037852253611882325
4.76E-5                   0.03747444011678189
4.77E-5                   0.03709662662516729
4.7799999999999996E-5     0.03671881313690898
4.79E-5                   0.03634099965187738
4.8E-5                    0.03596318616994291
4.81E-5                   0.03558537269097606
4.82E-5                   0.035207559214847216
4.8299999999999995E-5     0.034829745741426874
4.84E-5                   0.0344519322705854
4.85E-5                   0.03407411880219329
4.8599999999999995E-5     0.033696305336120974
4.87E-5                   0.033318491872238856
4.88E-5                   0.03294067841041741
4.8899999999999996E-5     0.032615259504557896
4.9E-5                    0.03230609683320247
4.91E-5                   0.03199693416426625
4.9199999999999997E-5     0.031687771497677826
4.93E-5                   0.0313786088333657
4.9399999999999995E-5     0.03106944617125847
4.95E-5                   0.030760283511284663
4.96E-5                   0.030451120853372853
4.9699999999999995E-5     0.030141958197451604
4.98E-5                   0.029832795543449434
4.99E-5                   0.02952363289129492
4.9999999999999996E-5     0.02921447024091664
5.01E-5                   0.0289053075922431
5.02E-5                   0.02859614494520288
5.0299999999999996E-5     0.028286982299724563
5.04E-5                   0.02797781965573665
5.05E-5                   0.027668657013167723
5.06E-5                   0.027359494371946347
5.07E-5                   0.02705033173200105
5.0799999999999995E-5     0.026788155710296035
5.09E-5                   0.02653261503636705
5.1E-5                    0.026277074363295173
5.1099999999999995E-5     0.026021533691040297
5.12E-5                   0.025765993019562287
5.13E-5                   0.025510452348821048
5.1399999999999996E-5     0.02525491167877647
5.15E-5                   0.024999371009388413
5.16E-5                   0.024743830340616776
5.1699999999999996E-5     0.024488289672421473
5.18E-5                   0.02423274900476234
5.1899999999999994E-5     0.023977208337599306
5.2E-5                    0.02372166767089222
5.21E-5                   0.023466127004600993
5.2199999999999995E-5     0.02321058633868552
5.23E-5                   0.022955045673105655
5.24E-5                   0.02269950500782129
5.2499999999999995E-5     0.02244396434279235
5.26E-5                   0.02218842367797867
5.27E-5                   0.021978824596331412
5.2799999999999996E-5     0.02176972194467069
5.29E-5                   0.021560619293745264
5.3E-5                    0.021351516643533176
5.3099999999999996E-5     0.02114241399401246
5.32E-5                   0.020933311345161135
5.3299999999999995E-5     0.02072420869695723
5.34E-5                   0.020515106049378756
5.35E-5                   0.020306003402403756
5.3599999999999995E-5     0.020096900756010266
5.37E-5                   0.019887798110176283
5.38E-5                   0.019678695464879856
5.3899999999999996E-5     0.01946959282009902
5.4E-5                    0.019260490175811776
5.41E-5                   0.019051387531996148
5.4199999999999996E-5     0.018842284888630205
5.43E-5                   0.018633182245691934
5.4399999999999994E-5     0.018424079603159376
5.4499999999999997E-5     0.01821883443862285
5.46E-5                   0.01804741617345361
5.4699999999999995E-5     0.017875997908682134
5.48E-5                   0.01770457964429613
5.49E-5                   0.01753316138028335
5.4999999999999995E-5     0.01736174311663154
5.51E-5                   0.017190324853328418
5.52E-5                   0.017018906590361736
5.5299999999999996E-5     0.016847488327719234
5.54E-5                   0.016676070065388633
5.55E-5                   0.01650465180335767
5.5599999999999996E-5     0.016333233541614107
5.57E-5                   0.01616181528014565
5.5799999999999994E-5     0.015990397018940058
5.59E-5                   0.01581897875798505
5.6E-5                    0.015647560497268374
5.6099999999999995E-5     0.015476142236777778
5.62E-5                   0.015304723976500964
5.63E-5                   0.015133305716425703
5.6399999999999995E-5     0.014967879257394333
5.65E-5                   0.014824276057086493
5.66E-5                   0.014680672856613414
5.6699999999999996E-5     0.014537069655968115
5.68E-5                   0.014393466455143599
5.69E-5                   0.014249863254132886
5.6999999999999996E-5     0.014106260052929
5.71E-5                   0.013962656851524943
5.7199999999999994E-5     0.013819053649913747
5.73E-5                   0.013675450448088414
5.74E-5                   0.013531847246041957
5.7499999999999995E-5     0.013388244043767416
5.76E-5                   0.013244640841257777
5.77E-5                   0.01310103763850607
5.7799999999999995E-5     0.012957434435505318
5.79E-5                   0.01281383123224852
5.8E-5                    0.012670228028728697
5.8099999999999996E-5     0.01252662482493888
5.82E-5                   0.012383021620872067
5.8299999999999994E-5     0.012249740841171393
5.8399999999999997E-5     0.012137563543110711
5.85E-5                   0.01202538624561175
5.8599999999999995E-5     0.011913208948671013
5.87E-5                   0.01180103165228499
5.88E-5                   0.011688854356450182
5.8899999999999995E-5     0.011576677061163105
5.9E-5                    0.01146449976642024
5.91E-5                   0.011352322472218093
5.9199999999999996E-5     0.011240145178553174
5.93E-5                   0.011127967885421966
5.94E-5                   0.01101579059282098
5.9499999999999996E-5     0.01090361330074672
5.96E-5                   0.01079143600919568
5.9699999999999994E-5     0.010679258718164362
5.98E-5                   0.010567081427649262
5.99E-5                   0.010454904137646881
5.9999999999999995E-5     0.010342726848153731
6.01E-5                   0.010230549559166293
6.02E-5                   0.010123254506246543
6.0299999999999995E-5     0.01002213496792702
6.04E-5                   0.009921015428346946
6.05E-5                   0.009819895887503661
6.0599999999999996E-5     0.009718776345394508
6.07E-5                   0.009617656802016808
6.08E-5                   0.009516537257367903
6.0899999999999996E-5     0.009415417711445133
6.1E-5                    0.009314298164245822
6.11E-5                   0.009213178615767316
6.12E-5                   0.00911205906600694
6.13E-5                   0.009010939514962032
6.14E-5                   0.00890981996262993
6.149999999999999E-5      0.008812583987039236
6.159999999999999E-5      0.00871699235623734
6.17E-5                   0.008621400726797032
6.18E-5                   0.008525809098716688
6.19E-5                   0.0084302174719947
6.2E-5                    0.008334625846629454
6.209999999999999E-5      0.008239034222619354
6.22E-5                   0.008143442599962757
6.23E-5                   0.008051731364508293
6.24E-5                   0.007977506258953401
6.25E-5                   0.007903281152556774
6.26E-5                   0.007829056045317256
6.269999999999999E-5      0.007754830937233697
6.28E-5                   0.007680605828304919
6.29E-5                   0.007606380718529775
6.3E-5                    0.0075321556079071044
6.31E-5                   0.007456072176977526
6.319999999999999E-5      0.007379187800743339
6.33E-5                   0.0073023034250562354
6.34E-5                   0.007225419049915011
6.35E-5                   0.007148534675318459
6.36E-5                   0.007071650301265367
6.37E-5                   0.006995929076075103
6.379999999999999E-5      0.0069208005234415206
6.39E-5                   0.006845671970851538
6.4E-5                    0.006770543418304425
6.41E-5                   0.006695414865799438
6.42E-5                   0.006628605587280677
6.429999999999999E-5      0.006565715327453204
6.44E-5                   0.006502825067113813
6.45E-5                   0.006439934806261668
6.46E-5                   0.006374842072366899
6.47E-5                   0.006306895161416669
6.48E-5                   0.006238948251317146
6.489999999999999E-5      0.006171001342067686
6.5E-5                    0.006106106136211693
6.51E-5                   0.006042504281542723
6.52E-5                   0.005978902426020565
6.53E-5                   0.005916869346844237
6.539999999999999E-5      0.005857848650272794
6.549999999999999E-5      0.0057988279545179945
6.56E-5                   0.005739362759603384
6.57E-5                   0.005678946603375074
6.58E-5                   0.005618530446709949
6.59E-5                   0.005559429805165703
6.599999999999999E-5      0.005503478710561194
6.61E-5                   0.005447527616163422
6.62E-5                   0.005391809887247021
6.63E-5                   0.005336720823684118
6.64E-5                   0.005281631760167617
6.65E-5                   0.005226843348900782
6.659999999999999E-5      0.005172972450786201
6.67E-5                   0.005119101552482612
6.68E-5                   0.005065789470867723
6.69E-5                   0.005014425613983827
6.7E-5                    0.004963061757406573
6.709999999999999E-5      0.004911904763092988
6.72E-5                   0.004861580463684396
6.73E-5                   0.004811256163978768
6.74E-5                   0.004761221073358296
6.75E-5                   0.004712548623696372
6.76E-5                   0.004663876174319644
6.769999999999999E-5      0.0046154513862804265
6.78E-5                   0.004568417192620107
6.79E-5                   0.004521382998753638
6.8E-5                    0.004474517814412758
6.81E-5                   0.004428811632256221
6.819999999999999E-5      0.004383105450243257
6.829999999999999E-5      0.004337543262005435
6.84E-5                   0.004293230250628617
6.85E-5                   0.0042489172391870595
6.86E-5                   0.004204722962988772
6.87E-5                   0.004161904448018231
6.879999999999999E-5      0.004119085933062873
6.89E-5                   0.004076369201451527
6.9E-5                    0.00403538330166217
6.91E-5                   0.003994397401888492
6.92E-5                   0.003953411502130331
6.929999999999999E-5      0.00391242560238752
6.939999999999999E-5      0.003871439702659886
6.95E-5                   0.00383047348813495
6.96E-5                   0.003792036466139063
6.97E-5                   0.0037535994441283706
6.98E-5                   0.003715162422102737
6.989999999999999E-5      0.0036767254000620313
7.0E-5                    0.003638288378006106
7.01E-5                   0.0035998513559348314
7.02E-5                   0.0035636202359551027
7.03E-5                   0.0035274812530659036
7.04E-5                   0.0034913422701999806
7.049999999999999E-5      0.003455203287357225
7.06E-5                   0.003419064304537511
7.07E-5                   0.003382925321740732
7.08E-5                   0.003348799637004241
7.09E-5                   0.0033148680015521663
7.099999999999999E-5      0.0032809363660820925
7.11E-5                   0.003247004730593915
7.12E-5                   0.003213073095087546
7.13E-5                   0.00317914145956289
7.14E-5                   0.003147801264717303
7.15E-5                   0.0031168680361251294
7.159999999999999E-5      0.00308593480754319
7.17E-5                   0.003055001578971405
7.18E-5                   0.0030240683504097095
7.19E-5                   0.0029931351218580302
7.2E-5                    0.002962201893316296
7.209999999999999E-5      0.00293126866478444
7.219999999999999E-5      0.0029003354362623825
7.23E-5                   0.0028694022077500555
7.24E-5                   0.0028384689792473887
7.25E-5                   0.002807535750754311
7.26E-5                   0.002779401472489136
7.269999999999999E-5      0.002752109681599833
7.28E-5                   0.0027248178907057882
7.29E-5                   0.0026975260998069544
7.3E-5                    0.002670234308903285
7.31E-5                   0.0026429425179947275
7.319999999999999E-5      0.0026156507270812396
7.329999999999999E-5      0.0025883589361627647
7.34E-5                   0.002561067145239257
7.35E-5                   0.0025337753543106674
7.36E-5                   0.0025064835633769465
7.37E-5                   0.0024791917724380466
7.379999999999999E-5      0.002454069395278219
7.39E-5                   0.0024300010774315314
7.4E-5                    0.0024059327595901676
7.41E-5                   0.0023818644417540947
7.42E-5                   0.002357796123923279
7.429999999999999E-5      0.0023337278060976884
7.439999999999999E-5      0.0023096594882772857
7.45E-5                   0.002285591170462039
7.46E-5                   0.0022615228526519154
7.47E-5                   0.0022374545348468797
7.48E-5                   0.0022133862170469008
7.489999999999999E-5      0.002189317899251946
7.5E-5                    0.0021675644324888254
7.51E-5                   0.0021475054077431644
7.52E-5                   0.0021274463829966295
7.53E-5                   0.0021073873582492025
7.54E-5                   0.0020873283335008626
7.549999999999999E-5      0.0020672693087515942
7.56E-5                   0.002047210284001372
7.57E-5                   0.0020271512592501782
7.58E-5                   0.002007092234497995
7.59E-5                   0.001987033209744802
7.599999999999999E-5      0.001966974184990583
7.609999999999999E-5      0.0019469151602353122
7.62E-5                   0.0019268561354789744
7.63E-5                   0.0019067971107215483
7.64E-5                   0.0018867380859630158
7.65E-5                   0.0018666790612033575
7.659999999999999E-5      0.0018466200364425558
7.67E-5                   0.0018265610116805862
7.68E-5                   0.0018065019869174328
7.69E-5                   0.001786442962153074
7.7E-5                    0.001766383937387493
7.709999999999999E-5      0.0017463249126206714
7.719999999999999E-5      0.0017262658878525847
7.73E-5                   0.0017062068630832165
7.74E-5                   0.0016878730957532694
7.75E-5                   0.00167228244654974
7.76E-5                   0.0016566917973474316
7.769999999999999E-5      0.0016411011481463368
7.78E-5                   0.001625510498946442
7.79E-5                   0.0016099198497477407
7.8E-5                    0.0015943292005502231
7.81E-5                   0.001578738551353881
7.819999999999999E-5      0.0015631479021587069
7.829999999999999E-5      0.0015475572529646874
7.84E-5                   0.0015319666037718158
7.85E-5                   0.0015163759545800822
7.86E-5                   0.0015007853053894784
7.87E-5                   0.0014851946561999943
7.879999999999999E-5      0.0014696040070116244
7.89E-5                   0.001454013357824354
7.9E-5                    0.001438422708638176
7.91E-5                   0.0014228320594530824
7.92E-5                   0.0014072414102690633
7.93E-5                   0.0013916507610861096
7.939999999999999E-5      0.0013760601119042145
7.95E-5                   0.0013604694627233646
7.96E-5                   0.0013448788135435527
7.97E-5                   0.0013292881643647697
7.98E-5                   0.0013143735394534313
7.989999999999999E-5      0.0013022525902281006
7.999999999999999E-5      0.0012901316410024683
8.01E-5                   0.0012780106917765319
8.02E-5                   0.0012658897425502867
8.03E-5                   0.001253768793323729
8.04E-5                   0.001241647844096854
8.049999999999999E-5      0.001229526894869659
8.06E-5                   0.0012174059456421366
8.07E-5                   0.0012052849964142845
8.08E-5                   0.001193164047186098
8.09E-5                   0.0011810430979575727
8.099999999999999E-5      0.0011689221487287066
8.109999999999999E-5      0.0011568011994994912
8.12E-5                   0.0011446802502699247
8.13E-5                   0.001132559301040002
8.14E-5                   0.0011204383518097197
8.15E-5                   0.0011083174025790729
8.159999999999999E-5      0.001096196453348059
8.17E-5                   0.0010840755041166706
8.18E-5                   0.001071954554884905
8.19E-5                   0.0010598336056527576
8.2E-5                    0.0010477126564202245
8.209999999999999E-5      0.0010355917071873033
8.219999999999999E-5      0.0010234803989287733
8.23E-5                   0.0010140606877561142
8.24E-5                   0.0010046409765837496
8.25E-5                   9.952212654116765E-4
8.26E-5                   9.85801554239894E-4
8.269999999999999E-5      9.763818430684003E-4
8.28E-5                   9.669621318971912E-4
8.29E-5                   9.57542420726266E-4
8.3E-5                    9.481227095556229E-4
8.31E-5                   9.387029983852599E-4
8.319999999999999E-5      9.292832872151759E-4
8.329999999999999E-5      9.198635760453663E-4
8.34E-5                   9.104438648758308E-4
8.35E-5                   9.01024153706567E-4
8.36E-5                   8.916044425375733E-4
8.37E-5                   8.821847313688472E-4
8.379999999999999E-5      8.727650202003883E-4
8.389999999999999E-5      8.633453090321917E-4
8.4E-5                    8.539255978642571E-4
8.41E-5                   8.445058866965824E-4
8.42E-5                   8.350861755291653E-4
8.43E-5                   8.25666464362004E-4
8.439999999999999E-5      8.162467531950977E-4
8.45E-5                   8.068270420284419E-4
8.46E-5                   7.974073308620359E-4
8.47E-5                   7.902824460753581E-4
8.48E-5                   7.83687826210951E-4
8.489999999999999E-5      7.770932063465001E-4
8.499999999999999E-5      7.70498586482003E-4
8.51E-5                   7.639039666174599E-4
8.52E-5                   7.573093467528701E-4
8.53E-5                   7.507147268882331E-4
8.54E-5                   7.441201070235479E-4
8.549999999999999E-5      7.37525487158815E-4
8.56E-5                   7.309308672940316E-4
8.57E-5                   7.243362474291982E-4
8.58E-5                   7.17741627564314E-4
8.59E-5                   7.111470076993782E-4
8.599999999999999E-5      7.045523878343911E-4
8.609999999999999E-5      6.979577679693505E-4
8.62E-5                   6.913631481042559E-4
8.63E-5                   6.847685282391074E-4
8.64E-5                   6.781739083739038E-4
8.65E-5                   6.715792885086444E-4
8.659999999999999E-5      6.649846686433297E-4
8.669999999999999E-5      6.583900487779572E-4
8.68E-5                   6.517954289125267E-4
8.69E-5                   6.452008090470379E-4
8.7E-5                    6.386061891814901E-4
8.709999999999999E-5      6.320115693158832E-4
8.719999999999999E-5      6.254169494502152E-4
8.73E-5                   6.188223295844858E-4
8.74E-5                   6.122277097186946E-4
8.75E-5                   6.056330898528408E-4
8.76E-5                   5.990384699869238E-4
8.769999999999999E-5      5.924438501209437E-4
8.779999999999999E-5      5.85849230254898E-4
8.79E-5                   5.792546103887872E-4
8.8E-5                    5.726599905226102E-4
8.81E-5                   5.660653706563666E-4
8.82E-5                   5.594707507900556E-4
8.829999999999999E-5      5.528761309236773E-4
8.84E-5                   5.462815110572293E-4
8.85E-5                   5.39686891190712E-4
8.86E-5                   5.330922713241245E-4
8.87E-5                   5.26497651457466E-4
8.879999999999999E-5      5.199030315907369E-4
8.889999999999999E-5      5.133084117239348E-4
8.9E-5                    5.067137918570597E-4
8.91E-5                   5.001191719901109E-4
8.92E-5                   4.935245521230879E-4
8.93E-5                   4.8692993225598984E-4
8.939999999999999E-5      4.803353123888169E-4
8.95E-5                   4.748768323306176E-4
8.96E-5                   4.70925831661638E-4
8.97E-5                   4.669748309927001E-4
8.98E-5                   4.630238303238041E-4
8.989999999999999E-5      4.5907282965495036E-4
8.999999999999999E-5      4.5512182898613723E-4
9.01E-5                   4.511708283173657E-4
9.02E-5                   4.472198276486351E-4
9.03E-5                   4.432688269799456E-4
9.04E-5                   4.3931782631129705E-4
9.049999999999999E-5      4.353668256426897E-4
9.059999999999999E-5      4.3141582497412226E-4
9.07E-5                   4.274648243055954E-4
9.08E-5                   4.2351382363710875E-4
9.09E-5                   4.195628229686622E-4
9.099999999999999E-5      4.156118223002563E-4
9.109999999999999E-5      4.1166082163188953E-4
9.12E-5                   4.077098209635624E-4
9.13E-5                   4.037588202952749E-4
9.14E-5                   3.9980781962702675E-4
9.15E-5                   3.9585681895881785E-4
9.159999999999999E-5      3.9190581829064863E-4
9.169999999999999E-5      3.8795481762251763E-4
9.18E-5                   3.8400381695442555E-4
9.19E-5                   3.800528162863722E-4
9.2E-5                    3.761018156183571E-4
9.21E-5                   3.721508149503805E-4
9.219999999999999E-5      3.681998142824425E-4
9.23E-5                   3.642488136145422E-4
9.24E-5                   3.6029781294667963E-4
9.25E-5                   3.5634681227885497E-4
9.26E-5                   3.5239581161106777E-4
9.269999999999999E-5      3.4844481094331857E-4
9.279999999999999E-5      3.444938102756061E-4
9.29E-5                   3.405428096079308E-4
9.3E-5                    3.365918089402926E-4
9.31E-5                   3.326408082726912E-4
9.32E-5                   3.286898076051265E-4
9.329999999999999E-5      3.247388069375989E-4
9.34E-5                   3.2078780627010716E-4
9.35E-5                   3.168368056026517E-4
9.36E-5                   3.128858049352323E-4
9.37E-5                   3.0893480426784895E-4
9.379999999999999E-5      3.0498380360050194E-4
9.389999999999999E-5      3.0103280293319E-4
9.4E-5                    2.970818022659136E-4
9.41E-5                   2.9313080159867265E-4
9.42E-5                   2.891798009314668E-4
9.43E-5                   2.8530368904906606E-4
9.439999999999999E-5      2.829382413804601E-4
9.449999999999999E-5      2.805727937118438E-4
9.46E-5                   2.782073460432176E-4
9.47E-5                   2.7584189837458157E-4
9.48E-5                   2.734764507059355E-4
9.489999999999999E-5      2.711110030372798E-4
9.499999999999999E-5      2.687455553686136E-4
9.51E-5                   2.6638010769993744E-4
9.52E-5                   2.640146600312512E-4
9.53E-5                   2.6164921236255476E-4
9.54E-5                   2.592837646938482E-4
9.549999999999999E-5      2.5691831702513175E-4
9.559999999999999E-5      2.545528693564048E-4
9.57E-5                   2.521874216876675E-4
9.58E-5                   2.4982197401892E-4
9.59E-5                   2.4745652635016203E-4
9.6E-5                    2.450910786813938E-4
9.609999999999999E-5      2.4272563101261562E-4
9.62E-5                   2.4036018334382657E-4
9.63E-5                   2.379947356750271E-4
9.64E-5                   2.3562928800621713E-4
9.65E-5                   2.3326384033739667E-4
9.659999999999999E-5      2.3089839266856598E-4
9.669999999999999E-5      2.2853294499972437E-4
9.68E-5                   2.2616749733087217E-4
9.69E-5                   2.238020496620093E-4
9.7E-5                    2.2143660199313577E-4
9.71E-5                   2.1907115432425153E-4
9.719999999999999E-5      2.167057066553569E-4
9.73E-5                   2.1434025898645114E-4
9.74E-5                   2.119748113175346E-4
9.75E-5                   2.0960936364860724E-4
9.76E-5                   2.0724391597966903E-4
9.769999999999999E-5      2.0487846831072017E-4
9.779999999999999E-5      2.0251302064176012E-4
9.79E-5                   2.0014757297278908E-4
9.8E-5                    1.9778212530380704E-4
9.81E-5                   1.95416677634814E-4
9.82E-5                   1.9305122996580987E-4
9.829999999999999E-5      1.9068578229679503E-4
9.839999999999999E-5      1.8832033462776868E-4
9.85E-5                   1.8595488695873124E-4
9.86E-5                   1.8358943928968254E-4
9.87E-5                   1.8122399162062271E-4
9.879999999999999E-5      1.7885854395155188E-4
9.889999999999999E-5      1.764930962824695E-4
9.9E-5                    1.7412764861337576E-4
9.91E-5                   1.7176220094427072E-4
9.92E-5                   1.7002678361182814E-4
9.93E-5                   1.6860918169594083E-4
9.939999999999999E-5      1.6719157978005642E-4
9.949999999999999E-5      1.657739778641745E-4
9.96E-5                   1.6435637594829522E-4
9.97E-5                   1.6293877403241862E-4
9.98E-5                   1.6152117211654462E-4
9.989999999999999E-5      1.6010357020067352E-4
9.999999999999999E-5      1.586859682848048E-4
1.001E-4                  1.572683663689388E-4
1.002E-4                  1.5585076445307543E-4
1.003E-4                  1.544331625372146E-4
1.004E-4                  1.530155606213564E-4
1.0049999999999999E-4     1.5159795870550103E-4
1.0059999999999999E-4     1.5018035678964804E-4
1.007E-4                  1.4876275487379765E-4
1.008E-4                  1.473451529579499E-4
1.009E-4                  1.4592755104210462E-4
1.01E-4                   1.4450994912626198E-4
1.0109999999999999E-4     1.4309234721042208E-4
1.012E-4                  1.4167474529458454E-4
1.013E-4                  1.4025714337874957E-4
1.014E-4                  1.388395414629171E-4
1.015E-4                  1.3742193954708722E-4
1.0159999999999999E-4     1.3600433763126003E-4
1.0169999999999999E-4     1.3458673571543518E-4
1.018E-4                  1.3316913379961284E-4
1.019E-4                  1.3175153188379302E-4
1.02E-4                   1.303339299679757E-4
1.021E-4                  1.2891632805216082E-4
1.0219999999999999E-4     1.2749872613634873E-4
1.0229999999999999E-4     1.2608112422053883E-4
1.024E-4                  1.2466352230473146E-4
1.025E-4                  1.2324592038892652E-4
1.026E-4                  1.218283184731241E-4
1.0269999999999999E-4     1.2041071655732428E-4
1.0279999999999999E-4     1.1899311464152674E-4
1.029E-4                  1.1757551272573163E-4
1.03E-4                   1.1615791080993892E-4
1.031E-4                  1.1474030889414867E-4
1.032E-4                  1.1332270697836086E-4
1.0329999999999999E-4     1.1190510506257563E-4
1.0339999999999999E-4     1.104875031467926E-4
1.035E-4                  1.09069901231012E-4
1.036E-4                  1.0765229931523378E-4
1.037E-4                  1.0623469739945797E-4
1.0379999999999999E-4     1.048170954836847E-4
1.0389999999999999E-4     1.0339949356791361E-4
1.04E-4                   1.021820262759083E-4
1.041E-4                  1.0147371348378466E-4
1.042E-4                  1.0076540069166049E-4
1.043E-4                  1.0005708789953579E-4
1.0439999999999999E-4     9.934877510741064E-5
1.0449999999999999E-4     9.864046231528483E-5
1.046E-4                  9.793214952315849E-5
1.047E-4                  9.72238367310316E-5
1.048E-4                  9.651552393890418E-5
1.049E-4                  9.58072111467762E-5
1.0499999999999999E-4     9.509889835464782E-5
1.051E-4                  9.439058556251873E-5
1.052E-4                  9.368227277038912E-5
1.053E-4                  9.297395997825896E-5
1.054E-4                  9.226564718612825E-5
1.0549999999999999E-4     9.155733439399706E-5
1.0559999999999999E-4     9.084902160186526E-5
1.057E-4                  9.014070880973289E-5
1.058E-4                  8.943239601759996E-5
1.059E-4                  8.872408322546649E-5
1.06E-4                   8.801577043333245E-5
1.0609999999999999E-4     8.730745764119795E-5
1.0619999999999999E-4     8.659914484906281E-5
1.063E-4                  8.58908320569271E-5
1.064E-4                  8.518251926479085E-5
1.065E-4                  8.447420647265402E-5
1.0659999999999999E-4     8.376589368051675E-5
1.0669999999999999E-4     8.305758088837881E-5
1.068E-4                  8.23492680962403E-5
1.069E-4                  8.164095530410122E-5
1.07E-4                   8.093264251196161E-5
1.071E-4                  8.02243297198214E-5
1.0719999999999999E-4     7.951601692768075E-5
1.0729999999999999E-4     7.88077041355394E-5
1.074E-4                  7.809939134339752E-5
1.075E-4                  7.739107855125506E-5
1.076E-4                  7.668276575911204E-5
1.0769999999999999E-4     7.597445296696853E-5
1.0779999999999999E-4     7.526614017482435E-5
1.079E-4                  7.455782738267962E-5
1.08E-4                   7.384951459053429E-5
1.081E-4                  7.314120179838841E-5
1.082E-4                  7.243288900624194E-5
1.0829999999999999E-4     7.172457621409504E-5
1.0839999999999999E-4     7.10162634219474E-5
1.085E-4                  7.03079506297992E-5
1.086E-4                  6.959963783765044E-5
1.087E-4                  6.88913250455011E-5
1.0879999999999999E-4     6.818301225335128E-5
1.0889999999999999E-4     6.747469946120076E-5
1.0899999999999999E-4     6.676638666904969E-5
1.091E-4                  6.605807387689802E-5
1.092E-4                  6.534976108474576E-5
1.093E-4                  6.464144829259293E-5
1.0939999999999999E-4     6.39331355004396E-5
1.0949999999999999E-4     6.32248227082856E-5
1.096E-4                  6.251650991613102E-5
1.097E-4                  6.180819712397586E-5
1.098E-4                  6.10998843318201E-5
1.099E-4                  6.039157153966374E-5
1.0999999999999999E-4     5.9683258747506884E-5
1.1009999999999999E-4     5.897494595534937E-5
1.102E-4                  5.8266633163191244E-5
1.103E-4                  5.755832037103252E-5
1.104E-4                  5.685000757887321E-5
1.1049999999999999E-4     5.614169478671343E-5
1.1059999999999999E-4     5.543338199455293E-5
1.107E-4                  5.472506920239183E-5
1.108E-4                  5.4016756410230146E-5
1.109E-4                  5.330844361806788E-5
1.11E-4                   5.260013082590498E-5
1.1109999999999999E-4     5.189181803374159E-5
1.1119999999999999E-4     5.1183505241577526E-5
1.113E-4                  5.047519244941283E-5
1.114E-4                  4.976687965724754E-5
1.115E-4                  4.9058566865081666E-5
1.1159999999999999E-4     4.835025407291527E-5
1.1169999999999999E-4     4.7641941280748184E-5
1.118E-4                  4.6933628488580494E-5
1.119E-4                  4.622531569641218E-5
1.12E-4                   4.5517002904243284E-5
1.121E-4                  4.480869011207376E-5
1.1219999999999999E-4     4.410037731990372E-5
1.1229999999999999E-4     4.339206452773299E-5
1.124E-4                  4.268375173556165E-5
1.125E-4                  4.1975438943389696E-5
1.126E-4                  4.1267126151217134E-5
1.1269999999999999E-4     4.055881335904405E-5
1.1279999999999999E-4     3.985050056687026E-5
1.1289999999999999E-4     3.914218777469585E-5
1.13E-4                   3.843387498252083E-5
1.131E-4                  3.772556219034519E-5
1.132E-4                  3.7017249398168934E-5
1.1329999999999999E-4     3.6308936605992164E-5
1.1339999999999999E-4     3.560062381381466E-5
1.135E-4                  3.489231102163656E-5
1.136E-4                  3.418399822945783E-5
1.137E-4                  3.3720524284316525E-5
1.138E-4                  3.348570282901136E-5
1.1389999999999999E-4     3.325088137370637E-5
1.1399999999999999E-4     3.3016059918401475E-5
1.141E-4                  3.2781238463096705E-5
1.142E-4                  3.254641700779206E-5
1.143E-4                  3.231159555248754E-5
1.1439999999999999E-4     3.207677409718317E-5
1.1449999999999999E-4     3.184195264187891E-5
1.146E-4                  3.160713118657477E-5
1.147E-4                  3.137230973127075E-5
1.148E-4                  3.113748827596687E-5
1.149E-4                  3.090266682066311E-5
1.1499999999999999E-4     3.06678453653595E-5
1.1509999999999999E-4     3.0433023910055998E-5
1.152E-4                  3.019820245475261E-5
1.153E-4                  2.996338099944935E-5
1.154E-4                  2.9728559544146223E-5
1.1549999999999999E-4     2.9493738088843242E-5
1.1559999999999999E-4     2.9258916633540362E-5
1.157E-4                  2.9024095178237618E-5
1.158E-4                  2.8789273722934985E-5
1.159E-4                  2.8554452267632482E-5
1.16E-4                   2.8319630812330107E-5
1.1609999999999999E-4     2.8084809357027888E-5
1.1619999999999999E-4     2.7849987901725767E-5
1.163E-4                  2.7615166446423765E-5
1.164E-4                  2.7380344991121888E-5
1.165E-4                  2.7145523535820143E-5
1.1659999999999999E-4     2.6910702080518554E-5
1.1669999999999999E-4     2.667588062521706E-5
1.1679999999999999E-4     2.6441059169915688E-5
1.169E-4                  2.6206237714614445E-5
1.17E-4                   2.5971416259313323E-5
1.171E-4                  2.573659480401233E-5
1.1719999999999999E-4     2.5501773348711494E-5
1.1729999999999999E-4     2.526695189341075E-5
1.174E-4                  2.503213043811014E-5
1.175E-4                  2.4797308982809638E-5
1.176E-4                  2.4562487527509275E-5
1.177E-4                  2.4327666072209035E-5
1.1779999999999999E-4     2.409284461690895E-5
1.1789999999999999E-4     2.3858023161608964E-5
1.18E-4                   2.362320170630909E-5
1.181E-4                  2.3388380251009354E-5
1.182E-4                  2.3153558795709744E-5
1.1829999999999999E-4     2.2918737340410282E-5
1.1839999999999999E-4     2.2683915885110916E-5
1.185E-4                  2.2449094429811675E-5
1.186E-4                  2.221427297451256E-5
1.187E-4                  2.1979451519213573E-5
1.188E-4                  2.1744630063914705E-5
1.1889999999999999E-4     2.1509808608616E-5
1.1899999999999999E-4     2.127498715331738E-5
1.191E-4                  2.104016569801889E-5
1.192E-4                  2.0805344242720526E-5
1.193E-4                  2.0570522787422288E-5
1.1939999999999999E-4     2.0335701332124195E-5
1.1949999999999999E-4     2.0100879876826208E-5
1.196E-4                  1.9866058421528343E-5
1.197E-4                  1.9631236966230603E-5
1.198E-4                  1.939641551093298E-5
1.199E-4                  1.9161594055635492E-5
1.1999999999999999E-4     1.8926772600338155E-5
1.2009999999999999E-4     1.8691951145040913E-5
1.202E-4                  1.845712968974379E-5
1.203E-4                  1.82223082344468E-5
1.204E-4                  1.798748677914993E-5
1.2049999999999999E-4     1.7752665323853216E-5
1.2059999999999999E-4     1.7517843868556594E-5
1.2069999999999999E-4     1.72830224132601E-5
1.208E-4                  1.7048200957963727E-5
1.209E-4                  1.681337950266748E-5
1.21E-4                   1.6578558047371357E-5
1.2109999999999999E-4     1.634373659207539E-5
1.2119999999999999E-4     1.6108915136779512E-5
1.213E-4                  1.587409368148376E-5
1.214E-4                  1.563927222618814E-5
1.215E-4                  1.540445077089263E-5
1.216E-4                  1.5169629315597253E-5
1.2169999999999999E-4     1.4934807860302032E-5
1.2179999999999999E-4     1.4699986405006901E-5
1.219E-4                  1.4465164949711892E-5
1.22E-4                   1.4230343494417012E-5
1.2209999999999999E-4     1.3995522039122282E-5
1.222E-4                  1.376070058382765E-5
1.223E-4                  1.352587912853314E-5
1.224E-4                  1.3291057673238754E-5
1.225E-4                  1.3056236217944492E-5
1.226E-4                  1.2821414762650353E-5
1.227E-4                  1.2586593307356334E-5
1.228E-4                  1.2351771852062442E-5
1.229E-4                  1.2116950396768675E-5
1.2299999999999998E-4     1.1882128941475096E-5
1.2309999999999998E-4     1.1647307486181572E-5
1.2319999999999999E-4     1.1412486030888172E-5
1.233E-4                  1.1177664575594901E-5
1.234E-4                  1.1061710563232544E-5
1.235E-4                  1.0984952712043193E-5
1.236E-4                  1.0908194860853821E-5
1.237E-4                  1.0831437009664428E-5
1.238E-4                  1.0754679158475007E-5
1.239E-4                  1.0677921307285568E-5
1.24E-4                   1.0601163456096108E-5
1.241E-4                  1.0524405604906627E-5
1.2419999999999998E-4     1.0447647753717142E-5
1.2429999999999999E-4     1.0370889902527613E-5
1.244E-4                  1.0294132051338063E-5
1.245E-4                  1.021737420014849E-5
1.246E-4                  1.0140616348958897E-5
1.247E-4                  1.006385849776928E-5
1.248E-4                  9.987100646579642E-6
1.249E-4                  9.91034279538998E-6
1.25E-4                   9.833584944200296E-6
1.251E-4                  9.756827093010589E-6
1.252E-4                  9.680069241820863E-6
1.2529999999999998E-4     9.603311390631133E-6
1.2539999999999999E-4     9.526553539441361E-6
1.255E-4                  9.449795688251565E-6
1.256E-4                  9.37303783706175E-6
1.257E-4                  9.29627998587191E-6
1.258E-4                  9.219522134682051E-6
1.259E-4                  9.142764283492166E-6
1.26E-4                   9.066006432302261E-6
1.261E-4                  8.989248581112334E-6
1.262E-4                  8.912490729922385E-6
1.263E-4                  8.835732878732413E-6
1.2639999999999998E-4     8.758975027542439E-6
1.2649999999999998E-4     8.682217176352423E-6
1.266E-4                  8.605459325162384E-6
1.267E-4                  8.528701473972323E-6
1.268E-4                  8.45194362278224E-6
1.269E-4                  8.375185771592135E-6
1.27E-4                   8.298427920402007E-6
1.271E-4                  8.22167006921186E-6
1.272E-4                  8.144912218021688E-6
1.273E-4                  8.068154366831493E-6
1.274E-4                  7.991396515641276E-6
1.2749999999999998E-4     7.914638664451058E-6
1.2759999999999998E-4     7.837880813260797E-6
1.277E-4                  7.761122962070514E-6
1.278E-4                  7.684365110880209E-6
1.279E-4                  7.607607259689881E-6
1.28E-4                   7.530849408499532E-6
1.281E-4                  7.454091557309158E-6
1.282E-4                  7.3773337061187665E-6
1.283E-4                  7.30057585492835E-6
1.284E-4                  7.223818003737908E-6
1.285E-4                  7.147060152547449E-6
1.2859999999999998E-4     7.070302301356986E-6
1.2869999999999998E-4     6.993544450166481E-6
1.288E-4                  6.916786598975954E-6
1.289E-4                  6.840028747785404E-6
1.29E-4                   6.763270896594831E-6
1.291E-4                  6.686513045404238E-6
1.292E-4                  6.609755194213621E-6
1.293E-4                  6.532997343022981E-6
1.294E-4                  6.45623949183232E-6
1.295E-4                  6.379481640641638E-6
1.296E-4                  6.302723789450932E-6
1.2969999999999998E-4     6.225965938260225E-6
1.2979999999999998E-4     6.149208087069475E-6
1.2989999999999999E-4     6.0724502358787025E-6
1.3E-4                    5.995692384687907E-6
1.301E-4                  5.918934533497091E-6
1.302E-4                  5.842176682306252E-6
1.303E-4                  5.76541883111539E-6
1.304E-4                  5.688660979924507E-6
1.305E-4                  5.611903128733601E-6
1.306E-4                  5.535145277542673E-6
1.307E-4                  5.458387426351722E-6
1.3079999999999998E-4     5.38162957516077E-6
1.3089999999999998E-4     5.304871723969775E-6
1.3099999999999999E-4     5.228113872778758E-6
1.311E-4                  5.151356021587718E-6
1.312E-4                  5.074598170396657E-6
1.313E-4                  4.997840319205573E-6
1.314E-4                  4.921082468014467E-6
1.315E-4                  4.844324616823339E-6
1.316E-4                  4.767566765632188E-6
1.317E-4                  4.690808914441015E-6
1.318E-4                  4.6140510632498184E-6
1.3189999999999998E-4     4.537293212058622E-6
1.3199999999999998E-4     4.460535360867383E-6
1.3209999999999999E-4     4.3837775096761185E-6
1.322E-4                  4.307019658484836E-6
1.323E-4                  4.230261807293529E-6
1.324E-4                  4.153503956102199E-6
1.325E-4                  4.076746104910849E-6
1.326E-4                  3.999988253719476E-6
1.327E-4                  3.923230402528078E-6
1.328E-4                  3.846472551336661E-6
1.329E-4                  3.76971470014522E-6
1.33E-4                   3.6929568489537576E-6
1.3309999999999998E-4     3.6665712632870927E-6
1.3319999999999999E-4     3.64085156462327E-6
1.333E-4                  3.6151318659594492E-6
1.334E-4                  3.589412167295632E-6
1.335E-4                  3.563692468631818E-6
1.336E-4                  3.537972769968005E-6
1.337E-4                  3.512253071304197E-6
1.338E-4                  3.48653337264039E-6
1.339E-4                  3.460813673976586E-6
1.34E-4                   3.4350939753127853E-6
1.341E-4                  3.409374276648987E-6
1.3419999999999998E-4     3.3836545779851973E-6
1.3429999999999998E-4     3.3579348793214046E-6
1.344E-4                  3.332215180657615E-6
1.345E-4                  3.3064954819938268E-6
1.346E-4                  3.2807757833300417E-6
1.347E-4                  3.25505608466626E-6
1.348E-4                  3.2293363860024803E-6
1.349E-4                  3.203616687338704E-6
1.35E-4                   3.17789698867493E-6
1.351E-4                  3.152177290011158E-6
1.352E-4                  3.12645759134739E-6
1.3529999999999998E-4     3.1007378926836306E-6
1.3539999999999998E-4     3.075018194019867E-6
1.355E-4                  3.049298495356107E-6
1.356E-4                  3.0235787966923485E-6
1.357E-4                  2.9978590980285943E-6
1.358E-4                  2.9721393993648414E-6
1.359E-4                  2.946419700701092E-6
1.36E-4                   2.9207000020373453E-6
1.361E-4                  2.894980303373601E-6
1.362E-4                  2.869260604709859E-6
1.363E-4                  2.84354090604612E-6
1.3639999999999998E-4     2.817821207382391E-6
1.3649999999999998E-4     2.7921015087186578E-6
1.3659999999999999E-4     2.7663818100549265E-6
1.367E-4                  2.740662111391198E-6
1.368E-4                  2.714942412727473E-6
1.369E-4                  2.6892227140637507E-6
1.37E-4                   2.6635030154000304E-6
1.371E-4                  2.6377833167363135E-6
1.372E-4                  2.6120636180725982E-6
1.373E-4                  2.586343919408887E-6
1.374E-4                  2.560624220745178E-6
1.3749999999999998E-4     2.534904522081478E-6
1.3759999999999998E-4     2.509184823417774E-6
1.3769999999999999E-4     2.4834651247540733E-6
1.378E-4                  2.4577454260903746E-6
1.379E-4                  2.4320257274266793E-6
1.38E-4                   2.4063060287629865E-6
1.381E-4                  2.3805863300992963E-6
1.382E-4                  2.3548666314356086E-6
1.383E-4                  2.329146932771924E-6
1.384E-4                  2.303427234108242E-6
1.385E-4                  2.2777075354445624E-6
1.3859999999999998E-4     2.2519878367808925E-6
1.3869999999999998E-4     2.2262681381172188E-6
1.3879999999999999E-4     2.200548439453547E-6
1.389E-4                  2.174828740789879E-6
1.39E-4                   2.149109042126213E-6
1.391E-4                  2.1233893434625497E-6
1.392E-4                  2.097669644798889E-6
1.393E-4                  2.0719499461352315E-6
1.394E-4                  2.0462302474715764E-6
1.395E-4                  2.0205105488079234E-6
1.396E-4                  1.9947908501442743E-6
1.3969999999999998E-4     1.969071151480634E-6
1.3979999999999998E-4     1.94335145281699E-6
1.3989999999999999E-4     1.917631754153348E-6
1.4E-4                    1.891912055489709E-6
1.401E-4                  1.8661923568260732E-6
1.402E-4                  1.8404726581624394E-6
1.403E-4                  1.814752959498809E-6
1.404E-4                  1.789033260835181E-6
1.405E-4                  1.7633135621715553E-6
1.406E-4                  1.7375938635079328E-6
1.407E-4                  1.7118741648443129E-6
1.408E-4                  1.6861544661806957E-6
1.4089999999999998E-4     1.660434767517088E-6
1.4099999999999998E-4     1.6347150688534761E-6
1.411E-4                  1.6089953701898672E-6
1.412E-4                  1.5832756715262604E-6
1.413E-4                  1.557555972862657E-6
1.414E-4                  1.531836274199056E-6
1.415E-4                  1.5061165755354573E-6
1.416E-4                  1.480396876871862E-6
1.417E-4                  1.4546771782082687E-6
1.418E-4                  1.4289574795446784E-6
1.419E-4                  1.4032377808810909E-6
1.4199999999999998E-4     1.3775180822175135E-6
1.4209999999999998E-4     1.3517983835539313E-6
1.422E-4                  1.3260786848903516E-6
1.423E-4                  1.3003589862267748E-6
1.424E-4                  1.274639287563201E-6
1.425E-4                  1.2489195888996294E-6
1.426E-4                  1.2231998902360611E-6
1.427E-4                  1.2016381852420687E-6
1.428E-4                  1.1946580261385928E-6
1.429E-4                  1.1876778670351167E-6
1.43E-4                   1.1806977079316403E-6
1.4309999999999998E-4     1.1737175488281655E-6
1.4319999999999998E-4     1.1667373897246885E-6
1.433E-4                  1.1597572306212114E-6
1.434E-4                  1.1527770715177336E-6
1.435E-4                  1.1457969124142558E-6
1.436E-4                  1.1388167533107778E-6
1.437E-4                  1.1318365942072991E-6
1.438E-4                  1.1248564351038207E-6
1.439E-4                  1.1178762760003416E-6
1.44E-4                   1.1108961168968623E-6
1.441E-4                  1.1039159577933826E-6
1.4419999999999998E-4     1.0969357986899044E-6
1.4429999999999998E-4     1.0899556395864247E-6
1.4439999999999999E-4     1.082975480482944E-6
1.445E-4                  1.0759953213794634E-6
1.446E-4                  1.0690151622759822E-6
1.447E-4                  1.062035003172501E-6
1.448E-4                  1.0550548440690194E-6
1.449E-4                  1.0480746849655373E-6
1.45E-4                   1.041094525862055E-6
1.451E-4                  1.0341143667585724E-6
1.452E-4                  1.02713420765509E-6
1.4529999999999998E-4     1.0201540485516088E-6
1.4539999999999998E-4     1.0131738894481253E-6
1.4549999999999999E-4     1.0061937303446417E-6
1.456E-4                  9.992135712411578E-7
1.457E-4                  9.922334121376734E-7
1.458E-4                  9.852532530341888E-7
1.459E-4                  9.78273093930704E-7
1.46E-4                   9.71292934827219E-7
1.461E-4                  9.643127757237334E-7
1.462E-4                  9.573326166202478E-7
1.463E-4                  9.503524575167622E-7
1.4639999999999998E-4     9.433722984132777E-7
1.4649999999999998E-4     9.363921393097909E-7
1.4659999999999999E-4     9.294119802063044E-7
1.467E-4                  9.224318211028171E-7
1.468E-4                  9.154516619993296E-7
1.469E-4                  9.084715028958418E-7
1.47E-4                   9.014913437923539E-7
1.471E-4                  8.945111846888657E-7
1.472E-4                  8.875310255853771E-7
1.473E-4                  8.805508664818881E-7
1.474E-4                  8.735707073783991E-7
1.4749999999999998E-4     8.665905482749113E-7
1.4759999999999998E-4     8.596103891714217E-7
1.4769999999999999E-4     8.526302300679316E-7
1.478E-4                  8.456500709644413E-7
1.479E-4                  8.386699118609506E-7
1.48E-4                   8.3168975275746E-7
1.481E-4                  8.247095936539686E-7
1.482E-4                  8.177294345504771E-7
1.483E-4                  8.107492754469855E-7
1.484E-4                  8.037691163434932E-7
1.485E-4                  7.96788957240001E-7
1.4859999999999998E-4     7.898087981365101E-7
1.4869999999999998E-4     7.828286390330173E-7
1.4879999999999998E-4     7.758484799295239E-7
1.489E-4                  7.688683208260307E-7
1.49E-4                   7.618881617225366E-7
1.491E-4                  7.549080026190426E-7
1.492E-4                  7.479278435155483E-7
1.493E-4                  7.409476844120536E-7
1.494E-4                  7.339675253085586E-7
1.495E-4                  7.269873662050634E-7
1.496E-4                  7.200072071015679E-7
1.497E-4                  7.13027047998072E-7
1.4979999999999998E-4     7.060468888945778E-7
1.4989999999999998E-4     6.990667297910814E-7
1.5E-4                    6.920865706875845E-7
