% Model:              20230225_JW_4_20.mph
% Version:            COMSOL 5.6.0.401
% Date:               Feb 25 2023, 20:40
% Dimension:          1
% Nodes:              1501
% Expressions:        1
% Description:        点图
% X                       Height
0                         20.868114619429637
1.0E-7                    20.859048270415197
2.0E-7                    20.810165576093492
3.0E-7                    20.732356124441285
4.0E-7                    20.644186121869936
5.0E-7                    20.55533053685897
6.0E-7                    20.445387100314893
7.0E-7                    20.317138653069165
8.0E-7                    20.178218700716094
9.0E-7                    20.03508072456205
1.0E-6                    19.892366867476145
1.1E-6                    19.740735019457823
1.2E-6                    19.58733931541565
1.2999999999999998E-6     19.43237551898099
1.4E-6                    19.276637462201954
1.5E-6                    19.119543889644362
1.6E-6                    18.962260897807575
1.6999999999999998E-6     18.80458602181898
1.8E-6                    18.646908455607306
1.9E-6                    18.489495599785943
2.0E-6                    18.33227250558491
2.1E-6                    18.175927349418668
2.2E-6                    18.01985178676082
2.3E-6                    17.864389736482693
2.4E-6                    17.70988998016414
2.4999999999999998E-6     17.554831776294012
2.5999999999999997E-6     17.401482936881187
2.7E-6                    17.251157300946257
2.8E-6                    17.08772114643133
2.8999999999999998E-6     16.95332450829966
3.0E-6                    16.803842683655873
3.1E-6                    16.650222064428416
3.2E-6                    16.50116911260902
3.2999999999999997E-6     16.350126329832936
3.3999999999999996E-6     16.204381005089925
3.5E-6                    16.05745561875156
3.6E-6                    15.910718805880654
3.6999999999999997E-6     15.765635560820588
3.8E-6                    15.622205247086038
3.9E-6                    15.479060541894741
4.0E-6                    15.336710162560665
4.1E-6                    15.195352880693083
4.2E-6                    15.054760309464468
4.2999999999999995E-6     14.915173783425635
4.4E-6                    14.7768438341665
4.5E-6                    14.6393067375799
4.6E-6                    14.502637210494049
4.7E-6                    14.366928390494031
4.8E-6                    14.236070806764003
4.9E-6                    14.097194252735003
4.9999999999999996E-6     13.963660941601152
5.0999999999999995E-6     13.832649843533652
5.199999999999999E-6      13.70227719302069
5.3E-6                    13.572861757434971
5.4E-6                    13.444477479332726
5.5E-6                    13.316858525798068
5.6E-6                    13.189796273690927
5.7E-6                    13.064027391225673
5.7999999999999995E-6     12.938754497293404
5.899999999999999E-6      12.816927137250344
6.0E-6                    12.693864662751396
6.1E-6                    12.571518902391047
6.2E-6                    12.450040909803443
6.3E-6                    12.330388822008036
6.4E-6                    12.21122433820226
6.5E-6                    12.093225208908553
6.5999999999999995E-6     11.97616690553785
6.699999999999999E-6      11.861602203825665
6.799999999999999E-6      11.746318928411837
6.9E-6                    11.631568380663373
7.0E-6                    11.518151235000756
7.1E-6                    11.405686153656596
7.2E-6                    11.294483389124169
7.2999999999999996E-6     11.18415171781999
7.3999999999999995E-6     11.074783346829232
7.499999999999999E-6      10.965806550904892
7.6E-6                    10.859729986446851
7.699999999999999E-6      10.752474079830192
7.8E-6                    10.646991396131193
7.899999999999999E-6      10.54218838956376
8.0E-6                    10.438693222613013
8.1E-6                    10.3356948322868
8.2E-6                    10.233698724116051
8.3E-6                    10.13268444989686
8.4E-6                    10.032526516824358
8.5E-6                    9.933532137624033
8.599999999999999E-6      9.834915211455346
8.7E-6                    9.73719923341532
8.8E-6                    9.640705809731037
8.9E-6                    9.545212287433042
9.0E-6                    9.450450210344968
9.1E-6                    9.356531998162872
9.2E-6                    9.263475260048338
9.299999999999999E-6      9.17129380227878
9.4E-6                    9.07994285970238
9.499999999999999E-6      8.98956548745182
9.6E-6                    8.900132623033636
9.7E-6                    8.811009667853492
9.8E-6                    8.723146594350773
9.9E-6                    8.635787235904374
9.999999999999999E-6      8.549391571803707
1.01E-5                   8.46371267705793
1.0199999999999999E-5     8.37886003709095
1.03E-5                   8.294891431076874
1.0399999999999999E-5     8.211672832864677
1.05E-5                   8.12925299430734
1.06E-5                   8.047664063823875
1.07E-5                   7.96682998275808
1.08E-5                   7.886770560244256
1.0899999999999999E-5     7.80747018633909
1.1E-5                    7.7289431457391125
1.1099999999999999E-5     7.6511192533341585
1.12E-5                   7.574134059389977
1.13E-5                   7.497691821315322
1.14E-5                   7.422370201247505
1.15E-5                   7.346952795098538
1.1599999999999999E-5     7.274060484236133
1.17E-5                   7.198296876931863
1.1799999999999999E-5     7.128725380253167
1.19E-5                   7.056465213590595
1.2E-5                    6.984881534534342
1.21E-5                   6.914401331609848
1.22E-5                   6.844263117967736
1.2299999999999999E-5     6.774793247934719
1.24E-5                   6.70615065125372
1.2499999999999999E-5     6.6383675270802165
1.26E-5                   6.571040105468441
1.2699999999999999E-5     6.504434340525584
1.28E-5                   6.438523549128474
1.29E-5                   6.373240591884723
1.3E-5                    6.308610684639596
1.31E-5                   6.244517865898248
1.3199999999999999E-5     6.181226784951475
1.33E-5                   6.118308438858659
1.3399999999999999E-5     6.056089715219573
1.35E-5                   5.994552511872625
1.3599999999999999E-5     5.9336625288013165
1.37E-5                   5.873321258487244
1.38E-5                   5.813620187107182
1.3899999999999999E-5     5.7545123919086665
1.4E-5                    5.695983074566603
1.4099999999999999E-5     5.638068077827965
1.42E-5                   5.580695891692999
1.4299999999999999E-5     5.5238682663441585
1.44E-5                   5.467608062966633
1.45E-5                   5.4119028862596705
1.4599999999999999E-5     5.356769552169946
1.47E-5                   5.302201208639815
1.4799999999999999E-5     5.248175547374904
1.49E-5                   5.194672100417816
1.4999999999999999E-5     5.141748830184094
1.51E-5                   5.0892791515403895
1.52E-5                   5.037041585615045
1.53E-5                   4.9857613531766205
1.5399999999999998E-5     4.934899160579808
1.55E-5                   4.8845362350204535
1.56E-5                   4.834655544736818
1.57E-5                   4.785316294811319
1.5799999999999998E-5     4.736450119743938
1.59E-5                   4.688094639057377
1.6E-5                    4.640200791079925
1.61E-5                   4.592781417786062
1.62E-5                   4.545845572317225
1.63E-5                   4.499364324391882
1.64E-5                   4.453348169087728
1.6499999999999998E-5     4.4078234716208735
1.66E-5                   4.362746042196084
1.67E-5                   4.318144703364945
1.68E-5                   4.273950601064317
1.69E-5                   4.230254448758114
1.7E-5                    4.1869697525403495
1.71E-5                   4.1441084134232415
1.7199999999999998E-5     4.101687186888124
1.73E-5                   4.0597219197019525
1.74E-5                   4.01814572560525
1.75E-5                   3.9770208192072696
1.76E-5                   3.9362329780914167
1.77E-5                   3.8960760190206525
1.78E-5                   3.8560610784140126
1.7899999999999998E-5     3.81640230052139
1.8E-5                    3.777241962435711
1.81E-5                   3.7384788623879266
1.82E-5                   3.700157547856295
1.8299999999999998E-5     3.6621961389913387
1.84E-5                   3.6246656282383456
1.85E-5                   3.5875126968078064
1.8599999999999998E-5     3.5507288350921793
1.87E-5                   3.514317015689965
1.88E-5                   3.478261214534839
1.89E-5                   3.44260622884282
1.8999999999999998E-5     3.407309343627432
1.91E-5                   3.3723699354275984
1.92E-5                   3.3377716946284837
1.9299999999999998E-5     3.303528989948725
1.94E-5                   3.269603457647174
1.95E-5                   3.236094201942931
1.96E-5                   3.2028869968401863
1.9699999999999998E-5     3.170036481807742
1.98E-5                   3.137387373033606
1.99E-5                   3.105179598308905
1.9999999999999998E-5     3.0732865762051103
2.01E-5                   3.0416983718384585
2.02E-5                   3.0104530572478194
2.03E-5                   2.9795214921631152
2.0399999999999998E-5     2.948884775033285
2.05E-5                   2.9186223108970166
2.06E-5                   2.8886422409556762
2.07E-5                   2.8589829112212364
2.0799999999999997E-5     2.82962530421071
2.09E-5                   2.800558369692684
2.1E-5                    2.7718011167682812
2.1099999999999998E-5     2.743319622850193
2.12E-5                   2.7151494367310214
2.13E-5                   2.6872516369388575
2.14E-5                   2.659654990645236
2.1499999999999997E-5     2.632315997164829
2.16E-5                   2.605254556209018
2.17E-5                   2.5784730001424347
2.1799999999999998E-5     2.552015565617372
2.19E-5                   2.525813595891186
2.2E-5                    2.4998318865264846
2.21E-5                   2.4740700135417635
2.2199999999999998E-5     2.4485751296898295
2.23E-5                   2.423335924851996
2.24E-5                   2.3983717412820256
2.2499999999999998E-5     2.3736694787422388
2.26E-5                   2.349258287356283
2.27E-5                   2.3252360468016344
2.28E-5                   2.301213806431093
2.2899999999999998E-5     2.277665024556844
2.3E-5                    2.254180849008137
2.31E-5                   2.2310552683621827
2.3199999999999998E-5     2.208094175247819
2.33E-5                   2.185384902546862
2.34E-5                   2.1629365199381887
2.35E-5                   2.1406377985319955
2.3599999999999998E-5     2.118693719633796
2.37E-5                   2.0967995744502397
2.38E-5                   2.0753432158514924
2.3899999999999998E-5     2.053886857126747
2.4E-5                    2.03286763440849
2.41E-5                   2.0118927066497125
2.42E-5                   1.9912528908662486
2.4299999999999998E-5     1.970747565529969
2.44E-5                   1.9504789174624633
2.45E-5                   1.9304294250081249
2.4599999999999998E-5     1.9105268520579626
2.4699999999999997E-5     1.8909296496262713
2.48E-5                   1.8713896273625403
2.49E-5                   1.852230773105775
2.4999999999999998E-5     1.8330719204156456
2.51E-5                   1.8142724656448244
2.52E-5                   1.7954975589997395
2.53E-5                   1.7771034300930453
2.5399999999999997E-5     1.7587959215571007
2.55E-5                   1.7407017892383128
2.56E-5                   1.7227745594825852
2.5699999999999998E-5     1.7049990351176452
2.58E-5                   1.687422521110631
2.59E-5                   1.670016507930156
2.6E-5                    1.6528163307563029
2.6099999999999997E-5     1.6358133081010708
2.62E-5                   1.6189685902540991
2.63E-5                   1.6023128631781138
2.6399999999999998E-5     1.5858202074699415
2.65E-5                   1.5695021146818557
2.66E-5                   1.5533493213821188
2.67E-5                   1.5373617517651652
2.6799999999999998E-5     1.5215420376365962
2.69E-5                   1.5058774016305778
2.7E-5                    1.4903840847490881
2.7099999999999998E-5     1.4750364395534672
2.7199999999999997E-5     1.4598623702880291
2.73E-5                   1.4448303129108406
2.74E-5                   1.4299645158647678
2.7499999999999998E-5     1.415239454504311
2.76E-5                   1.400678972800668
2.77E-5                   1.3862277537797305
2.7799999999999998E-5     1.3719326595394266
2.7899999999999997E-5     1.357776172980288
2.8E-5                    1.3437712923233198
2.81E-5                   1.3299155610885698
2.8199999999999998E-5     1.3162184318161547
2.83E-5                   1.3026689626495056
2.84E-5                   1.2892537586517445
2.8499999999999998E-5     1.2759835489995006
2.8599999999999997E-5     1.2628480574620329
2.87E-5                   1.2498424629568996
2.88E-5                   1.2369811269050102
2.8899999999999998E-5     1.2242397474555071
2.9E-5                    1.2116410283621044
2.91E-5                   1.1991662082148569
2.9199999999999998E-5     1.1868168737873035
2.9299999999999997E-5     1.174602935019544
2.94E-5                   1.1625040016439137
2.95E-5                   1.1505396519302595
2.9599999999999998E-5     1.1386946903027595
2.97E-5                   1.1269642035065164
2.98E-5                   1.1153342081833766
2.99E-5                   1.1038135116275598
2.9999999999999997E-5     1.0924230136659423
3.01E-5                   1.0811463719291585
3.02E-5                   1.069995779527104
3.0299999999999998E-5     1.0589617088544776
3.04E-5                   1.0480642577452073
3.05E-5                   1.0372700654431848
3.06E-5                   1.0265872030807046
3.07E-5                   1.0160211779954218
3.0799999999999996E-5     1.0055584924471048
3.09E-5                   0.9952003125520598
3.1E-5                    0.9849700062003506
3.11E-5                   0.9748213763013788
3.12E-5                   0.9647988991279951
3.13E-5                   0.9548545359415243
3.14E-5                   0.9450151712966705
3.15E-5                   0.9352997311868583
3.1599999999999996E-5     0.9256597540599227
3.17E-5                   0.9161194815732847
3.18E-5                   0.9067017446097096
3.1899999999999996E-5     0.8973570226601114
3.2E-5                    0.8881069069318189
3.21E-5                   0.878977630498852
3.22E-5                   0.8699190314757113
3.23E-5                   0.8609504081313564
3.24E-5                   0.8521007833294384
3.25E-5                   0.8433195106547127
3.26E-5                   0.8346237671412502
3.2699999999999995E-5     0.8260453499626457
3.28E-5                   0.817532932970012
3.29E-5                   0.8091016194117734
3.2999999999999996E-5     0.8007862852233988
3.31E-5                   0.7925345026790417
3.32E-5                   0.7843592937864303
3.3299999999999996E-5     0.7762993862444304
3.34E-5                   0.7683002365166427
3.35E-5                   0.7603726187780739
3.36E-5                   0.7525613167608768
3.37E-5                   0.7448070092677539
3.38E-5                   0.7371176856560631
3.39E-5                   0.7295445425030344
3.4E-5                    0.7220306496317624
3.4099999999999995E-5     0.7145711983294728
3.42E-5                   0.7071739638073535
3.43E-5                   0.6998724287681513
3.4399999999999996E-5     0.6926484602184295
3.45E-5                   0.6854861647138335
3.46E-5                   0.6784018393517425
3.4699999999999996E-5     0.6714123271642776
3.48E-5                   0.6644944887812458
3.49E-5                   0.6576489395633727
3.5E-5                    0.6508749126297331
3.51E-5                   0.6441728422148361
3.52E-5                   0.6375462250531142
3.53E-5                   0.6309798410907951
3.54E-5                   0.6244793951178159
3.5499999999999996E-5     0.6180429870685735
3.56E-5                   0.6116733338243462
3.57E-5                   0.6053792809988349
3.5799999999999996E-5     0.5991471117653443
3.59E-5                   0.5930000000938086
3.6E-5                    0.5868970305032819
3.6099999999999997E-5     0.5808307768503208
3.62E-5                   0.5748746141972764
3.63E-5                   0.5689184515466952
3.64E-5                   0.5630904502945633
3.65E-5                   0.557278414183322
3.6599999999999995E-5     0.5515403912834854
3.67E-5                   0.5458684362055526
3.68E-5                   0.540219442753271
3.6899999999999996E-5     0.5346845789060833
3.7E-5                    0.5291497150651163
3.71E-5                   0.5237745071065969
3.7199999999999996E-5     0.518437574449829
3.73E-5                   0.5131006417966953
3.74E-5                   0.5077637091511086
3.75E-5                   0.5024483916408375
3.76E-5                   0.4973660948581754
3.77E-5                   0.492283798070806
3.78E-5                   0.4872015012821064
3.79E-5                   0.4821192044954532
3.7999999999999995E-5     0.4771249695698273
3.81E-5                   0.47228516746389876
3.82E-5                   0.4674453653559853
3.8299999999999996E-5     0.4626055632490039
3.84E-5                   0.4577657611458711
3.85E-5                   0.45314285210865757
3.8599999999999996E-5     0.448641198912548
3.87E-5                   0.44413954571703496
3.88E-5                   0.43963789252446533
3.89E-5                   0.43513623933718676
3.9E-5                    0.43063458615754524
3.9099999999999995E-5     0.4261329329878888
3.92E-5                   0.42163127983056364
3.93E-5                   0.4171296266879172
3.9399999999999995E-5     0.41271103134923975
3.95E-5                   0.408628990541919
3.96E-5                   0.4045469497203895
3.9699999999999996E-5     0.4004649088864012
3.98E-5                   0.3963828680417031
3.99E-5                   0.39230082718804526
3.9999999999999996E-5     0.3882187863271777
4.01E-5                   0.38413674546084964
4.02E-5                   0.3800547045908113
4.03E-5                   0.37597266371881255
4.04E-5                   0.37217761745864963
4.0499999999999995E-5     0.3684759710421443
4.06E-5                   0.364774324624162
4.07E-5                   0.36107267820600775
4.0799999999999996E-5     0.35737103178898655
4.09E-5                   0.35366938537440323
4.1E-5                    0.34996773896356276
4.1099999999999996E-5     0.34626609255777036
4.12E-5                   0.3425644461583306
4.13E-5                   0.339016503352287
4.14E-5                   0.3358090929909531
4.15E-5                   0.3326016826290751
4.1599999999999995E-5     0.32939427226750206
4.17E-5                   0.3261868619070823
4.18E-5                   0.32297945154866475
4.1899999999999995E-5     0.3197720411930983
4.2E-5                    0.31656463084123143
4.21E-5                   0.31335722049391296
4.2199999999999996E-5     0.3101498101519919
4.23E-5                   0.30694239981631655
4.24E-5                   0.3037349894877359
4.2499999999999996E-5     0.300527579167099
4.26E-5                   0.29732016885525425
4.27E-5                   0.29411275855305047
4.28E-5                   0.29090534826133685
4.29E-5                   0.2876979379809616
4.2999999999999995E-5     0.28449052771277406
4.31E-5                   0.2812831174576227
4.32E-5                   0.2783180872779295
4.3299999999999995E-5     0.2756822671818436
4.34E-5                   0.27304644707156106
4.35E-5                   0.2704106269475528
4.3599999999999996E-5     0.26777480681028976
4.37E-5                   0.26513898666024194
4.38E-5                   0.2625031664978803
4.3899999999999996E-5     0.2598673463236758
4.4E-5                    0.25723152613809863
4.41E-5                   0.2545957059416196
4.42E-5                   0.2519598857347097
4.43E-5                   0.24932406551783903
4.4399999999999995E-5     0.24668824529147873
4.45E-5                   0.24405242505609928
4.46E-5                   0.24141660481217125
4.4699999999999996E-5     0.23878078456016577
4.48E-5                   0.23614496430055304
4.49E-5                   0.233509144033804
4.4999999999999996E-5     0.23087332376038947
4.51E-5                   0.22848903541120202
4.52E-5                   0.2263215316548497
4.5299999999999997E-5     0.2241540278995814
4.54E-5                   0.22198652414565992
4.5499999999999995E-5     0.21981902039334894
4.56E-5                   0.2176515166429112
4.57E-5                   0.21548401289461022
4.5799999999999995E-5     0.2133165091487092
4.59E-5                   0.21114900540547116
4.6E-5                    0.20898150166515944
4.6099999999999996E-5     0.2068139979280374
4.62E-5                   0.20464649419436792
4.63E-5                   0.20247899046441437
4.6399999999999996E-5     0.20031148673844015
4.65E-5                   0.1981439830167082
4.66E-5                   0.1959764792994818
4.67E-5                   0.19380897558702437
4.68E-5                   0.19164147187959882
4.6899999999999995E-5     0.18947396817746875
4.7E-5                    0.18755908745802233
4.71E-5                   0.18578014419061634
4.7199999999999995E-5     0.18400120091963484
4.73E-5                   0.18222225764522082
4.74E-5                   0.18044331436751745
4.7499999999999996E-5     0.1786643710866681
4.76E-5                   0.17688542780281558
4.77E-5                   0.17510648451610325
4.7799999999999996E-5     0.17332754122667435
4.79E-5                   0.17154859793467178
4.8E-5                    0.16976965464023885
4.81E-5                   0.1679907113435188
4.82E-5                   0.16621176804465462
4.8299999999999995E-5     0.16443282474378967
4.84E-5                   0.16265388144106668
4.85E-5                   0.1608749381366293
4.8599999999999995E-5     0.1590959948306205
4.87E-5                   0.1573170515231833
4.88E-5                   0.15553810821446107
4.8899999999999996E-5     0.15399849664806603
4.9E-5                    0.1525331415085694
4.91E-5                   0.15106778636935286
4.9199999999999997E-5     0.1496024312304992
4.93E-5                   0.1481370760920907
4.9399999999999995E-5     0.14667172095421036
4.95E-5                   0.14520636581694052
4.96E-5                   0.14374101068036396
4.9699999999999995E-5     0.14227565554456337
4.98E-5                   0.14081030040962128
4.99E-5                   0.13934494527562036
4.9999999999999996E-5     0.13787959014264334
5.01E-5                   0.1364142350107727
5.02E-5                   0.1349488798800912
5.0299999999999996E-5     0.13348352475068148
5.04E-5                   0.13201816962262608
5.05E-5                   0.13055281449600772
5.06E-5                   0.12908745937090907
5.07E-5                   0.12762210424741272
5.0799999999999995E-5     0.12638828521862855
5.09E-5                   0.1251871632089138
5.1E-5                    0.1239860411996873
5.1099999999999995E-5     0.12278491919099263
5.12E-5                   0.12158379718287292
5.13E-5                   0.12038267517537161
5.1399999999999996E-5     0.11918155316853211
5.15E-5                   0.11798043116239762
5.16E-5                   0.11677930915701162
5.1699999999999996E-5     0.11557818715241747
5.18E-5                   0.11437706514865842
5.1899999999999994E-5     0.11317594314577796
5.2E-5                    0.11197482114381926
5.21E-5                   0.1107736991428258
5.2199999999999995E-5     0.109572577142841
5.23E-5                   0.10837145514390799
5.24E-5                   0.10717033314607029
5.2499999999999995E-5     0.1059692111493713
5.26E-5                   0.10476808915385419
5.27E-5                   0.10377705389113324
5.2799999999999996E-5     0.10278828875254553
5.29E-5                   0.10179952361181774
5.3E-5                    0.10081075846897536
5.3099999999999996E-5     0.09982199332404396
5.32E-5                   0.09883322817704883
5.3299999999999995E-5     0.09784446302801562
5.34E-5                   0.09685569787696963
5.35E-5                   0.09586693272393636
5.3599999999999995E-5     0.09487816756894135
5.37E-5                   0.09388940241200996
5.38E-5                   0.09290063725316769
5.3899999999999996E-5     0.09191187209244012
5.4E-5                    0.09092310692985248
5.41E-5                   0.08993434176543043
5.4199999999999996E-5     0.08894557659919937
5.43E-5                   0.08795681143118472
5.4399999999999994E-5     0.08696804626141205
5.4499999999999997E-5     0.08599711986824816
5.46E-5                   0.08518262485808557
5.4699999999999995E-5     0.08436812985165952
5.48E-5                   0.08355363484898398
5.49E-5                   0.08273913985007302
5.4999999999999995E-5     0.08192464485494065
5.51E-5                   0.08111014986360084
5.52E-5                   0.08029565487606762
5.5299999999999996E-5     0.07948115989235506
5.54E-5                   0.07866666491247713
5.55E-5                   0.07785216993644781
5.5599999999999996E-5     0.07703767496428125
5.57E-5                   0.0762231799959913
5.5799999999999994E-5     0.07540868503159213
5.59E-5                   0.0745941900710976
5.6E-5                    0.07377969511452183
5.6099999999999995E-5     0.07296520016187885
5.62E-5                   0.07215070521318259
5.63E-5                   0.07133621026844712
5.6399999999999995E-5     0.07055469144502856
5.65E-5                   0.06989327780408272
5.66E-5                   0.06923186415883395
5.6699999999999996E-5     0.06857045050928898
5.68E-5                   0.06790903685545446
5.69E-5                   0.06724762319733713
5.6999999999999996E-5     0.06658620953494372
5.71E-5                   0.06592479586828094
5.7199999999999994E-5     0.06526338219735552
5.73E-5                   0.06460196852217413
5.74E-5                   0.0639405548427435
5.7499999999999995E-5     0.0632791411590704
5.76E-5                   0.06261772747116147
5.77E-5                   0.06195631377902343
5.7799999999999995E-5     0.06129490008266307
5.79E-5                   0.06063348638208701
5.8E-5                    0.05997207267730201
5.8099999999999996E-5     0.05931065896831482
5.82E-5                   0.05864924525513209
5.8299999999999994E-5     0.05802123650057014
5.8399999999999997E-5     0.05746152187798553
5.85E-5                   0.05690180726063352
5.8599999999999995E-5     0.05634209264852006
5.87E-5                   0.05578237804165097
5.88E-5                   0.05522266344003219
5.8899999999999995E-5     0.054662948843669665
5.9E-5                    0.0541032342525692
5.91E-5                   0.05354351966673675
5.9199999999999996E-5     0.05298380508617825
5.93E-5                   0.05242409051089951
5.94E-5                   0.05186437594090649
5.9499999999999996E-5     0.0513046613762051
5.96E-5                   0.050744946816801216
5.9699999999999994E-5     0.05018523226270076
5.98E-5                   0.049625517713909585
5.99E-5                   0.0490658031704336
5.9999999999999995E-5     0.04850608863227878
6.01E-5                   0.04794637409945095
6.02E-5                   0.047429771652598825
6.0299999999999995E-5     0.046967701460634254
6.04E-5                   0.046505631265962265
6.05E-5                   0.046043561068584524
6.0599999999999996E-5     0.04558149086850273
6.07E-5                   0.04511942066571844
6.08E-5                   0.04465735046023335
6.0899999999999996E-5     0.04419528025204912
6.1E-5                    0.04373321004116735
6.11E-5                   0.04327113982758975
6.12E-5                   0.04280906961131789
6.13E-5                   0.04234699939235345
6.14E-5                   0.041884929170698075
6.149999999999999E-5      0.04146185919331764
6.159999999999999E-5      0.04105530229265177
6.17E-5                   0.0406487453945332
6.18E-5                   0.04024218849896368
6.19E-5                   0.039835631605945034
6.2E-5                    0.039429074715479004
6.209999999999999E-5      0.039022517827567445
6.22E-5                   0.038615960942212035
6.23E-5                   0.03821254055523318
6.24E-5                   0.037823254117027374
6.25E-5                   0.037433967677787325
6.26E-5                   0.03704468123751476
6.269999999999999E-5      0.03665539479621147
6.28E-5                   0.03626610835387911
6.29E-5                   0.035876821910519455
6.3E-5                    0.03548753546613428
6.31E-5                   0.035123063496418985
6.319999999999999E-5      0.03476928669825382
6.33E-5                   0.03441550989978054
6.34E-5                   0.034061733101000136
6.35E-5                   0.03370795630191356
6.36E-5                   0.0333541795025217
6.37E-5                   0.03301066766665321
6.379999999999999E-5      0.03267238625807917
6.39E-5                   0.032334104851309345
6.4E-5                    0.031995823446345016
6.41E-5                   0.031657542043187395
6.42E-5                   0.03133215965716518
6.429999999999999E-5      0.03101285369928209
6.44E-5                   0.030693547738575164
6.45E-5                   0.03037424177504515
6.46E-5                   0.03005985009922961
6.47E-5                   0.029751826840041205
6.48E-5                   0.029443803585183278
6.489999999999999E-5      0.02913578033465678
6.5E-5                    0.028833607428015384
6.51E-5                   0.02853391396915435
6.52E-5                   0.02823422050568161
6.53E-5                   0.027938886699660475
6.539999999999999E-5      0.027651924363867944
6.549999999999999E-5      0.027364962032829752
6.56E-5                   0.027081029769195984
6.57E-5                   0.02680358000735793
6.58E-5                   0.02652613024157308
6.59E-5                   0.02625149758480125
6.599999999999999E-5      0.025983609530979675
6.61E-5                   0.025715721479963198
6.62E-5                   0.025449846075925167
6.63E-5                   0.02518939255576487
6.64E-5                   0.024928939033814095
6.65E-5                   0.024670546003456223
6.659999999999999E-5      0.02441844106924137
6.67E-5                   0.02416633613598211
6.68E-5                   0.023915973034688422
6.69E-5                   0.023671682545515247
6.7E-5                    0.023427392056013813
6.709999999999999E-5      0.023184564766228846
6.72E-5                   0.02294762739105489
6.73E-5                   0.022710690015796432
6.74E-5                   0.022475060847866598
6.75E-5                   0.022245595439132876
6.76E-5                   0.02201613003073359
6.769999999999999E-5      0.0217877184270314
6.78E-5                   0.02156522383924969
6.79E-5                   0.021342729251016473
6.8E-5                    0.02112111259895964
6.81E-5                   0.020905516490688014
6.819999999999999E-5      0.02068992038291752
6.829999999999999E-5      0.02047501152092869
6.84E-5                   0.020266064664790518
6.85E-5                   0.020057117808155955
6.86E-5                   0.019848680862853962
6.87E-5                   0.01964615215956694
6.879999999999999E-5      0.01944362345673612
6.89E-5                   0.019241607939224137
6.9E-5                    0.01904831916215851
6.91E-5                   0.01885503038489934
6.92E-5                   0.018661741607446818
6.929999999999999E-5      0.018468452829801148
6.939999999999999E-5      0.018275164051962476
6.95E-5                   0.01808196584231696
6.96E-5                   0.0179004040411415
6.97E-5                   0.017718842240113036
6.98E-5                   0.017537280439231712
6.989999999999999E-5      0.01735571863849772
7.0E-5                    0.017174156837911157
7.01E-5                   0.0169925950374722
7.02E-5                   0.01682162064759854
7.03E-5                   0.016651088477132404
7.04E-5                   0.016480556306557016
7.049999999999999E-5      0.01631002413587252
7.06E-5                   0.016139491965078998
7.07E-5                   0.015968959794176604
7.08E-5                   0.01580787248306911
7.09E-5                   0.015647695503448855
7.099999999999999E-5      0.01548751852390578
7.11E-5                   0.015327341544439937
7.12E-5                   0.015167164565051463
7.13E-5                   0.015006987585740457
7.14E-5                   0.014859039176756975
7.15E-5                   0.014713011172617793
7.159999999999999E-5      0.014566983168453174
7.17E-5                   0.014420955164263161
7.18E-5                   0.014274927160047846
7.19E-5                   0.014128899155807317
7.2E-5                    0.013982871151541653
7.209999999999999E-5      0.013836843147250952
7.219999999999999E-5      0.013690815142935258
7.23E-5                   0.013544787138594666
7.24E-5                   0.013398759134229258
7.25E-5                   0.013252731129839115
7.26E-5                   0.01311993458047119
7.269999999999999E-5      0.012991120714981534
7.28E-5                   0.01286230684950686
7.29E-5                   0.012733492984047223
7.3E-5                    0.012604679118602696
7.31E-5                   0.012475865253173322
7.319999999999999E-5      0.01234705138775918
7.329999999999999E-5      0.012218237522360289
7.34E-5                   0.012089423656976721
7.35E-5                   0.011960609791608526
7.36E-5                   0.011831795926255767
7.37E-5                   0.011702982060918493
7.379999999999999E-5      0.01158438342380498
7.39E-5                   0.011470748088970745
7.4E-5                    0.011357112754127218
7.41E-5                   0.011243477419274443
7.42E-5                   0.01112984208441245
7.429999999999999E-5      0.011016206749541292
7.439999999999999E-5      0.010902571414660984
7.45E-5                   0.010788936079771574
7.46E-5                   0.0106753007448731
7.47E-5                   0.010561665409965596
7.48E-5                   0.010448030075049106
7.489999999999999E-5      0.01033439474012368
7.5E-5                    0.010231704636065344
7.51E-5                   0.01013702630419801
7.52E-5                   0.010042347972333188
7.53E-5                   0.009947669640470905
7.54E-5                   0.009852991308611185
7.549999999999999E-5      0.009758312976754054
7.56E-5                   0.009663634644899513
7.57E-5                   0.009568956313047593
7.58E-5                   0.009474277981198324
7.59E-5                   0.00937959964935172
7.599999999999999E-5      0.00928492131750782
7.609999999999999E-5      0.00919024298566662
7.62E-5                   0.00909556465382815
7.63E-5                   0.009000886321992438
7.64E-5                   0.008906207990159499
7.65E-5                   0.008811529658329362
7.659999999999999E-5      0.008716851326502056
7.67E-5                   0.00862217299467758
7.68E-5                   0.00852749466285597
7.69E-5                   0.008432816331037244
7.7E-5                    0.008338137999221428
7.709999999999999E-5      0.008243459667408555
7.719999999999999E-5      0.008148781335598619
7.73E-5                   0.008054103003791658
7.74E-5                   0.007967562469537979
7.75E-5                   0.007893960839031783
7.76E-5                   0.007820359208523827
7.769999999999999E-5      0.007746757578014135
7.78E-5                   0.007673155947502696
7.79E-5                   0.007599554316989532
7.8E-5                    0.007525952686474655
7.81E-5                   0.007452351055958069
7.819999999999999E-5      0.007378749425439797
7.829999999999999E-5      0.007305147794919829
7.84E-5                   0.00723154616439819
7.85E-5                   0.007157944533874881
7.86E-5                   0.007084342903349921
7.87E-5                   0.007010741272823316
7.879999999999999E-5      0.006937139642295087
7.89E-5                   0.006863538011765227
7.9E-5                    0.006789936381233749
7.91E-5                   0.006716334750700671
7.92E-5                   0.006642733120165999
7.93E-5                   0.0065691314896297445
7.939999999999999E-5      0.0064955298590919286
7.95E-5                   0.006421928228552538
7.96E-5                   0.006348326598011598
7.97E-5                   0.006274724967469116
7.98E-5                   0.006204317561605512
7.989999999999999E-5      0.006147110314771145
7.999999999999999E-5      0.006089903067937444
8.01E-5                   0.0060326958211044165
8.02E-5                   0.005975488574272071
8.03E-5                   0.005918281327440409
8.04E-5                   0.005861074080609438
8.049999999999999E-5      0.00580386683377917
8.06E-5                   0.005746659586949593
8.07E-5                   0.005689452340120722
8.08E-5                   0.00563224509329256
8.09E-5                   0.00557503784646511
8.099999999999999E-5      0.005517830599638389
8.109999999999999E-5      0.005460623352812383
8.12E-5                   0.005403416105987105
8.13E-5                   0.005346208859162562
8.14E-5                   0.005289001612338756
8.15E-5                   0.005231794365515695
8.159999999999999E-5      0.005174587118693387
8.17E-5                   0.005117379871871825
8.18E-5                   0.00506017262505102
8.19E-5                   0.005002965378230978
8.2E-5                    0.004945758131411704
8.209999999999999E-5      0.004888550884593208
8.219999999999999E-5      0.0048313890839789455
8.23E-5                   0.004786915094660616
8.24E-5                   0.004742441105341931
8.25E-5                   0.004697967116022894
8.26E-5                   0.004653493126703507
8.269999999999999E-5      0.0046090191373837795
8.28E-5                   0.004564545148063699
8.29E-5                   0.004520071158743276
8.3E-5                    0.00447559716942251
8.31E-5                   0.00443112318010141
8.319999999999999E-5      0.004386649190779974
8.329999999999999E-5      0.004342175201458201
8.34E-5                   0.004297701212136096
8.35E-5                   0.004253227222813662
8.36E-5                   0.0042087532334908985
8.37E-5                   0.00416427924416781
8.379999999999999E-5      0.004119805254844406
8.389999999999999E-5      0.004075331265520675
8.4E-5                    0.004030857276196624
8.41E-5                   0.00398638328687226
8.42E-5                   0.003941909297547581
8.43E-5                   0.003897435308222589
8.439999999999999E-5      0.003852961318897295
8.45E-5                   0.0038084873295716887
8.46E-5                   0.0037640133402457743
8.47E-5                   0.0037303811039845628
8.48E-5                   0.0036992540687259554
8.489999999999999E-5      0.003668127033467483
8.499999999999999E-5      0.0036369999982091387
8.51E-5                   0.0036058729629509277
8.52E-5                   0.0035747459276928503
8.53E-5                   0.0035436188924349073
8.54E-5                   0.0035124918571771
8.549999999999999E-5      0.003481364821919433
8.56E-5                   0.003450237786661898
8.57E-5                   0.0034191107514045015
8.58E-5                   0.003387983716147243
8.59E-5                   0.0033568566808901247
8.599999999999999E-5      0.0033257296456331493
8.609999999999999E-5      0.0032946026103763118
8.62E-5                   0.003263475575119615
8.63E-5                   0.003232348539863061
8.64E-5                   0.003201221504606649
8.65E-5                   0.0031700944693503824
8.659999999999999E-5      0.003138967434094265
8.669999999999999E-5      0.0031078403988382877
8.68E-5                   0.0030767133635824567
8.69E-5                   0.0030455863283267723
8.7E-5                    0.0030144592930712363
8.709999999999999E-5      0.0029833322578158533
8.719999999999999E-5      0.002952205222560615
8.73E-5                   0.0029210781873055276
8.74E-5                   0.0028899511520505904
8.75E-5                   0.002858824116795805
8.76E-5                   0.002827697081541172
8.769999999999999E-5      0.0027965700462866967
8.779999999999999E-5      0.00276544301103237
8.79E-5                   0.002734315975778199
8.8E-5                    0.0027031889405241837
8.81E-5                   0.002672061905270325
8.82E-5                   0.0026409348700166223
8.829999999999999E-5      0.002609807834763083
8.84E-5                   0.0025786807995096975
8.85E-5                   0.0025475537642564708
8.86E-5                   0.002516426729003405
8.87E-5                   0.0024852996937505
8.879999999999999E-5      0.002454172658497761
8.889999999999999E-5      0.00242304562324518
8.9E-5                    0.002391918587992763
8.91E-5                   0.0023607915527405093
8.92E-5                   0.002329664517488421
8.93E-5                   0.0022985374822364984
8.939999999999999E-5      0.0022674104469847457
8.95E-5                   0.002241645315175066
8.96E-5                   0.0022229945885303233
8.97E-5                   0.0022043438618854884
8.98E-5                   0.002185693135240564
8.989999999999999E-5      0.0021670424085955503
8.999999999999999E-5      0.002148391681950443
9.01E-5                   0.002129740955305246
9.02E-5                   0.002111090228659958
9.03E-5                   0.0020924395020145807
9.04E-5                   0.0020737887753691127
9.049999999999999E-5      0.0020551380487235575
9.059999999999999E-5      0.0020364873220779104
9.07E-5                   0.002017836595432174
9.08E-5                   0.0019991858687863477
9.09E-5                   0.001980535142140433
9.099999999999999E-5      0.0019618844154944306
9.109999999999999E-5      0.0019432336888483381
9.12E-5                   0.001924582962202156
9.13E-5                   0.0019059322355558864
9.14E-5                   0.0018872815089095274
9.15E-5                   0.0018686307822630807
9.159999999999999E-5      0.0018499800556165487
9.169999999999999E-5      0.001831329328969926
9.18E-5                   0.0018126786023232161
9.19E-5                   0.0017940278756764184
9.2E-5                    0.0017753771490295334
9.21E-5                   0.0017567264223825613
9.219999999999999E-5      0.0017380756957355047
9.23E-5                   0.001719424969088359
9.24E-5                   0.001700774242441126
9.25E-5                   0.0016821235157938074
9.26E-5                   0.0016634727891464015
9.269999999999999E-5      0.0016448220624989127
9.279999999999999E-5      0.0016261713358513348
9.29E-5                   0.0016075206092036715
9.3E-5                    0.0015888698825559226
9.31E-5                   0.0015702191559080882
9.32E-5                   0.0015515684292601683
9.329999999999999E-5      0.0015329177026121659
9.34E-5                   0.001514266975964076
9.35E-5                   0.001495616249315901
9.36E-5                   0.0014769655226676416
9.37E-5                   0.0014583147960192976
9.379999999999999E-5      0.0014396640693708717
9.389999999999999E-5      0.0014210133427223594
9.4E-5                    0.0014023626160737628
9.41E-5                   0.001383711889425083
9.42E-5                   0.001365061162776319
9.43E-5                   0.0013467639246391495
9.439999999999999E-5      0.001335597292856647
9.449999999999999E-5      0.0013244306610741782
9.46E-5                   0.001313264029291745
9.47E-5                   0.001302097397509348
9.48E-5                   0.0012909307657269866
9.489999999999999E-5      0.0012797641339446625
9.499999999999999E-5      0.001268597502162373
9.51E-5                   0.0012574308703801192
9.52E-5                   0.0012462642385979014
9.53E-5                   0.0012350976068157195
9.54E-5                   0.0012239309750335739
9.549999999999999E-5      0.0012127643432514657
9.559999999999999E-5      0.001201597711469392
9.57E-5                   0.0011904310796873546
9.58E-5                   0.0011792644479053532
9.59E-5                   0.0011680978161233884
9.6E-5                    0.0011569311843414596
9.609999999999999E-5      0.0011457645525595687
9.62E-5                   0.0011345979207777123
9.63E-5                   0.0011234312889958924
9.64E-5                   0.001112264657214109
9.65E-5                   0.0011010980254323615
9.659999999999999E-5      0.0010899313936506526
9.669999999999999E-5      0.0010787647618689783
9.68E-5                   0.0010675981300873408
9.69E-5                   0.00105643149830574
9.7E-5                    0.0010452648665241757
9.71E-5                   0.0010340982347426476
9.719999999999999E-5      0.001022931602961158
9.73E-5                   0.0010117649711797038
9.74E-5                   0.001000598339398286
9.75E-5                   9.894317076169052E-4
9.76E-5                   9.782650758355608E-4
9.769999999999999E-5      9.67098444054255E-4
9.779999999999999E-5      9.559318122729848E-4
9.79E-5                   9.447651804917515E-4
9.8E-5                    9.335985487105548E-4
9.81E-5                   9.224319169293954E-4
9.82E-5                   9.112652851482728E-4
9.829999999999999E-5      9.00098653367189E-4
9.839999999999999E-5      8.889320215861407E-4
9.85E-5                   8.777653898051297E-4
9.86E-5                   8.665987580241558E-4
9.87E-5                   8.55432126243219E-4
9.879999999999999E-5      8.44265494462321E-4
9.889999999999999E-5      8.330988626814587E-4
9.9E-5                    8.219322309006337E-4
9.91E-5                   8.107655991198464E-4
9.92E-5                   8.025744356930583E-4
9.93E-5                   7.958842312825457E-4
9.939999999999999E-5      7.891940268720213E-4
9.949999999999999E-5      7.825038224614834E-4
9.96E-5                   7.758136180509327E-4
9.97E-5                   7.69123413640369E-4
9.98E-5                   7.624332092297926E-4
9.989999999999999E-5      7.557430048192044E-4
9.999999999999999E-5      7.490528004086025E-4
1.001E-4                  7.423625959979878E-4
1.002E-4                  7.356723915873606E-4
1.003E-4                  7.289821871767205E-4
1.004E-4                  7.222919827660676E-4
1.0049999999999999E-4     7.156017783554031E-4
1.0059999999999999E-4     7.089115739447249E-4
1.007E-4                  7.02221369534034E-4
1.008E-4                  6.955311651233305E-4
1.009E-4                  6.888409607126141E-4
1.01E-4                   6.821507563018852E-4
1.0109999999999999E-4     6.754605518911443E-4
1.012E-4                  6.687703474803903E-4
1.013E-4                  6.620801430696233E-4
1.014E-4                  6.553899386588438E-4
1.015E-4                  6.486997342480514E-4
1.0159999999999999E-4     6.420095298372476E-4
1.0169999999999999E-4     6.353193254264302E-4
1.018E-4                  6.286291210156002E-4
1.019E-4                  6.219389166047575E-4
1.02E-4                   6.152487121939023E-4
1.021E-4                  6.085585077830345E-4
1.0219999999999999E-4     6.01868303372155E-4
1.0229999999999999E-4     5.95178098961262E-4
1.024E-4                  5.884878945503566E-4
1.025E-4                  5.817976901394383E-4
1.026E-4                  5.751074857285077E-4
1.0269999999999999E-4     5.684172813175654E-4
1.0279999999999999E-4     5.617270769066097E-4
1.029E-4                  5.550368724956415E-4
1.03E-4                   5.483466680846606E-4
1.031E-4                  5.416564636736672E-4
1.032E-4                  5.349662592626616E-4
1.0329999999999999E-4     5.282760548516443E-4
1.0339999999999999E-4     5.215858504406136E-4
1.035E-4                  5.148956460295701E-4
1.036E-4                  5.082054416185145E-4
1.037E-4                  5.015152372074463E-4
1.0379999999999999E-4     4.948250327963666E-4
1.0389999999999999E-4     4.881348283852735E-4
1.04E-4                   4.823887109007243E-4
1.041E-4                  4.790444072447649E-4
1.042E-4                  4.7570010358880937E-4
1.043E-4                  4.7235579993285735E-4
1.0439999999999999E-4     4.6901149627690946E-4
1.0449999999999999E-4     4.6566719262096476E-4
1.046E-4                  4.623228889650238E-4
1.047E-4                  4.589785853090864E-4
1.048E-4                  4.556342816531527E-4
1.049E-4                  4.5228997799722274E-4
1.0499999999999999E-4     4.489456743412968E-4
1.051E-4                  4.4560137068537406E-4
1.052E-4                  4.42257067029455E-4
1.053E-4                  4.389127633735395E-4
1.054E-4                  4.355684597176279E-4
1.0549999999999999E-4     4.322241560617202E-4
1.0559999999999999E-4     4.2887985240581576E-4
1.057E-4                  4.2553554874991497E-4
1.058E-4                  4.221912450940179E-4
1.059E-4                  4.188469414381245E-4
1.06E-4                   4.1550263778223473E-4
1.0609999999999999E-4     4.121583341263491E-4
1.0619999999999999E-4     4.0881403047046666E-4
1.063E-4                  4.05469726814588E-4
1.064E-4                  4.0212542315871285E-4
1.065E-4                  3.987811195028414E-4
1.0659999999999999E-4     3.954368158469741E-4
1.0669999999999999E-4     3.920925121911101E-4
1.068E-4                  3.8874820853524974E-4
1.069E-4                  3.8540390487939297E-4
1.07E-4                   3.8205960122353994E-4
1.071E-4                  3.7871529756769055E-4
1.0719999999999999E-4     3.7537099391184533E-4
1.0729999999999999E-4     3.720266902560033E-4
1.074E-4                  3.6868238660016497E-4
1.075E-4                  3.6533808294433027E-4
1.076E-4                  3.619937792884994E-4
1.0769999999999999E-4     3.5864947563267246E-4
1.0779999999999999E-4     3.553051719768489E-4
1.079E-4                  3.519608683210291E-4
1.08E-4                   3.4861656466521275E-4
1.081E-4                  3.452722610094002E-4
1.082E-4                  3.419279573535914E-4
1.0829999999999999E-4     3.385836536977867E-4
1.0839999999999999E-4     3.352393500419852E-4
1.085E-4                  3.318950463861875E-4
1.086E-4                  3.2855074273039335E-4
1.087E-4                  3.25206439074603E-4
1.0879999999999999E-4     3.2186213541881664E-4
1.0889999999999999E-4     3.185178317630337E-4
1.0899999999999999E-4     3.151735281072544E-4
1.091E-4                  3.118292244514787E-4
1.092E-4                  3.084849207957068E-4
1.093E-4                  3.0514061713993857E-4
1.0939999999999999E-4     3.017963134841745E-4
1.0949999999999999E-4     2.984520098284137E-4
1.096E-4                  2.951077061726566E-4
1.097E-4                  2.9176340251690317E-4
1.098E-4                  2.8841909886115347E-4
1.099E-4                  2.8507479520540745E-4
1.0999999999999999E-4     2.817304915496656E-4
1.1009999999999999E-4     2.78386187893927E-4
1.102E-4                  2.7504188423819206E-4
1.103E-4                  2.716975805824609E-4
1.104E-4                  2.683532769267334E-4
1.1049999999999999E-4     2.6500897327101007E-4
1.1059999999999999E-4     2.616646696152901E-4
1.107E-4                  2.583203659595737E-4
1.108E-4                  2.5497606230386104E-4
1.109E-4                  2.5163175864815216E-4
1.11E-4                   2.4828745499244696E-4
1.1109999999999999E-4     2.449431513367459E-4
1.1119999999999999E-4     2.415988476810481E-4
1.113E-4                  2.382545440253541E-4
1.114E-4                  2.3491024036966377E-4
1.115E-4                  2.3156593671397712E-4
1.1159999999999999E-4     2.2822163305829472E-4
1.1169999999999999E-4     2.2487732940261552E-4
1.118E-4                  2.2153302574694006E-4
1.119E-4                  2.181887220912683E-4
1.12E-4                   2.1484441843560033E-4
1.121E-4                  2.1150011477993603E-4
1.1219999999999999E-4     2.0815581112427597E-4
1.1229999999999999E-4     2.048115074686191E-4
1.124E-4                  2.0146720381296606E-4
1.125E-4                  1.9812290015731667E-4
1.126E-4                  1.9477859650167103E-4
1.1269999999999999E-4     1.9143429284602955E-4
1.1279999999999999E-4     1.880899891903914E-4
1.1289999999999999E-4     1.8474568553475697E-4
1.13E-4                   1.8140138187912623E-4
1.131E-4                  1.7805707822349926E-4
1.132E-4                  1.7471277456787606E-4
1.1329999999999999E-4     1.7136847091225703E-4
1.1339999999999999E-4     1.6802416725664125E-4
1.135E-4                  1.6467986360102922E-4
1.136E-4                  1.6133555994542095E-4
1.137E-4                  1.5914765064754365E-4
1.138E-4                  1.5803968618818227E-4
1.1389999999999999E-4     1.5693172172881996E-4
1.1399999999999999E-4     1.5582375726945643E-4
1.141E-4                  1.5471579281009192E-4
1.142E-4                  1.536078283507264E-4
1.143E-4                  1.524998638913598E-4
1.1439999999999999E-4     1.513918994319923E-4
1.1449999999999999E-4     1.5028393497262365E-4
1.146E-4                  1.4917597051325392E-4
1.147E-4                  1.4806800605388318E-4
1.148E-4                  1.469600415945114E-4
1.149E-4                  1.4585207713513858E-4
1.1499999999999999E-4     1.4474411267576489E-4
1.1509999999999999E-4     1.4363614821639E-4
1.152E-4                  1.4252818375701406E-4
1.153E-4                  1.4142021929763714E-4
1.154E-4                  1.4031225483825913E-4
1.1549999999999999E-4     1.3920429037888023E-4
1.1559999999999999E-4     1.3809632591950014E-4
1.157E-4                  1.3698836146011905E-4
1.158E-4                  1.3588039700073687E-4
1.159E-4                  1.3477243254135372E-4
1.16E-4                   1.336644680819695E-4
1.1609999999999999E-4     1.3255650362258445E-4
1.1619999999999999E-4     1.3144853916319813E-4
1.163E-4                  1.3034057470381077E-4
1.164E-4                  1.2923261024442242E-4
1.165E-4                  1.2812464578503303E-4
1.1659999999999999E-4     1.2701668132564275E-4
1.1669999999999999E-4     1.2590871686625133E-4
1.1679999999999999E-4     1.2480075240685877E-4
1.169E-4                  1.2369278794746526E-4
1.17E-4                   1.2258482348807067E-4
1.171E-4                  1.2147685902867503E-4
1.1719999999999999E-4     1.2036889456927855E-4
1.1729999999999999E-4     1.1926093010988086E-4
1.174E-4                  1.1815296565048215E-4
1.175E-4                  1.1704500119108242E-4
1.176E-4                  1.1593703673168158E-4
1.177E-4                  1.1482907227227979E-4
1.1779999999999999E-4     1.1372110781287707E-4
1.1789999999999999E-4     1.1261314335347318E-4
1.18E-4                   1.1150517889406822E-4
1.181E-4                  1.1039721443466225E-4
1.182E-4                  1.0928924997525526E-4
1.1829999999999999E-4     1.0818128551584739E-4
1.1839999999999999E-4     1.0707332105643828E-4
1.185E-4                  1.0596535659702821E-4
1.186E-4                  1.0485739213761703E-4
1.187E-4                  1.0374942767820486E-4
1.188E-4                  1.0264146321879166E-4
1.1889999999999999E-4     1.0153349875937757E-4
1.1899999999999999E-4     1.0042553429996227E-4
1.191E-4                  9.931756984054595E-5
1.192E-4                  9.82096053811286E-5
1.193E-4                  9.71016409217102E-5
1.1939999999999999E-4     9.59936764622909E-5
1.1949999999999999E-4     9.488571200287046E-5
1.196E-4                  9.377774754344896E-5
1.197E-4                  9.266978308402645E-5
1.198E-4                  9.156181862460288E-5
1.199E-4                  9.045385416517825E-5
1.1999999999999999E-4     8.934588970575278E-5
1.2009999999999999E-4     8.823792524632612E-5
1.202E-4                  8.71299607868984E-5
1.203E-4                  8.602199632746969E-5
1.204E-4                  8.491403186803991E-5
1.2049999999999999E-4     8.380606740860924E-5
1.2059999999999999E-4     8.269810294917741E-5
1.2069999999999999E-4     8.159013848974452E-5
1.208E-4                  8.048217403031061E-5
1.209E-4                  7.937420957087563E-5
1.21E-4                   7.826624511143968E-5
1.2109999999999999E-4     7.715828065200283E-5
1.2119999999999999E-4     7.605031619256477E-5
1.213E-4                  7.494235173312567E-5
1.214E-4                  7.383438727368556E-5
1.215E-4                  7.272642281424441E-5
1.216E-4                  7.161845835480222E-5
1.2169999999999999E-4     7.051049389535915E-5
1.2179999999999999E-4     6.940252943591489E-5
1.219E-4                  6.829456497646963E-5
1.22E-4                   6.71866005170233E-5
1.2209999999999999E-4     6.607863605757607E-5
1.222E-4                  6.497067159812768E-5
1.223E-4                  6.386270713867827E-5
1.224E-4                  6.275474267922781E-5
1.225E-4                  6.164677821977633E-5
1.226E-4                  6.053881376032379E-5
1.227E-4                  5.943084930087024E-5
1.228E-4                  5.832288484141565E-5
1.229E-4                  5.721492038196001E-5
1.2299999999999998E-4     5.610695592250365E-5
1.2309999999999998E-4     5.4998991463045945E-5
1.2319999999999999E-4     5.389102700358722E-5
1.233E-4                  5.278306254412745E-5
1.234E-4                  5.223556799381773E-5
1.235E-4                  5.1872886613120073E-5
1.236E-4                  5.15102052324227E-5
1.237E-4                  5.11475238517256E-5
1.238E-4                  5.078484247102879E-5
1.239E-4                  5.042216109033227E-5
1.24E-4                   5.005947970963601E-5
1.241E-4                  4.969679832894005E-5
1.2419999999999998E-4     4.933411694824446E-5
1.2429999999999999E-4     4.8971435567549045E-5
1.244E-4                  4.860875418685392E-5
1.245E-4                  4.824607280615908E-5
1.246E-4                  4.788339142546452E-5
1.247E-4                  4.752071004477023E-5
1.248E-4                  4.7158028664076244E-5
1.249E-4                  4.679534728338253E-5
1.25E-4                   4.6432665902689095E-5
1.251E-4                  4.606998452199593E-5
1.252E-4                  4.5707303141303056E-5
1.2529999999999998E-4     4.534462176061058E-5
1.2539999999999999E-4     4.4981940379918244E-5
1.255E-4                  4.461925899922623E-5
1.256E-4                  4.425657761853447E-5
1.257E-4                  4.389389623784301E-5
1.258E-4                  4.353121485715182E-5
1.259E-4                  4.316853347646091E-5
1.26E-4                   4.280585209577029E-5
1.261E-4                  4.244317071507995E-5
1.262E-4                  4.2080489334389886E-5
1.263E-4                  4.171780795370012E-5
1.2639999999999998E-4     4.135512657301071E-5
1.2649999999999998E-4     4.099244519232149E-5
1.266E-4                  4.0629763811632554E-5
1.267E-4                  4.02670824309439E-5
1.268E-4                  3.9904401050255535E-5
1.269E-4                  3.9541719669567435E-5
1.27E-4                   3.917903828887963E-5
1.271E-4                  3.88163569081921E-5
1.272E-4                  3.845367552750485E-5
1.273E-4                  3.809099414681789E-5
1.274E-4                  3.7728312766131206E-5
1.2749999999999998E-4     3.7365631385444896E-5
1.2759999999999998E-4     3.700295000475877E-5
1.277E-4                  3.664026862407294E-5
1.278E-4                  3.627758724338737E-5
1.279E-4                  3.59149058627021E-5
1.28E-4                   3.55522244820171E-5
1.281E-4                  3.518954310133238E-5
1.282E-4                  3.4826861720647944E-5
1.283E-4                  3.44641803399638E-5
1.284E-4                  3.410149895927992E-5
1.285E-4                  3.373881757859633E-5
1.2859999999999998E-4     3.3376136197913116E-5
1.2869999999999998E-4     3.30134548172301E-5
1.288E-4                  3.2650773436547346E-5
1.289E-4                  3.2288092055864884E-5
1.29E-4                   3.192541067518271E-5
1.291E-4                  3.1562729294500794E-5
1.292E-4                  3.120004791381918E-5
1.293E-4                  3.083736653313784E-5
1.294E-4                  3.0474685152456783E-5
1.295E-4                  3.011200377177601E-5
1.296E-4                  2.974932239109551E-5
1.2969999999999998E-4     2.93866410104154E-5
1.2979999999999998E-4     2.9023959629735457E-5
1.2989999999999999E-4     2.8661278249055807E-5
1.3E-4                    2.829859686837644E-5
1.301E-4                  2.793591548769734E-5
1.302E-4                  2.7573234107018552E-5
1.303E-4                  2.721055272634002E-5
1.304E-4                  2.6847871345661777E-5
1.305E-4                  2.648518996498382E-5
1.306E-4                  2.612250858430613E-5
1.307E-4                  2.5759827203628734E-5
1.3079999999999998E-4     2.5397145822951713E-5
1.3089999999999998E-4     2.503446444227487E-5
1.3099999999999999E-4     2.467178306159832E-5
1.311E-4                  2.4309101680922045E-5
1.312E-4                  2.394642030024605E-5
1.313E-4                  2.358373891957034E-5
1.314E-4                  2.3221057538894907E-5
1.315E-4                  2.2858376158219763E-5
1.316E-4                  2.249569477754489E-5
1.317E-4                  2.2133013396870303E-5
1.318E-4                  2.1770332016195996E-5
1.3189999999999998E-4     2.1407650635522073E-5
1.3199999999999998E-4     2.1044969254848335E-5
1.3209999999999999E-4     2.0682287874174873E-5
1.322E-4                  2.0319606493501694E-5
1.323E-4                  1.9956925112828794E-5
1.324E-4                  1.9594243732156178E-5
1.325E-4                  1.9231562351483843E-5
1.326E-4                  1.886888097081179E-5
1.327E-4                  1.850619959014002E-5
1.328E-4                  1.814351820946853E-5
1.329E-4                  1.7780836828797317E-5
1.33E-4                   1.741815544812639E-5
1.3309999999999998E-4     1.7293852264620326E-5
1.3319999999999999E-4     1.7172700278337472E-5
1.333E-4                  1.705154829205454E-5
1.334E-4                  1.693039630577154E-5
1.335E-4                  1.6809244319488453E-5
1.336E-4                  1.6688092333205297E-5
1.337E-4                  1.656694034692207E-5
1.338E-4                  1.6445788360638763E-5
1.339E-4                  1.6324636374355387E-5
1.34E-4                   1.6203484388071927E-5
1.341E-4                  1.6082332401788402E-5
1.3419999999999998E-4     1.596118041550483E-5
1.3429999999999998E-4     1.584002842922115E-5
1.344E-4                  1.5718876442937398E-5
1.345E-4                  1.559772445665357E-5
1.346E-4                  1.5476572470369664E-5
1.347E-4                  1.5355420484085682E-5
1.348E-4                  1.5234268497801629E-5
1.349E-4                  1.5113116511517505E-5
1.35E-4                   1.4991964525233297E-5
1.351E-4                  1.487081253894902E-5
1.352E-4                  1.4749660552664666E-5
1.3529999999999998E-4     1.4628508566380268E-5
1.3539999999999998E-4     1.4507356580095761E-5
1.355E-4                  1.4386204593811186E-5
1.356E-4                  1.4265052607526533E-5
1.357E-4                  1.4143900621241804E-5
1.358E-4                  1.4022748634956997E-5
1.359E-4                  1.3901596648672124E-5
1.36E-4                   1.378044466238717E-5
1.361E-4                  1.3659292676102139E-5
1.362E-4                  1.3538140689817035E-5
1.363E-4                  1.3416988703531854E-5
1.3639999999999998E-4     1.3295836717246633E-5
1.3649999999999998E-4     1.3174684730961308E-5
1.3659999999999999E-4     1.3053532744675902E-5
1.367E-4                  1.2932380758390423E-5
1.368E-4                  1.281122877210487E-5
1.369E-4                  1.2690076785819242E-5
1.37E-4                   1.2568924799533542E-5
1.371E-4                  1.244777281324776E-5
1.372E-4                  1.2326620826961908E-5
1.373E-4                  1.2205468840675981E-5
1.374E-4                  1.208431685438998E-5
1.3749999999999998E-4     1.1963164868103931E-5
1.3759999999999998E-4     1.184201288181778E-5
1.3769999999999999E-4     1.1720860895531552E-5
1.378E-4                  1.159970890924525E-5
1.379E-4                  1.1478556922958873E-5
1.38E-4                   1.135740493667242E-5
1.381E-4                  1.123625295038589E-5
1.382E-4                  1.1115100964099287E-5
1.383E-4                  1.0993948977812611E-5
1.384E-4                  1.087279699152586E-5
1.385E-4                  1.0751645005239031E-5
1.3859999999999998E-4     1.063049301895216E-5
1.3869999999999998E-4     1.0509341032665185E-5
1.3879999999999999E-4     1.0388189046378132E-5
1.389E-4                  1.0267037060091004E-5
1.39E-4                   1.0145885073803801E-5
1.391E-4                  1.0024733087516524E-5
1.392E-4                  9.903581101229174E-6
1.393E-4                  9.782429114941745E-6
1.394E-4                  9.661277128654243E-6
1.395E-4                  9.540125142366667E-6
1.396E-4                  9.418973156079014E-6
1.3969999999999998E-4     9.297821169791319E-6
1.3979999999999998E-4     9.176669183503516E-6
1.3989999999999999E-4     9.055517197215641E-6
1.4E-4                    8.934365210927688E-6
1.401E-4                  8.813213224639663E-6
1.402E-4                  8.69206123835156E-6
1.403E-4                  8.570909252063382E-6
1.404E-4                  8.449757265775131E-6
1.405E-4                  8.328605279486804E-6
1.406E-4                  8.2074532931984E-6
1.407E-4                  8.086301306909927E-6
1.408E-4                  7.965149320621376E-6
1.4089999999999998E-4     7.84399733433278E-6
1.4099999999999998E-4     7.72284534804408E-6
1.411E-4                  7.601693361755305E-6
1.412E-4                  7.4805413754664505E-6
1.413E-4                  7.359389389177527E-6
1.414E-4                  7.2382374028885235E-6
1.415E-4                  7.117085416599448E-6
1.416E-4                  6.995933430310295E-6
1.417E-4                  6.874781444021071E-6
1.418E-4                  6.753629457731768E-6
1.419E-4                  6.632477471442392E-6
1.4199999999999998E-4     6.511325485152976E-6
1.4209999999999998E-4     6.390173498863451E-6
1.422E-4                  6.269021512573848E-6
1.423E-4                  6.147869526284173E-6
1.424E-4                  6.026717539994422E-6
1.425E-4                  5.905565553704596E-6
1.426E-4                  5.7844135674146944E-6
1.427E-4                  5.682813941471587E-6
1.428E-4                  5.649781913827607E-6
1.429E-4                  5.616749886183638E-6
1.43E-4                   5.58371785853968E-6
1.4309999999999998E-4     5.550685830895742E-6
1.4319999999999998E-4     5.517653803251806E-6
1.433E-4                  5.48462177560788E-6
1.434E-4                  5.451589747963965E-6
1.435E-4                  5.4185577203200624E-6
1.436E-4                  5.385525692676169E-6
1.437E-4                  5.352493665032288E-6
1.438E-4                  5.319461637388417E-6
1.439E-4                  5.286429609744558E-6
1.44E-4                   5.253397582100708E-6
1.441E-4                  5.22036555445687E-6
1.4419999999999998E-4     5.187333526813053E-6
1.4429999999999998E-4     5.154301499169237E-6
1.4439999999999999E-4     5.12126947152543E-6
1.445E-4                  5.088237443881636E-6
1.446E-4                  5.055205416237853E-6
1.447E-4                  5.022173388594081E-6
1.448E-4                  4.98914136095032E-6
1.449E-4                  4.956109333306568E-6
1.45E-4                   4.923077305662829E-6
1.451E-4                  4.8900452780191E-6
1.452E-4                  4.857013250375382E-6
1.4529999999999998E-4     4.823981222731683E-6
1.4539999999999998E-4     4.790949195087988E-6
1.4549999999999999E-4     4.757917167444303E-6
1.456E-4                  4.724885139800627E-6
1.457E-4                  4.691853112156964E-6
1.458E-4                  4.658821084513311E-6
1.459E-4                  4.6257890568696715E-6
1.46E-4                   4.592757029226039E-6
1.461E-4                  4.559725001582419E-6
1.462E-4                  4.526692973938811E-6
1.463E-4                  4.493660946295213E-6
1.4639999999999998E-4     4.4606289186516345E-6
1.4649999999999998E-4     4.427596891008059E-6
1.4659999999999999E-4     4.394564863364494E-6
1.467E-4                  4.361532835720939E-6
1.468E-4                  4.3285008080773965E-6
1.469E-4                  4.295468780433864E-6
1.47E-4                   4.262436752790342E-6
1.471E-4                  4.22940472514683E-6
1.472E-4                  4.196372697503331E-6
1.473E-4                  4.163340669859843E-6
1.474E-4                  4.1303086422163634E-6
1.4749999999999998E-4     4.097276614572905E-6
1.4759999999999998E-4     4.06424458692945E-6
1.4769999999999999E-4     4.031212559286006E-6
1.478E-4                  3.99818053164257E-6
1.479E-4                  3.965148503999148E-6
1.48E-4                   3.932116476355736E-6
1.481E-4                  3.899084448712334E-6
1.482E-4                  3.866052421068942E-6
1.483E-4                  3.833020393425564E-6
1.484E-4                  3.7999883657821948E-6
1.485E-4                  3.7669563381388362E-6
1.4859999999999998E-4     3.7339243104954984E-6
1.4869999999999998E-4     3.700892282852162E-6
1.4879999999999998E-4     3.6678602552088372E-6
1.489E-4                  3.6348282275655223E-6
1.49E-4                   3.6017961999222192E-6
1.491E-4                  3.5687641722789263E-6
1.492E-4                  3.5357321446356457E-6
1.493E-4                  3.5027001169923753E-6
1.494E-4                  3.4696680893491154E-6
1.495E-4                  3.436636061705866E-6
1.496E-4                  3.4036040340626274E-6
1.497E-4                  3.370572006419401E-6
1.4979999999999998E-4     3.3375399787761945E-6
1.4989999999999998E-4     3.3045079511329893E-6
1.5E-4                    3.2714759234897946E-6
