% Model:              20230225_JW_4_20.mph
% Version:            COMSOL 5.6.0.401
% Date:               Feb 25 2023, 20:41
% Dimension:          1
% Nodes:              1501
% Expressions:        1
% Description:        点图
% X                       Height
0                         17.035629324318286
1.0E-7                    17.043003915816296
2.0E-7                    17.03313031595614
3.0E-7                    16.994135574962087
4.0E-7                    16.943249043331303
5.0E-7                    16.884868335092786
6.0E-7                    16.812654509847246
7.0E-7                    16.71744654089248
8.0E-7                    16.620455958440992
9.0E-7                    16.514202915946097
1.0E-6                    16.399454927650172
1.1E-6                    16.28036727227571
1.2E-6                    16.158656148414664
1.2999999999999998E-6     16.032908762698
1.4E-6                    15.90494155138452
1.5E-6                    15.775267364509473
1.6E-6                    15.6443419692318
1.6999999999999998E-6     15.512755666979386
1.8E-6                    15.380617047139978
1.9E-6                    15.248123825388388
2.0E-6                    15.115795106744324
2.1E-6                    14.98357377946847
2.2E-6                    14.851659969213191
2.3E-6                    14.72016177534535
2.4E-6                    14.589580884949415
2.4999999999999998E-6     14.458816067677315
2.5999999999999997E-6     14.328993287343078
2.7E-6                    14.2007624344558
2.8E-6                    14.065317948950755
2.8999999999999998E-6     13.937630569772546
3.0E-6                    13.820150354570577
3.1E-6                    13.690690601189008
3.2E-6                    13.564726815276689
3.2999999999999997E-6     13.44096067099996
3.3999999999999996E-6     13.317370573204569
3.5E-6                    13.195163510639919
3.6E-6                    13.073251316864729
3.6999999999999997E-6     12.95147650852837
3.8E-6                    12.831043618227119
3.9E-6                    12.711321449695403
4.0E-6                    12.592277680775066
4.1E-6                    12.474010650070674
4.2E-6                    12.356608344810464
4.2999999999999995E-6     12.240064116505916
4.4E-6                    12.124395462342562
4.5E-6                    12.009626964971702
4.6E-6                    11.8957411180896
4.7E-6                    11.78257592432858
4.8E-6                    11.671047522978395
4.9E-6                    11.560023090110924
4.9999999999999996E-6     11.448483023555108
5.0999999999999995E-6     11.339129372959338
5.199999999999999E-6      11.230068502073735
5.3E-6                    11.122508137311591
5.4E-6                    11.015294372892855
5.5E-6                    10.908936631148224
5.6E-6                    10.803735456654364
5.7E-6                    10.699367525909981
5.7999999999999995E-6     10.595601025635766
5.899999999999999E-6      10.492863472593035
6.0E-6                    10.391366168947199
6.1E-6                    10.29059064358432
6.2E-6                    10.190799927592044
6.3E-6                    10.091144874061532
6.4E-6                    9.992822972020758
6.5E-6                    9.895245999774389
6.5999999999999995E-6     9.798459107189725
6.699999999999999E-6      9.701335707968026
6.799999999999999E-6      9.607468329184242
6.9E-6                    9.513120314052074
7.0E-6                    9.420032320354213
7.1E-6                    9.32716000842458
7.2E-6                    9.23551297350233
7.2999999999999996E-6     9.144564928521282
7.3999999999999995E-6     9.054398439663327
7.499999999999999E-6      8.964699440223836
7.6E-6                    8.876139912817404
7.699999999999999E-6      8.788928460757628
7.8E-6                    8.701880977570848
7.899999999999999E-6      8.61563949089475
8.0E-6                    8.530125419323427
8.1E-6                    8.445456531134953
8.2E-6                    8.36159128816373
8.3E-6                    8.27851082063778
8.4E-6                    8.196108364767422
8.5E-6                    8.114596830076579
8.599999999999999E-6      8.033629974797728
8.7E-6                    7.953556989266363
8.8E-6                    7.874154160850443
8.9E-6                    7.795544876789413
9.0E-6                    7.717763159048125
9.1E-6                    7.640539414058954
9.2E-6                    7.564050764922025
9.299999999999999E-6      7.488388169216641
9.4E-6                    7.4133428207894125
9.499999999999999E-6      7.339102005640539
9.6E-6                    7.265402478110306
9.7E-6                    7.1927523656521615
9.8E-6                    7.120498523767429
9.9E-6                    7.048802861568887
9.999999999999999E-6      6.977989026486701
1.01E-5                   6.907791620871598
1.0199999999999999E-5     6.838285660422038
1.03E-5                   6.769422691289334
1.0399999999999999E-5     6.701200928350282
1.05E-5                   6.633657115690528
1.06E-5                   6.5668038247366365
1.07E-5                   6.500564365915923
1.08E-5                   6.4349835279156675
1.0899999999999999E-5     6.370024794914235
1.1E-5                    6.305699200854069
1.1099999999999999E-5     6.241989820383961
1.12E-5                   6.1789000910625775
1.13E-5                   6.116408385188029
1.14E-5                   6.054565535532138
1.15E-5                   5.993168830417565
1.1599999999999999E-5     5.932773699408684
1.17E-5                   5.871540172132915
1.1799999999999999E-5     5.813203897973648
1.19E-5                   5.75458953303751
1.2E-5                    5.696527646942189
1.21E-5                   5.638408759063617
1.22E-5                   5.581208792133374
1.2299999999999999E-5     5.5247708602412455
1.24E-5                   5.4686711801386725
1.2499999999999999E-5     5.4131532154278235
1.26E-5                   5.3581307034625585
1.2699999999999999E-5     5.303740683201113
1.28E-5                   5.249815731653338
1.29E-5                   5.196446512930491
1.3E-5                    5.1436310775771235
1.31E-5                   5.091296848109055
1.3199999999999999E-5     5.0398009173790514
1.33E-5                   4.988084707830698
1.3399999999999999E-5     4.937357670356778
1.35E-5                   4.8870878250362475
1.3599999999999999E-5     4.837307158598536
1.37E-5                   4.788041771283014
1.38E-5                   4.739236280939735
1.3899999999999999E-5     4.69091847942298
1.4E-5                    4.643079374197708
1.4099999999999999E-5     4.595810772760473
1.42E-5                   4.54893885031407
1.4299999999999999E-5     4.502538278763844
1.44E-5                   4.456592985468237
1.45E-5                   4.4111001030229104
1.4599999999999999E-5     4.3660878890847785
1.47E-5                   4.321533417140468
1.4799999999999999E-5     4.277416639036855
1.49E-5                   4.233751863138055
1.4999999999999999E-5     4.1905139667691085
1.51E-5                   4.147915841553436
1.52E-5                   4.1052327496938235
1.53E-5                   4.063203366015476
1.5399999999999998E-5     4.021710093100761
1.55E-5                   3.9806591720442275
1.56E-5                   3.9399913536077737
1.57E-5                   3.8996902219149887
1.5799999999999998E-5     3.8597983426989955
1.59E-5                   3.82029948685485
1.6E-5                    3.781217777283236
1.61E-5                   3.742518150926692
1.62E-5                   3.7042219501800266
1.63E-5                   3.6663110005373922
1.64E-5                   3.6287560173744215
1.6499999999999998E-5     3.59161879996844
1.66E-5                   3.554829227157189
1.67E-5                   3.5184506509465545
1.68E-5                   3.4824116593025005
1.69E-5                   3.4467647258795844
1.7E-5                    3.411461042698625
1.71E-5                   3.376499111547704
1.7199999999999998E-5     3.341903547221423
1.73E-5                   3.3076737862317733
1.74E-5                   3.2737712825565675
1.75E-5                   3.2402128274208395
1.76E-5                   3.206960397210781
1.77E-5                   3.1740839039132482
1.78E-5                   3.1415612136619417
1.7899999999999998E-5     3.1092533313783153
1.8E-5                    3.0773251679890117
1.81E-5                   3.0456917263418553
1.82E-5                   3.014459602007128
1.8299999999999998E-5     2.98352214117114
1.84E-5                   2.9529192330921625
1.85E-5                   2.9226190907922494
1.8599999999999998E-5     2.892633263127842
1.87E-5                   2.8629419838349817
1.88E-5                   2.8335562573269617
1.89E-5                   2.8044831601452698
1.8999999999999998E-5     2.7757088987021477
1.91E-5                   2.747227456611714
1.92E-5                   2.719023938255119
1.9299999999999998E-5     2.691107438755135
1.94E-5                   2.663462083949449
1.95E-5                   2.636133982224311
1.96E-5                   2.6090744333426628
1.9699999999999998E-5     2.582348176223702
1.98E-5                   2.5557415882052736
1.99E-5                   2.5294299177791992
1.9999999999999998E-5     2.5034405246330858
2.01E-5                   2.4777157248480037
2.02E-5                   2.4522364739931195
2.03E-5                   2.4270168000422414
2.0399999999999998E-5     2.4020641945475574
2.05E-5                   2.3773863032608187
2.06E-5                   2.3529577873549345
2.07E-5                   2.3287888389882543
2.0799999999999997E-5     2.304853914628099
2.09E-5                   2.2811732041726374
2.1E-5                    2.2577342109714773
2.1099999999999998E-5     2.234524455153694
2.12E-5                   2.2115711407615706
2.13E-5                   2.1888292829144755
2.14E-5                   2.1663440614629934
2.1499999999999997E-5     2.144110732666213
2.16E-5                   2.1220356171799644
2.17E-5                   2.100215075213775
2.1799999999999998E-5     2.078644861081356
2.19E-5                   2.057301714760015
2.2E-5                    2.0361244454956813
2.21E-5                   2.0151330473546625
2.2199999999999998E-5     1.9943572927304283
2.23E-5                   1.9737874763660292
2.24E-5                   1.9534525724435805
2.2499999999999998E-5     1.9333214940870664
2.26E-5                   1.9134340050727128
2.27E-5                   1.8938617773014799
2.28E-5                   1.8742895566369278
2.2899999999999998E-5     1.8551021773063217
2.3E-5                    1.8359673174173432
2.31E-5                   1.8171281870156029
2.3199999999999998E-5     1.7984247111187543
2.33E-5                   1.7799238005274087
2.34E-5                   1.7616327505366896
2.35E-5                   1.743464699807242
2.3599999999999998E-5     1.7255881046257298
2.37E-5                   1.7077522715589497
2.38E-5                   1.690273775375549
2.3899999999999998E-5     1.6727952842701406
2.4E-5                    1.6556696716503079
2.41E-5                   1.6385798199523798
2.42E-5                   1.6217672996113444
2.4299999999999998E-5     1.6050660836787882
2.44E-5                   1.5885550793312657
2.45E-5                   1.5722202043450826
2.4599999999999998E-5     1.5560054701066661
2.4699999999999997E-5     1.5400404441383841
2.48E-5                   1.524123126832496
2.49E-5                   1.508523813714384
2.4999999999999998E-5     1.4929245044652377
2.51E-5                   1.4776209753800829
2.52E-5                   1.46233765352636
2.53E-5                   1.4473362593429477
2.5399999999999997E-5     1.432416024169915
2.55E-5                   1.417695157262486
2.56E-5                   1.4030836633494648
2.5699999999999998E-5     1.3886115929703837
2.58E-5                   1.374278185950799
2.59E-5                   1.3600915077151445
2.6E-5                    1.3460864217870447
2.6099999999999997E-5     1.3322331307312403
2.62E-5                   1.3185120264460686
2.63E-5                   1.304944201727735
2.6399999999999998E-5     1.2915086444865493
2.65E-5                   1.2782187810298211
2.66E-5                   1.2650607453219538
2.67E-5                   1.2520387935812343
2.6799999999999998E-5     1.2391527280979844
2.69E-5                   1.2263945385219321
2.7E-5                    1.2137742368571647
2.7099999999999998E-5     1.201273841814703
2.7199999999999997E-5     1.1889143191718232
2.73E-5                   1.1766689851433958
2.74E-5                   1.164562449226763
2.7499999999999998E-5     1.1525704064587718
2.76E-5                   1.1406933351396642
2.77E-5                   1.1289308975767132
2.7799999999999998E-5     1.1172830610518099
2.7899999999999997E-5     1.1057583784471834
2.8E-5                    1.0943524683577737
2.81E-5                   1.0830682655409014
2.8199999999999998E-5     1.0719131057940747
2.83E-5                   1.0608789199050308
2.84E-5                   1.04995272223232
2.8499999999999998E-5     1.0391467137785528
2.8599999999999997E-5     1.0284474706037219
2.87E-5                   1.0178560873196765
2.88E-5                   1.0073805075220552
2.8899999999999998E-5     0.997004104436748
2.9E-5                    0.9867422207665354
2.91E-5                   0.9765825622179841
2.9199999999999998E-5     0.9665239830065222
2.9299999999999997E-5     0.9565767871648543
2.94E-5                   0.9467236608452192
2.95E-5                   0.9369781333781171
2.9599999999999998E-5     0.927330781547879
2.97E-5                   0.9177866032700623
2.98E-5                   0.9083033489232363
2.99E-5                   0.8989340785226902
2.9999999999999997E-5     0.8896505140791714
3.01E-5                   0.8804654823889185
3.02E-5                   0.8713834877079383
3.0299999999999998E-5     0.8623961748624277
3.04E-5                   0.8535208924517452
3.05E-5                   0.8447291233166667
3.06E-5                   0.8360271818699938
3.07E-5                   0.827422713149067
3.0799999999999996E-5     0.8189010464256968
3.09E-5                   0.8104652957328842
3.1E-5                    0.8021335581656271
3.11E-5                   0.7938677957482259
3.12E-5                   0.785705730048899
3.13E-5                   0.7776070409719751
3.14E-5                   0.7695929073407541
3.15E-5                   0.7616808981808904
3.1599999999999996E-5     0.753830251248592
3.17E-5                   0.7460601073686244
3.18E-5                   0.7383903083913897
3.1899999999999996E-5     0.7307800113375342
3.2E-5                    0.7232466282910198
3.21E-5                   0.7158115147122884
3.22E-5                   0.7084341509257218
3.23E-5                   0.7011304609843018
3.24E-5                   0.6939228796776649
3.25E-5                   0.6867712910029299
3.26E-5                   0.6796901715755752
3.2699999999999995E-5     0.6727032657118253
3.28E-5                   0.6657706103007022
3.29E-5                   0.6589052002251916
3.2999999999999996E-5     0.652132266526335
3.31E-5                   0.6454118492986327
3.32E-5                   0.6387554798351605
3.3299999999999996E-5     0.6321901250258838
3.34E-5                   0.6256754527132695
3.35E-5                   0.6192214833991047
3.36E-5                   0.6128576940871213
3.37E-5                   0.6065424685625305
3.38E-5                   0.600284162151123
3.39E-5                   0.5941028834591459
3.4E-5                    0.587984134320054
3.4099999999999995E-5     0.581919005808877
3.42E-5                   0.5758906730938081
3.43E-5                   0.5699369547998255
3.4399999999999996E-5     0.5640580579786333
3.45E-5                   0.5582281466909428
3.46E-5                   0.5524600436088998
3.4699999999999996E-5     0.54676848301484
3.48E-5                   0.5411349342219738
3.49E-5                   0.5355621027697127
3.5E-5                    0.5300452981256228
3.51E-5                   0.5245876200424332
3.52E-5                   0.5191913759034618
3.53E-5                   0.513843917537774
3.54E-5                   0.5085500130907005
3.5499999999999996E-5     0.5033087933222903
3.56E-5                   0.4981216038215017
3.57E-5                   0.4929953964071421
3.5799999999999996E-5     0.48792052639974287
3.59E-5                   0.48291454924294547
3.6E-5                    0.4779441202294701
3.6099999999999997E-5     0.473003728380063
3.62E-5                   0.46815340132306477
3.63E-5                   0.4633030743734924
3.64E-5                   0.45855687831027675
3.65E-5                   0.45382365397651947
3.6599999999999995E-5     0.44915074055705284
3.67E-5                   0.4445316636283894
3.68E-5                   0.4399312919834229
3.6899999999999996E-5     0.43542389364355044
3.7E-5                    0.430916495390163
3.71E-5                   0.42653910097668074
3.7199999999999996E-5     0.422192873254783
3.73E-5                   0.41784664561075374
3.74E-5                   0.4135004180445026
3.75E-5                   0.4091717918589338
3.76E-5                   0.40503291568179084
3.77E-5                   0.40089403957118797
3.78E-5                   0.3967551635270486
3.79E-5                   0.3926162875492954
3.7999999999999995E-5     0.3885491494973303
3.81E-5                   0.38460781716677983
3.82E-5                   0.3806664848937107
3.8299999999999996E-5     0.3767251526780549
3.84E-5                   0.37278382051974385
3.85E-5                   0.36901909245409703
3.8599999999999996E-5     0.36535309636990493
3.87E-5                   0.36168710033317814
3.88E-5                   0.35802110434386336
3.89E-5                   0.35435510840190715
3.9E-5                    0.35068911250725543
3.9099999999999995E-5     0.3470231166598551
3.92E-5                   0.343357120859652
3.93E-5                   0.33969112510659283
3.9399999999999995E-5     0.33609277614881217
3.95E-5                   0.33276853542148205
3.96E-5                   0.3294442947277877
3.9699999999999996E-5     0.32612005406768857
3.98E-5                   0.32279581344114366
3.99E-5                   0.31947157284811256
3.9999999999999996E-5     0.31614733228855485
4.01E-5                   0.3128230917624295
4.02E-5                   0.3094988512696961
4.03E-5                   0.3061746108103142
4.04E-5                   0.30308409414149284
4.0499999999999995E-5     0.30006964081923554
4.06E-5                   0.29705518752294807
4.07E-5                   0.29404073425260074
4.0799999999999996E-5     0.2910262810081639
4.09E-5                   0.28801182778960693
4.1E-5                    0.2849973745969003
4.1099999999999996E-5     0.281982921430014
4.12E-5                   0.2789684682889178
4.13E-5                   0.2760791747991512
4.14E-5                   0.2734671742297532
4.15E-5                   0.2708551736780762
4.1599999999999995E-5     0.26824317314410095
4.17E-5                   0.26563117262780767
4.18E-5                   0.26301917212917697
4.1899999999999995E-5     0.2604071716481895
4.2E-5                    0.25779517118482537
4.21E-5                   0.2551831707390653
4.2199999999999996E-5     0.25257117031089
4.23E-5                   0.2499591699002796
4.24E-5                   0.24734716950721466
4.2499999999999996E-5     0.24473516913167603
4.26E-5                   0.24212316877364362
4.27E-5                   0.2395111684330984
4.28E-5                   0.23689916811002074
4.29E-5                   0.2342871678043909
4.2999999999999995E-5     0.23167516751618983
4.31E-5                   0.22906316724539755
4.32E-5                   0.22664852072864378
4.3299999999999995E-5     0.2245019277950611
4.34E-5                   0.22235533486960843
4.35E-5                   0.22020874195227522
4.3599999999999996E-5     0.2180621490430511
4.37E-5                   0.2159155561419252
4.38E-5                   0.21376896324888703
4.3899999999999996E-5     0.21162237036392612
4.4E-5                    0.20947577748703164
4.41E-5                   0.20732918461819314
4.42E-5                   0.20518259175740006
4.43E-5                   0.20303599890464166
4.4399999999999995E-5     0.20088940605990763
4.45E-5                   0.198742813223187
4.46E-5                   0.1965962203944694
4.4699999999999996E-5     0.19444962757374434
4.48E-5                   0.19230303476100094
4.49E-5                   0.19015644195622883
4.4999999999999996E-5     0.18800984915941746
4.51E-5                   0.1860684847795636
4.52E-5                   0.18430399797825048
4.5299999999999997E-5     0.18253951118253783
4.54E-5                   0.18077502439241838
4.5499999999999995E-5     0.17901053760788507
4.56E-5                   0.17724605082893066
4.57E-5                   0.1754815640555481
4.5799999999999995E-5     0.17371707728773028
4.59E-5                   0.17195259052546996
4.6E-5                    0.17018810376876004
4.6099999999999996E-5     0.16842361701759354
4.62E-5                   0.16665913027196308
4.63E-5                   0.16489464353186156
4.6399999999999996E-5     0.16313015679728207
4.65E-5                   0.16136567006821723
4.66E-5                   0.15960118334465995
4.67E-5                   0.15783669662660335
4.68E-5                   0.1560722099140399
4.6899999999999995E-5     0.1543077232069628
4.7E-5                    0.15274776040413612
4.71E-5                   0.15129785274824473
4.7199999999999995E-5     0.14984794509485982
4.73E-5                   0.1483980374439795
4.74E-5                   0.14694812979560204
4.7499999999999996E-5     0.14549822214972574
4.76E-5                   0.14404831450634864
4.77E-5                   0.14259840686546904
4.7799999999999996E-5     0.1411484992270853
4.79E-5                   0.13969859159119533
4.8E-5                    0.13824868395779752
4.81E-5                   0.13679877632689008
4.82E-5                   0.13534886869847118
4.8299999999999995E-5     0.1338989610725391
4.84E-5                   0.1324490534490919
4.85E-5                   0.1309991458281279
4.8599999999999995E-5     0.1295492382096454
4.87E-5                   0.12809933059364242
4.88E-5                   0.12664942298011725
4.8899999999999996E-5     0.1253967548185122
4.9E-5                    0.12420528329131424
4.91E-5                   0.1230138117659518
4.9199999999999997E-5     0.12182234024242139
4.93E-5                   0.1206308687207193
4.9399999999999995E-5     0.11943939720084203
4.95E-5                   0.11824792568278586
4.96E-5                   0.11705645416654731
4.9699999999999995E-5     0.11586498265212283
4.98E-5                   0.11467351113950872
4.99E-5                   0.11348203962870142
4.9999999999999996E-5     0.11229056811969745
5.01E-5                   0.11109909661249308
5.02E-5                   0.10990762510708475
5.0299999999999996E-5     0.10871615360346897
5.04E-5                   0.10752468210164201
5.05E-5                   0.10633321060160036
5.06E-5                   0.10514173910334049
5.07E-5                   0.1039502676068587
5.0799999999999995E-5     0.10294398583700762
5.09E-5                   0.10196385615421934
5.1E-5                    0.10098372647221325
5.1099999999999995E-5     0.1000035967909898
5.12E-5                   0.09902346711054916
5.13E-5                   0.09804333743089179
5.1399999999999996E-5     0.09706320775201807
5.15E-5                   0.0960830780739282
5.16E-5                   0.0951029483966226
5.1699999999999996E-5     0.09412281872010168
5.18E-5                   0.09314268904436565
5.1899999999999994E-5     0.092162559369415
5.2E-5                    0.09118242969524992
5.21E-5                   0.09020230002187081
5.2199999999999995E-5     0.08922217034927811
5.23E-5                   0.08824204067747202
5.24E-5                   0.08726191100645293
5.2499999999999995E-5     0.08628178133622125
5.26E-5                   0.08530165166677724
5.27E-5                   0.08449598162158145
5.2799999999999996E-5     0.08369219672870365
5.29E-5                   0.08288841183636052
5.3E-5                    0.08208462694455071
5.3099999999999996E-5     0.08128084205327286
5.32E-5                   0.08047705716252547
5.3299999999999995E-5     0.07967327227230724
5.34E-5                   0.07886948738261666
5.35E-5                   0.07806570249345242
5.3599999999999995E-5     0.07726191760481314
5.37E-5                   0.07645813271669734
5.38E-5                   0.07565434782910369
5.3899999999999996E-5     0.07485056294203078
5.4E-5                    0.07404677805547716
5.41E-5                   0.0732429931694415
5.4199999999999996E-5     0.07243920828392238
5.43E-5                   0.07163542339891837
5.4399999999999994E-5     0.07083163851442817
5.4499999999999997E-5     0.07004227941770459
5.46E-5                   0.06937942258459978
5.4699999999999995E-5     0.0687165657518747
5.48E-5                   0.06805370891952907
5.49E-5                   0.06739085208756271
5.4999999999999995E-5     0.06672799525597545
5.51E-5                   0.06606513842476698
5.52E-5                   0.06540228159393717
5.5299999999999996E-5     0.06473942476348576
5.54E-5                   0.06407656793341251
5.55E-5                   0.06341371110371723
5.5599999999999996E-5     0.06275085427439975
5.57E-5                   0.062087997445459744
5.5799999999999994E-5     0.06142514061689711
5.59E-5                   0.060762283788711506
5.6E-5                    0.060099426960902785
5.6099999999999995E-5     0.05943657013347078
5.62E-5                   0.05877371330641516
5.63E-5                   0.05811085647973579
5.6399999999999995E-5     0.057473887420038526
5.65E-5                   0.056931206445624
5.66E-5                   0.05638852547121086
5.6699999999999996E-5     0.05584584449679954
5.68E-5                   0.05530316352239037
5.69E-5                   0.0547604825479838
5.6999999999999996E-5     0.0542178015735803
5.71E-5                   0.05367512059918017
5.7199999999999994E-5     0.053132439624783916
5.73E-5                   0.052589758650391845
5.74E-5                   0.05204707767600444
5.7499999999999995E-5     0.0515043967016221
5.76E-5                   0.0509617157272452
5.77E-5                   0.05041903475287418
5.7799999999999995E-5     0.04987635377850947
5.79E-5                   0.04933367280415141
5.8E-5                    0.048790991829800436
5.8099999999999996E-5     0.04824831085545702
5.82E-5                   0.047705629881121474
5.8299999999999994E-5     0.04719462474738223
5.8399999999999997E-5     0.04674837867330268
5.85E-5                   0.046302132599550884
5.8599999999999995E-5     0.04585588652612539
5.87E-5                   0.04540964045302464
5.88E-5                   0.04496339438024719
5.8899999999999995E-5     0.04451714830779155
5.9E-5                    0.04407090223565619
5.91E-5                   0.04362465616383965
5.9199999999999996E-5     0.04317841009234046
5.93E-5                   0.04273216402115707
5.94E-5                   0.04228591795028803
5.9499999999999996E-5     0.04183967187973187
5.96E-5                   0.04139342580948705
5.9699999999999994E-5     0.04094717973955212
5.98E-5                   0.04050093366992554
5.99E-5                   0.040054687600605855
5.9999999999999995E-5     0.039608441531591605
6.01E-5                   0.03916219546288123
6.02E-5                   0.03874190668953288
6.0299999999999995E-5     0.038354451169086465
6.04E-5                   0.03796699564866857
6.05E-5                   0.03757954012828022
6.0599999999999996E-5     0.03719208460792253
6.07E-5                   0.03680462908759648
6.08E-5                   0.03641717356730313
6.0899999999999996E-5     0.036029718047043566
6.1E-5                    0.03564226252681877
6.11E-5                   0.03525480700662984
6.12E-5                   0.034867351486477766
6.13E-5                   0.03447989596636364
6.14E-5                   0.03409244044628848
6.149999999999999E-5      0.033745242176625494
6.159999999999999E-5      0.033415089209019644
6.17E-5                   0.03308493624132288
6.18E-5                   0.032754783273534614
6.19E-5                   0.0324246303056542
6.2E-5                    0.032094477337681025
6.209999999999999E-5      0.03176432436961452
6.22E-5                   0.03143417140145397
6.23E-5                   0.03110699609128175
6.24E-5                   0.03079323896125776
6.25E-5                   0.03047948183152433
6.26E-5                   0.030165724702081648
6.269999999999999E-5      0.02985196757292993
6.28E-5                   0.029538210444069315
6.29E-5                   0.02922445331550001
6.3E-5                    0.02891069618722223
6.31E-5                   0.028612224018585777
6.319999999999999E-5      0.028320339749105045
6.33E-5                   0.02802845547932232
6.34E-5                   0.02773657120923765
6.35E-5                   0.027444686938851055
6.36E-5                   0.027152802668162553
6.37E-5                   0.02687433095459204
6.379999999999999E-5      0.02660269349702151
6.39E-5                   0.02633105603993717
6.4E-5                    0.026059418583338812
6.41E-5                   0.02578778112722617
6.42E-5                   0.02552142530725946
6.429999999999999E-5      0.0252575575443729
6.44E-5                   0.024993689781012313
6.45E-5                   0.024729822017177983
6.46E-5                   0.024472978071763036
6.47E-5                   0.024225236272372844
6.48E-5                   0.023977494473533145
6.489999999999999E-5      0.02372975267524369
6.5E-5                    0.0234837466846711
6.51E-5                   0.0232384763517552
6.52E-5                   0.022993206018374596
6.53E-5                   0.02275173087505574
6.539999999999999E-5      0.02251754329624797
6.549999999999999E-5      0.02228335571779835
6.56E-5                   0.022052075002095516
6.57E-5                   0.021827013215087565
6.58E-5                   0.021601951427919014
6.59E-5                   0.021378812583831727
6.599999999999999E-5      0.021160277562131343
6.61E-5                   0.02094174254044234
6.62E-5                   0.0207249284674184
6.63E-5                   0.020512750476744952
6.64E-5                   0.020300572486198067
6.65E-5                   0.020090135865670183
6.659999999999999E-5      0.01988501345843024
6.67E-5                   0.019679891051016266
6.68E-5                   0.019476153438135496
6.69E-5                   0.01927724368797134
6.7E-5                    0.01907833393801379
6.709999999999999E-5      0.018880554577253038
6.72E-5                   0.01868732544516793
6.73E-5                   0.018494096312904627
6.74E-5                   0.018302046657088167
6.75E-5                   0.018115554231461543
6.76E-5                   0.017929061805993157
6.769999999999999E-5      0.01774332980024634
6.78E-5                   0.017561867481471802
6.79E-5                   0.017380405162588944
6.8E-5                    0.01719970244499768
6.81E-5                   0.01702420877471011
6.819999999999999E-5      0.016848715104507
6.829999999999999E-5      0.01667378327346839
6.84E-5                   0.01650372552161853
6.85E-5                   0.016333667769721553
6.86E-5                   0.016164003126443748
6.87E-5                   0.015998893351281657
6.879999999999999E-5      0.015833783576155464
6.89E-5                   0.015669106589022583
6.9E-5                    0.015511789187893638
6.91E-5                   0.015354471786759138
6.92E-5                   0.015197154385619067
6.929999999999999E-5      0.015039836984473445
6.939999999999999E-5      0.014882519583322217
6.95E-5                   0.014725274775711412
6.96E-5                   0.014577356932984654
6.97E-5                   0.01442943909026624
6.98E-5                   0.014281521247556168
6.989999999999999E-5      0.014133603404854459
7.0E-5                    0.013985685562161062
7.01E-5                   0.013837767719476009
7.02E-5                   0.01369856708895098
7.03E-5                   0.013559730562692137
7.04E-5                   0.013420894036433043
7.049999999999999E-5      0.013282057510173721
7.06E-5                   0.01314322098391412
7.07E-5                   0.01300438445765426
7.08E-5                   0.012873193639954176
7.09E-5                   0.012742739744645447
7.099999999999999E-5      0.012612285849339893
7.11E-5                   0.012481831954037475
7.12E-5                   0.01235137805873821
7.13E-5                   0.012220924163442094
7.14E-5                   0.012100440110823325
7.15E-5                   0.011981521746914048
7.159999999999999E-5      0.011862603383006353
7.17E-5                   0.011743685019100199
7.18E-5                   0.011624766655195604
7.19E-5                   0.011505848291292566
7.2E-5                    0.01138692992739108
7.209999999999999E-5      0.011268011563491163
7.219999999999999E-5      0.011149093199592782
7.23E-5                   0.011030174835695948
7.24E-5                   0.010911256471800666
7.25E-5                   0.010792338107906923
7.26E-5                   0.010684198043157143
7.269999999999999E-5      0.010579302259401338
7.28E-5                   0.01047440647564645
7.29E-5                   0.010369510691892498
7.3E-5                    0.010264614908139473
7.31E-5                   0.010159719124387376
7.319999999999999E-5      0.010054823340636222
7.329999999999999E-5      0.00994992755688598
7.34E-5                   0.009845031773136663
7.35E-5                   0.00974013598938827
7.36E-5                   0.0096352402056408
7.37E-5                   0.00953034442189425
7.379999999999999E-5      0.009433761855913152
7.39E-5                   0.009341218456937533
7.4E-5                    0.009248675057962848
7.41E-5                   0.009156131658989094
7.42E-5                   0.009063588260016273
7.429999999999999E-5      0.008971044861044395
7.439999999999999E-5      0.008878501462073436
7.45E-5                   0.008785958063103406
7.46E-5                   0.008693414664134307
7.47E-5                   0.00860087126516613
7.48E-5                   0.008508327866198885
7.489999999999999E-5      0.008415784467232575
7.5E-5                    0.008332158303272443
7.51E-5                   0.008255059443875343
7.52E-5                   0.008177960584478634
7.53E-5                   0.00810086172508231
7.54E-5                   0.008023762865686372
7.549999999999999E-5      0.007946664006290828
7.56E-5                   0.007869565146895659
7.57E-5                   0.007792466287500877
7.58E-5                   0.0077153674281064755
7.59E-5                   0.007638268568712459
7.599999999999999E-5      0.007561169709318833
7.609999999999999E-5      0.0074840708499255785
7.62E-5                   0.007406971990532711
7.63E-5                   0.007329873131140218
7.64E-5                   0.007252774271748111
7.65E-5                   0.00717567541235638
7.659999999999999E-5      0.007098576552965041
7.67E-5                   0.00702147769357407
7.68E-5                   0.006944378834183476
7.69E-5                   0.006867279974793262
7.7E-5                    0.006790181115403424
7.709999999999999E-5      0.006713082256013974
7.719999999999999E-5      0.006635983396624889
7.73E-5                   0.00655888453723618
7.74E-5                   0.006488411024063923
7.75E-5                   0.006428471653140587
7.76E-5                   0.006368532282217459
7.769999999999999E-5      0.006308592911294548
7.78E-5                   0.006248653540371839
7.79E-5                   0.006188714169449339
7.8E-5                    0.0061287747985270475
7.81E-5                   0.0060688354276049634
7.819999999999999E-5      0.006008896056683097
7.829999999999999E-5      0.00594895668576143
7.84E-5                   0.005889017314839972
7.85E-5                   0.00582907794391872
7.86E-5                   0.005769138572997675
7.87E-5                   0.005709199202076837
7.879999999999999E-5      0.005649259831156216
7.89E-5                   0.005589320460235791
7.9E-5                    0.005529381089315575
7.91E-5                   0.005469441718395563
7.92E-5                   0.005409502347475758
7.93E-5                   0.005349562976556158
7.939999999999999E-5      0.005289623605636774
7.95E-5                   0.005229684234717585
7.96E-5                   0.005169744863798602
7.97E-5                   0.005109805492879824
7.98E-5                   0.005052467872209979
7.989999999999999E-5      0.005005882005244
7.999999999999999E-5      0.00495929613827809
8.01E-5                   0.00491271027131226
8.02E-5                   0.004866124404346508
8.03E-5                   0.004819538537380833
8.04E-5                   0.004772952670415238
8.049999999999999E-5      0.004726366803449724
8.06E-5                   0.004679780936484282
8.07E-5                   0.004633195069518919
8.08E-5                   0.004586609202553633
8.09E-5                   0.004540023335588423
8.099999999999999E-5      0.004493437468623298
8.109999999999999E-5      0.004446851601658243
8.12E-5                   0.004400265734693265
8.13E-5                   0.004353679867728362
8.14E-5                   0.0043070940007635386
8.15E-5                   0.00426050813379879
8.159999999999999E-5      0.0042139222668341235
8.17E-5                   0.004167336399869527
8.18E-5                   0.004120750532905009
8.19E-5                   0.004074164665940566
8.2E-5                    0.004027578798976197
8.209999999999999E-5      0.003980992932011911
8.219999999999999E-5      0.003934444070753393
8.23E-5                   0.003898226576583309
8.24E-5                   0.0038620090824132806
8.25E-5                   0.003825791588243307
8.26E-5                   0.00378957409407339
8.269999999999999E-5      0.0037533565999035325
8.28E-5                   0.0037171391057337264
8.29E-5                   0.003680921611563975
8.3E-5                    0.00364470411739428
8.31E-5                   0.003608486623224639
8.319999999999999E-5      0.0035722691290550586
8.329999999999999E-5      0.0035360516348855293
8.34E-5                   0.0034998341407160545
8.35E-5                   0.003463616646546634
8.36E-5                   0.0034273991523772703
8.37E-5                   0.00339118165820796
8.379999999999999E-5      0.003354964164038711
8.389999999999999E-5      0.0033187466698695114
8.4E-5                    0.0032825291757003668
8.41E-5                   0.0032463116815312767
8.42E-5                   0.0032100941873622417
8.43E-5                   0.003173876693193261
8.439999999999999E-5      0.0031376591990243405
8.45E-5                   0.003101441704855469
8.46E-5                   0.0030652242106866522
8.47E-5                   0.0030378358335534715
8.48E-5                   0.003012487598149816
8.489999999999999E-5      0.0029871393627461844
8.499999999999999E-5      0.0029617911273425723
8.51E-5                   0.0029364428919389815
8.52E-5                   0.002911094656535412
8.53E-5                   0.002885746421131864
8.54E-5                   0.0028603981857283378
8.549999999999999E-5      0.0028350499503248367
8.56E-5                   0.0028097017149213534
8.57E-5                   0.002784353479517892
8.58E-5                   0.0027590052441144523
8.59E-5                   0.002733657008711033
8.599999999999999E-5      0.0027083087733076397
8.609999999999999E-5      0.002682960537904265
8.62E-5                   0.0026576123025009103
8.63E-5                   0.0026322640670975775
8.64E-5                   0.002606915831694266
8.65E-5                   0.0025815675962909766
8.659999999999999E-5      0.002556219360887711
8.669999999999999E-5      0.002530871125484464
8.68E-5                   0.0025055228900812375
8.69E-5                   0.002480174654678034
8.7E-5                    0.0024548264192748507
8.709999999999999E-5      0.002429478183871691
8.719999999999999E-5      0.0024041299484685503
8.73E-5                   0.0023787817130654317
8.74E-5                   0.002353433477662333
8.75E-5                   0.002328085242259256
8.76E-5                   0.0023027370068562005
8.769999999999999E-5      0.0022773887714531687
8.779999999999999E-5      0.002252040536050156
8.79E-5                   0.0022266923006471636
8.8E-5                    0.0022013440652441916
8.81E-5                   0.0021759958298412417
8.82E-5                   0.0021506475944383123
8.829999999999999E-5      0.002125299359035408
8.84E-5                   0.0020999511236325205
8.85E-5                   0.0020746028882296544
8.86E-5                   0.0020492546528268095
8.87E-5                   0.002023906417423985
8.879999999999999E-5      0.0019985581820211856
8.889999999999999E-5      0.0019732099466184035
8.9E-5                    0.0019478617112156419
8.91E-5                   0.0019225134758129015
8.92E-5                   0.0018971652404101821
8.93E-5                   0.0018718170050074836
8.939999999999999E-5      0.0018464687696048091
8.95E-5                   0.0018254869127579565
8.96E-5                   0.0018102985556423337
8.97E-5                   0.0017951101985267087
8.98E-5                   0.0017799218414110808
8.989999999999999E-5      0.0017647334842954537
8.999999999999999E-5      0.001749545127179822
9.01E-5                   0.0017343567700641876
9.02E-5                   0.0017191684129485517
9.03E-5                   0.0017039800558329133
9.04E-5                   0.0016887916987172727
9.049999999999999E-5      0.0016736033416016318
9.059999999999999E-5      0.0016584149844859869
9.07E-5                   0.0016432266273703397
9.08E-5                   0.0016280382702546902
9.09E-5                   0.0016128499131390385
9.099999999999999E-5      0.0015976615560233866
9.109999999999999E-5      0.0015824731989077306
9.12E-5                   0.001567284841792072
9.13E-5                   0.001552096484676411
9.14E-5                   0.001536908127560748
9.15E-5                   0.0015217197704450825
9.159999999999999E-5      0.001506531413329417
9.169999999999999E-5      0.0014913430562137474
9.18E-5                   0.0014761546990980756
9.19E-5                   0.0014609663419824013
9.2E-5                    0.001445777984866725
9.21E-5                   0.001430589627751046
9.219999999999999E-5      0.0014154012706353667
9.23E-5                   0.0014002129135196836
9.24E-5                   0.0013850245564039972
9.25E-5                   0.0013698361992883095
9.26E-5                   0.001354647842172619
9.269999999999999E-5      0.0013394594850569285
9.279999999999999E-5      0.0013242711279412335
9.29E-5                   0.0013090827708255365
9.3E-5                    0.0012938944137098369
9.31E-5                   0.0012787060565941347
9.32E-5                   0.0012635176994784307
9.329999999999999E-5      0.0012483293423627261
9.34E-5                   0.0012331409852470174
9.35E-5                   0.001217952628131306
9.36E-5                   0.0012027642710155928
9.37E-5                   0.001187575913899877
9.379999999999999E-5      0.0011723875567841607
9.389999999999999E-5      0.00115719919966844
9.4E-5                    0.001142010842552717
9.41E-5                   0.001126822485436992
9.42E-5                   0.0011116341283212642
9.43E-5                   0.0010967336471576382
9.439999999999999E-5      0.001087640229096821
9.449999999999999E-5      0.0010785468110360054
9.46E-5                   0.0010694533929751931
9.47E-5                   0.0010603599749143843
9.48E-5                   0.0010512665568535784
9.489999999999999E-5      0.0010421731387927772
9.499999999999999E-5      0.0010330797207319777
9.51E-5                   0.0010239863026711815
9.52E-5                   0.0010148928846103887
9.53E-5                   0.0010057994665495988
9.54E-5                   9.967060484888121E-4
9.549999999999999E-5      9.876126304280302E-4
9.559999999999999E-5      9.785192123672496E-4
9.57E-5                   9.694257943064726E-4
9.58E-5                   9.603323762456987E-4
9.59E-5                   9.512389581849282E-4
9.6E-5                    9.421455401241607E-4
9.609999999999999E-5      9.330521220633977E-4
9.62E-5                   9.239587040026365E-4
9.63E-5                   9.148652859418784E-4
9.64E-5                   9.057718678811238E-4
9.65E-5                   8.966784498203724E-4
9.659999999999999E-5      8.875850317596252E-4
9.669999999999999E-5      8.7849161369888E-4
9.68E-5                   8.693981956381381E-4
9.69E-5                   8.603047775773994E-4
9.7E-5                    8.512113595166636E-4
9.71E-5                   8.421179414559313E-4
9.719999999999999E-5      8.330245233952032E-4
9.73E-5                   8.239311053344771E-4
9.74E-5                   8.148376872737543E-4
9.75E-5                   8.057442692130343E-4
9.76E-5                   7.966508511523179E-4
9.769999999999999E-5      7.875574330916057E-4
9.779999999999999E-5      7.784640150308956E-4
9.79E-5                   7.693705969701886E-4
9.8E-5                    7.602771789094846E-4
9.81E-5                   7.51183760848784E-4
9.82E-5                   7.420903427880864E-4
9.829999999999999E-5      7.329969247273933E-4
9.839999999999999E-5      7.23903506666702E-4
9.85E-5                   7.148100886060142E-4
9.86E-5                   7.057166705453293E-4
9.87E-5                   6.966232524846474E-4
9.879999999999999E-5      6.875298344239702E-4
9.889999999999999E-5      6.784364163632949E-4
9.9E-5                    6.693429983026227E-4
9.91E-5                   6.602495802419536E-4
9.92E-5                   6.535790575366757E-4
9.93E-5                   6.481307513689484E-4
9.939999999999999E-5      6.42682445201221E-4
9.949999999999999E-5      6.372341390334922E-4
9.96E-5                   6.317858328657626E-4
9.97E-5                   6.263375266980324E-4
9.98E-5                   6.208892205303012E-4
9.989999999999999E-5      6.154409143625701E-4
9.999999999999999E-5      6.099926081948373E-4
1.001E-4                  6.045443020271038E-4
1.002E-4                  5.990959958593694E-4
1.003E-4                  5.936476896916344E-4
1.004E-4                  5.881993835238986E-4
1.0049999999999999E-4     5.827510773561626E-4
1.0059999999999999E-4     5.773027711884252E-4
1.007E-4                  5.718544650206869E-4
1.008E-4                  5.664061588529478E-4
1.009E-4                  5.609578526852082E-4
1.01E-4                   5.555095465174675E-4
1.0109999999999999E-4     5.500612403497269E-4
1.012E-4                  5.446129341819848E-4
1.013E-4                  5.391646280142418E-4
1.014E-4                  5.33716321846498E-4
1.015E-4                  5.282680156787535E-4
1.0159999999999999E-4     5.228197095110088E-4
1.0169999999999999E-4     5.173714033432628E-4
1.018E-4                  5.11923097175516E-4
1.019E-4                  5.064747910077682E-4
1.02E-4                   5.010264848400198E-4
1.021E-4                  4.955781786722705E-4
1.0219999999999999E-4     4.901298725045212E-4
1.0229999999999999E-4     4.846815663367704E-4
1.024E-4                  4.792332601690188E-4
1.025E-4                  4.737849540012662E-4
1.026E-4                  4.683366478335131E-4
1.0269999999999999E-4     4.628883416657598E-4
1.0279999999999999E-4     4.57440035498005E-4
1.029E-4                  4.519917293302495E-4
1.03E-4                   4.465434231624931E-4
1.031E-4                  4.4109511699473597E-4
1.032E-4                  4.356468108269781E-4
1.0329999999999999E-4     4.301985046592199E-4
1.0339999999999999E-4     4.2475019849146057E-4
1.035E-4                  4.193018923237001E-4
1.036E-4                  4.1385358615593894E-4
1.037E-4                  4.084052799881771E-4
1.0379999999999999E-4     4.0295697382041514E-4
1.0389999999999999E-4     3.975086676526517E-4
1.04E-4                   3.9282923239932204E-4
1.041E-4                  3.901058509189518E-4
1.042E-4                  3.873824694385819E-4
1.043E-4                  3.8465908795821225E-4
1.0439999999999999E-4     3.8193570647784337E-4
1.0449999999999999E-4     3.792123249974745E-4
1.046E-4                  3.764889435171059E-4
1.047E-4                  3.737655620367377E-4
1.048E-4                  3.710421805563698E-4
1.049E-4                  3.683187990760022E-4
1.0499999999999999E-4     3.6559541759563545E-4
1.051E-4                  3.628720361152686E-4
1.052E-4                  3.601486546349021E-4
1.053E-4                  3.574252731545359E-4
1.054E-4                  3.547018916741701E-4
1.0549999999999999E-4     3.5197851019380503E-4
1.0559999999999999E-4     3.4925512871343995E-4
1.057E-4                  3.465317472330752E-4
1.058E-4                  3.438083657527108E-4
1.059E-4                  3.410849842723467E-4
1.06E-4                   3.383616027919829E-4
1.0609999999999999E-4     3.356382213116199E-4
1.0619999999999999E-4     3.3291483983125686E-4
1.063E-4                  3.3019145835089416E-4
1.064E-4                  3.274680768705318E-4
1.065E-4                  3.2474469539016984E-4
1.0659999999999999E-4     3.2202131390980855E-4
1.0669999999999999E-4     3.192979324294472E-4
1.068E-4                  3.165745509490863E-4
1.069E-4                  3.1385116946872565E-4
1.07E-4                   3.111277879883654E-4
1.071E-4                  3.0840440650800545E-4
1.0719999999999999E-4     3.0568102502764616E-4
1.0729999999999999E-4     3.0295764354728693E-4
1.074E-4                  3.002342620669281E-4
1.075E-4                  2.9751088058656945E-4
1.076E-4                  2.9478749910621135E-4
1.0769999999999999E-4     2.9206411762585375E-4
1.0779999999999999E-4     2.893407361454963E-4
1.079E-4                  2.86617354665139E-4
1.08E-4                   2.838939731847821E-4
1.081E-4                  2.811705917044257E-4
1.082E-4                  2.784472102240696E-4
1.0829999999999999E-4     2.757238287437142E-4
1.0839999999999999E-4     2.730004472633587E-4
1.085E-4                  2.7027706578300364E-4
1.086E-4                  2.675536843026488E-4
1.087E-4                  2.648303028222944E-4
1.0879999999999999E-4     2.621069213419407E-4
1.0889999999999999E-4     2.59383539861587E-4
1.0899999999999999E-4     2.5666015838123356E-4
1.091E-4                  2.5393677690088056E-4
1.092E-4                  2.5121339542052783E-4
1.093E-4                  2.4849001394017554E-4
1.0939999999999999E-4     2.4576663245982384E-4
1.0949999999999999E-4     2.4304325097947217E-4
1.096E-4                  2.4031986949912088E-4
1.097E-4                  2.375964880187699E-4
1.098E-4                  2.3487310653841925E-4
1.099E-4                  2.3214972505806897E-4
1.0999999999999999E-4     2.2942634357771944E-4
1.1009999999999999E-4     2.2670296209736983E-4
1.102E-4                  2.2397958061702057E-4
1.103E-4                  2.2125619913667167E-4
1.104E-4                  2.1853281765632312E-4
1.1049999999999999E-4     2.1580943617597524E-4
1.1059999999999999E-4     2.1308605469562737E-4
1.107E-4                  2.1036267321527984E-4
1.108E-4                  2.0763929173493262E-4
1.109E-4                  2.0491591025458578E-4
1.11E-4                   2.021925287742393E-4
1.1109999999999999E-4     1.9946914729389352E-4
1.1119999999999999E-4     1.9674576581354768E-4
1.113E-4                  1.9402238433320222E-4
1.114E-4                  1.912990028528571E-4
1.115E-4                  1.885756213725123E-4
1.1159999999999999E-4     1.8585223989216825E-4
1.1169999999999999E-4     1.8312885841182417E-4
1.118E-4                  1.8040547693148038E-4
1.119E-4                  1.77682095451137E-4
1.12E-4                   1.7495871397079396E-4
1.121E-4                  1.722353324904512E-4
1.1219999999999999E-4     1.6951195101010924E-4
1.1229999999999999E-4     1.6678856952976717E-4
1.124E-4                  1.6406518804942547E-4
1.125E-4                  1.6134180656908413E-4
1.126E-4                  1.5861842508874314E-4
1.1269999999999999E-4     1.5589504360840286E-4
1.1279999999999999E-4     1.5317166212806257E-4
1.1289999999999999E-4     1.5044828064772258E-4
1.13E-4                   1.4772489916738298E-4
1.131E-4                  1.4500151768704367E-4
1.132E-4                  1.4227813620670476E-4
1.1329999999999999E-4     1.395547547263665E-4
1.1339999999999999E-4     1.3683137324602826E-4
1.135E-4                  1.3410799176569036E-4
1.136E-4                  1.3138461028535279E-4
1.137E-4                  1.296029067809565E-4
1.138E-4                  1.2870062668680587E-4
1.1389999999999999E-4     1.2779834659265528E-4
1.1399999999999999E-4     1.2689606649850444E-4
1.141E-4                  1.2599378640435355E-4
1.142E-4                  1.2509150631020256E-4
1.143E-4                  1.241892262160515E-4
1.1439999999999999E-4     1.232869461219005E-4
1.1449999999999999E-4     1.2238466602774924E-4
1.146E-4                  1.2148238593359792E-4
1.147E-4                  1.205801058394465E-4
1.148E-4                  1.1967782574529498E-4
1.149E-4                  1.1877554565114336E-4
1.1499999999999999E-4     1.178732655569918E-4
1.1509999999999999E-4     1.1697098546284005E-4
1.152E-4                  1.1606870536868817E-4
1.153E-4                  1.1516642527453622E-4
1.154E-4                  1.1426414518038417E-4
1.1549999999999999E-4     1.1336186508623217E-4
1.1559999999999999E-4     1.1245958499207997E-4
1.157E-4                  1.1155730489792765E-4
1.158E-4                  1.1065502480377525E-4
1.159E-4                  1.0975274470962279E-4
1.16E-4                   1.088504646154702E-4
1.1609999999999999E-4     1.0794818452131768E-4
1.1619999999999999E-4     1.0704590442716493E-4
1.163E-4                  1.0614362433301212E-4
1.164E-4                  1.0524134423885918E-4
1.165E-4                  1.043390641447062E-4
1.1659999999999999E-4     1.034367840505532E-4
1.1669999999999999E-4     1.0253450395640001E-4
1.1679999999999999E-4     1.0163222386224674E-4
1.169E-4                  1.0072994376809338E-4
1.17E-4                   9.982766367393993E-5
1.171E-4                  9.892538357978639E-5
1.1719999999999999E-4     9.80231034856329E-5
1.1729999999999999E-4     9.712082339147918E-5
1.174E-4                  9.621854329732536E-5
1.175E-4                  9.531626320317148E-5
1.176E-4                  9.44139831090175E-5
1.177E-4                  9.351170301486343E-5
1.1779999999999999E-4     9.26094229207094E-5
1.1789999999999999E-4     9.170714282655517E-5
1.18E-4                   9.080486273240083E-5
1.181E-4                  8.990258263824643E-5
1.182E-4                  8.90003025440919E-5
1.1829999999999999E-4     8.809802244993744E-5
1.1839999999999999E-4     8.719574235578274E-5
1.185E-4                  8.629346226162798E-5
1.186E-4                  8.53911821674731E-5
1.187E-4                  8.448890207331818E-5
1.188E-4                  8.358662197916312E-5
1.1889999999999999E-4     8.268434188500813E-5
1.1899999999999999E-4     8.178206179085291E-5
1.191E-4                  8.08797816966976E-5
1.192E-4                  7.997750160254223E-5
1.193E-4                  7.907522150838676E-5
1.1939999999999999E-4     7.81729414142313E-5
1.1949999999999999E-4     7.727066132007566E-5
1.196E-4                  7.636838122591992E-5
1.197E-4                  7.546610113176408E-5
1.198E-4                  7.456382103760816E-5
1.199E-4                  7.366154094345215E-5
1.1999999999999999E-4     7.275926084929618E-5
1.2009999999999999E-4     7.185698075514002E-5
1.202E-4                  7.095470066098373E-5
1.203E-4                  7.005242056682739E-5
1.204E-4                  6.915014047267093E-5
1.2049999999999999E-4     6.82478603785145E-5
1.2059999999999999E-4     6.734558028435788E-5
1.2069999999999999E-4     6.644330019020118E-5
1.208E-4                  6.554102009604438E-5
1.209E-4                  6.463874000188749E-5
1.21E-4                   6.373645990773051E-5
1.2109999999999999E-4     6.283417981357357E-5
1.2119999999999999E-4     6.193189971941642E-5
1.213E-4                  6.1029619625259184E-5
1.214E-4                  6.0127339531101844E-5
1.215E-4                  5.922505943694442E-5
1.216E-4                  5.832277934278691E-5
1.2169999999999999E-4     5.7420499248629446E-5
1.2179999999999999E-4     5.6518219154471775E-5
1.219E-4                  5.5615939060313995E-5
1.22E-4                   5.471365896615613E-5
1.2209999999999999E-4     5.381137887199832E-5
1.222E-4                  5.290909877784029E-5
1.223E-4                  5.2006818683682156E-5
1.224E-4                  5.110453858952395E-5
1.225E-4                  5.020225849536564E-5
1.226E-4                  4.929997840120725E-5
1.227E-4                  4.839769830704878E-5
1.228E-4                  4.7495418212890214E-5
1.229E-4                  4.659313811873158E-5
1.2299999999999998E-4     4.569085802457307E-5
1.2309999999999998E-4     4.4788577930414244E-5
1.2319999999999999E-4     4.3886297836255326E-5
1.233E-4                  4.298401774209632E-5
1.234E-4                  4.2538156313339874E-5
1.235E-4                  4.224279748757044E-5
1.236E-4                  4.194743866180101E-5
1.237E-4                  4.1652079836031625E-5
1.238E-4                  4.135672101026225E-5
1.239E-4                  4.106136218449291E-5
1.24E-4                   4.0766003358723594E-5
1.241E-4                  4.0470644532954295E-5
1.2419999999999998E-4     4.017528570718509E-5
1.2429999999999999E-4     3.987992688141584E-5
1.244E-4                  3.958456805564661E-5
1.245E-4                  3.9289209229877404E-5
1.246E-4                  3.8993850404108214E-5
1.247E-4                  3.8698491578339064E-5
1.248E-4                  3.840313275256993E-5
1.249E-4                  3.810777392680082E-5
1.25E-4                   3.7812415101031723E-5
1.251E-4                  3.751705627526267E-5
1.252E-4                  3.722169744949362E-5
1.2529999999999998E-4     3.692633862372468E-5
1.2539999999999999E-4     3.663097979795569E-5
1.255E-4                  3.6335620972186707E-5
1.256E-4                  3.604026214641775E-5
1.257E-4                  3.574490332064883E-5
1.258E-4                  3.544954449487993E-5
1.259E-4                  3.515418566911105E-5
1.26E-4                   3.485882684334219E-5
1.261E-4                  3.456346801757336E-5
1.262E-4                  3.426810919180456E-5
1.263E-4                  3.397275036603577E-5
1.2639999999999998E-4     3.367739154026709E-5
1.2649999999999998E-4     3.3382032714498347E-5
1.266E-4                  3.308667388872964E-5
1.267E-4                  3.279131506296094E-5
1.268E-4                  3.249595623719228E-5
1.269E-4                  3.220059741142363E-5
1.27E-4                   3.190523858565501E-5
1.271E-4                  3.1609879759886416E-5
1.272E-4                  3.1314520934117836E-5
1.273E-4                  3.101916210834929E-5
1.274E-4                  3.0723803282580756E-5
1.2749999999999998E-4     3.0428444456812334E-5
1.2759999999999998E-4     3.0133085631043856E-5
1.277E-4                  2.9837726805275394E-5
1.278E-4                  2.9542367979506955E-5
1.279E-4                  2.9247009153738544E-5
1.28E-4                   2.8951650327970157E-5
1.281E-4                  2.8656291502201793E-5
1.282E-4                  2.836093267643345E-5
1.283E-4                  2.8065573850665137E-5
1.284E-4                  2.777021502489684E-5
1.285E-4                  2.747485619912857E-5
1.2859999999999998E-4     2.71794973733604E-5
1.2869999999999998E-4     2.6884138547592177E-5
1.288E-4                  2.658877972182398E-5
1.289E-4                  2.6293420896055802E-5
1.29E-4                   2.5998062070287648E-5
1.291E-4                  2.5702703244519518E-5
1.292E-4                  2.540734441875141E-5
1.293E-4                  2.5111985592983326E-5
1.294E-4                  2.4816626767215264E-5
1.295E-4                  2.452126794144723E-5
1.296E-4                  2.4225909115679214E-5
1.2969999999999998E-4     2.3930550289911305E-5
1.2979999999999998E-4     2.3635191464143334E-5
1.2989999999999999E-4     2.3339832638375394E-5
1.3E-4                    2.3044473812607474E-5
1.301E-4                  2.274911498683957E-5
1.302E-4                  2.2453756161071705E-5
1.303E-4                  2.2158397335303853E-5
1.304E-4                  2.1863038509536025E-5
1.305E-4                  2.1567679683768224E-5
1.306E-4                  2.127232085800044E-5
1.307E-4                  2.0976962032232685E-5
1.3079999999999998E-4     2.0681603206465033E-5
1.3089999999999998E-4     2.038624438069732E-5
1.3099999999999999E-4     2.0090885554929634E-5
1.311E-4                  1.9795526729161968E-5
1.312E-4                  1.9500167903394333E-5
1.313E-4                  1.9204809077626715E-5
1.314E-4                  1.8909450251859124E-5
1.315E-4                  1.8614091426091556E-5
1.316E-4                  1.831873260032401E-5
1.317E-4                  1.802337377455649E-5
1.318E-4                  1.7728014948788986E-5
1.3189999999999998E-4     1.743265612302159E-5
1.3199999999999998E-4     1.7137297297254135E-5
1.3209999999999999E-4     1.684193847148671E-5
1.322E-4                  1.65465796457193E-5
1.323E-4                  1.6251220819951917E-5
1.324E-4                  1.595586199418456E-5
1.325E-4                  1.5660503168417223E-5
1.326E-4                  1.5365144342649913E-5
1.327E-4                  1.5069785516882625E-5
1.328E-4                  1.4774426691115357E-5
1.329E-4                  1.4479067865348115E-5
1.33E-4                   1.4183709039580898E-5
1.3309999999999998E-4     1.4082500611757862E-5
1.3319999999999999E-4     1.3983858719810074E-5
1.333E-4                  1.388521682786228E-5
1.334E-4                  1.3786574935914483E-5
1.335E-4                  1.3687933043966675E-5
1.336E-4                  1.3589291152018862E-5
1.337E-4                  1.3490649260071046E-5
1.338E-4                  1.3392007368123223E-5
1.339E-4                  1.3293365476175394E-5
1.34E-4                   1.3194723584227555E-5
1.341E-4                  1.3096081692279716E-5
1.3419999999999998E-4     1.2997439800331893E-5
1.3429999999999998E-4     1.2898797908384041E-5
1.344E-4                  1.2800156016436181E-5
1.345E-4                  1.2701514124488314E-5
1.346E-4                  1.2602872232540444E-5
1.347E-4                  1.2504230340592561E-5
1.348E-4                  1.240558844864468E-5
1.349E-4                  1.230694655669679E-5
1.35E-4                   1.2208304664748891E-5
1.351E-4                  1.2109662772800992E-5
1.352E-4                  1.2011020880853084E-5
1.3529999999999998E-4     1.1912378988905195E-5
1.3539999999999998E-4     1.1813737096957274E-5
1.355E-4                  1.171509520500935E-5
1.356E-4                  1.1616453313061418E-5
1.357E-4                  1.1517811421113475E-5
1.358E-4                  1.1419169529165534E-5
1.359E-4                  1.1320527637217582E-5
1.36E-4                   1.1221885745269627E-5
1.361E-4                  1.1123243853321667E-5
1.362E-4                  1.1024601961373697E-5
1.363E-4                  1.0925960069425723E-5
1.3639999999999998E-4     1.0827318177477768E-5
1.3649999999999998E-4     1.072867628552978E-5
1.3659999999999999E-4     1.0630034393581788E-5
1.367E-4                  1.053139250163379E-5
1.368E-4                  1.0432750609685783E-5
1.369E-4                  1.0334108717737773E-5
1.37E-4                   1.0235466825789758E-5
1.371E-4                  1.0136824933841735E-5
1.372E-4                  1.0038183041893706E-5
1.373E-4                  9.939541149945671E-6
1.374E-4                  9.84089925799763E-6
1.3749999999999998E-4     9.742257366049609E-6
1.3759999999999998E-4     9.643615474101557E-6
1.3769999999999999E-4     9.544973582153497E-6
1.378E-4                  9.446331690205434E-6
1.379E-4                  9.347689798257362E-6
1.38E-4                   9.249047906309283E-6
1.381E-4                  9.1504060143612E-6
1.382E-4                  9.05176412241311E-6
1.383E-4                  8.953122230465016E-6
1.384E-4                  8.854480338516914E-6
1.385E-4                  8.755838446568806E-6
1.3859999999999998E-4     8.657196554620721E-6
1.3869999999999998E-4     8.5585546626726E-6
1.3879999999999999E-4     8.459912770724475E-6
1.389E-4                  8.361270878776344E-6
1.39E-4                   8.262628986828204E-6
1.391E-4                  8.163987094880063E-6
1.392E-4                  8.065345202931913E-6
1.393E-4                  7.966703310983758E-6
1.394E-4                  7.868061419035595E-6
1.395E-4                  7.769419527087426E-6
1.396E-4                  7.670777635139255E-6
1.3969999999999998E-4     7.572135743191101E-6
1.3979999999999998E-4     7.473493851242913E-6
1.3989999999999999E-4     7.374851959294724E-6
1.4E-4                    7.276210067346525E-6
1.401E-4                  7.1775681753983214E-6
1.402E-4                  7.0789262834501115E-6
1.403E-4                  6.9802843915018955E-6
1.404E-4                  6.881642499553673E-6
1.405E-4                  6.783000607605445E-6
1.406E-4                  6.684358715657211E-6
1.407E-4                  6.585716823708972E-6
1.408E-4                  6.487074931760725E-6
1.4089999999999998E-4     6.388433039812499E-6
1.4099999999999998E-4     6.289791147864242E-6
1.411E-4                  6.1911492559159776E-6
1.412E-4                  6.0925073639677074E-6
1.413E-4                  5.993865472019431E-6
1.414E-4                  5.8952235800711485E-6
1.415E-4                  5.796581688122861E-6
1.416E-4                  5.697939796174565E-6
1.417E-4                  5.599297904226265E-6
1.418E-4                  5.500656012277959E-6
1.419E-4                  5.4020141203296446E-6
1.4199999999999998E-4     5.303372228381355E-6
1.4209999999999998E-4     5.20473033643303E-6
1.422E-4                  5.106088444484698E-6
1.423E-4                  5.0074465525363624E-6
1.424E-4                  4.908804660588018E-6
1.425E-4                  4.8101627686396706E-6
1.426E-4                  4.711520876691315E-6
1.427E-4                  4.6287933513052476E-6
1.428E-4                  4.601875450653486E-6
1.429E-4                  4.574957550001727E-6
1.43E-4                   4.548039649349969E-6
1.4309999999999998E-4     4.52112174869822E-6
1.4319999999999998E-4     4.494203848046462E-6
1.433E-4                  4.467285947394706E-6
1.434E-4                  4.4403680467429514E-6
1.435E-4                  4.413450146091197E-6
1.436E-4                  4.3865322454394435E-6
1.437E-4                  4.359614344787691E-6
1.438E-4                  4.332696444135939E-6
1.439E-4                  4.305778543484189E-6
1.44E-4                   4.2788606428324385E-6
1.441E-4                  4.251942742180689E-6
1.4419999999999998E-4     4.225024841528948E-6
1.4429999999999998E-4     4.198106940877201E-6
1.4439999999999999E-4     4.171189040225454E-6
1.445E-4                  4.144271139573708E-6
1.446E-4                  4.117353238921963E-6
1.447E-4                  4.090435338270219E-6
1.448E-4                  4.063517437618475E-6
1.449E-4                  4.0365995369667336E-6
1.45E-4                   4.009681636314991E-6
1.451E-4                  3.98276373566325E-6
1.452E-4                  3.95584583501151E-6
1.4529999999999998E-4     3.928927934359779E-6
1.4539999999999998E-4     3.90201003370804E-6
1.4549999999999999E-4     3.875092133056302E-6
1.456E-4                  3.848174232404565E-6
1.457E-4                  3.82125633175283E-6
1.458E-4                  3.7943384311010942E-6
1.459E-4                  3.767420530449361E-6
1.46E-4                   3.7405026297976273E-6
1.461E-4                  3.7135847291458945E-6
1.462E-4                  3.6866668284941626E-6
1.463E-4                  3.6597489278424315E-6
1.4639999999999998E-4     3.6328310271907092E-6
1.4649999999999998E-4     3.60591312653898E-6
1.4659999999999999E-4     3.5789952258872512E-6
1.467E-4                  3.5520773252355244E-6
1.468E-4                  3.5251594245837975E-6
1.469E-4                  3.498241523932072E-6
1.47E-4                   3.4713236232803463E-6
1.471E-4                  3.4444057226286223E-6
1.472E-4                  3.417487821976899E-6
1.473E-4                  3.390569921325176E-6
1.474E-4                  3.3636520206734544E-6
1.4749999999999998E-4     3.336734120021741E-6
1.4759999999999998E-4     3.309816219370021E-6
1.4769999999999999E-4     3.2828983187183017E-6
1.478E-4                  3.2559804180665833E-6
1.479E-4                  3.229062517414866E-6
1.48E-4                   3.2021446167631494E-6
1.481E-4                  3.175226716111433E-6
1.482E-4                  3.148308815459718E-6
1.483E-4                  3.121390914808004E-6
1.484E-4                  3.094473014156291E-6
1.485E-4                  3.067555113504578E-6
1.4859999999999998E-4     3.040637212852874E-6
1.4869999999999998E-4     3.0137193122011625E-6
1.4879999999999998E-4     2.9868014115494534E-6
1.489E-4                  2.9598835108977443E-6
1.49E-4                   2.9329656102460356E-6
1.491E-4                  2.9060477095943282E-6
1.492E-4                  2.879129808942621E-6
1.493E-4                  2.8522119082909156E-6
1.494E-4                  2.8252940076392107E-6
1.495E-4                  2.7983761069875063E-6
1.496E-4                  2.7714582063358027E-6
1.497E-4                  2.7445403056841004E-6
1.4979999999999998E-4     2.7176224050324057E-6
1.4989999999999998E-4     2.6907045043807055E-6
1.5E-4                    2.663786603729005E-6
