% Model:              20230225_JW_4_30.mph
% Version:            COMSOL 5.6.0.401
% Date:               Feb 25 2023, 20:56
% Dimension:          1
% Nodes:              1001
% Expressions:        1
% Description:        点图
% X                       Height
0                         16.050754072433286
1.0E-7                    16.03089695395631
2.0E-7                    15.970148925838094
3.0E-7                    15.857882709720995
4.0E-7                    15.706385354083084
5.0E-7                    15.51870934031724
6.0E-7                    15.298436466346391
7.0E-7                    15.060290119662726
8.0E-7                    14.812415982425556
9.0E-7                    14.556996812658383
1.0E-6                    14.297177724543836
1.1E-6                    14.03595146883935
1.2E-6                    13.776000084636625
1.2999999999999998E-6     13.51843467025653
1.4E-6                    13.262165136474586
1.5E-6                    13.010131943460957
1.6E-6                    12.76012622017436
1.6999999999999998E-6     12.5137814027369
1.8E-6                    12.2708372688976
1.9E-6                    12.03128717681278
2.0E-6                    11.795376600667376
2.1E-6                    11.563117958463035
2.2E-6                    11.334690442597488
2.3E-6                    11.109821049595961
2.4E-6                    10.888933801603923
2.4999999999999998E-6     10.670847114636052
2.5999999999999997E-6     10.456424289408002
2.7E-6                    10.24629061477217
2.8E-6                    10.039382005680666
2.8999999999999998E-6     9.83608248041684
3.0E-6                    9.63631359120446
3.1E-6                    9.440326240207712
3.2E-6                    9.248016336890851
3.2999999999999997E-6     9.058731456422061
3.3999999999999996E-6     8.872906343172883
3.5E-6                    8.69022355631886
3.6E-6                    8.511164088688217
3.6999999999999997E-6     8.3356756096925
3.8E-6                    8.163244268619325
3.9E-6                    7.993552232484816
4.0E-6                    7.827383095329082
4.1E-6                    7.664459365138211
4.2E-6                    7.5049148315550385
4.2999999999999995E-6     7.3483179433377295
4.4E-6                    7.1947622446266495
4.5E-6                    7.043837551021873
4.6E-6                    6.896298989661058
4.7E-6                    6.751968482746512
4.8E-6                    6.610403156148114
4.9E-6                    6.472108548352003
4.9999999999999996E-6     6.336011917483987
5.0999999999999995E-6     6.203373335879239
5.199999999999999E-6      6.073129351025373
5.3E-6                    5.945321266037432
5.4E-6                    5.819970160762598
5.5E-6                    5.697270425278207
5.6E-6                    5.577426258052281
5.7E-6                    5.459854746440482
5.7999999999999995E-6     5.3450481130307
5.899999999999999E-6      5.233143159080736
6.0E-6                    5.121238595551
6.1E-6                    5.013953923895645
6.2E-6                    4.907793296536831
6.3E-6                    4.803013856967784
6.4E-6                    4.702354702509252
6.5E-6                    4.6016957725230645
6.5999999999999995E-6     4.504693393171369
6.699999999999999E-6      4.409275215356591
6.799999999999999E-6      4.314593751709067
6.9E-6                    4.2242755197773105
7.0E-6                    4.1339574566636506
7.1E-6                    4.046337720838051
7.2E-6                    3.9605844138207797
7.2999999999999996E-6     3.8750094007751357
7.3999999999999995E-6     3.793966900307016
7.499999999999999E-6      3.712924528219219
7.6E-6                    3.6338502656065685
7.699999999999999E-6      3.55686981920554
7.8E-6                    3.479889459813639
7.899999999999999E-6      3.406796191375664
8.0E-6                    3.333990168039808
8.1E-6                    3.262686579351027
8.2E-6                    3.1938559571417664
8.3E-6                    3.1250253314325853
8.4E-6                    3.0585595828593997
8.5E-6                    2.9925970077413155
8.599999999999999E-6      2.927866762039995
8.7E-6                    2.866445800148778
8.8E-6                    2.805024757930101
8.9E-6                    2.746104566104488
9.0E-6                    2.687120837829555
9.1E-6                    2.6292720761254693
9.2E-6                    2.573225254309733
9.299999999999999E-6      2.5183153357781896
9.4E-6                    2.464575127077831
9.499999999999999E-6      2.411649790458903
9.6E-6                    2.3602992179269546
9.7E-6                    2.3098423685924114
9.8E-6                    2.2604413712576683
9.9E-6                    2.212136602547624
9.999999999999999E-6      2.164838823492504
1.01E-5                   2.1185729924800665
1.0199999999999999E-5     2.07326205800698
1.03E-5                   2.028911007347767
1.0399999999999999E-5     1.985558780365014
1.05E-5                   1.9430582883360585
1.06E-5                   1.9016655605910018
1.07E-5                   1.8610087085696612
1.08E-5                   1.8211016932227044
1.0899999999999999E-5     1.7821162441708391
1.1E-5                    1.744095747750742
1.1099999999999999E-5     1.7067723400584511
1.12E-5                   1.6701385017484625
1.13E-5                   1.634448008456892
1.14E-5                   1.5995413177384576
1.15E-5                   1.5652785906120499
1.1599999999999999E-5     1.5316682015752687
1.17E-5                   1.4994587366417833
1.1799999999999999E-5     1.4672492799064287
1.19E-5                   1.4356018948253102
1.2E-5                    1.4052336152102154
1.21E-5                   1.374865341487437
1.22E-5                   1.3455015408421185
1.2299999999999999E-5     1.316873338982541
1.24E-5                   1.2882451421644288
1.2499999999999999E-5     1.2610035812501694
1.26E-5                   1.2340081785255053
1.2699999999999999E-5     1.2072013590157695
1.28E-5                   1.1817615497767466
1.29E-5                   1.1563217437552338
1.3E-5                    1.1314521495103071
1.31E-5                   1.107462485766801
1.3199999999999999E-5     1.0834728250875674
1.33E-5                   1.0603980183071675
1.3399999999999999E-5     1.0377836781553007
1.35E-5                   1.01516934097672
1.3599999999999999E-5     0.9937745920674093
1.37E-5                   0.9724615987082343
1.38E-5                   0.9514016466909485
1.3899999999999999E-5     0.931298440818611
1.4E-5                    0.9111952370675526
1.4099999999999999E-5     0.891653818224094
1.42E-5                   0.8727182147118373
1.4299999999999999E-5     0.8537826123212345
1.44E-5                   0.8356504730543124
1.45E-5                   0.8177817067332003
1.4599999999999999E-5     0.7999391545914951
1.47E-5                   0.7831142288979698
1.4799999999999999E-5     0.7662893037393828
1.49E-5                   0.7497454156082143
1.4999999999999999E-5     0.733866439508013
1.51E-5                   0.7179874646272897
1.52E-5                   0.7026343117542158
1.53E-5                   0.6876793248966084
1.5399999999999998E-5     0.6727243387265006
1.55E-5                   0.658487326406752
1.56E-5                   0.644385991920674
1.57E-5                   0.6303747071875748
1.5799999999999998E-5     0.6170699466333115
1.59E-5                   0.6037651869604851
1.6E-5                    0.5907672612389601
1.61E-5                   0.5782594106941258
1.62E-5                   0.5657515599628155
1.63E-5                   0.553674739713063
1.64E-5                   0.5418229357346694
1.6499999999999998E-5     0.5299711330831542
1.66E-5                   0.5188360590542727
1.67E-5                   0.5077557640361051
1.68E-5                   0.4967789135244591
1.69E-5                   0.4862133223051011
1.7E-5                    0.47564773256202286
1.71E-5                   0.4654028666822199
1.7199999999999998E-5     0.45551539063554525
1.73E-5                   0.4456370613697189
1.74E-5                   0.4362649498724183
1.75E-5                   0.4268928392811363
1.76E-5                   0.4177498202298419
1.77E-5                   0.40866121885869267
1.78E-5                   0.3999731907203591
1.7899999999999998E-5     0.39138047746347004
1.8E-5                    0.38298680122128487
1.81E-5                   0.3747161835094574
1.82E-5                   0.3665694461191975
1.8299999999999998E-5     0.3585781773307257
1.84E-5                   0.35075179600931194
1.85E-5                   0.3430967606118891
1.8599999999999998E-5     0.3356484632053318
1.87E-5                   0.3284533932815791
1.88E-5                   0.3214083915219234
1.89E-5                   0.3145076514221663
1.8999999999999998E-5     0.30778719747007943
1.91E-5                   0.3011995326213122
1.92E-5                   0.2947307173527332
1.9299999999999998E-5     0.28839671679401907
1.94E-5                   0.2822474208065358
1.95E-5                   0.2762007075927018
1.96E-5                   0.27025978325493605
1.9699999999999998E-5     0.264478740553706
1.98E-5                   0.25888851555321446
1.99E-5                   0.25335557337159215
1.9999999999999998E-5     0.24782263127013301
2.01E-5                   0.24260638593056918
2.02E-5                   0.23740054450535605
2.03E-5                   0.23224610184442512
2.0399999999999998E-5     0.2273475361092041
2.05E-5                   0.22244897040044925
2.06E-5                   0.2176552642768905
2.07E-5                   0.21304292540253245
2.0799999999999997E-5     0.20843058655556715
2.09E-5                   0.20397345793941166
2.1E-5                    0.1996356184561787
2.1099999999999998E-5     0.19529777898126424
2.12E-5                   0.1911528422321673
2.13E-5                   0.1870673251376783
2.14E-5                   0.18298180807243408
2.1499999999999997E-5     0.17923581518338072
2.16E-5                   0.17550265224972725
2.17E-5                   0.17176948932522645
2.1799999999999998E-5     0.16803632641333288
2.19E-5                   0.16430316351750118
2.2E-5                    0.16072410480612617
2.21E-5                   0.15741694337297932
2.2199999999999998E-5     0.15410978194358274
2.23E-5                   0.15080262052034932
2.24E-5                   0.1474954591056922
2.2499999999999998E-5     0.14418829770202451
2.26E-5                   0.14116921123992607
2.27E-5                   0.13824114400081747
2.28E-5                   0.13531307676236673
2.2899999999999998E-5     0.13238500952624316
2.3E-5                    0.1294569422941159
2.31E-5                   0.12658174984727075
2.3199999999999998E-5     0.1239882037169823
2.33E-5                   0.12139465759045347
2.34E-5                   0.11880111146884653
2.35E-5                   0.11620756535332329
2.3599999999999998E-5     0.11361401924504587
2.37E-5                   0.11125448966414736
2.38E-5                   0.10908167097348981
2.3899999999999998E-5     0.10690885228469234
2.4E-5                    0.10473603359843786
2.41E-5                   0.10256321491540954
2.42E-5                   0.10039039623629023
2.4299999999999998E-5     0.09821757756176298
2.44E-5                   0.09604475889251068
2.45E-5                   0.09387194022921648
2.4599999999999998E-5     0.09169912157256327
2.4699999999999997E-5     0.0895263029232341
2.48E-5                   0.08751927216460909
2.49E-5                   0.08581672794759597
2.4999999999999998E-5     0.08411418372718243
2.51E-5                   0.08241163950369693
2.52E-5                   0.08070909527746796
2.53E-5                   0.07900655104882393
2.5399999999999997E-5     0.07730400681809335
2.55E-5                   0.07560146258560456
2.56E-5                   0.07389891835168617
2.5699999999999998E-5     0.07219637411666653
2.58E-5                   0.07049382988087409
2.59E-5                   0.06884613638845359
2.6E-5                    0.06751208938010023
2.6099999999999997E-5     0.06617804237227354
2.62E-5                   0.06484399536513166
2.63E-5                   0.06350994835883286
2.6399999999999998E-5     0.06217590135353527
2.65E-5                   0.060841854349397054
2.66E-5                   0.05950780734657645
2.67E-5                   0.05817376034523163
2.6799999999999998E-5     0.056839713345520744
2.69E-5                   0.055505666347601956
2.7E-5                    0.054171619351633546
2.7099999999999998E-5     0.053110554911480305
2.7199999999999997E-5     0.052065327826813855
2.73E-5                   0.0510201007417007
2.74E-5                   0.049974873656216875
2.7499999999999998E-5     0.04892964657043823
2.76E-5                   0.04788441948444072
2.77E-5                   0.04683919239830029
2.7799999999999998E-5     0.04579396531209287
2.7899999999999997E-5     0.04474873822589439
2.8E-5                    0.043703511139780736
2.81E-5                   0.04265828405382792
2.8199999999999998E-5     0.041780817691421245
2.83E-5                   0.04096184154980722
2.84E-5                   0.04014286540835857
2.8499999999999998E-5     0.03932388926711186
2.8599999999999997E-5     0.03850491312610377
2.87E-5                   0.037685936985370844
2.88E-5                   0.03686696084494979
2.8899999999999998E-5     0.03604798470487719
2.9E-5                    0.035229008565189665
2.91E-5                   0.03441003242592387
2.9199999999999998E-5     0.03359105628711643
2.9299999999999997E-5     0.03286737989396002
2.94E-5                   0.03222560794132212
2.95E-5                   0.031583835988685215
2.9599999999999998E-5     0.030942064036066887
2.97E-5                   0.030300292083484687
2.98E-5                   0.029658520130956215
2.99E-5                   0.029016748178499037
2.9999999999999997E-5     0.028374976226130704
3.01E-5                   0.027733204273868804
3.02E-5                   0.027091432321730915
3.0299999999999998E-5     0.026449660369734625
3.04E-5                   0.025854348499380016
3.05E-5                   0.025351632075719808
3.06E-5                   0.024848915652112443
3.07E-5                   0.024346199228566356
3.0799999999999996E-5     0.02384348280509007
3.09E-5                   0.023340766381691982
3.1E-5                    0.022838049958380593
3.11E-5                   0.0223353335351644
3.12E-5                   0.021832617112051797
3.13E-5                   0.021329900689051287
3.14E-5                   0.02082718426617136
3.15E-5                   0.02033863984778736
3.1599999999999996E-5     0.019944581779552308
3.17E-5                   0.019550523711347204
3.18E-5                   0.01915646564317617
3.1899999999999996E-5     0.018762407575043286
3.2E-5                    0.01836834950695259
3.21E-5                   0.017974291438908174
3.22E-5                   0.017580233370914147
3.23E-5                   0.017186175302974515
3.24E-5                   0.016792117235093395
3.25E-5                   0.016398059167274884
3.26E-5                   0.016004001099522998
3.2699999999999995E-5     0.01568914772174316
3.28E-5                   0.01538055533121821
3.29E-5                   0.015071962940722336
3.2999999999999996E-5     0.014763370550257525
3.31E-5                   0.014454778159825682
3.32E-5                   0.014146185769428781
3.3299999999999996E-5     0.013837593379068798
3.34E-5                   0.013529000988747642
3.35E-5                   0.01322040859846729
3.36E-5                   0.012911816208229714
3.37E-5                   0.012603223818036835
3.38E-5                   0.012342832685779955
3.39E-5                   0.012100903340769043
3.4E-5                    0.011858973995770284
3.4099999999999995E-5     0.01161704465078465
3.42E-5                   0.011375115305813059
3.43E-5                   0.01113318596085647
3.4399999999999996E-5     0.010891256615915846
3.45E-5                   0.010649327270992099
3.46E-5                   0.010407397926086186
3.4699999999999996E-5     0.010165468581199075
3.48E-5                   0.009923539236331679
3.49E-5                   0.00970886152494812
3.5E-5                    0.009519402371593011
3.51E-5                   0.009329943218256184
3.52E-5                   0.0091404840649381
3.53E-5                   0.008951024911639226
3.54E-5                   0.008761565758359988
3.5499999999999996E-5     0.00857210660510086
3.56E-5                   0.008382647451862268
3.57E-5                   0.008193188298644677
3.5799999999999996E-5     0.008003729145448552
3.59E-5                   0.007814269992274317
3.6E-5                    0.007637742344936591
3.6099999999999997E-5     0.007489245980288651
3.62E-5                   0.007340749615640426
3.63E-5                   0.007192253250992148
3.64E-5                   0.007043756886344043
3.65E-5                   0.0068952605216963106
3.6599999999999995E-5     0.00674676415704919
3.67E-5                   0.00659826779240288
3.68E-5                   0.006449771427757611
3.6899999999999996E-5     0.006301275063113609
3.7E-5                    0.0061527786984710755
3.71E-5                   0.006009148434591367
3.7199999999999996E-5     0.005904097623248913
3.73E-5                   0.0057990468119274415
3.74E-5                   0.005693996000627035
3.75E-5                   0.005588945189347778
3.76E-5                   0.005483894378089734
3.77E-5                   0.005378843566852985
3.78E-5                   0.005273792755637616
3.79E-5                   0.005168741944443692
3.7999999999999995E-5     0.0050636911332713015
3.81E-5                   0.004958640322120508
3.82E-5                   0.004853589510991395
3.8299999999999996E-5     0.00474853869988405
3.84E-5                   0.004643487888798532
3.85E-5                   0.004538437077734925
3.8599999999999996E-5     0.004433386266693316
3.87E-5                   0.004328335455673765
3.88E-5                   0.004223284644676356
3.89E-5                   0.004118233833701177
3.9E-5                    0.004013183022748285
3.9099999999999995E-5     0.003908132211817777
3.92E-5                   0.0038030814009097106
3.93E-5                   0.003698030590024173
3.9399999999999995E-5     0.0036219219643858483
3.95E-5                   0.0035579451330060717
3.96E-5                   0.0034939683016161705
3.9699999999999996E-5     0.003429991470216167
3.98E-5                   0.0033660146388060684
3.99E-5                   0.003302037807385898
3.9999999999999996E-5     0.0032380609759556775
4.01E-5                   0.003174084144515415
4.02E-5                   0.003110107313065133
4.03E-5                   0.003046130481604854
4.04E-5                   0.0029821536501345846
4.0499999999999995E-5     0.002918176818654352
4.06E-5                   0.0028541999871641655
4.07E-5                   0.002790223155664047
4.0799999999999996E-5     0.0027262463241540164
4.09E-5                   0.0026622694926340855
4.1E-5                    0.002598292661104274
4.1099999999999996E-5     0.0025343158295646046
4.12E-5                   0.0024703389980150867
4.13E-5                   0.00240636216645574
4.14E-5                   0.0023423853348865874
4.15E-5                   0.002278408503307638
4.1599999999999995E-5     0.0022218647016758763
4.17E-5                   0.0021828924718437833
4.18E-5                   0.0021439202420159083
4.1899999999999995E-5     0.002104948012192258
4.2E-5                    0.002065975782372831
4.21E-5                   0.002027003552557633
4.2199999999999996E-5     0.0019880313227466726
4.23E-5                   0.001949059092939946
4.24E-5                   0.0019100868631374622
4.2499999999999996E-5     0.0018711146333392258
4.26E-5                   0.0018321424035452362
4.27E-5                   0.0017931701737555006
4.28E-5                   0.0017541979439700244
4.29E-5                   0.0017152257141888067
4.2999999999999995E-5     0.0016762534844118571
4.31E-5                   0.0016372812546391743
4.32E-5                   0.0015983090248707639
4.3299999999999995E-5     0.0015593367951066337
4.34E-5                   0.0015203645653467817
4.35E-5                   0.0014813923355912143
4.3599999999999996E-5     0.0014424201058399382
4.37E-5                   0.001403447876092953
4.38E-5                   0.0013644756463502637
4.3899999999999996E-5     0.001339068921090218
4.4E-5                    0.001315340587984037
4.41E-5                   0.0012916122548761223
4.42E-5                   0.001267883921766477
4.43E-5                   0.0012441555886550982
4.4399999999999995E-5     0.0012204272555419902
4.45E-5                   0.0011966989224271507
4.46E-5                   0.0011729705893105827
4.4699999999999996E-5     0.0011492422561922883
4.48E-5                   0.0011255139230722648
4.49E-5                   0.0011017855899505152
4.4999999999999996E-5     0.0010780572568270417
4.51E-5                   0.0010543289237018418
4.52E-5                   0.0010306005905749188
4.5299999999999997E-5     0.0010068722574462746
4.54E-5                   9.831439243159067E-4
4.5499999999999995E-5     9.594155911838195E-4
4.56E-5                   9.356872580500108E-4
4.57E-5                   9.119589249144829E-4
4.5799999999999995E-5     8.882305917772383E-4
4.59E-5                   8.645022586382747E-4
4.6E-5                    8.407739254975945E-4
4.6099999999999996E-5     8.226463006106563E-4
4.62E-5                   8.10524970142654E-4
4.63E-5                   7.984036396749806E-4
4.6399999999999996E-5     7.862823092076374E-4
4.65E-5                   7.741609787406224E-4
4.66E-5                   7.620396482739371E-4
4.67E-5                   7.499183178075818E-4
4.68E-5                   7.377969873415557E-4
4.6899999999999995E-5     7.256756568758603E-4
4.7E-5                    7.135543264104936E-4
4.71E-5                   7.014329959454572E-4
4.7199999999999995E-5     6.893116654807516E-4
4.73E-5                   6.771903350163757E-4
4.74E-5                   6.650690045523298E-4
4.7499999999999996E-5     6.529476740886156E-4
4.76E-5                   6.408263436252311E-4
4.77E-5                   6.287050131621772E-4
4.7799999999999996E-5     6.165836826994549E-4
4.79E-5                   6.04462352237063E-4
4.8E-5                    5.923410217750021E-4
4.81E-5                   5.802196913132733E-4
4.82E-5                   5.680983608518748E-4
4.8299999999999995E-5     5.55977030390809E-4
4.84E-5                   5.438556999300736E-4
4.85E-5                   5.317343694696699E-4
4.8599999999999995E-5     5.19613039009599E-4
4.87E-5                   5.074917085498592E-4
4.88E-5                   4.953703780904514E-4
4.8899999999999996E-5     4.8324904763137643E-4
4.9E-5                    4.711277171726331E-4
4.91E-5                   4.590063867142221E-4
4.9199999999999997E-5     4.468850562561444E-4
4.93E-5                   4.347637257983987E-4
4.9399999999999995E-5     4.226423953409864E-4
4.95E-5                   4.105210648839062E-4
4.96E-5                   3.9839973442715897E-4
4.9699999999999995E-5     3.862784039707458E-4
4.98E-5                   3.74157073514665E-4
4.99E-5                   3.620357430589176E-4
4.9999999999999996E-5     3.4991441260350437E-4
5.01E-5                   3.37793082148424E-4
5.02E-5                   3.256717516936772E-4
5.0299999999999996E-5     3.135504212392652E-4
5.04E-5                   3.014290907851863E-4
5.05E-5                   2.893077603314414E-4
5.06E-5                   2.824902470138819E-4
5.07E-5                   2.7831125597118376E-4
5.0799999999999995E-5     2.74132264928407E-4
5.09E-5                   2.69953273885551E-4
5.1E-5                    2.6577428284261595E-4
5.1099999999999995E-5     2.615952917996022E-4
5.12E-5                   2.5741630075650916E-4
5.13E-5                   2.532373097133372E-4
5.1399999999999996E-5     2.490583186700865E-4
5.15E-5                   2.4487932762675665E-4
5.16E-5                   2.4070033658334767E-4
5.1699999999999996E-5     2.3652134553986013E-4
5.18E-5                   2.323423544962933E-4
5.1899999999999994E-5     2.2816336345264778E-4
5.2E-5                    2.239843724089231E-4
5.21E-5                   2.1980538136511944E-4
5.2199999999999995E-5     2.1562639032123715E-4
5.23E-5                   2.114473992772756E-4
5.24E-5                   2.0726840823323515E-4
5.2499999999999995E-5     2.0308941718911606E-4
5.26E-5                   1.9891042614491778E-4
5.27E-5                   1.947314351006406E-4
5.2799999999999996E-5     1.9055244405628475E-4
5.29E-5                   1.863734530118498E-4
5.3E-5                    1.8219446196733586E-4
5.3099999999999996E-5     1.7801547092274338E-4
5.32E-5                   1.7383647987807165E-4
5.3299999999999995E-5     1.6965748883332137E-4
5.34E-5                   1.6547849778849198E-4
5.35E-5                   1.6129950674358362E-4
5.3599999999999995E-5     1.571205156985967E-4
5.37E-5                   1.5294152465353066E-4
5.38E-5                   1.4876253360838576E-4
5.3899999999999996E-5     1.4458354256316228E-4
5.4E-5                    1.4040455151785965E-4
5.41E-5                   1.362255604724782E-4
5.4199999999999996E-5     1.3204656942701815E-4
5.43E-5                   1.2786757838147906E-4
5.4399999999999994E-5     1.2368858733586137E-4
5.4499999999999997E-5     1.1950959629016461E-4
5.46E-5                   1.1533060524438899E-4
5.4699999999999995E-5     1.1115161419853481E-4
5.48E-5                   1.069726231526016E-4
5.49E-5                   1.0279363210658954E-4
5.4999999999999995E-5     9.8614641060499E-5
5.51E-5                   9.677918337951598E-5
5.52E-5                   9.53474255984598E-5
5.5299999999999996E-5     9.391566781742233E-5
5.54E-5                   9.248391003640336E-5
5.55E-5                   9.105215225540297E-5
5.5599999999999996E-5     8.962039447442131E-5
5.57E-5                   8.818863669345813E-5
5.5799999999999994E-5     8.675687891251362E-5
5.59E-5                   8.532512113158763E-5
5.6E-5                    8.389336335068024E-5
5.6099999999999995E-5     8.246160556979155E-5
5.62E-5                   8.102984778892135E-5
5.63E-5                   7.959809000806976E-5
5.6399999999999995E-5     7.816633222723687E-5
5.65E-5                   7.673457444642244E-5
5.66E-5                   7.530281666562665E-5
5.6699999999999996E-5     7.387105888484954E-5
5.68E-5                   7.243930110409095E-5
5.69E-5                   7.100754332335094E-5
5.6999999999999996E-5     6.957578554262964E-5
5.71E-5                   6.814402776192683E-5
5.7199999999999994E-5     6.671226998124272E-5
5.73E-5                   6.528051220057713E-5
5.74E-5                   6.384875441993013E-5
5.7499999999999995E-5     6.241699663930181E-5
5.76E-5                   6.0985238858692014E-5
5.77E-5                   5.955348107810082E-5
5.7799999999999995E-5     5.8121723297528304E-5
5.79E-5                   5.668996551697431E-5
5.8E-5                    5.525820773643893E-5
5.8099999999999996E-5     5.382644995592222E-5
5.82E-5                   5.2394692175424054E-5
5.8299999999999994E-5     5.096293439494454E-5
5.8399999999999997E-5     4.953117661448357E-5
5.85E-5                   4.809941883404119E-5
5.8599999999999995E-5     4.6667661053617504E-5
5.87E-5                   4.523590327321232E-5
5.88E-5                   4.380414549282575E-5
5.8899999999999995E-5     4.237238771245788E-5
5.9E-5                    4.09406299321085E-5
5.91E-5                   3.9508872151777754E-5
5.9199999999999996E-5     3.8077114371465696E-5
5.93E-5                   3.664535659117213E-5
5.94E-5                   3.521359881089718E-5
5.9499999999999996E-5     3.382223424019678E-5
5.96E-5                   3.344474135440145E-5
5.9699999999999994E-5     3.3067248468604524E-5
5.98E-5                   3.268975558280592E-5
5.99E-5                   3.231226269700569E-5
5.9999999999999995E-5     3.193476981120388E-5
6.01E-5                   3.1557276925400386E-5
6.02E-5                   3.117978403959527E-5
6.0299999999999995E-5     3.080229115378855E-5
6.04E-5                   3.042479826798018E-5
6.05E-5                   3.0047305382170173E-5
6.0599999999999996E-5     2.966981249635856E-5
6.07E-5                   2.9292319610545285E-5
6.08E-5                   2.891482672473039E-5
6.0899999999999996E-5     2.8537333838913895E-5
6.1E-5                    2.8159840953095733E-5
6.11E-5                   2.778234806727597E-5
6.12E-5                   2.740485518145455E-5
6.13E-5                   2.70273622956315E-5
6.14E-5                   2.6649869409806824E-5
6.149999999999999E-5      2.627237652398056E-5
6.159999999999999E-5      2.5894883638152622E-5
6.17E-5                   2.5517390752323056E-5
6.18E-5                   2.513989786649185E-5
6.19E-5                   2.4762404980659028E-5
6.2E-5                    2.4384912094824566E-5
6.209999999999999E-5      2.400741920898852E-5
6.22E-5                   2.3629926323150798E-5
6.23E-5                   2.3252433437311443E-5
6.24E-5                   2.2874940551470466E-5
6.25E-5                   2.249744766562785E-5
6.26E-5                   2.211995477978361E-5
6.269999999999999E-5      2.1742461893937787E-5
6.28E-5                   2.1364969008090277E-5
6.29E-5                   2.0987476122241145E-5
6.3E-5                    2.0609983236390386E-5
6.31E-5                   2.0232490350537988E-5
6.319999999999999E-5      1.9854997464684017E-5
6.33E-5                   1.947750457882836E-5
6.34E-5                   1.9100011692971075E-5
6.35E-5                   1.872251880711216E-5
6.36E-5                   1.8345025921251614E-5
6.37E-5                   1.796753303538943E-5
6.379999999999999E-5      1.7590040149525678E-5
6.39E-5                   1.7212547263660245E-5
6.4E-5                    1.6835054377793173E-5
6.41E-5                   1.645756149192448E-5
6.42E-5                   1.608006860605415E-5
6.429999999999999E-5      1.5702575720182248E-5
6.44E-5                   1.532508283430866E-5
6.45E-5                   1.4947589948433437E-5
6.46E-5                   1.4570097062556593E-5
6.47E-5                   1.4192604176678111E-5
6.48E-5                   1.3815111290798004E-5
6.489999999999999E-5      1.3437618404916314E-5
6.5E-5                    1.3060125519032951E-5
6.51E-5                   1.2682632633147947E-5
6.52E-5                   1.2305139747261314E-5
6.53E-5                   1.1927646861373054E-5
6.539999999999999E-5      1.1550153975483217E-5
6.549999999999999E-5      1.1172661089591699E-5
6.56E-5                   1.0795168203698546E-5
6.57E-5                   1.0417675317803767E-5
6.58E-5                   1.0040182431907353E-5
6.59E-5                   9.662689546009315E-6
6.599999999999999E-5      9.285196660109692E-6
6.61E-5                   8.907703774208391E-6
6.62E-5                   8.530210888305458E-6
6.63E-5                   8.152718002400898E-6
6.64E-5                   7.775225116494706E-6
6.65E-5                   7.3977322305868834E-6
6.659999999999999E-5      7.020239344677482E-6
6.67E-5                   6.6427464587664E-6
6.68E-5                   6.265253572853686E-6
6.69E-5                   5.887760686939344E-6
6.7E-5                    5.51026780102337E-6
6.709999999999999E-5      5.132774915105818E-6
6.72E-5                   4.755282029186585E-6
6.73E-5                   4.377789143265721E-6
6.74E-5                   4.000296257343229E-6
6.75E-5                   3.622803371419104E-6
6.76E-5                   3.24531048549335E-6
6.769999999999999E-5      2.8678175995660182E-6
6.78E-5                   2.490324713637004E-6
6.79E-5                   2.112831827706359E-6
6.8E-5                    1.7353389417740846E-6
6.81E-5                   1.3578460558401803E-6
6.819999999999999E-5      9.803531699046969E-7
6.829999999999999E-5      6.02860283967532E-7
6.84E-5                   2.253673980287371E-7
6.85E-5                   2.373896327676729E-9
6.86E-5                   2.7798820029595943E-9
6.87E-5                   3.1858676782638024E-9
6.879999999999999E-5      3.5918533535892914E-9
6.89E-5                   3.997839028936177E-9
6.9E-5                    4.403824704304401E-9
6.91E-5                   4.809810379693965E-9
6.92E-5                   5.215796055104864E-9
6.929999999999999E-5      5.621781730537053E-9
6.939999999999999E-5      6.027767405990639E-9
6.95E-5                   6.433753081465559E-9
6.96E-5                   6.8397387569618215E-9
6.97E-5                   7.24572443247942E-9
6.98E-5                   7.651710108018356E-9
6.989999999999999E-5      8.057695783578586E-9
7.0E-5                    8.463681459160204E-9
7.01E-5                   8.869667134763168E-9
7.02E-5                   9.275652810387458E-9
7.03E-5                   9.681638486033101E-9
7.04E-5                   1.0087624161700079E-8
7.049999999999999E-5      1.0493609837388338E-8
7.06E-5                   1.0899595513098E-8
7.07E-5                   1.1305581188828993E-8
7.08E-5                   1.1711566864581329E-8
7.09E-5                   1.2117552540355006E-8
7.099999999999999E-5      1.2523538216149964E-8
7.11E-5                   1.292952389196632E-8
7.12E-5                   1.3335509567804013E-8
7.13E-5                   1.3741495243663042E-8
7.14E-5                   1.4147480919543418E-8
7.15E-5                   1.455346659544513E-8
7.159999999999999E-5      1.495945227136813E-8
7.17E-5                   1.5365437947312522E-8
7.18E-5                   1.5771423623278248E-8
7.19E-5                   1.617740929926532E-8
7.2E-5                    1.658339497527373E-8
7.209999999999999E-5      1.6989380651303425E-8
7.219999999999999E-5      1.739536632735451E-8
7.23E-5                   1.7801352003426945E-8
7.24E-5                   1.8207337679520708E-8
7.25E-5                   1.861332335563582E-8
7.26E-5                   1.9019309031772268E-8
7.269999999999999E-5      1.942529470793E-8
7.28E-5                   1.9831280384109123E-8
7.29E-5                   2.0237266060309586E-8
7.3E-5                    2.0643251736531394E-8
7.31E-5                   2.1049237412774542E-8
7.319999999999999E-5      2.1455223089038973E-8
7.329999999999999E-5      2.18612087653248E-8
7.34E-5                   2.2267194441631956E-8
7.35E-5                   2.2673180117960457E-8
7.36E-5                   2.3079165794310305E-8
7.37E-5                   2.3485151470681482E-8
7.379999999999999E-5      2.3891137147073956E-8
7.39E-5                   2.4297122823487815E-8
7.4E-5                    2.4703108499923015E-8
7.41E-5                   2.5109094176379557E-8
7.42E-5                   2.5515079852857433E-8
7.429999999999999E-5      2.59210655293566E-8
7.439999999999999E-5      2.6327051205877153E-8
7.45E-5                   2.6733036882419052E-8
7.46E-5                   2.7139022558982297E-8
7.47E-5                   2.754500823556687E-8
7.48E-5                   2.795099391217279E-8
7.489999999999999E-5      2.835697958879999E-8
7.5E-5                    2.8762965265448588E-8
7.51E-5                   2.9168950942118522E-8
7.52E-5                   2.9574936618809797E-8
7.53E-5                   2.998092229552241E-8
7.54E-5                   3.0386907972256365E-8
7.549999999999999E-5      3.07928936490116E-8
7.56E-5                   3.119887932578824E-8
7.57E-5                   3.160486500258621E-8
7.58E-5                   3.2010850679405524E-8
7.59E-5                   3.241683635624618E-8
7.599999999999999E-5      3.282282203310811E-8
7.609999999999999E-5      3.322880770999145E-8
7.62E-5                   3.3634793386896116E-8
7.63E-5                   3.404077906382211E-8
7.64E-5                   3.444676474076947E-8
7.65E-5                   3.485275041773815E-8
7.659999999999999E-5      3.525873609472813E-8
7.67E-5                   3.5664721771739496E-8
7.68E-5                   3.607070744877221E-8
7.69E-5                   3.647669312582625E-8
7.7E-5                    3.688267880290165E-8
7.709999999999999E-5      3.728866447999831E-8
7.719999999999999E-5      3.769465015711638E-8
7.73E-5                   3.8100635834255784E-8
7.74E-5                   3.850662151141653E-8
7.75E-5                   3.794878586009509E-8
7.76E-5                   3.711809117869035E-8
7.769999999999999E-5      3.6287396497297775E-8
7.78E-5                   3.545670181591711E-8
7.79E-5                   3.462600713454849E-8
7.8E-5                    3.379531245319189E-8
7.81E-5                   3.2964617771847336E-8
7.819999999999999E-5      3.213392309051491E-8
7.829999999999999E-5      3.13032284091944E-8
7.84E-5                   3.047253372788593E-8
7.85E-5                   2.9641839046589492E-8
7.86E-5                   2.881114436530508E-8
7.87E-5                   2.7980449684032697E-8
7.879999999999999E-5      2.714975500277247E-8
7.89E-5                   2.631906032152416E-8
7.9E-5                    2.548836564028788E-8
7.91E-5                   2.4657670959063625E-8
7.92E-5                   2.38269762778514E-8
7.93E-5                   2.2996281596651212E-8
7.939999999999999E-5      2.2165586915463163E-8
7.95E-5                   2.1334892234287048E-8
7.96E-5                   2.0504197553122953E-8
7.97E-5                   1.9673502871970892E-8
7.98E-5                   1.884280819083086E-8
7.989999999999999E-5      1.8012113509702975E-8
7.999999999999999E-5      1.7181418828587003E-8
8.01E-5                   1.6350724147483074E-8
8.02E-5                   1.552002946639117E-8
8.03E-5                   1.4689334785311295E-8
8.04E-5                   1.3858640104243451E-8
8.049999999999999E-5      1.3027945423187752E-8
8.06E-5                   1.2197250742143984E-8
8.07E-5                   1.1366556061112234E-8
8.08E-5                   1.0535861380092517E-8
8.09E-5                   9.70516669908483E-9
8.099999999999999E-5      8.874472018089296E-9
8.109999999999999E-5      8.04377733710568E-9
8.12E-5                   7.213082656134088E-9
8.13E-5                   6.382387975174529E-9
8.14E-5                   5.551693294227002E-9
8.15E-5                   4.720998613291511E-9
8.159999999999999E-5      3.890303932368158E-9
8.17E-5                   3.059609251456729E-9
8.18E-5                   2.228914570557327E-9
8.19E-5                   1.3982198896699583E-9
8.2E-5                    5.675252087946205E-10
8.209999999999999E-5      -2.631694720685658E-10
8.219999999999999E-5      -1.093864152919848E-9
8.23E-5                   -1.9245588337590853E-9
8.24E-5                   -2.7552535145862972E-9
8.25E-5                   -3.5859481954014766E-9
8.26E-5                   -4.416642876204623E-9
8.269999999999999E-5      -5.247337556995629E-9
8.28E-5                   -6.07803223777471E-9
8.29E-5                   -6.9087269185417645E-9
8.3E-5                    -7.739421599296787E-9
8.31E-5                   -8.570116280039772E-9
8.319999999999999E-5      -9.400810960770624E-9
8.329999999999999E-5      -1.023150564148955E-8
8.34E-5                   -1.1062200322196442E-8
8.35E-5                   -1.189289500289131E-8
8.36E-5                   -1.2723589683574139E-8
8.37E-5                   -1.3554284364244939E-8
8.379999999999999E-5      -1.4384979044903601E-8
8.389999999999999E-5      -1.5215673725550338E-8
8.4E-5                    -1.6046368406185043E-8
8.41E-5                   -1.687706308680771E-8
8.42E-5                   -1.770775776741836E-8
8.43E-5                   -1.8538452448016967E-8
8.439999999999999E-5      -1.9369147128603438E-8
8.45E-5                   -2.0199841809177984E-8
8.46E-5                   -2.1030536489740503E-8
8.47E-5                   -2.1861231170290988E-8
8.48E-5                   -2.2691925850829443E-8
8.489999999999999E-5      -2.352262053135575E-8
8.499999999999999E-5      -2.4353315211870145E-8
8.51E-5                   -2.5184009892372512E-8
8.52E-5                   -2.601470457286284E-8
8.53E-5                   -2.6845399253341127E-8
8.54E-5                   -2.7676093933807402E-8
8.549999999999999E-5      -2.850678861426152E-8
8.56E-5                   -2.933748329470372E-8
8.57E-5                   -3.0168177975133885E-8
8.58E-5                   -3.099887265555202E-8
8.59E-5                   -3.1829567335958134E-8
8.599999999999999E-5      -3.26602620163521E-8
8.609999999999999E-5      -3.349095669673414E-8
8.62E-5                   -3.4321651377104156E-8
8.63E-5                   -3.515234605746214E-8
8.64E-5                   -3.5758450325701975E-8
8.65E-5                   -3.5090732073339865E-8
8.659999999999999E-5      -3.44230138209722E-8
8.669999999999999E-5      -3.3755295568598816E-8
8.68E-5                   -3.308757731621979E-8
8.69E-5                   -3.2419859063835116E-8
8.7E-5                    -3.175214081144481E-8
8.709999999999999E-5      -3.108442255904895E-8
8.719999999999999E-5      -3.041670430664734E-8
8.73E-5                   -2.9748986054240105E-8
8.74E-5                   -2.908126780182723E-8
8.75E-5                   -2.8413549549408705E-8
8.76E-5                   -2.7745831296984546E-8
8.769999999999999E-5      -2.7078113044554832E-8
8.779999999999999E-5      -2.641039479211939E-8
8.79E-5                   -2.5742676539678308E-8
8.8E-5                    -2.5074958287231583E-8
8.81E-5                   -2.4407240034779218E-8
8.82E-5                   -2.3739521782321207E-8
8.829999999999999E-5      -2.3071803529857642E-8
8.84E-5                   -2.2404085277388352E-8
8.85E-5                   -2.173636702491341E-8
8.86E-5                   -2.106864877243284E-8
8.87E-5                   -2.040093051994662E-8
8.879999999999999E-5      -1.9733212267454865E-8
8.889999999999999E-5      -1.9065494014957362E-8
8.9E-5                    -1.8397775762454227E-8
8.91E-5                   -1.7730057509945445E-8
8.92E-5                   -1.7062339257431024E-8
8.93E-5                   -1.6394621004910955E-8
8.939999999999999E-5      -1.5726902752385344E-8
8.95E-5                   -1.5059184499854E-8
8.96E-5                   -1.4391466247317013E-8
8.97E-5                   -1.3723747994774378E-8
8.98E-5                   -1.3056029742226107E-8
8.989999999999999E-5      -1.2388311489672288E-8
8.999999999999999E-5      -1.1720593237112734E-8
9.01E-5                   -1.105287498454754E-8
9.02E-5                   -1.0385156731976707E-8
9.03E-5                   -9.717438479400233E-9
9.04E-5                   -9.049720226818114E-9
9.049999999999999E-5      -8.382001974230445E-9
9.059999999999999E-5      -7.714283721637043E-9
9.07E-5                   -7.046565469038002E-9
9.08E-5                   -6.3788472164333215E-9
9.09E-5                   -5.711128963822991E-9
9.099999999999999E-5      -5.043410711207122E-9
9.109999999999999E-5      -4.375692458585507E-9
9.12E-5                   -3.707974205958259E-9
9.13E-5                   -3.0402559533253686E-9
9.14E-5                   -2.372537700686841E-9
9.15E-5                   -1.7048194480426683E-9
9.159999999999999E-5      -1.0371011953929434E-9
9.169999999999999E-5      -3.6938294273749115E-10
9.18E-5                   2.983353099236054E-10
9.19E-5                   9.660535625903433E-10
9.2E-5                    1.633771815262722E-9
9.21E-5                   2.3014900679407423E-9
9.219999999999999E-5      2.969208320624315E-9
9.23E-5                   3.6369265733136177E-9
9.24E-5                   4.30464482600856E-9
9.25E-5                   4.972363078709148E-9
9.26E-5                   5.640081331415374E-9
9.269999999999999E-5      6.307799584127154E-9
9.279999999999999E-5      6.975517836844664E-9
9.29E-5                   7.643236089567813E-9
9.3E-5                    8.310954342296605E-9
9.31E-5                   8.978672595031045E-9
9.32E-5                   9.64639084777112E-9
9.329999999999999E-5      1.0314109100516745E-8
9.34E-5                   1.0981827353268099E-8
9.35E-5                   1.1649545606025098E-8
9.36E-5                   1.2317263858787738E-8
9.37E-5                   1.298498211155602E-8
9.379999999999999E-5      1.3652700364329853E-8
9.389999999999999E-5      1.4320418617109418E-8
9.4E-5                    1.498813686989462E-8
9.41E-5                   1.5655855122685468E-8
9.42E-5                   1.6323573375481954E-8
9.43E-5                   1.6991291628284088E-8
9.439999999999999E-5      1.7659009881091767E-8
9.449999999999999E-5      1.832672813390518E-8
9.46E-5                   1.899444638672423E-8
9.47E-5                   1.9662164639548922E-8
9.48E-5                   2.032988289237926E-8
9.489999999999999E-5      2.0997601145215146E-8
9.499999999999999E-5      2.166531939805677E-8
9.51E-5                   2.233303765090403E-8
9.52E-5                   2.3000755903756934E-8
9.53E-5                   2.3668474156615475E-8
9.54E-5                   2.433619240947965E-8
9.549999999999999E-5      2.5003910662349392E-8
9.559999999999999E-5      2.5671628915224864E-8
9.57E-5                   2.633934716810596E-8
9.58E-5                   2.7007065420992715E-8
9.59E-5                   2.7674783673885104E-8
9.6E-5                    2.8342501926783145E-8
9.609999999999999E-5      2.9010220179686724E-8
9.62E-5                   2.9677938432596034E-8
9.63E-5                   3.034565668551099E-8
9.64E-5                   3.0826715887640634E-8
9.65E-5                   3.024909008029247E-8
9.659999999999999E-5      2.9671464272947567E-8
9.669999999999999E-5      2.9093838465605776E-8
9.68E-5                   2.8516212658267182E-8
9.69E-5                   2.7938586850931774E-8
9.7E-5                    2.736096104359956E-8
9.71E-5                   2.678333523627053E-8
9.719999999999999E-5      2.6205709428944783E-8
9.73E-5                   2.5628083621622134E-8
9.74E-5                   2.5050457814302687E-8
9.75E-5                   2.4472832006986427E-8
9.76E-5                   2.3895206199673356E-8
9.769999999999999E-5      2.3317580392363547E-8
9.779999999999999E-5      2.2739954585056862E-8
9.79E-5                   2.216232877775337E-8
9.8E-5                    2.1584702970453068E-8
9.81E-5                   2.1007077163155945E-8
9.82E-5                   2.042945135586202E-8
9.829999999999999E-5      1.985182554857136E-8
9.839999999999999E-5      1.927419974128382E-8
9.85E-5                   1.8696573933999466E-8
9.86E-5                   1.8118948126718298E-8
9.87E-5                   1.7541322319440326E-8
9.879999999999999E-5      1.6963696512165623E-8
9.889999999999999E-5      1.6386070704894037E-8
9.9E-5                    1.5808444897625637E-8
9.91E-5                   1.523081909036043E-8
9.92E-5                   1.4653193283098415E-8
9.93E-5                   1.4075567475839587E-8
9.939999999999999E-5      1.349794166858403E-8
9.949999999999999E-5      1.2920315861331583E-8
9.96E-5                   1.2342690054082333E-8
9.97E-5                   1.176506424683626E-8
9.98E-5                   1.118743843959339E-8
9.989999999999999E-5      1.0609812632353787E-8
9.999999999999999E-5      1.0032186825117295E-8
