% Model:              20230225_JW_4_30.mph
% Version:            COMSOL 5.6.0.401
% Date:               Feb 25 2023, 20:56
% Dimension:          1
% Nodes:              1001
% Expressions:        1
% Description:        点图
% X                       Height
0                         8.777112876444136
1.0E-7                    8.799334182162012
2.0E-7                    8.83515219466966
3.0E-7                    8.8586378978249
4.0E-7                    8.834777942191225
5.0E-7                    8.777580609593555
6.0E-7                    8.682559631844057
7.0E-7                    8.566847490509533
8.0E-7                    8.428648042470842
9.0E-7                    8.28121410886916
1.0E-6                    8.127398216398301
1.1E-6                    7.970589112321498
1.2E-6                    7.812614378631769
1.2999999999999998E-6     7.655056202218358
1.4E-6                    7.500078493823558
1.5E-6                    7.346644015662626
1.6E-6                    7.196225952770654
1.6999999999999998E-6     7.047974641097676
1.8E-6                    6.902521516080787
1.9E-6                    6.759734877987721
2.0E-6                    6.619403859559916
2.1E-6                    6.482310402338244
2.2E-6                    6.34755997312358
2.3E-6                    6.215479652049338
2.4E-6                    6.086118022783723
2.4999999999999998E-6     5.959412688076733
2.5999999999999997E-6     5.834913979799522
2.7E-6                    5.712597476314039
2.8E-6                    5.593052063145528
2.8999999999999998E-6     5.475511201029926
3.0E-6                    5.360583711472676
3.1E-6                    5.248038495683231
3.2E-6                    5.137570637473367
3.2999999999999997E-6     5.02980949861602
3.3999999999999996E-6     4.923669238471265
3.5E-6                    4.8200077628463545
3.6E-6                    4.7177423594202255
3.6999999999999997E-6     4.61796813088014
3.8E-6                    4.520032669335854
3.9E-6                    4.424259291253973
4.0E-6                    4.330558352280007
4.1E-6                    4.238478707451606
4.2E-6                    4.14865720566021
4.2999999999999995E-6     4.060342956702424
4.4E-6                    3.9743328317931526
4.5E-6                    3.8897559063607465
4.6E-6                    3.8066747819123297
4.7E-6                    3.7258064363948127
4.8E-6                    3.646382802752729
4.9E-6                    3.5690744626950712
4.9999999999999996E-6     3.4929478526274322
5.0999999999999995E-6     3.4187816833083895
5.199999999999999E-6      3.346183355425776
5.3E-6                    3.2749925389093404
5.4E-6                    3.20514423196521
5.5E-6                    3.1368158604665015
5.6E-6                    3.0701992283781605
5.7E-6                    3.0048384567365822
5.7999999999999995E-6     2.941036817795478
5.899999999999999E-6      2.8789084107196796
6.0E-6                    2.8167802775364814
6.1E-6                    2.757307892835855
6.2E-6                    2.6984817208384855
6.3E-6                    2.6404469209874586
6.4E-6                    2.5847728140008566
6.5E-6                    2.5290988795425924
6.5999999999999995E-6     2.475433017755192
6.699999999999999E-6      2.422637187083951
6.799999999999999E-6      2.370255227657192
6.9E-6                    2.3203242733630702
7.0E-6                    2.2703934446898777
7.1E-6                    2.2220603508592585
7.2E-6                    2.1748324305344005
7.2999999999999996E-6     2.127696699885698
7.3999999999999995E-6     2.082903658286354
7.499999999999999E-6      2.038110702893715
7.6E-6                    1.994542259939255
7.699999999999999E-6      1.95227657442792
7.8E-6                    1.9100109754050996
7.899999999999999E-6      1.8696738751561313
8.0E-6                    1.8294792785817289
8.1E-6                    1.790176367114579
8.2E-6                    1.7523412254735296
8.3E-6                    1.7145061457847823
8.4E-6                    1.6781334328296755
8.5E-6                    1.6420717894480175
8.599999999999999E-6      1.6063719585755958
8.7E-6                    1.5716438115107874
8.8E-6                    1.5369157159778601
8.9E-6                    1.5048591870167272
9.0E-6                    1.4732981029598835
9.1E-6                    1.4418416541759875
9.2E-6                    1.4109656195291325
9.299999999999999E-6      1.381056146377526
9.4E-6                    1.3512057811390432
9.499999999999999E-6      1.3224569436774896
9.6E-6                    1.2940352355077196
9.7E-6                    1.266349409462349
9.8E-6                    1.2392665050731388
9.9E-6                    1.2126586593925908
9.999999999999999E-6      1.1867873057254654
1.01E-5                   1.1612956575907105
1.0199999999999999E-5     1.1365051364887693
1.03E-5                   1.1121165336790935
1.0399999999999999E-5     1.088347881661105
1.05E-5                   1.0650255620019706
1.06E-5                   1.0422991896240184
1.07E-5                   1.0199958658030108
1.08E-5                   0.9981124476202695
1.0899999999999999E-5     0.9767161260138693
1.1E-5                    0.9558557538940811
1.1099999999999999E-5     0.9353862299440022
1.12E-5                   0.9152999753299783
1.13E-5                   0.8957128187429222
1.14E-5                   0.8765685520199562
1.15E-5                   0.8577819842196931
1.1599999999999999E-5     0.8393536249156992
1.17E-5                   0.8216869004247219
1.1799999999999999E-5     0.8040201818631575
1.19E-5                   0.7866644444848134
1.2E-5                    0.7700164057942166
1.21E-5                   0.7533683715944716
1.22E-5                   0.7372694956886544
1.2299999999999999E-5     0.721572781816838
1.24E-5                   0.7058760719066859
1.2499999999999999E-5     0.6909446713447074
1.26E-5                   0.6761491305596937
1.2699999999999999E-5     0.6614561188247019
1.28E-5                   0.6475063212890745
1.29E-5                   0.633556526486667
1.3E-5                    0.6199234541319614
1.31E-5                   0.6067791362285551
1.3199999999999999E-5     0.593634820574101
1.33E-5                   0.580988521673185
1.3399999999999999E-5     0.5685928861747919
1.35E-5                   0.5561972526722609
1.3599999999999999E-5     0.5444711004696958
1.37E-5                   0.5327898278621195
1.38E-5                   0.5212485444167627
1.3899999999999999E-5     0.5102365565247376
1.4E-5                    0.49922456988067
1.4099999999999999E-5     0.48851496049149556
1.42E-5                   0.4781314280071931
1.4299999999999999E-5     0.4677478967668927
1.44E-5                   0.45781849063099955
1.45E-5                   0.44803794524410623
1.4599999999999999E-5     0.4382711836489898
1.47E-5                   0.42903950892799064
1.4799999999999999E-5     0.4198078350557877
1.49E-5                   0.4107381732331226
1.4999999999999999E-5     0.4020518185237331
1.51E-5                   0.3933654644128554
1.52E-5                   0.384952357328617
1.53E-5                   0.3767461602519567
1.5399999999999998E-5     0.3685399638088169
1.55E-5                   0.3607444816980433
1.56E-5                   0.35302661372959765
1.57E-5                   0.3453572024514391
1.5799999999999998E-5     0.33806797797452387
1.59E-5                   0.33077875386713385
1.6E-5                    0.32365303891144437
1.61E-5                   0.3167884813085158
1.62E-5                   0.3099239241159112
1.63E-5                   0.3033214905636502
1.64E-5                   0.2968558960230514
1.6499999999999998E-5     0.2903903016272636
1.66E-5                   0.284249263502669
1.67E-5                   0.27813303175779
1.68E-5                   0.2720957841395386
1.69E-5                   0.26637254551208833
1.7E-5                    0.26064930677388953
1.71E-5                   0.2550338417468903
1.7199999999999998E-5     0.249538472478451
1.73E-5                   0.24404954456822042
1.74E-5                   0.23891705696255378
1.75E-5                   0.23378456927334137
1.76E-5                   0.22883792399169917
1.77E-5                   0.22393542371713165
1.78E-5                   0.21912480093878461
1.7899999999999998E-5     0.21436146748069765
1.8E-5                    0.2098128941106572
1.81E-5                   0.20528906617075066
1.82E-5                   0.20080422458691993
1.8299999999999998E-5     0.19641737967007836
1.84E-5                   0.1921531700993637
1.85E-5                   0.18796491375517624
1.8599999999999998E-5     0.18384396824033272
1.87E-5                   0.17992359820226927
1.88E-5                   0.1760768062685205
1.89E-5                   0.17229705173167423
1.8999999999999998E-5     0.16859558779661674
1.91E-5                   0.16499792994160992
1.92E-5                   0.16146405277234832
1.9299999999999998E-5     0.15798617092717382
1.94E-5                   0.15461207088999038
1.95E-5                   0.15130400099312072
1.96E-5                   0.14805747620690032
1.9699999999999998E-5     0.1448800983063316
1.98E-5                   0.14181735731540568
1.99E-5                   0.13878902989291592
1.9999999999999998E-5     0.13576070249247618
2.01E-5                   0.13290283247369095
2.02E-5                   0.1300505622303083
2.03E-5                   0.1272262961304037
2.0399999999999998E-5     0.12454144213393589
2.05E-5                   0.12185658815528254
2.06E-5                   0.11923057829745733
2.07E-5                   0.11670634641398915
2.0799999999999997E-5     0.11418211454470081
2.09E-5                   0.11173991502081464
2.1E-5                    0.10936076268904218
2.1099999999999998E-5     0.10698161037500384
2.12E-5                   0.10471228342708348
2.13E-5                   0.10247678587927798
2.14E-5                   0.10024128833877102
2.1499999999999997E-5     0.09818832505163876
2.16E-5                   0.09614225938495234
2.17E-5                   0.09409619372988093
2.1799999999999998E-5     0.09205012808744012
2.19E-5                   0.09000406245864555
2.2E-5                    0.08804303363627303
2.21E-5                   0.08623204146266635
2.2199999999999998E-5     0.08442104929132155
2.23E-5                   0.0826100571229412
2.24E-5                   0.08079906495822811
2.2499999999999998E-5     0.07898807279788492
2.26E-5                   0.07733406453377961
2.27E-5                   0.07572965639574941
2.28E-5                   0.07412524826181832
2.2899999999999998E-5     0.07252084013247544
2.3E-5                    0.07091643200820993
2.31E-5                   0.06934107584119853
2.3199999999999998E-5     0.06792046973273412
2.33E-5                   0.06649986362647797
2.34E-5                   0.06507925752276973
2.35E-5                   0.0636586514219489
2.3599999999999998E-5     0.06223804532435502
2.37E-5                   0.06094554889079268
2.38E-5                   0.05975526519403015
2.3899999999999998E-5     0.05856498149905848
2.4E-5                    0.0573746978060773
2.41E-5                   0.056184414115286276
2.42E-5                   0.054994130426884995
2.4299999999999998E-5     0.053803846741073094
2.44E-5                   0.052613563058050115
2.45E-5                   0.051423279378015774
2.4599999999999998E-5     0.05023299570116965
2.4699999999999997E-5     0.04904271202771133
2.48E-5                   0.047943234986608504
2.49E-5                   0.0470105336832799
2.4999999999999998E-5     0.046077832379359286
2.51E-5                   0.04514513107494274
2.52E-5                   0.04421242977012643
2.53E-5                   0.043279728465006446
2.5399999999999997E-5     0.04234702715967888
2.55E-5                   0.041414325854239785
2.56E-5                   0.04048162454878539
2.5699999999999998E-5     0.039548923243411714
2.58E-5                   0.03861622193821487
2.59E-5                   0.0377135913214423
2.6E-5                    0.036982910344158806
2.6099999999999997E-5     0.03625222936719614
2.62E-5                   0.03552154839060045
2.63E-5                   0.03479086741441797
2.6399999999999998E-5     0.034060186438694844
2.65E-5                   0.033329505463477224
2.66E-5                   0.03259882448881135
2.67E-5                   0.03186814351474336
2.6799999999999998E-5     0.031137462541319445
2.69E-5                   0.030406781568585745
2.7E-5                    0.029676100596588487
2.7099999999999998E-5     0.029094709778229002
2.7199999999999997E-5     0.028521980177529004
2.73E-5                   0.027949250576928635
2.74E-5                   0.027376520976450172
2.7499999999999998E-5     0.026803791376115854
2.76E-5                   0.026231061775947903
2.77E-5                   0.025658332175968603
2.7799999999999998E-5     0.025085602576200187
2.7899999999999997E-5     0.02451287297666489
2.8E-5                    0.02394014337738495
2.81E-5                   0.023367413778382654
2.8199999999999998E-5     0.0228868143511374
2.83E-5                   0.02243833635227857
2.84E-5                   0.021989858353407037
2.8499999999999998E-5     0.021541380354533474
2.8599999999999997E-5     0.021092902355668543
2.87E-5                   0.020644424356822923
2.88E-5                   0.020195946358007328
2.8899999999999998E-5     0.019747468359232405
2.9E-5                    0.019298990360508847
2.91E-5                   0.018850512361847337
2.9199999999999998E-5     0.01840203436325856
2.9299999999999997E-5     0.018005612279470836
2.94E-5                   0.01765392914612696
2.95E-5                   0.017302246012908664
2.9599999999999998E-5     0.016950562879821093
2.97E-5                   0.01659887974686939
2.98E-5                   0.01624719661405872
2.99E-5                   0.015895513481394223
2.9999999999999997E-5     0.015543830348881058
3.01E-5                   0.015192147216524347
3.02E-5                   0.01484046408432928
3.0299999999999998E-5     0.014488780952300983
3.04E-5                   0.014162609163323861
3.05E-5                   0.013887281757599804
3.06E-5                   0.013611954351835931
3.07E-5                   0.013336626946034711
3.0799999999999996E-5     0.013061299540198638
3.09E-5                   0.012785972134330149
3.1E-5                    0.012510644728431733
3.11E-5                   0.012235317322505868
3.12E-5                   0.011959989916555003
3.13E-5                   0.011684662510581626
3.14E-5                   0.01140933510458822
3.15E-5                   0.011141762803886882
3.1599999999999996E-5     0.010925894664189997
3.17E-5                   0.010710026524554273
3.18E-5                   0.010494158384980913
3.1899999999999996E-5     0.010278290245471134
3.2E-5                    0.010062422106026087
3.21E-5                   0.009846553966646984
3.22E-5                   0.00963068582733503
3.23E-5                   0.009414817688091383
3.24E-5                   0.00919894954891726
3.25E-5                   0.008983081409813855
3.26E-5                   0.008767213270782337
3.2699999999999995E-5     0.008594694344058306
3.28E-5                   0.00842560209400566
3.29E-5                   0.008256509843938832
3.2999999999999996E-5     0.00808741759385842
3.31E-5                   0.007918325343764963
3.32E-5                   0.007749233093659052
3.3299999999999996E-5     0.007580140843541261
3.34E-5                   0.0074110485934121475
3.35E-5                   0.00724195634327229
3.36E-5                   0.0070728640931222745
3.37E-5                   0.006903771842962653
3.38E-5                   0.006761168188320341
3.39E-5                   0.0066287100534586
3.4E-5                    0.006496251918616448
3.4099999999999995E-5     0.006363793783794187
3.42E-5                   0.006231335648992069
3.43E-5                   0.006098877514210379
3.4399999999999996E-5     0.005966419379449403
3.45E-5                   0.005833961244709397
3.46E-5                   0.005701503109990646
3.4699999999999996E-5     0.005569044975293434
3.48E-5                   0.005436586840618017
3.49E-5                   0.0053189780197388644
3.5E-5                    0.005215110697381714
3.51E-5                   0.005111243375024254
3.52E-5                   0.005007376052666624
3.53E-5                   0.004903508730308967
3.54E-5                   0.004799641407951399
3.5499999999999996E-5     0.004695774085594065
3.56E-5                   0.004591906763237086
3.57E-5                   0.0044880394408806
3.5799999999999996E-5     0.004384172118524749
3.59E-5                   0.004280304796169648
3.6E-5                    0.004183570626349231
3.6099999999999997E-5     0.004102298802368235
3.62E-5                   0.004021026978390557
3.63E-5                   0.003939755154416268
3.64E-5                   0.003858483330445434
3.65E-5                   0.0037772115064781072
3.6599999999999995E-5     0.003695939682514366
3.67E-5                   0.0036146678585542596
3.68E-5                   0.0035333960345978596
3.6899999999999996E-5     0.003452124210645233
3.7E-5                    0.003370852386696433
3.71E-5                   0.003292234473897042
3.7199999999999996E-5     0.0032346573171556656
3.73E-5                   0.0031770801604205034
3.74E-5                   0.0031195030036915796
3.75E-5                   0.003061925846968923
3.76E-5                   0.0030043486902525474
3.77E-5                   0.0029467715335424792
3.78E-5                   0.0028891943768387454
3.79E-5                   0.0028316172201413603
3.7999999999999995E-5     0.0027740400634503545
3.81E-5                   0.002716462906765744
3.82E-5                   0.002658885750087553
3.8299999999999996E-5     0.0026013085934158096
3.84E-5                   0.0025437314367505286
3.85E-5                   0.0024861542800917354
3.8599999999999996E-5     0.002428577123439458
3.87E-5                   0.0023709999667937093
3.88E-5                   0.0023134228101545176
3.89E-5                   0.0022558456535219083
3.9E-5                    0.0021982684968958974
3.9099999999999995E-5     0.0021406913402765137
3.92E-5                   0.0020831141836637735
3.93E-5                   0.0020255370270577024
3.9399999999999995E-5     0.0019838470389246625
3.95E-5                   0.0019488165292563993
3.96E-5                   0.0019137860195852854
3.9699999999999996E-5     0.0018787555099113258
3.98E-5                   0.0018437250002345214
3.99E-5                   0.0018086944905548806
3.9999999999999996E-5     0.0017736639808724102
4.01E-5                   0.00173863347118711
4.02E-5                   0.0017036029614989883
4.03E-5                   0.0016685724518080518
4.04E-5                   0.0016335419421143016
4.0499999999999995E-5     0.001598511432417747
4.06E-5                   0.0015634809227183888
4.07E-5                   0.001528450413016234
4.0799999999999996E-5     0.0014934199033112903
4.09E-5                   0.0014583893936035582
4.1E-5                    0.0014233588838930447
4.1099999999999996E-5     0.0013883283741797576
4.12E-5                   0.001353297864463697
4.13E-5                   0.001318267354744871
4.14E-5                   0.001283236845023286
4.15E-5                   0.0012482063352989429
4.1599999999999995E-5     0.0012172416028252292
4.17E-5                   0.0011958883070528434
4.18E-5                   0.0011745350112816071
4.1899999999999995E-5     0.0011531817155115236
4.2E-5                    0.0011318284197425906
4.21E-5                   0.001110475123974811
4.2199999999999996E-5     0.0010891218282081871
4.23E-5                   0.0010677685324427177
4.24E-5                   0.0010464152366784047
4.2499999999999996E-5     0.001025061940915251
4.26E-5                   0.0010037086451532547
4.27E-5                   9.823553493924192E-4
4.28E-5                   9.610020536327464E-4
4.29E-5                   9.396487578742339E-4
4.2999999999999995E-5     9.182954621168873E-4
4.31E-5                   8.969421663607036E-4
4.32E-5                   8.755888706056862E-4
4.3299999999999995E-5     8.542355748518373E-4
4.34E-5                   8.328822790991553E-4
4.35E-5                   8.115289833476424E-4
4.3599999999999996E-5     7.90175687597302E-4
4.37E-5                   7.688223918481315E-4
4.38E-5                   7.474690961001342E-4
4.3899999999999996E-5     7.335476495906386E-4
4.4E-5                    7.205457086899741E-4
4.41E-5                   7.075437677888834E-4
4.42E-5                   6.945418268873674E-4
4.43E-5                   6.815398859854246E-4
4.4399999999999995E-5     6.68537945083057E-4
4.45E-5                   6.555360041802632E-4
4.46E-5                   6.425340632770442E-4
4.4699999999999996E-5     6.295321223734014E-4
4.48E-5                   6.165301814693333E-4
4.49E-5                   6.035282405648404E-4
4.4999999999999996E-5     5.905262996599246E-4
4.51E-5                   5.775243587545842E-4
4.52E-5                   5.645224178488199E-4
4.5299999999999997E-5     5.515204769426334E-4
4.54E-5                   5.385185360360233E-4
4.5499999999999995E-5     5.255165951289909E-4
4.56E-5                   5.125146542215352E-4
4.57E-5                   4.995127133136573E-4
4.5799999999999995E-5     4.865107724053582E-4
4.59E-5                   4.735088314966365E-4
4.6E-5                    4.6050689058749347E-4
4.6099999999999996E-5     4.5057686483038943E-4
4.62E-5                   4.439412129264501E-4
4.63E-5                   4.373055610225859E-4
4.6399999999999996E-5     4.3066990911879745E-4
4.65E-5                   4.240342572150839E-4
4.66E-5                   4.1739860531144537E-4
4.67E-5                   4.107629534078829E-4
4.68E-5                   4.041273015043953E-4
4.6899999999999995E-5     3.9749164960098344E-4
4.7E-5                    3.908559976976467E-4
4.71E-5                   3.8422034579438537E-4
4.7199999999999995E-5     3.775846938912E-4
4.73E-5                   3.709490419880898E-4
4.74E-5                   3.643133900850552E-4
4.7499999999999996E-5     3.576777381820966E-4
4.76E-5                   3.510420862792132E-4
4.77E-5                   3.444064343764055E-4
4.7799999999999996E-5     3.37770782473674E-4
4.79E-5                   3.311351305710178E-4
4.8E-5                    3.2449947866843736E-4
4.81E-5                   3.178638267659332E-4
4.82E-5                   3.112281748635045E-4
4.8299999999999995E-5     3.045925229611522E-4
4.84E-5                   2.9795687105887525E-4
4.85E-5                   2.913212191566742E-4
4.8599999999999995E-5     2.846855672545498E-4
4.87E-5                   2.780499153525009E-4
4.88E-5                   2.7141426345052814E-4
4.8899999999999996E-5     2.647786115486318E-4
4.9E-5                    2.581429596468112E-4
4.91E-5                   2.515073077450669E-4
4.9199999999999997E-5     2.448716558433991E-4
4.93E-5                   2.3823600394180715E-4
4.9399999999999995E-5     2.3160035204029193E-4
4.95E-5                   2.249647001388526E-4
4.96E-5                   2.1832904823748957E-4
4.9699999999999995E-5     2.1169339633620335E-4
4.98E-5                   2.0505774443499322E-4
4.99E-5                   1.9842209253385947E-4
4.9999999999999996E-5     1.9178644063280265E-4
5.01E-5                   1.8515078873182188E-4
5.02E-5                   1.7851513683091768E-4
5.0299999999999996E-5     1.7187948493009055E-4
5.04E-5                   1.652438330293396E-4
5.05E-5                   1.5860818112866529E-4
5.06E-5                   1.5487101292393506E-4
5.07E-5                   1.52575771090158E-4
5.0799999999999995E-5     1.5028052925636506E-4
5.09E-5                   1.4798528742255613E-4
5.1E-5                    1.4569004558873135E-4
5.1099999999999995E-5     1.4339480375489074E-4
5.12E-5                   1.4109956192103417E-4
5.13E-5                   1.3880432008716166E-4
5.1399999999999996E-5     1.3650907825327343E-4
5.15E-5                   1.3421383641936915E-4
5.16E-5                   1.3191859458544898E-4
5.1699999999999996E-5     1.2962335275151307E-4
5.18E-5                   1.2732811091756117E-4
5.1899999999999994E-5     1.250328690835935E-4
5.2E-5                    1.227376272496098E-4
5.21E-5                   1.2044238541561026E-4
5.2199999999999995E-5     1.1814714358159492E-4
5.23E-5                   1.1585190174756361E-4
5.24E-5                   1.1355665991351639E-4
5.2499999999999995E-5     1.1126141807945345E-4
5.26E-5                   1.0896617624537451E-4
5.27E-5                   1.0667093441127967E-4
5.2799999999999996E-5     1.0437569257716913E-4
5.29E-5                   1.0208045074304257E-4
5.3E-5                    9.978520890890014E-5
5.3099999999999996E-5     9.7489967074742E-5
5.32E-5                   9.519472524056783E-5
5.3299999999999995E-5     9.289948340637796E-5
5.34E-5                   9.060424157217206E-5
5.35E-5                   8.830899973795035E-5
5.3599999999999995E-5     8.60137579037129E-5
5.37E-5                   8.371851606945942E-5
5.38E-5                   8.142327423519011E-5
5.3899999999999996E-5     7.91280324009051E-5
5.4E-5                    7.683279056660408E-5
5.41E-5                   7.45375487322872E-5
5.4199999999999996E-5     7.224230689795463E-5
5.43E-5                   6.994706506360605E-5
5.4399999999999994E-5     6.76518232292418E-5
5.4499999999999997E-5     6.535658139486154E-5
5.46E-5                   6.306133956046541E-5
5.4699999999999995E-5     6.076609772605362E-5
5.48E-5                   5.8470855891625816E-5
5.49E-5                   5.617561405718219E-5
5.4999999999999995E-5     5.3880372222722865E-5
5.51E-5                   5.2879267136275E-5
5.52E-5                   5.210109161567856E-5
5.5299999999999996E-5     5.132291609508521E-5
5.54E-5                   5.0544740574494825E-5
5.55E-5                   4.97665650539075E-5
5.5599999999999996E-5     4.898838953332323E-5
5.57E-5                   4.821021401274198E-5
5.5799999999999994E-5     4.7432038492163784E-5
5.59E-5                   4.665386297158859E-5
5.6E-5                    4.587568745101641E-5
5.6099999999999995E-5     4.509751193044733E-5
5.62E-5                   4.431933640988123E-5
5.63E-5                   4.3541160889318167E-5
5.6399999999999995E-5     4.276298536875818E-5
5.65E-5                   4.1984809848201185E-5
5.66E-5                   4.120663432764722E-5
5.6699999999999996E-5     4.0428458807096346E-5
5.68E-5                   3.965028328654844E-5
5.69E-5                   3.887210776600359E-5
5.6999999999999996E-5     3.809393224546181E-5
5.71E-5                   3.7315756724923016E-5
5.7199999999999994E-5     3.653758120438732E-5
5.73E-5                   3.5759405683854587E-5
5.74E-5                   3.498123016332491E-5
5.7499999999999995E-5     3.42030546427983E-5
5.76E-5                   3.342487912227468E-5
5.77E-5                   3.2646703601754095E-5
5.7799999999999995E-5     3.1868528081236604E-5
5.79E-5                   3.1090352560722094E-5
5.8E-5                    3.0312177040210614E-5
5.8099999999999996E-5     2.953400151970222E-5
5.82E-5                   2.8755825999196807E-5
5.8299999999999994E-5     2.797765047869449E-5
5.8399999999999997E-5     2.7199474958195147E-5
5.85E-5                   2.642129943769885E-5
5.8599999999999995E-5     2.564312391720563E-5
5.87E-5                   2.4864948396715407E-5
5.88E-5                   2.4086772876228206E-5
5.8899999999999995E-5     2.3308597355744098E-5
5.9E-5                    2.253042183526297E-5
5.91E-5                   2.1752246314784884E-5
5.9199999999999996E-5     2.097407079430988E-5
5.93E-5                   2.019589527383786E-5
5.94E-5                   1.9417719753368878E-5
5.9499999999999996E-5     1.866133019218803E-5
5.96E-5                   1.8451769355199953E-5
5.9699999999999994E-5     1.824220851821168E-5
5.98E-5                   1.8032647681223167E-5
5.99E-5                   1.782308684423446E-5
5.9999999999999995E-5     1.7613526007245545E-5
6.01E-5                   1.7403965170256403E-5
6.02E-5                   1.7194404333267045E-5
6.0299999999999995E-5     1.6984843496277493E-5
6.04E-5                   1.6775282659287718E-5
6.05E-5                   1.656572182229772E-5
6.0599999999999996E-5     1.635616098530753E-5
6.07E-5                   1.6146600148317108E-5
6.08E-5                   1.593703931132648E-5
6.0899999999999996E-5     1.5727478474335643E-5
6.1E-5                    1.551791763734459E-5
6.11E-5                   1.5308356800353328E-5
6.12E-5                   1.5098795963361845E-5
6.13E-5                   1.488923512637015E-5
6.14E-5                   1.4679674289378239E-5
6.149999999999999E-5      1.4470113452386144E-5
6.159999999999999E-5      1.4260552615393806E-5
6.17E-5                   1.4050991778401258E-5
6.18E-5                   1.3841430941408494E-5
6.19E-5                   1.363187010441552E-5
6.2E-5                    1.342230926742233E-5
6.209999999999999E-5      1.321274843042896E-5
6.22E-5                   1.3003187593435346E-5
6.23E-5                   1.2793626756441515E-5
6.24E-5                   1.2584065919447477E-5
6.25E-5                   1.2374505082453226E-5
6.26E-5                   1.2164944245458757E-5
6.269999999999999E-5      1.1955383408464104E-5
6.28E-5                   1.1745822571469215E-5
6.29E-5                   1.153626173447411E-5
6.3E-5                    1.1326700897478792E-5
6.31E-5                   1.111714006048326E-5
6.319999999999999E-5      1.0907579223487545E-5
6.33E-5                   1.0698018386491589E-5
6.34E-5                   1.0488457549495417E-5
6.35E-5                   1.0278896712499036E-5
6.36E-5                   1.0069335875502442E-5
6.37E-5                   9.85977503850563E-6
6.379999999999999E-5      9.650214201508638E-6
6.39E-5                   9.4406533645114E-6
6.4E-5                    9.231092527513956E-6
6.41E-5                   9.021531690516293E-6
6.42E-5                   8.81197085351842E-6
6.429999999999999E-5      8.602410016520363E-6
6.44E-5                   8.392849179522065E-6
6.45E-5                   8.18328834252355E-6
6.46E-5                   7.973727505524826E-6
6.47E-5                   7.764166668525885E-6
6.48E-5                   7.554605831526735E-6
6.489999999999999E-5      7.345044994527399E-6
6.5E-5                    7.135484157527822E-6
6.51E-5                   6.925923320528032E-6
6.52E-5                   6.7163624835280295E-6
6.53E-5                   6.506801646527812E-6
6.539999999999999E-5      6.297240809527413E-6
6.549999999999999E-5      6.0876799725267714E-6
6.56E-5                   5.878119135525917E-6
6.57E-5                   5.668558298524848E-6
6.58E-5                   5.458997461523567E-6
6.59E-5                   5.249436624522073E-6
6.599999999999999E-5      5.039875787520395E-6
6.61E-5                   4.830314950518476E-6
6.62E-5                   4.620754113516344E-6
6.63E-5                   4.411193276513997E-6
6.64E-5                   4.201632439511439E-6
6.65E-5                   3.9920716025086666E-6
6.659999999999999E-5      3.782510765505711E-6
6.67E-5                   3.5729499285025154E-6
6.68E-5                   3.363389091499105E-6
6.69E-5                   3.153828254495481E-6
6.7E-5                    2.9442674174916456E-6
6.709999999999999E-5      2.734706580487625E-6
6.72E-5                   2.5251457434833634E-6
6.73E-5                   2.3155849064788887E-6
6.74E-5                   2.1060240694742006E-6
6.75E-5                   1.8964632324693E-6
6.76E-5                   1.6869023954641866E-6
6.769999999999999E-5      1.477341558458889E-6
6.78E-5                   1.2677807214533494E-6
6.79E-5                   1.0582198844475972E-6
6.8E-5                    8.486590474416319E-7
6.81E-5                   6.390982104354536E-7
6.819999999999999E-5      4.2953737342909103E-7
6.829999999999999E-5      2.1997653642248709E-7
6.84E-5                   1.0415699415670221E-8
6.85E-5                   -1.1242750149231193E-7
6.86E-5                   -1.0988071753774991E-7
6.87E-5                   -1.0733393358318742E-7
6.879999999999999E-5      -1.0478714962862487E-7
6.89E-5                   -1.0224036567406156E-7
6.9E-5                    -9.969358171949782E-8
6.91E-5                   -9.714679776493368E-8
6.92E-5                   -9.460001381036913E-8
6.929999999999999E-5      -9.205322985580447E-8
6.939999999999999E-5      -8.950644590123907E-8
6.95E-5                   -8.695966194667324E-8
6.96E-5                   -8.441287799210697E-8
6.97E-5                   -8.186609403754033E-8
6.98E-5                   -7.931931008297323E-8
6.989999999999999E-5      -7.677252612840608E-8
7.0E-5                    -7.422574217383816E-8
7.01E-5                   -7.16789582192698E-8
7.02E-5                   -6.913217426470107E-8
7.03E-5                   -6.65853903101319E-8
7.04E-5                   -6.403860635556228E-8
7.049999999999999E-5      -6.14918224009926E-8
7.06E-5                   -5.8945038446422165E-8
7.07E-5                   -5.639825449185133E-8
7.08E-5                   -5.385147053728003E-8
7.09E-5                   -5.130468658270834E-8
7.099999999999999E-5      -4.8757902628136566E-8
7.11E-5                   -4.621111867356403E-8
7.12E-5                   -4.366433471899107E-8
7.13E-5                   -4.111755076441773E-8
7.14E-5                   -3.857076680984393E-8
7.15E-5                   -3.602398285526972E-8
7.159999999999999E-5      -3.3477198900695435E-8
7.17E-5                   -3.093041494612038E-8
7.18E-5                   -2.838363099154493E-8
7.19E-5                   -2.583684703696904E-8
7.2E-5                    -2.3290063082392727E-8
7.209999999999999E-5      -2.074327912781635E-8
7.219999999999999E-5      -1.8196495173239197E-8
7.23E-5                   -1.5649711218661663E-8
7.24E-5                   -1.3102927264083679E-8
7.25E-5                   -1.0556143309505274E-8
7.26E-5                   -8.009359354926443E-9
7.269999999999999E-5      -5.462575400347552E-9
7.28E-5                   -2.9157914457679107E-9
7.29E-5                   -3.6900749118783135E-10
7.3E-5                    2.1777764633926774E-9
7.31E-5                   4.724560417973586E-9
7.319999999999999E-5      7.271344372554583E-9
7.329999999999999E-5      9.818128327136329E-9
7.34E-5                   1.2364912281718493E-8
7.35E-5                   1.491169623630109E-8
7.36E-5                   1.74584801908841E-8
7.37E-5                   2.0005264145467524E-8
7.379999999999999E-5      2.255204810005103E-8
7.39E-5                   2.5098832054635287E-8
7.4E-5                    2.7645616009219978E-8
7.41E-5                   3.019239996380508E-8
7.42E-5                   3.27391839183906E-8
7.429999999999999E-5      3.528596787297621E-8
7.439999999999999E-5      3.783275182756258E-8
7.45E-5                   4.037953578214935E-8
7.46E-5                   4.292631973673656E-8
7.47E-5                   4.547310369132416E-8
7.48E-5                   4.801988764591222E-8
7.489999999999999E-5      5.056667160050033E-8
7.5E-5                    5.311345555508921E-8
7.51E-5                   5.5660239509678495E-8
7.52E-5                   5.8207023464268245E-8
7.53E-5                   6.075380741885838E-8
7.54E-5                   6.33005913734489E-8
7.549999999999999E-5      6.584737532803953E-8
7.56E-5                   6.839415928263093E-8
7.57E-5                   7.094094323722274E-8
7.58E-5                   7.348772719181498E-8
7.59E-5                   7.603451114640761E-8
7.599999999999999E-5      7.858129510100033E-8
7.609999999999999E-5      8.112807905559385E-8
7.62E-5                   8.367486301018775E-8
7.63E-5                   8.622164696478207E-8
7.64E-5                   8.876843091937679E-8
7.65E-5                   9.131521487397197E-8
7.659999999999999E-5      9.386199882856721E-8
7.67E-5                   9.640878278316321E-8
7.68E-5                   9.895556673775964E-8
7.69E-5                   1.0150235069235646E-7
7.7E-5                    1.0404913464695372E-7
7.709999999999999E-5      1.0659591860155105E-7
7.719999999999999E-5      1.0914270255614917E-7
7.73E-5                   1.1168948651074769E-7
7.74E-5                   1.1423627046534658E-7
7.75E-5                   1.1299161409703783E-7
7.76E-5                   1.106735962056104E-7
7.769999999999999E-5      1.0835557831418335E-7
7.78E-5                   1.0603756042275596E-7
7.79E-5                   1.0371954253132864E-7
7.8E-5                    1.0140152463990135E-7
7.81E-5                   9.908350674847403E-8
7.819999999999999E-5      9.676548885704709E-8
7.829999999999999E-5      9.444747096561987E-8
7.84E-5                   9.212945307419264E-8
7.85E-5                   8.981143518276546E-8
7.86E-5                   8.749341729133831E-8
7.87E-5                   8.517539939991117E-8
7.879999999999999E-5      8.285738150848439E-8
7.89E-5                   8.053936361705729E-8
7.9E-5                    7.822134572563026E-8
7.91E-5                   7.590332783420321E-8
7.92E-5                   7.358530994277622E-8
7.93E-5                   7.12672920513492E-8
7.939999999999999E-5      6.894927415992258E-8
7.95E-5                   6.663125626849567E-8
7.96E-5                   6.431323837706876E-8
7.97E-5                   6.199522048564189E-8
7.98E-5                   5.967720259421503E-8
7.989999999999999E-5      5.7359184702788534E-8
7.999999999999999E-5      5.504116681136172E-8
8.01E-5                   5.272314891993496E-8
8.02E-5                   5.0405131028508216E-8
8.03E-5                   4.808711313708148E-8
8.04E-5                   4.576909524565478E-8
8.049999999999999E-5      4.345107735422843E-8
8.06E-5                   4.1133059462801806E-8
8.07E-5                   3.881504157137517E-8
8.08E-5                   3.649702367994858E-8
8.09E-5                   3.4179005788522005E-8
8.099999999999999E-5      3.186098789709578E-8
8.109999999999999E-5      2.954297000566928E-8
8.12E-5                   2.7224952114242783E-8
8.13E-5                   2.4906934222816316E-8
8.14E-5                   2.2588916331389872E-8
8.15E-5                   2.0270898439963472E-8
8.159999999999999E-5      1.795288054853738E-8
8.17E-5                   1.563486265711103E-8
8.18E-5                   1.3316844765684696E-8
8.19E-5                   1.0998826874258377E-8
8.2E-5                    8.680808982832097E-9
8.209999999999999E-5      6.362791091406167E-9
8.219999999999999E-5      4.044773199979906E-9
8.23E-5                   1.7267553085537222E-9
8.24E-5                   -5.912625828724767E-10
8.25E-5                   -2.9092804742986198E-9
8.26E-5                   -5.2272983657247574E-9
8.269999999999999E-5      -7.54531625715055E-9
8.28E-5                   -9.863334148576623E-9
8.29E-5                   -1.2181352040002679E-8
8.3E-5                    -1.449936993142871E-8
8.31E-5                   -1.6817387822854698E-8
8.319999999999999E-5      -1.9135405714280378E-8
8.329999999999999E-5      -2.145342360570631E-8
8.34E-5                   -2.3771441497132246E-8
8.35E-5                   -2.6089459388558137E-8
8.36E-5                   -2.8407477279984012E-8
8.37E-5                   -3.072549517140985E-8
8.379999999999999E-5      -3.304351306283537E-8
8.389999999999999E-5      -3.536153095426116E-8
8.4E-5                    -3.7679548845686925E-8
8.41E-5                   -3.999756673711267E-8
8.42E-5                   -4.231558462853839E-8
8.43E-5                   -4.4633602519964085E-8
8.439999999999999E-5      -4.695162041138943E-8
8.45E-5                   -4.926963830281508E-8
8.46E-5                   -5.158765619424069E-8
8.47E-5                   -5.390567408566629E-8
8.48E-5                   -5.622369197709185E-8
8.489999999999999E-5      -5.854170986851708E-8
8.499999999999999E-5      -6.08597277599426E-8
8.51E-5                   -6.317774565136808E-8
8.52E-5                   -6.549576354279354E-8
8.53E-5                   -6.781378143421896E-8
8.54E-5                   -7.013179932564439E-8
8.549999999999999E-5      -7.244981721706947E-8
8.56E-5                   -7.476783510849482E-8
8.57E-5                   -7.708585299992017E-8
8.58E-5                   -7.940387089134547E-8
8.59E-5                   -8.172188878277074E-8
8.599999999999999E-5      -8.403990667419568E-8
8.609999999999999E-5      -8.635792456562093E-8
8.62E-5                   -8.867594245704611E-8
8.63E-5                   -9.09939603484713E-8
8.64E-5                   -9.271825003912999E-8
8.65E-5                   -9.107505691449148E-8
8.659999999999999E-5      -8.943186378985322E-8
8.669999999999999E-5      -8.778867066521477E-8
8.68E-5                   -8.614547754057634E-8
8.69E-5                   -8.450228441593796E-8
8.7E-5                    -8.285909129129958E-8
8.709999999999999E-5      -8.121589816666144E-8
8.719999999999999E-5      -7.957270504202313E-8
8.73E-5                   -7.792951191738481E-8
8.74E-5                   -7.628631879274654E-8
8.75E-5                   -7.464312566810827E-8
8.76E-5                   -7.299993254347006E-8
8.769999999999999E-5      -7.135673941883206E-8
8.779999999999999E-5      -6.97135462941939E-8
8.79E-5                   -6.807035316955573E-8
8.8E-5                    -6.64271600449176E-8
8.81E-5                   -6.47839669202795E-8
8.82E-5                   -6.314077379564141E-8
8.829999999999999E-5      -6.149758067100358E-8
8.84E-5                   -5.985438754636556E-8
8.85E-5                   -5.821119442172753E-8
8.86E-5                   -5.6568001297089545E-8
8.87E-5                   -5.492480817245158E-8
8.879999999999999E-5      -5.328161504781388E-8
8.889999999999999E-5      -5.163842192317597E-8
8.9E-5                    -4.9995228798538086E-8
8.91E-5                   -4.8352035673900217E-8
8.92E-5                   -4.670884254926238E-8
8.93E-5                   -4.506564942462457E-8
8.939999999999999E-5      -4.3422456299987005E-8
8.95E-5                   -4.177926317534924E-8
8.96E-5                   -4.013607005071151E-8
8.97E-5                   -3.849287692607376E-8
8.98E-5                   -3.684968380143609E-8
8.989999999999999E-5      -3.520649067679864E-8
8.999999999999999E-5      -3.3563297552161005E-8
9.01E-5                   -3.192010442752338E-8
9.02E-5                   -3.0276911302885795E-8
9.03E-5                   -2.8633718178248233E-8
9.04E-5                   -2.6990525053610678E-8
9.049999999999999E-5      -2.5347331928973387E-8
9.059999999999999E-5      -2.370413880433589E-8
9.07E-5                   -2.2060945679698423E-8
9.08E-5                   -2.0417752555060976E-8
9.09E-5                   -1.8774559430423544E-8
9.099999999999999E-5      -1.7131366305786382E-8
9.109999999999999E-5      -1.5488173181148992E-8
9.12E-5                   -1.3844980056511647E-8
9.13E-5                   -1.2201786931874328E-8
9.14E-5                   -1.0558593807237025E-8
9.15E-5                   -8.915400682599756E-9
9.159999999999999E-5      -7.272207557962726E-9
9.169999999999999E-5      -5.629014433325501E-9
9.18E-5                   -3.985821308688301E-9
9.19E-5                   -2.3426281840511195E-9
9.2E-5                    -6.994350594139732E-10
9.21E-5                   9.437580652231541E-10
9.219999999999999E-5      2.5869511898600367E-9
9.23E-5                   4.2301443144971155E-9
9.24E-5                   5.873337439134169E-9
9.25E-5                   7.516530563771208E-9
9.26E-5                   9.15972368840821E-9
9.269999999999999E-5      1.0802916813044972E-8
9.279999999999999E-5      1.244610993768193E-8
9.29E-5                   1.4089303062318858E-8
9.3E-5                    1.5732496186955766E-8
9.31E-5                   1.7375689311592666E-8
9.32E-5                   1.9018882436229517E-8
9.329999999999999E-5      2.066207556086613E-8
9.34E-5                   2.230526868550293E-8
9.35E-5                   2.3948461810139714E-8
9.36E-5                   2.5591654934776476E-8
9.37E-5                   2.723484805941322E-8
9.379999999999999E-5      2.8878041184049703E-8
9.389999999999999E-5      3.05212343086864E-8
9.4E-5                    3.216442743332307E-8
9.41E-5                   3.380762055795969E-8
9.42E-5                   3.5450813682596305E-8
9.43E-5                   3.70940068072329E-8
9.439999999999999E-5      3.8737199931869245E-8
9.449999999999999E-5      4.038039305650579E-8
9.46E-5                   4.20235861811423E-8
9.47E-5                   4.366677930577879E-8
9.48E-5                   4.530997243041527E-8
9.489999999999999E-5      4.695316555505148E-8
9.499999999999999E-5      4.859635867968791E-8
9.51E-5                   5.02395518043243E-8
9.52E-5                   5.1882744928960674E-8
9.53E-5                   5.352593805359701E-8
9.54E-5                   5.516913117823333E-8
9.549999999999999E-5      5.681232430286941E-8
9.559999999999999E-5      5.845551742750568E-8
9.57E-5                   6.009871055214192E-8
9.58E-5                   6.174190367677815E-8
9.59E-5                   6.338509680141435E-8
9.6E-5                    6.502828992605051E-8
9.609999999999999E-5      6.667148305068646E-8
9.62E-5                   6.831467617532257E-8
9.63E-5                   6.995786929995868E-8
9.64E-5                   7.116741555462271E-8
9.65E-5                   6.99174216010685E-8
9.659999999999999E-5      6.86674276475144E-8
9.669999999999999E-5      6.74174336939601E-8
9.68E-5                   6.616743974040578E-8
9.69E-5                   6.491744578685143E-8
9.7E-5                    6.366745183329706E-8
9.71E-5                   6.241745787974265E-8
9.719999999999999E-5      6.11674639261884E-8
9.73E-5                   5.99174699726339E-8
9.74E-5                   5.866747601907941E-8
9.75E-5                   5.741748206552489E-8
9.76E-5                   5.616748811197033E-8
9.769999999999999E-5      5.4917494158415913E-8
9.779999999999999E-5      5.366750020486132E-8
9.79E-5                   5.2417506251306676E-8
9.8E-5                    5.116751229775199E-8
9.81E-5                   4.99175183441973E-8
9.82E-5                   4.866752439064258E-8
9.829999999999999E-5      4.7417530437087983E-8
9.839999999999999E-5      4.616753648353319E-8
9.85E-5                   4.491754252997836E-8
9.86E-5                   4.3667548576423516E-8
9.87E-5                   4.2417554622868636E-8
9.879999999999999E-5      4.116756066931391E-8
9.889999999999999E-5      3.9917566715758975E-8
9.9E-5                    3.866757276220401E-8
9.91E-5                   3.7417578808649016E-8
9.92E-5                   3.616758485509399E-8
9.93E-5                   3.491759090153894E-8
9.939999999999999E-5      3.3667596947984026E-8
9.949999999999999E-5      3.241760299442892E-8
9.96E-5                   3.116760904087378E-8
9.97E-5                   2.9917615087318605E-8
9.98E-5                   2.8667621133763394E-8
9.989999999999999E-5      2.741762718020834E-8
9.999999999999999E-5      2.6167633226653085E-8
