% Model:              20230225_JW_4_30.mph
% Version:            COMSOL 5.6.0.401
% Date:               Feb 25 2023, 20:57
% Dimension:          1
% Nodes:              1001
% Expressions:        1
% Description:        点图
% X                       Height
0                         3.441382575450528
1.0E-7                    3.4551006984715995
2.0E-7                    3.5295639544074593
3.0E-7                    3.6134504019837927
4.0E-7                    3.667516047848211
5.0E-7                    3.678513706272882
6.0E-7                    3.664838760600392
7.0E-7                    3.628469015303996
8.0E-7                    3.579650566985217
9.0E-7                    3.5210606832691402
1.0E-6                    3.4565556820639918
1.1E-6                    3.3888862407769507
1.2E-6                    3.3199604312568973
1.2999999999999998E-6     3.250965386423926
1.4E-6                    3.182177457234066
1.5E-6                    3.1147601458605276
1.6E-6                    3.0482440684166083
1.6999999999999998E-6     2.9832776723995376
1.8E-6                    2.9191936856515666
1.9E-6                    2.856735479864039
2.0E-6                    2.7953050962731747
2.1E-6                    2.735673098411001
2.2E-6                    2.676927289165101
2.3E-6                    2.6196548598864218
2.4E-6                    2.5632998908463076
2.4999999999999998E-6     2.508497541176128
2.5999999999999997E-6     2.4554893856815614
2.7E-6                    2.4026787742560267
2.8E-6                    2.3507885335605403
2.8999999999999998E-6     2.300543691244972
3.0E-6                    2.2512321320217428
3.1E-6                    2.2029366102314305
3.2E-6                    2.1557289711610554
3.2999999999999997E-6     2.1094737526383103
3.3999999999999996E-6     2.064561219121269
3.5E-6                    2.020334262540334
3.6E-6                    1.976966152672519
3.6999999999999997E-6     1.9342429168656536
3.8E-6                    1.8924270543599284
3.9E-6                    1.8520254026784002
4.0E-6                    1.8123705162023005
4.1E-6                    1.7734153954913072
4.2E-6                    1.7352078478724575
4.2999999999999995E-6     1.6978548552997117
4.4E-6                    1.6614183173666022
4.5E-6                    1.6260007833911
4.6E-6                    1.5909291393904375
4.7E-6                    1.5564617410061483
4.8E-6                    1.5231144923965947
4.9E-6                    1.4904973337401388
4.9999999999999996E-6     1.4583793670583258
5.0999999999999995E-6     1.4271441693281033
5.199999999999999E-6      1.3966102250455459
5.3E-6                    1.3666989159568366
5.4E-6                    1.3373611880253884
5.5E-6                    1.3086213814256198
5.6E-6                    1.2806387955272538
5.7E-6                    1.2532221137250754
5.7999999999999995E-6     1.226465367945396
5.899999999999999E-6      1.200384585965596
6.0E-6                    1.174303869531228
6.1E-6                    1.1493924167613647
6.2E-6                    1.124765455654595
6.3E-6                    1.1004743815635862
6.4E-6                    1.0771853492735788
6.5E-6                    1.053896360539867
6.5999999999999995E-6     1.0314313834246098
6.699999999999999E-6      1.0093234135776579
6.799999999999999E-6      0.9873922172149686
6.9E-6                    0.9665080484604542
7.0E-6                    0.9456239138918717
7.1E-6                    0.9254389009358848
7.2E-6                    0.9057374748969472
7.2999999999999996E-6     0.8860729425627919
7.3999999999999995E-6     0.8673464270052758
7.499999999999999E-6      0.8486199372053199
7.6E-6                    0.8304272521222767
7.699999999999999E-6      0.8128024803667296
7.8E-6                    0.7951777268211428
7.899999999999999E-6      0.7783711057080364
8.0E-6                    0.7616249342758723
8.1E-6                    0.7452231762710022
8.2E-6                    0.7293883455136572
8.3E-6                    0.7135535280196097
8.4E-6                    0.6984985000089273
8.5E-6                    0.683609337888986
8.599999999999999E-6      0.6687924051235917
8.7E-6                    0.6541694467023346
8.8E-6                    0.639546501067116
8.9E-6                    0.6255431572338608
9.0E-6                    0.6124461109043758
9.1E-6                    0.6002451401852185
9.2E-6                    0.5873099849515317
9.299999999999999E-6      0.574387486966295
9.4E-6                    0.5622427675839263
9.499999999999999E-6      0.5502686691713744
9.6E-6                    0.5383926960231072
9.7E-6                    0.5268449701131002
9.8E-6                    0.5155555393077695
9.9E-6                    0.5045670328644112
9.999999999999999E-6      0.4936844118027111
1.01E-5                   0.4831451655067488
1.0199999999999999E-5     0.4727707507287144
1.03E-5                   0.46264826399778447
1.0399999999999999E-5     0.4527296820203975
1.05E-5                   0.4430245455502857
1.06E-5                   0.4335645844880807
1.07E-5                   0.4242802159558983
1.08E-5                   0.41517085994309305
1.0899999999999999E-5     0.4062662770758235
1.1E-5                    0.3975880640894543
1.1099999999999999E-5     0.3890663272422848
1.12E-5                   0.3806995884978349
1.13E-5                   0.37255828608640806
1.14E-5                   0.36459060439454144
1.15E-5                   0.3567689464147971
1.1599999999999999E-5     0.3490974145810634
1.17E-5                   0.3417507462363616
1.1799999999999999E-5     0.3344040793414691
1.19E-5                   0.32718412076353354
1.2E-5                    0.3202525137031672
1.21E-5                   0.3133209078930031
1.22E-5                   0.3066226152921063
1.2299999999999999E-5     0.3000951835612183
1.24E-5                   0.293567752754678
1.2499999999999999E-5     0.2873562405399785
1.26E-5                   0.28120081074781655
1.2699999999999999E-5     0.2750879562815006
1.28E-5                   0.2692837258354125
1.29E-5                   0.263479496078769
1.3E-5                    0.2578078643215928
1.31E-5                   0.2523408533806
1.3199999999999999E-5     0.2468738430108064
1.33E-5                   0.24161439747023164
1.3399999999999999E-5     0.23645942405844028
1.35E-5                   0.23130445116046852
1.3599999999999999E-5     0.22642570067663617
1.37E-5                   0.2215654669048626
1.38E-5                   0.21676410212883565
1.3899999999999999E-5     0.21218532055385508
1.4E-5                    0.2076065393108543
1.4099999999999999E-5     0.203153132020444
1.42E-5                   0.1988349252646356
1.4299999999999999E-5     0.19451671881665586
1.44E-5                   0.1903855475536836
1.45E-5                   0.18631568576970084
1.4599999999999999E-5     0.18225172473032256
1.47E-5                   0.17841683665684166
1.4799999999999999E-5     0.17458194879722583
1.49E-5                   0.1708112924219852
1.4999999999999999E-5     0.1671926026817298
1.51E-5                   0.1635739131016396
1.52E-5                   0.16007702501176985
1.53E-5                   0.15667236827027853
1.5399999999999998E-5     0.1532677116794724
1.55E-5                   0.1500194639914482
1.56E-5                   0.14680077341822975
1.57E-5                   0.1436043387735155
1.5799999999999998E-5     0.14058252278794225
1.59E-5                   0.13756070689702796
1.6E-5                    0.13460009097718714
1.61E-5                   0.13173722388437448
1.62E-5                   0.12887435688461063
1.63E-5                   0.12612925964402996
1.64E-5                   0.12344564296429748
1.6499999999999998E-5     0.1207620263481195
1.66E-5                   0.11820929311711667
1.67E-5                   0.11566656340931018
1.68E-5                   0.113154639156566
1.69E-5                   0.11076518543560021
1.7E-5                    0.10837573176771406
1.71E-5                   0.10604881505059052
1.7199999999999998E-5     0.10379158496338535
1.73E-5                   0.10153549195714592
1.74E-5                   0.09934232466188155
1.75E-5                   0.09714915744156576
1.76E-5                   0.09511411522168704
1.77E-5                   0.09311663379085189
1.78E-5                   0.09115116462349418
1.7899999999999998E-5     0.08918959523178635
1.8E-5                    0.08721920884704347
1.81E-5                   0.08533184951865379
1.82E-5                   0.08350928636727356
1.8299999999999998E-5     0.08170255039272087
1.84E-5                   0.07990343157786824
1.85E-5                   0.07814467034100894
1.8599999999999998E-5     0.07644993295432577
1.87E-5                   0.07482001959852183
1.88E-5                   0.07321745863485506
1.89E-5                   0.07164239255047017
1.8999999999999998E-5     0.0701078516178828
1.91E-5                   0.0686098612329597
1.92E-5                   0.06713916003875835
1.9299999999999998E-5     0.06569636836941141
1.94E-5                   0.06429353844548755
1.95E-5                   0.06291532599926758
1.96E-5                   0.06156240418730429
1.9699999999999998E-5     0.06024688930625633
1.98E-5                   0.05897334306608297
1.99E-5                   0.05771239565833789
1.9999999999999998E-5     0.0564514482593408
2.01E-5                   0.05526311015833614
2.02E-5                   0.0540771573731063
2.03E-5                   0.05290303251335706
2.0399999999999998E-5     0.05178779025653359
2.05E-5                   0.05067254800550131
2.06E-5                   0.049580645542250806
2.07E-5                   0.048529112046340375
2.0799999999999997E-5     0.04747757855359487
2.09E-5                   0.046462331990419055
2.1E-5                    0.04547497429216548
2.1099999999999998E-5     0.04448761659848008
2.12E-5                   0.04354322566822866
2.13E-5                   0.04261206974806252
2.14E-5                   0.04168091382980925
2.1499999999999997E-5     0.04082769894190194
2.16E-5                   0.03997742929465805
2.17E-5                   0.03912715965014813
2.1799999999999998E-5     0.0382768900084975
2.19E-5                   0.037426620369831506
2.2E-5                    0.03661140360718822
2.21E-5                   0.035858033198404
2.2199999999999998E-5     0.0351046627906818
2.23E-5                   0.034351292384108355
2.24E-5                   0.03359792197877047
2.2499999999999998E-5     0.03284455157475487
2.26E-5                   0.03215679396296021
2.27E-5                   0.03148976715720514
2.28E-5                   0.030822740352435044
2.2899999999999998E-5     0.03015571354871038
2.3E-5                    0.029488686746091588
2.31E-5                   0.028833722503077912
2.3199999999999998E-5     0.028243011485710488
2.33E-5                   0.027652300469051525
2.34E-5                   0.027061589453142913
2.35E-5                   0.026470878438026518
2.3599999999999998E-5     0.025880167423744212
2.37E-5                   0.025342697398874684
2.38E-5                   0.024847705880969087
2.3899999999999998E-5     0.02435271436350253
2.4E-5                    0.023857722846499667
2.41E-5                   0.0233627313299852
2.42E-5                   0.02286773981398379
2.4299999999999998E-5     0.022372748298520106
2.44E-5                   0.021877756783618807
2.45E-5                   0.02138276526930459
2.4599999999999998E-5     0.020887773755602117
2.4699999999999997E-5     0.02039278224253606
2.48E-5                   0.01993558278898928
2.49E-5                   0.019547792348612446
2.4999999999999998E-5     0.019160001908282976
2.51E-5                   0.01877221146801273
2.52E-5                   0.018384421027813586
2.53E-5                   0.01799663058769739
2.5399999999999997E-5     0.01760884014767599
2.55E-5                   0.017221049707761234
2.56E-5                   0.016833259267965025
2.5699999999999998E-5     0.01644546882829918
2.58E-5                   0.016057678388775556
2.59E-5                   0.015682380906573687
2.6E-5                    0.015378520415423171
2.6099999999999997E-5     0.015074659924335031
2.62E-5                   0.01477079943331497
2.63E-5                   0.014466938942368704
2.6399999999999998E-5     0.014163078451501936
2.65E-5                   0.013859217960720356
2.66E-5                   0.013555357470029695
2.67E-5                   0.013251496979435643
2.6799999999999998E-5     0.01294763648894391
2.69E-5                   0.012643775998560192
2.7E-5                    0.012339915508290205
2.7099999999999998E-5     0.012098163627268007
2.7199999999999997E-5     0.011860015039396961
2.73E-5                   0.011621866451588478
2.74E-5                   0.011383717863845313
2.7499999999999998E-5     0.011145569276170204
2.76E-5                   0.010907420688565895
2.77E-5                   0.010669272101035148
2.7799999999999998E-5     0.010431123513580696
2.7899999999999997E-5     0.010192974926205292
2.8E-5                    0.009954826338911671
2.81E-5                   0.009716677751702598
2.8199999999999998E-5     0.009516841691102996
2.83E-5                   0.00933036339438176
2.84E-5                   0.009143885097651029
2.8499999999999998E-5     0.008957406800912117
2.8599999999999997E-5     0.008770928504166341
2.87E-5                   0.008584450207415013
2.88E-5                   0.008397971910659467
2.8899999999999998E-5     0.00821149361390101
2.9E-5                    0.00802501531714096
2.91E-5                   0.007838537020380641
2.9199999999999998E-5     0.007652058723621372
2.9299999999999997E-5     0.007487217313347632
2.94E-5                   0.007340971515049308
2.95E-5                   0.007194725716786736
2.9599999999999998E-5     0.007048479918560546
2.97E-5                   0.006902234120371371
2.98E-5                   0.006755988322219855
2.99E-5                   0.006609742524106632
2.9999999999999997E-5     0.006463496726032338
3.01E-5                   0.0063172509279976015
3.02E-5                   0.006171005130003069
3.0299999999999998E-5     0.006024759332049375
3.04E-5                   0.00588912435682976
3.05E-5                   0.0057746368663981655
3.06E-5                   0.005660149375955899
3.07E-5                   0.005545661885503264
3.0799999999999996E-5     0.0054311743950405745
3.09E-5                   0.005316686904568121
3.1E-5                    0.0052021994140862195
3.11E-5                   0.005087711923595179
3.12E-5                   0.00497322443309529
3.13E-5                   0.004858736942586865
3.14E-5                   0.004744249452070217
3.15E-5                   0.004632988000338715
3.1599999999999996E-5     0.004543234912768779
3.17E-5                   0.004453481825212906
3.18E-5                   0.004363728737671246
3.1899999999999996E-5     0.0042739756501439545
3.2E-5                    0.004184222562631166
3.21E-5                   0.00409446947513303
3.22E-5                   0.004004716387649707
3.23E-5                   0.0039149633001813264
3.24E-5                   0.0038252102127280425
3.25E-5                   0.0037354571252900125
3.26E-5                   0.0036457040378673647
3.2699999999999995E-5     0.0035739523541304863
3.28E-5                   0.0035036236487343943
3.29E-5                   0.003433294943334997
3.2999999999999996E-5     0.003362966237932368
3.31E-5                   0.0032926375325265703
3.32E-5                   0.0032223088271176796
3.3299999999999996E-5     0.0031519801217057704
3.34E-5                   0.003081651416290903
3.35E-5                   0.003011322710873154
3.36E-5                   0.002940994005452599
3.37E-5                   0.002870665300029299
3.38E-5                   0.002811374901010812
3.39E-5                   0.0027563123349022916
3.4E-5                    0.0027012497687974903
3.4099999999999995E-5     0.0026461872026964494
3.42E-5                   0.0025911246365991963
3.43E-5                   0.0025360620705057683
3.4399999999999996E-5     0.002480999504416203
3.45E-5                   0.0024259369383305258
3.46E-5                   0.0023708743722487768
3.4699999999999996E-5     0.0023158118061709916
3.48E-5                   0.002260749240097198
3.49E-5                   0.0022118464450293857
3.5E-5                    0.0021686438786314133
3.51E-5                   0.0021254413122334787
3.52E-5                   0.0020822387458356035
3.53E-5                   0.002039036179437806
3.54E-5                   0.0019958336130400977
3.5499999999999996E-5     0.0019526310466424996
3.56E-5                   0.001909428480245024
3.57E-5                   0.0018662259138476883
3.5799999999999996E-5     0.0018230233474505122
3.59E-5                   0.0017798207810535071
3.6E-5                    0.0017395892343255231
3.6099999999999997E-5     0.001705797888251112
3.62E-5                   0.0016720065421770949
3.63E-5                   0.0016382151961034832
3.64E-5                   0.0016044238500302864
3.65E-5                   0.0015706325039575083
3.6599999999999995E-5     0.0015368411578851606
3.67E-5                   0.0015030498118132475
3.68E-5                   0.0014692584657417782
3.6899999999999996E-5     0.0014354671196707633
3.7E-5                    0.0014016757736002063
3.71E-5                   0.0013689877392589417
3.7199999999999996E-5     0.0013450469883290522
3.73E-5                   0.0013211062374001352
3.74E-5                   0.0012971654864721942
3.75E-5                   0.0012732247355452346
3.76E-5                   0.0012492839846192563
3.77E-5                   0.001225343233694263
3.78E-5                   0.0012014024827702587
3.79E-5                   0.0011774617318472441
3.7999999999999995E-5     0.0011535209809252242
3.81E-5                   0.0011295802300041995
3.82E-5                   0.0011056394790841736
3.8299999999999996E-5     0.0010816987281651509
3.84E-5                   0.0010577579772471316
3.85E-5                   0.00103381722633012
3.8599999999999996E-5     0.0010098764754141202
3.87E-5                   9.859357244991313E-4
3.88E-5                   9.619949735851584E-4
3.89E-5                   9.380542226722062E-4
3.9E-5                    9.141134717602735E-4
3.9099999999999995E-5     8.901727208493664E-4
3.92E-5                   8.662319699394849E-4
3.93E-5                   8.42291219030633E-4
3.9399999999999995E-5     8.249530951986971E-4
3.95E-5                   8.103826170250988E-4
3.96E-5                   7.958121388510847E-4
3.9699999999999996E-5     7.812416606766564E-4
3.98E-5                   7.666711825018128E-4
3.99E-5                   7.521007043265555E-4
3.9999999999999996E-5     7.37530226150886E-4
4.01E-5                   7.229597479748029E-4
4.02E-5                   7.083892697983082E-4
4.03E-5                   6.938187916214028E-4
4.04E-5                   6.79248313444086E-4
4.0499999999999995E-5     6.646778352663602E-4
4.06E-5                   6.501073570882243E-4
4.07E-5                   6.355368789096791E-4
4.0799999999999996E-5     6.209664007307272E-4
4.09E-5                   6.063959225513666E-4
4.1E-5                    5.918254443715992E-4
4.1099999999999996E-5     5.772549661914266E-4
4.12E-5                   5.626844880108475E-4
4.13E-5                   5.481140098298633E-4
4.14E-5                   5.335435316484756E-4
4.15E-5                   5.189730534666835E-4
4.1599999999999995E-5     5.06096318157744E-4
4.17E-5                   4.972235657038191E-4
4.18E-5                   4.883508132500526E-4
4.1899999999999995E-5     4.794780607964453E-4
4.2E-5                    4.706053083429959E-4
4.21E-5                   4.6173255588970554E-4
4.2199999999999996E-5     4.528598034365748E-4
4.23E-5                   4.4398705098360266E-4
4.24E-5                   4.351142985307897E-4
4.2499999999999996E-5     4.2624154607813687E-4
4.26E-5                   4.1736879362564306E-4
4.27E-5                   4.084960411733088E-4
4.28E-5                   3.9962328872113515E-4
4.29E-5                   3.9075053626912084E-4
4.2999999999999995E-5     3.8187778381726725E-4
4.31E-5                   3.730050313655734E-4
4.32E-5                   3.6413227891404E-4
4.3299999999999995E-5     3.552595264626677E-4
4.34E-5                   3.463867740114555E-4
4.35E-5                   3.375140215604042E-4
4.3599999999999996E-5     3.2864126910951447E-4
4.37E-5                   3.197685166587853E-4
4.38E-5                   3.108957642082174E-4
4.3899999999999996E-5     3.0510084328225944E-4
4.4E-5                    2.9968672708741964E-4
4.41E-5                   2.9427261089253105E-4
4.42E-5                   2.8885849469759383E-4
4.43E-5                   2.834443785026075E-4
4.4399999999999995E-5     2.7803026230757255E-4
4.45E-5                   2.7261614611248864E-4
4.46E-5                   2.672020299173559E-4
4.4699999999999996E-5     2.6178791372217483E-4
4.48E-5                   2.5637379752694467E-4
4.49E-5                   2.509596813316658E-4
4.4999999999999996E-5     2.455455651363387E-4
4.51E-5                   2.401314489409627E-4
4.52E-5                   2.3471733274553808E-4
4.5299999999999997E-5     2.293032165500654E-4
4.54E-5                   2.2388910035454375E-4
4.5499999999999995E-5     2.1847498415897404E-4
4.56E-5                   2.1306086796335556E-4
4.57E-5                   2.0764675176768862E-4
4.5799999999999995E-5     2.0223263557197366E-4
4.59E-5                   1.9681851937621014E-4
4.6E-5                    1.9140440318039816E-4
4.6099999999999996E-5     1.872732607808542E-4
4.62E-5                   1.845180012163354E-4
4.63E-5                   1.8176274165182312E-4
4.6399999999999996E-5     1.7900748208731743E-4
4.65E-5                   1.7625222252281797E-4
4.66E-5                   1.7349696295832504E-4
4.67E-5                   1.7074170339383872E-4
4.68E-5                   1.6798644382935867E-4
4.6899999999999995E-5     1.6523118426488528E-4
4.7E-5                    1.624759247004182E-4
4.71E-5                   1.5972066513595762E-4
4.7199999999999995E-5     1.5696540557150367E-4
4.73E-5                   1.54210146007056E-4
4.74E-5                   1.5145488644261484E-4
4.7499999999999996E-5     1.486996268781804E-4
4.76E-5                   1.4594436731375226E-4
4.77E-5                   1.4318910774933064E-4
4.7799999999999996E-5     1.404338481849157E-4
4.79E-5                   1.3767858862050706E-4
4.8E-5                    1.3492332905610494E-4
4.81E-5                   1.3216806949170956E-4
4.82E-5                   1.2941280992732052E-4
4.8299999999999995E-5     1.2665755036293818E-4
4.84E-5                   1.2390229079856219E-4
4.85E-5                   1.2114703123419276E-4
4.8599999999999995E-5     1.1839177166983004E-4
4.87E-5                   1.1563651210547371E-4
4.88E-5                   1.128812525411239E-4
4.8899999999999996E-5     1.1012599297678083E-4
4.9E-5                    1.0737073341244415E-4
4.91E-5                   1.0461547384811403E-4
4.9199999999999997E-5     1.0186021428379068E-4
4.93E-5                   9.910495471947372E-5
4.9399999999999995E-5     9.634969515516348E-5
4.95E-5                   9.359443559085966E-5
4.96E-5                   9.083917602656241E-5
4.9699999999999995E-5     8.808391646227197E-5
4.98E-5                   8.532865689798793E-5
4.99E-5                   8.257339733371047E-5
4.9999999999999996E-5     7.981813776943982E-5
5.01E-5                   7.706287820517559E-5
5.02E-5                   7.430761864091794E-5
5.0299999999999996E-5     7.155235907666713E-5
5.04E-5                   6.879709951242274E-5
5.05E-5                   6.6041839948185E-5
5.06E-5                   6.448659613488152E-5
5.07E-5                   6.352833147978109E-5
5.0799999999999995E-5     6.257006682468017E-5
5.09E-5                   6.161180216957864E-5
5.1E-5                    6.0653537514476536E-5
5.1099999999999995E-5     5.9695272859373934E-5
5.12E-5                   5.873700820427069E-5
5.13E-5                   5.7778743549166914E-5
5.1399999999999996E-5     5.682047889406263E-5
5.15E-5                   5.586221423895774E-5
5.16E-5                   5.490394958385227E-5
5.1699999999999996E-5     5.394568492874632E-5
5.18E-5                   5.298742027363974E-5
5.1899999999999994E-5     5.2029155618532674E-5
5.2E-5                    5.107089096342499E-5
5.21E-5                   5.011262630831673E-5
5.2199999999999995E-5     4.915436165320799E-5
5.23E-5                   4.8196096998098624E-5
5.24E-5                   4.7237832342988704E-5
5.2499999999999995E-5     4.6279567687878295E-5
5.26E-5                   4.532130303276726E-5
5.27E-5                   4.436303837765567E-5
5.2799999999999996E-5     4.3404773722543594E-5
5.29E-5                   4.244650906743089E-5
5.3E-5                    4.148824441231763E-5
5.3099999999999996E-5     4.052997975720387E-5
5.32E-5                   3.957171510208949E-5
5.3299999999999995E-5     3.861345044697464E-5
5.34E-5                   3.7655185791859156E-5
5.35E-5                   3.669692113674312E-5
5.3599999999999995E-5     3.57386564816266E-5
5.37E-5                   3.4780391826509446E-5
5.38E-5                   3.382212717139175E-5
5.3899999999999996E-5     3.286386251627356E-5
5.4E-5                    3.190559786115475E-5
5.41E-5                   3.094733320603538E-5
5.4199999999999996E-5     2.9989068550915538E-5
5.43E-5                   2.903080389579506E-5
5.4399999999999994E-5     2.8072539240674094E-5
5.4499999999999997E-5     2.7114274585552526E-5
5.46E-5                   2.615600993043039E-5
5.4699999999999995E-5     2.5197745275307772E-5
5.48E-5                   2.4239480620184536E-5
5.49E-5                   2.328121596506075E-5
5.4999999999999995E-5     2.232295130993647E-5
5.51E-5                   2.1908984090793115E-5
5.52E-5                   2.1588778208140046E-5
5.5299999999999996E-5     2.126857232548682E-5
5.54E-5                   2.0948366442833393E-5
5.55E-5                   2.0628160560179792E-5
5.5599999999999996E-5     2.0307954677526035E-5
5.57E-5                   1.998774879487208E-5
5.5799999999999994E-5     1.9667542912217953E-5
5.59E-5                   1.9347337029563647E-5
5.6E-5                    1.9027131146909148E-5
5.6099999999999995E-5     1.8706925264254497E-5
5.62E-5                   1.8386719381599646E-5
5.63E-5                   1.806651349894462E-5
5.6399999999999995E-5     1.774630761628943E-5
5.65E-5                   1.7426101733634045E-5
5.66E-5                   1.7105895850978475E-5
5.6699999999999996E-5     1.6785689968322754E-5
5.68E-5                   1.6465484085666835E-5
5.69E-5                   1.614527820301074E-5
5.6999999999999996E-5     1.5825072320354483E-5
5.71E-5                   1.550486643769803E-5
5.7199999999999994E-5     1.5184660555041411E-5
5.73E-5                   1.4864454672384598E-5
5.74E-5                   1.4544248789727608E-5
5.7499999999999995E-5     1.4224042907070463E-5
5.76E-5                   1.3903837024413118E-5
5.77E-5                   1.3583631141755588E-5
5.7799999999999995E-5     1.3263425259097908E-5
5.79E-5                   1.2943219376440026E-5
5.8E-5                    1.2623013493781966E-5
5.8099999999999996E-5     1.230280761112375E-5
5.82E-5                   1.1982601728465333E-5
5.8299999999999994E-5     1.166239584580676E-5
5.8399999999999997E-5     1.1342189963147986E-5
5.85E-5                   1.1021984080489037E-5
5.8599999999999995E-5     1.070177819782993E-5
5.87E-5                   1.0381572315170622E-5
5.88E-5                   1.0061366432511135E-5
5.8899999999999995E-5     9.741160549851493E-6
5.9E-5                    9.420954667191651E-6
5.91E-5                   9.100748784531633E-6
5.9199999999999996E-5     8.780542901871456E-6
5.93E-5                   8.460337019211082E-6
5.94E-5                   8.140131136550525E-6
5.9499999999999996E-5     7.82880225247101E-6
5.96E-5                   7.740286499789157E-6
5.9699999999999994E-5     7.651770747107352E-6
5.98E-5                   7.563254994425586E-6
5.99E-5                   7.474739241743873E-6
5.9999999999999995E-5     7.386223489062209E-6
6.01E-5                   7.297707736380581E-6
6.02E-5                   7.2091919836990035E-6
6.0299999999999995E-5     7.120676231017476E-6
6.04E-5                   7.03216047833599E-6
6.05E-5                   6.94364472565455E-6
6.0599999999999996E-5     6.8551289729731615E-6
6.07E-5                   6.766613220291812E-6
6.08E-5                   6.678097467610511E-6
6.0899999999999996E-5     6.58958171492926E-6
6.1E-5                    6.501065962248051E-6
6.11E-5                   6.4125502095668916E-6
6.12E-5                   6.324034456885773E-6
6.13E-5                   6.235518704204702E-6
6.14E-5                   6.147002951523676E-6
6.149999999999999E-5      6.058487198842708E-6
6.159999999999999E-5      5.969971446161774E-6
6.17E-5                   5.881455693480886E-6
6.18E-5                   5.7929399408000435E-6
6.19E-5                   5.704424188119249E-6
6.2E-5                    5.615908435438499E-6
6.209999999999999E-5      5.527392682757806E-6
6.22E-5                   5.43887693007715E-6
6.23E-5                   5.350361177396537E-6
6.24E-5                   5.261845424715974E-6
6.25E-5                   5.1733296720354536E-6
6.26E-5                   5.084813919354981E-6
6.269999999999999E-5      4.9962981666745654E-6
6.28E-5                   4.907782413994184E-6
6.29E-5                   4.819266661313849E-6
6.3E-5                    4.73075090863356E-6
6.31E-5                   4.642235155953318E-6
6.319999999999999E-5      4.553719403273133E-6
6.33E-5                   4.465203650592982E-6
6.34E-5                   4.376687897912877E-6
6.35E-5                   4.288172145232818E-6
6.36E-5                   4.199656392552806E-6
6.37E-5                   4.11114063987284E-6
6.379999999999999E-5      4.022624887192932E-6
6.39E-5                   3.934109134513056E-6
6.4E-5                    3.8455933818332285E-6
6.41E-5                   3.7570776291534473E-6
6.42E-5                   3.668561876473711E-6
6.429999999999999E-5      3.580046123794033E-6
6.44E-5                   3.4915303711143894E-6
6.45E-5                   3.4030146184347915E-6
6.46E-5                   3.314498865755239E-6
6.47E-5                   3.2259831130757334E-6
6.48E-5                   3.1374673603962744E-6
6.489999999999999E-5      3.048951607716872E-6
6.5E-5                    2.960435855037505E-6
6.51E-5                   2.8719201023581834E-6
6.52E-5                   2.7834043496789082E-6
6.53E-5                   2.694888596999679E-6
6.539999999999999E-5      2.606372844320507E-6
6.549999999999999E-5      2.5178570916413703E-6
6.56E-5                   2.429341338962279E-6
6.57E-5                   2.340825586283234E-6
6.58E-5                   2.252309833604235E-6
6.59E-5                   2.163794080925282E-6
6.599999999999999E-5      2.075278328246388E-6
6.61E-5                   1.9867625755675265E-6
6.62E-5                   1.8982468228887124E-6
6.63E-5                   1.8097310702099437E-6
6.64E-5                   1.721215317531221E-6
6.65E-5                   1.6326995648525448E-6
6.659999999999999E-5      1.5441838121739267E-6
6.67E-5                   1.4556680594953425E-6
6.68E-5                   1.3671523068168038E-6
6.69E-5                   1.2786365541383115E-6
6.7E-5                    1.1901208014598658E-6
6.709999999999999E-5      1.101605048781478E-6
6.72E-5                   1.013089296103124E-6
6.73E-5                   9.245735434248162E-7
6.74E-5                   8.360577907465543E-7
6.75E-5                   7.475420380683388E-7
6.76E-5                   6.590262853901691E-7
6.769999999999999E-5      5.705105327120576E-7
6.78E-5                   4.819947800339802E-7
6.79E-5                   3.934790273559488E-7
6.8E-5                    3.049632746779635E-7
6.81E-5                   2.164475220000243E-7
6.819999999999999E-5      1.279317693221431E-7
6.829999999999999E-5      3.941601664429605E-8
6.84E-5                   -4.909973603350494E-8
6.85E-5                   -1.0055880502691312E-7
6.86E-5                   -9.843549775567462E-8
6.87E-5                   -9.631219048443524E-8
6.879999999999999E-5      -9.418888321319533E-8
6.89E-5                   -9.206557594195427E-8
6.9E-5                    -8.994226867071238E-8
6.91E-5                   -8.781896139946972E-8
6.92E-5                   -8.569565412822615E-8
6.929999999999999E-5      -8.357234685698205E-8
6.939999999999999E-5      -8.144903958573685E-8
6.95E-5                   -7.93257323144908E-8
6.96E-5                   -7.72024250432439E-8
6.97E-5                   -7.507911777199621E-8
6.98E-5                   -7.295581050074763E-8
6.989999999999999E-5      -7.083250322949855E-8
7.0E-5                    -6.870919595824832E-8
7.01E-5                   -6.658588868699726E-8
7.02E-5                   -6.44625814157454E-8
7.03E-5                   -6.233927414449265E-8
7.04E-5                   -6.021596687323908E-8
7.049999999999999E-5      -5.8092659601984995E-8
7.06E-5                   -5.596935233072976E-8
7.07E-5                   -5.384604505947371E-8
7.08E-5                   -5.172273778821682E-8
7.09E-5                   -4.959943051695907E-8
7.099999999999999E-5      -4.7476123245700796E-8
7.11E-5                   -4.535281597444138E-8
7.12E-5                   -4.322950870318115E-8
7.13E-5                   -4.110620143192009E-8
7.14E-5                   -3.898289416065818E-8
7.15E-5                   -3.685958688939544E-8
7.159999999999999E-5      -3.473627961813215E-8
7.17E-5                   -3.261297234686774E-8
7.18E-5                   -3.048966507560251E-8
7.19E-5                   -2.8366357804336427E-8
7.2E-5                    -2.62430505330695E-8
7.209999999999999E-5      -2.411974326180205E-8
7.219999999999999E-5      -2.1996435990533464E-8
7.23E-5                   -1.9873128719264055E-8
7.24E-5                   -1.77498214479938E-8
7.25E-5                   -1.5626514176722713E-8
7.26E-5                   -1.3503206905450786E-8
7.269999999999999E-5      -1.1379899634178317E-8
7.28E-5                   -9.256592362904747E-9
7.29E-5                   -7.1332850916303185E-9
7.3E-5                    -5.0099778203550465E-9
7.31E-5                   -2.8866705490789614E-9
7.319999999999999E-5      -7.633632778023088E-10
7.329999999999999E-5      1.3599439934754518E-9
7.34E-5                   3.4832512647540417E-9
7.35E-5                   5.606558536033482E-9
7.36E-5                   7.72986580731374E-9
7.37E-5                   9.853173078594847E-9
7.379999999999999E-5      1.19764803498765E-8
7.39E-5                   1.4099787621159269E-8
7.4E-5                    1.6223094892442873E-8
7.41E-5                   1.834640216372732E-8
7.42E-5                   2.0469709435012584E-8
7.429999999999999E-5      2.2593016706298404E-8
7.439999999999999E-5      2.4716323977585356E-8
7.45E-5                   2.6839631248873125E-8
7.46E-5                   2.896293852016175E-8
7.47E-5                   3.1086245791451194E-8
7.48E-5                   3.320955306274148E-8
7.489999999999999E-5      3.5332860334032304E-8
7.5E-5                    3.7456167605324266E-8
7.51E-5                   3.957947487661705E-8
7.52E-5                   4.170278214791068E-8
7.53E-5                   4.382608941920514E-8
7.54E-5                   4.594939669050041E-8
7.549999999999999E-5      4.8072703961796254E-8
7.56E-5                   5.019601123309322E-8
7.57E-5                   5.231931850439101E-8
7.58E-5                   5.444262577568965E-8
7.59E-5                   5.65659330469891E-8
7.599999999999999E-5      5.86892403182891E-8
7.609999999999999E-5      6.081254758959023E-8
7.62E-5                   6.293585486089222E-8
7.63E-5                   6.505916213219503E-8
7.64E-5                   6.718246940349867E-8
7.65E-5                   6.930577667480311E-8
7.659999999999999E-5      7.142908394610815E-8
7.67E-5                   7.35523912174143E-8
7.68E-5                   7.567569848872125E-8
7.69E-5                   7.779900576002907E-8
7.7E-5                    7.992231303133772E-8
7.709999999999999E-5      8.204562030264693E-8
7.719999999999999E-5      8.416892757395725E-8
7.73E-5                   8.629223484526838E-8
7.74E-5                   8.841554211658034E-8
7.75E-5                   8.751310389869947E-8
7.76E-5                   8.575407332797973E-8
7.769999999999999E-5      8.399504275726094E-8
7.78E-5                   8.223601218654257E-8
7.79E-5                   8.047698161582489E-8
7.8E-5                    7.871795104510792E-8
7.81E-5                   7.695892047439157E-8
7.819999999999999E-5      7.519988990367618E-8
7.829999999999999E-5      7.344085933296122E-8
7.84E-5                   7.168182876224695E-8
7.85E-5                   6.992279819153336E-8
7.86E-5                   6.816376762082044E-8
7.87E-5                   6.64047370501082E-8
7.879999999999999E-5      6.46457064793969E-8
7.89E-5                   6.288667590868603E-8
7.9E-5                    6.112764533797586E-8
7.91E-5                   5.9368614767266336E-8
7.92E-5                   5.76095841965575E-8
7.93E-5                   5.585055362584935E-8
7.939999999999999E-5      5.409152305514212E-8
7.95E-5                   5.233249248443536E-8
7.96E-5                   5.057346191372925E-8
7.97E-5                   4.881443134302382E-8
7.98E-5                   4.7055400772319085E-8
7.989999999999999E-5      4.529637020161526E-8
7.999999999999999E-5      4.353733963091188E-8
8.01E-5                   4.177830906020919E-8
8.02E-5                   4.001927848950716E-8
8.03E-5                   3.826024791880583E-8
8.04E-5                   3.650121734810517E-8
8.049999999999999E-5      3.4742186777405424E-8
8.06E-5                   3.298315620670615E-8
8.07E-5                   3.122412563600753E-8
8.08E-5                   2.9465095065309592E-8
8.09E-5                   2.7706064494612337E-8
8.099999999999999E-5      2.5947033923916008E-8
8.109999999999999E-5      2.4188003353220126E-8
8.12E-5                   2.242897278252492E-8
8.13E-5                   2.0669942211830387E-8
8.14E-5                   1.891091164113654E-8
8.15E-5                   1.715188107044338E-8
8.159999999999999E-5      1.5392850499751126E-8
8.17E-5                   1.3633819929059327E-8
8.18E-5                   1.1874789358368208E-8
8.19E-5                   1.011575878767776E-8
8.2E-5                    8.356728216987998E-9
8.209999999999999E-5      6.597697646299164E-9
8.219999999999999E-5      4.8386670756107535E-9
8.23E-5                   3.0796365049230436E-9
8.24E-5                   1.3206059342360044E-9
8.25E-5                   -4.3842463645034813E-10
8.26E-5                   -2.1974552071360202E-9
8.269999999999999E-5      -3.956485777820784E-9
8.28E-5                   -5.715516348505087E-9
8.29E-5                   -7.474546919188728E-9
8.3E-5                    -9.233577489871674E-9
8.31E-5                   -1.0992608060553942E-8
8.319999999999999E-5      -1.2751638631235302E-8
8.329999999999999E-5      -1.4510669201916202E-8
8.34E-5                   -1.6269699772596432E-8
8.35E-5                   -1.8028730343275973E-8
8.36E-5                   -1.978776091395484E-8
8.37E-5                   -2.1546791484633028E-8
8.379999999999999E-5      -2.3305822055310295E-8
8.389999999999999E-5      -2.5064852625987122E-8
8.4E-5                    -2.682388319666326E-8
8.41E-5                   -2.858291376733871E-8
8.42E-5                   -3.0341944338013504E-8
8.43E-5                   -3.21009749086876E-8
8.439999999999999E-5      -3.386000547936078E-8
8.45E-5                   -3.5619036050033516E-8
8.46E-5                   -3.7378066620705565E-8
8.47E-5                   -3.9137097191376946E-8
8.48E-5                   -4.089612776204764E-8
8.489999999999999E-5      -4.265515833271742E-8
8.499999999999999E-5      -4.441418890338674E-8
8.51E-5                   -4.617321947405541E-8
8.52E-5                   -4.793225004472338E-8
8.53E-5                   -4.969128061539066E-8
8.54E-5                   -5.145031118605727E-8
8.549999999999999E-5      -5.3209341756722966E-8
8.56E-5                   -5.496837232738821E-8
8.57E-5                   -5.6727402898052784E-8
8.58E-5                   -5.848643346871667E-8
8.59E-5                   -6.024546403937988E-8
8.599999999999999E-5      -6.200449461004214E-8
8.609999999999999E-5      -6.3763525180704E-8
8.62E-5                   -6.552255575136514E-8
8.63E-5                   -6.728158632202562E-8
8.64E-5                   -6.859799406231126E-8
8.65E-5                   -6.74039521170012E-8
8.659999999999999E-5      -6.620991017169094E-8
8.669999999999999E-5      -6.501586822638016E-8
8.68E-5                   -6.382182628106896E-8
8.69E-5                   -6.262778433575741E-8
8.7E-5                    -6.14337423904455E-8
8.709999999999999E-5      -6.023970044513336E-8
8.719999999999999E-5      -5.904565849982068E-8
8.73E-5                   -5.785161655450762E-8
8.74E-5                   -5.665757460919419E-8
8.75E-5                   -5.54635326638804E-8
8.76E-5                   -5.426949071856622E-8
8.769999999999999E-5      -5.307544877325183E-8
8.779999999999999E-5      -5.18814068279369E-8
8.79E-5                   -5.0687364882621605E-8
8.8E-5                    -4.9493322937305936E-8
8.81E-5                   -4.829928099198989E-8
8.82E-5                   -4.710523904667346E-8
8.829999999999999E-5      -4.591119710135682E-8
8.84E-5                   -4.471715515603966E-8
8.85E-5                   -4.352311321072208E-8
8.86E-5                   -4.232907126540417E-8
8.87E-5                   -4.1135029320085866E-8
8.879999999999999E-5      -3.994098737476736E-8
8.889999999999999E-5      -3.874694542944831E-8
8.9E-5                    -3.755290348412888E-8
8.91E-5                   -3.6358861538809086E-8
8.92E-5                   -3.516481959348892E-8
8.93E-5                   -3.397077764816837E-8
8.939999999999999E-5      -3.277673570284761E-8
8.95E-5                   -3.1582693757526304E-8
8.96E-5                   -3.0388651812204646E-8
8.97E-5                   -2.9194609866882584E-8
8.98E-5                   -2.800056792156016E-8
8.989999999999999E-5      -2.6806525976237527E-8
8.999999999999999E-5      -2.561248403091436E-8
9.01E-5                   -2.4418442085590816E-8
9.02E-5                   -2.3224400140266888E-8
9.03E-5                   -2.20303581949426E-8
9.04E-5                   -2.0836316249617923E-8
9.049999999999999E-5      -1.9642274304293042E-8
9.059999999999999E-5      -1.8448232358967622E-8
9.07E-5                   -1.7254190413641834E-8
9.08E-5                   -1.606014846831566E-8
9.09E-5                   -1.48661065229891E-8
9.099999999999999E-5      -1.3672064577662352E-8
9.109999999999999E-5      -1.2478022632335044E-8
9.12E-5                   -1.1283980687007379E-8
9.13E-5                   -1.0089938741679335E-8
9.14E-5                   -8.895896796350917E-9
9.15E-5                   -7.701854851022122E-9
9.159999999999999E-5      -6.507812905693117E-9
9.169999999999999E-5      -5.313770960363572E-9
9.18E-5                   -4.119729015033655E-9
9.19E-5                   -2.9256870697033602E-9
9.2E-5                    -1.73164512437269E-9
9.21E-5                   -5.376031790416501E-10
9.219999999999999E-5      6.564387662896128E-10
9.23E-5                   1.850480711621402E-9
9.24E-5                   3.0445226569535724E-9
9.25E-5                   4.238564602286122E-9
9.26E-5                   5.432606547619037E-9
9.269999999999999E-5      6.626648492952168E-9
9.279999999999999E-5      7.820690438285833E-9
9.29E-5                   9.014732383619877E-9
9.3E-5                    1.0208774328954292E-8
9.31E-5                   1.140281627428909E-8
9.32E-5                   1.2596858219624256E-8
9.329999999999999E-5      1.379090016495964E-8
9.34E-5                   1.4984942110295554E-8
9.35E-5                   1.6178984055631847E-8
9.36E-5                   1.7373026000968507E-8
9.37E-5                   1.8567067946305548E-8
9.379999999999999E-5      1.9761109891642807E-8
9.389999999999999E-5      2.0955151836980595E-8
9.4E-5                    2.2149193782318764E-8
9.41E-5                   2.3343235727657303E-8
9.42E-5                   2.453727767299622E-8
9.43E-5                   2.5731319618335514E-8
9.439999999999999E-5      2.692536156367501E-8
9.449999999999999E-5      2.8119403509015048E-8
9.46E-5                   2.9313445454355466E-8
9.47E-5                   3.050748739969625E-8
9.48E-5                   3.170152934503743E-8
9.489999999999999E-5      3.2895571290378794E-8
9.499999999999999E-5      3.4089613235720715E-8
9.51E-5                   3.5283655181063006E-8
9.52E-5                   3.6477697126405675E-8
9.53E-5                   3.7671739071748714E-8
9.54E-5                   3.8865781017092124E-8
9.549999999999999E-5      4.005982296243575E-8
9.559999999999999E-5      4.12538649077799E-8
9.57E-5                   4.244790685312446E-8
9.58E-5                   4.3641948798469363E-8
9.59E-5                   4.483599074381465E-8
9.6E-5                    4.603003268916032E-8
9.609999999999999E-5      4.7224074634506204E-8
9.62E-5                   4.8418116579852605E-8
9.63E-5                   4.961215852519939E-8
9.64E-5                   5.04970542098238E-8
9.65E-5                   4.962854704268357E-8
9.659999999999999E-5      4.876003987554368E-8
9.669999999999999E-5      4.78915327084039E-8
9.68E-5                   4.702302554126438E-8
9.69E-5                   4.615451837412508E-8
9.7E-5                    4.5286011206986006E-8
9.71E-5                   4.4417504039847165E-8
9.719999999999999E-5      4.3548996872708693E-8
9.73E-5                   4.268048970557032E-8
9.74E-5                   4.181198253843219E-8
9.75E-5                   4.09434753712943E-8
9.76E-5                   4.0074968204156635E-8
9.769999999999999E-5      3.920646103701932E-8
9.779999999999999E-5      3.8337953869882135E-8
9.79E-5                   3.746944670274518E-8
9.8E-5                    3.6600939535608455E-8
9.81E-5                   3.573243236847196E-8
9.82E-5                   3.486392520133571E-8
9.829999999999999E-5      3.3995418034199804E-8
9.839999999999999E-5      3.312691086706402E-8
9.85E-5                   3.225840369992846E-8
9.86E-5                   3.1389896532793146E-8
9.87E-5                   3.0521389365658056E-8
9.879999999999999E-5      2.9652882198523327E-8
9.889999999999999E-5      2.8784375031388717E-8
9.9E-5                    2.7915867864254342E-8
9.91E-5                   2.7047360697120202E-8
9.92E-5                   2.617885352998629E-8
9.93E-5                   2.5310346362852617E-8
9.939999999999999E-5      2.444183919571929E-8
9.949999999999999E-5      2.3573332028586087E-8
9.96E-5                   2.2704824861453115E-8
9.97E-5                   2.1836317694320368E-8
9.98E-5                   2.096781052718787E-8
9.989999999999999E-5      2.009930336005571E-8
9.999999999999999E-5      1.923079619292368E-8
