% Model:              20230225_JW_4_30.mph
% Version:            COMSOL 5.6.0.401
% Date:               Feb 25 2023, 20:57
% Dimension:          1
% Nodes:              1001
% Expressions:        1
% Description:        点图
% X                       Height
0                         5.7834192319282955
1.0E-7                    5.8066657929383485
2.0E-7                    5.879011031334314
3.0E-7                    5.945465213620779
4.0E-7                    5.976242567808557
5.0E-7                    5.965894824917543
6.0E-7                    5.919813683054252
7.0E-7                    5.85016325986723
8.0E-7                    5.761445997897783
9.0E-7                    5.662832268282118
1.0E-6                    5.557516505561879
1.1E-6                    5.44926767672931
1.2E-6                    5.339070214906533
1.2999999999999998E-6     5.228988440834678
1.4E-6                    5.120366300558858
1.5E-6                    5.01317113346921
1.6E-6                    4.9078943649786995
1.6999999999999998E-6     4.8046083158010005
1.8E-6                    4.703036769914982
1.9E-6                    4.603702296695855
2.0E-6                    4.506190498915923
2.1E-6                    4.41088498059944
2.2E-6                    4.317685222211276
2.3E-6                    4.226155848500059
2.4E-6                    4.136573994075389
2.4999999999999998E-6     4.049045862446908
2.5999999999999997E-6     3.96370668645328
2.7E-6                    3.879173810936288
2.8E-6                    3.7967233802662257
2.8999999999999998E-6     3.715816843030337
3.0E-6                    3.637019990537859
3.1E-6                    3.55970360743126
3.2E-6                    3.483703764155892
3.2999999999999997E-6     3.409943299795788
3.3999999999999996E-6     3.3372450896403194
3.5E-6                    3.2664405105845535
3.6E-6                    3.1966567313515317
3.6999999999999997E-6     3.128165453605879
3.8E-6                    3.0610275831820055
3.9E-6                    2.995926487898152
4.0E-6                    2.9319372518089715
4.1E-6                    2.869205826812071
4.2E-6                    2.8078417801005617
4.2999999999999995E-6     2.747655293875374
4.4E-6                    2.6890459377987455
4.5E-6                    2.631676092281814
4.6E-6                    2.5751084830683992
4.7E-6                    2.5198441896175017
4.8E-6                    2.46592198154883
4.9E-6                    2.413325137309199
4.9999999999999996E-6     2.3615734557666186
5.0999999999999995E-6     2.3111404818789087
5.199999999999999E-6      2.2618454931007683
5.3E-6                    2.2135375389814578
5.4E-6                    2.1661368148158786
5.5E-6                    2.119721151222415
5.6E-6                    2.0745515332676727
5.7E-6                    2.0302235978672987
5.7999999999999995E-6     1.986950562735575
5.899999999999999E-6      1.9448268185677002
6.0E-6                    1.9027032256592085
6.1E-6                    1.8624121564345666
6.2E-6                    1.8225669771114608
6.3E-6                    1.783264662373963
6.4E-6                    1.745581787129114
6.5E-6                    1.7078990114009254
6.5999999999999995E-6     1.6715612067056358
6.699999999999999E-6      1.635806126169561
6.799999999999999E-6      1.6003344595900677
6.9E-6                    1.5665413259895806
7.0E-6                    1.5327482690419068
7.1E-6                    1.5000666934232307
7.2E-6                    1.4681539366004963
7.2999999999999996E-6     1.4363014833734569
7.3999999999999995E-6     1.4059818410089946
7.499999999999999E-6      1.375662255695619
7.6E-6                    1.3462111691140537
7.699999999999999E-6      1.3176840694338148
7.8E-6                    1.2891570106366401
7.899999999999999E-6      1.2618765718674434
8.0E-6                    1.2346882554594283
8.1E-6                    1.2081178380471294
8.2E-6                    1.182564511531631
8.3E-6                    1.157011212427978
8.4E-6                    1.132496764883943
8.5E-6                    1.1082032999853013
8.599999999999999E-6      1.0841053768652391
8.7E-6                    1.060532584341941
8.8E-6                    1.0369598170397538
8.9E-6                    1.014823657797397
9.0E-6                    0.9936351316707852
9.1E-6                    0.9730535362856628
9.2E-6                    0.9520344918396619
9.299999999999999E-6      0.931700416551138
9.4E-6                    0.9115725102399943
9.499999999999999E-6      0.8923207276076154
9.6E-6                    0.8729864717071704
9.7E-6                    0.8543775038563489
9.8E-6                    0.8360339810518587
9.9E-6                    0.8181597734854529
9.999999999999999E-6      0.8006105337972155
1.01E-5                   0.7834611827730682
1.0199999999999999E-5     0.766685883335458
1.03E-5                   0.7502567375214501
1.0399999999999999E-5     0.734185317192206
1.05E-5                   0.7184566911539377
1.06E-5                   0.7031069615234742
1.07E-5                   0.6880624168416649
1.08E-5                   0.6733064607788402
1.0899999999999999E-5     0.6588478230625854
1.1E-5                    0.6447819019875481
1.1099999999999999E-5     0.6309721940781181
1.12E-5                   0.6174095922312653
1.13E-5                   0.6041970670097011
1.14E-5                   0.5912821738200513
1.15E-5                   0.5786047291318817
1.1599999999999999E-5     0.5661640353721348
1.17E-5                   0.5542490556599109
1.1799999999999999E-5     0.542334079275968
1.19E-5                   0.5306261050150036
1.2E-5                    0.5193892060587642
1.21E-5                   0.5081523097856228
1.22E-5                   0.4972906194930321
1.2299999999999999E-5     0.4867037016224295
1.24E-5                   0.47611678590542894
1.2499999999999999E-5     0.466044070993325
1.26E-5                   0.45606263826432697
1.2699999999999999E-5     0.4461501907730082
1.28E-5                   0.4367378064905637
1.29E-5                   0.4273254237451943
1.3E-5                    0.4181282062941712
1.31E-5                   0.40926302439415785
1.3199999999999999E-5     0.4003978437859599
1.33E-5                   0.3918672822563151
1.3399999999999999E-5     0.383505142253678
1.35E-5                   0.3751430033912555
1.3599999999999999E-5     0.3672329021661815
1.37E-5                   0.35935310374513074
1.38E-5                   0.3515679323894194
1.3899999999999999E-5     0.34414054431970076
1.4E-5                    0.3367131569816501
1.4099999999999999E-5     0.32948956530215767
1.42E-5                   0.3224857423636798
1.4299999999999999E-5     0.3154819201221044
1.44E-5                   0.30878381593621035
1.45E-5                   0.30218592512086956
1.4599999999999999E-5     0.2955974068507571
1.47E-5                   0.28937273467728597
1.4799999999999999E-5     0.28314806298605133
1.49E-5                   0.27703107416174316
1.4999999999999999E-5     0.27116885428704707
1.51E-5                   0.2653066347646007
1.52E-5                   0.25963353859613275
1.53E-5                   0.25410365170492183
1.5399999999999998E-5     0.24857376515516358
1.55E-5                   0.2433109993853857
1.56E-5                   0.23809871237765554
1.57E-5                   0.23292083524062165
1.5799999999999998E-5     0.22801293514928644
1.59E-5                   0.22310503524388087
1.6E-5                    0.21830047604119185
1.61E-5                   0.21366097302356282
1.62E-5                   0.20902147026213344
1.63E-5                   0.2045714376845958
1.64E-5                   0.2002203161093279
1.6499999999999998E-5     0.19586919460505434
1.66E-5                   0.19172054211069126
1.67E-5                   0.1875873646268731
1.68E-5                   0.1835098398636971
1.69E-5                   0.1796535681798084
1.7E-5                    0.17579729649099898
1.71E-5                   0.1720169411441148
1.7199999999999998E-5     0.16832118165014814
1.73E-5                   0.16462880449232958
1.74E-5                   0.1611235976173083
1.75E-5                   0.1576183907881865
1.76E-5                   0.15430864283546616
1.77E-5                   0.15104532397766884
1.78E-5                   0.14781117904617666
1.7899999999999998E-5     0.1445976206821405
1.8E-5                    0.14148930365988022
1.81E-5                   0.1384388973179937
1.82E-5                   0.1354398866384275
1.8299999999999998E-5     0.13248131426173185
1.84E-5                   0.12959830117964302
1.85E-5                   0.1267674616549044
1.8599999999999998E-5     0.12398712210721187
1.87E-5                   0.12134741336489817
1.88E-5                   0.11875565970471916
1.89E-5                   0.11620638362652803
1.8999999999999998E-5     0.1137032789373309
1.91E-5                   0.11128070559094298
1.92E-5                   0.10890050662177854
1.9299999999999998E-5     0.10655169849884094
1.94E-5                   0.10427640287880881
1.95E-5                   0.10204546561787356
1.96E-5                   0.09985580485462058
1.9699999999999998E-5     0.09771268485183007
1.98E-5                   0.09564732432273597
1.99E-5                   0.09360530689992738
1.9999999999999998E-5     0.09156328949355977
2.01E-5                   0.08963506857179215
2.02E-5                   0.08771058602595805
2.03E-5                   0.0858052912486998
2.0399999999999998E-5     0.08399551833940452
2.05E-5                   0.08218574544317696
2.06E-5                   0.08041492626205002
2.07E-5                   0.07871148220656854
2.0799999999999997E-5     0.07700803815709302
2.09E-5                   0.07536092045315597
2.1E-5                    0.07375709321098264
2.1099999999999998E-5     0.07215326598052355
2.12E-5                   0.07062257684855931
2.13E-5                   0.06911441637213443
2.14E-5                   0.06760625589856135
2.1499999999999997E-5     0.06622172447340308
2.16E-5                   0.06484186475297388
2.17E-5                   0.06346200503943418
2.1799999999999998E-5     0.06208214533319278
2.19E-5                   0.060702285634658334
2.2E-5                    0.0593797428408671
2.21E-5                   0.05815832845121855
2.2199999999999998E-5     0.05693691406309051
2.23E-5                   0.05571549967676488
2.24E-5                   0.05449408529252366
2.2499999999999998E-5     0.053272670910648766
2.26E-5                   0.052157100349299504
2.27E-5                   0.0510749718605046
2.28E-5                   0.04999284337422995
2.2899999999999998E-5     0.04891071489067238
2.3E-5                    0.047828586410028705
2.31E-5                   0.04676607364827074
2.3199999999999998E-5     0.04580804726272525
2.33E-5                   0.044850020878487926
2.34E-5                   0.043891994495695114
2.35E-5                   0.04293396811448305
2.3599999999999998E-5     0.04197594173498802
2.37E-5                   0.04110424314130867
2.38E-5                   0.04030142146916061
2.3899999999999998E-5     0.039498599798047714
2.4E-5                    0.03869577812805017
2.41E-5                   0.03789295645924832
2.42E-5                   0.03709013479172238
2.4299999999999998E-5     0.036287313125552605
2.44E-5                   0.035484491460819216
2.45E-5                   0.03468166979760254
2.4599999999999998E-5     0.03387884813598281
2.4699999999999997E-5     0.03307602647604024
2.48E-5                   0.03233447875972012
2.49E-5                   0.03170546695623578
2.4999999999999998E-5     0.031076455152648317
2.51E-5                   0.0304474433489963
2.52E-5                   0.029818431545318394
2.53E-5                   0.029189419741653164
2.5399999999999997E-5     0.028560407938039222
2.55E-5                   0.027931396134515153
2.56E-5                   0.027302384331119603
2.5699999999999998E-5     0.026673372527891155
2.58E-5                   0.026044360724868394
2.59E-5                   0.025435622042141972
2.6E-5                    0.024942808730546384
2.6099999999999997E-5     0.024449995419115744
2.62E-5                   0.023957182107868583
2.63E-5                   0.02346436879682349
2.6399999999999998E-5     0.02297155548599902
2.65E-5                   0.022478742175413693
2.66E-5                   0.02198592886508613
2.67E-5                   0.021493115555034848
2.6799999999999998E-5     0.021000302245278425
2.69E-5                   0.02050748893583538
2.7E-5                    0.020014675626724328
2.7099999999999998E-5     0.019622558818165055
2.7199999999999997E-5     0.01923628401790255
2.73E-5                   0.018850009217746443
2.74E-5                   0.018463734417705692
2.7499999999999998E-5     0.018077459617789237
2.76E-5                   0.017691184818006005
2.77E-5                   0.01730491001836496
2.7799999999999998E-5     0.01691863521887502
2.7899999999999997E-5     0.01653236041954514
2.8E-5                    0.01614608562038425
2.81E-5                   0.0157598108214013
2.8199999999999998E-5     0.015435685764344002
2.83E-5                   0.015133229379404851
2.84E-5                   0.014830772994444628
2.8499999999999998E-5     0.014528316609467608
2.8599999999999997E-5     0.01422586022447808
2.87E-5                   0.013923403839480323
2.88E-5                   0.013620947454478652
2.8899999999999998E-5     0.013318491069477347
2.9E-5                    0.013016034684480685
2.91E-5                   0.012713578299492984
2.9199999999999998E-5     0.012411121914518515
2.9299999999999997E-5     0.012143760703235362
2.94E-5                   0.011906561698184567
2.95E-5                   0.011669362693217276
2.9599999999999998E-5     0.011432163688335556
2.97E-5                   0.011194964683541466
2.98E-5                   0.010957765678837095
2.99E-5                   0.010720566674224503
2.9999999999999997E-5     0.01048336766970576
3.01E-5                   0.01024616866528293
3.02E-5                   0.010008969660958099
3.0299999999999998E-5     0.009771770656733327
3.04E-5                   0.009551781343178026
3.05E-5                   0.009366091129707148
3.06E-5                   0.009180400916206236
3.07E-5                   0.008994710702676278
3.0799999999999996E-5     0.00880902048911829
3.09E-5                   0.00862333027553323
3.1E-5                    0.008437640061922111
3.11E-5                   0.008251949848285934
3.12E-5                   0.00806625963462567
3.13E-5                   0.007880569420942321
3.14E-5                   0.007694879207236897
3.15E-5                   0.007514420383643237
3.1599999999999996E-5     0.007368839827573135
3.17E-5                   0.007223259271541591
3.18E-5                   0.007077678715549099
3.1899999999999996E-5     0.006932098159596142
3.2E-5                    0.006786517603683181
3.21E-5                   0.006640937047810706
3.22E-5                   0.006495356491979204
3.23E-5                   0.006349775936189133
3.24E-5                   0.006204195380440986
3.25E-5                   0.006058614824735245
3.26E-5                   0.005913034269072375
3.2699999999999995E-5     0.00579666682351396
3.28E-5                   0.005682608621364466
3.29E-5                   0.005568550419202847
3.2999999999999996E-5     0.005454492217029344
3.31E-5                   0.005340434014844171
3.32E-5                   0.005226375812647561
3.3299999999999996E-5     0.0051123176104397585
3.34E-5                   0.004998259408220973
3.35E-5                   0.004884201205991445
3.36E-5                   0.004770143003751411
3.37E-5                   0.004656084801501084
3.38E-5                   0.004559915210320682
3.39E-5                   0.004470597219005486
3.4E-5                    0.0043812792277031784
3.4099999999999995E-5     0.004291961236413883
3.42E-5                   0.004202643245137695
3.43E-5                   0.004113325253874736
3.4399999999999996E-5     0.0040240072626251166
3.45E-5                   0.003934689271388942
3.46E-5                   0.003845371280166322
3.4699999999999996E-5     0.00375605328895738
3.48E-5                   0.003666735297762208
3.49E-5                   0.0035874166105002775
3.5E-5                    0.0035173512410744067
3.51E-5                   0.0034472858716460566
3.52E-5                   0.0033772205022152856
3.53E-5                   0.0033071551327821533
3.54E-5                   0.0032370897633467017
3.5499999999999996E-5     0.003167024393908994
3.56E-5                   0.0030969590244690746
3.57E-5                   0.003026893655027
3.5799999999999996E-5     0.002956828285582831
3.59E-5                   0.0028867629161366086
3.6E-5                    0.0028215143786122572
3.6099999999999997E-5     0.002766707160084234
3.62E-5                   0.0027118999415592887
3.63E-5                   0.002657092723037449
3.64E-5                   0.0026022855045187455
3.65E-5                   0.0025474782860031957
3.6599999999999995E-5     0.0024926710674908325
3.67E-5                   0.0024378638489816746
3.68E-5                   0.0023830566304757503
3.6899999999999996E-5     0.0023282494119730903
3.7E-5                    0.002273442193473712
3.71E-5                   0.0022204242315938686
3.7199999999999996E-5     0.00218159186596082
3.73E-5                   0.0021427595003300163
3.74E-5                   0.0021039271347014694
3.75E-5                   0.0020650947690751915
3.76E-5                   0.0020262624034511874
3.77E-5                   0.0019874300378294675
3.78E-5                   0.001948597672210043
3.79E-5                   0.0019097653065929198
3.7999999999999995E-5     0.0018709329409781102
3.81E-5                   0.0018321005753656192
3.82E-5                   0.001793268209755458
3.8299999999999996E-5     0.0017544358441476387
3.84E-5                   0.0017156034785421647
3.85E-5                   0.0016767711129390477
3.8599999999999996E-5     0.0016379387473383
3.87E-5                   0.0015991063817399247
3.88E-5                   0.001560274016143934
3.89E-5                   0.001521441650550339
3.9E-5                    0.0014826092849591441
3.9099999999999995E-5     0.0014437769193703634
3.92E-5                   0.0014049445537840013
3.93E-5                   0.0013661121882000686
3.9399999999999995E-5     0.0013379929873653662
3.95E-5                   0.0013143644602513914
3.96E-5                   0.0012907359331364198
3.9699999999999996E-5     0.0012671074060204542
3.98E-5                   0.001243478878903494
3.99E-5                   0.001219850351785543
3.9999999999999996E-5     0.0011962218246666045
4.01E-5                   0.001172593297546677
4.02E-5                   0.0011489647704257648
4.03E-5                   0.0011253362433038712
4.04E-5                   0.0011017077161809957
4.0499999999999995E-5     0.0010780791890571426
4.06E-5                   0.0010544506619323112
4.07E-5                   0.001030822134806505
4.0799999999999996E-5     0.0010071936076797281
4.09E-5                   9.835650805519785E-4
4.1E-5                    9.599365534232608E-4
4.1099999999999996E-5     9.363080262935779E-4
4.12E-5                   9.126794991629292E-4
4.13E-5                   8.890509720313178E-4
4.14E-5                   8.654224448987476E-4
4.15E-5                   8.417939177652175E-4
4.1599999999999995E-5     8.20909749736533E-4
4.17E-5                   8.065132056448088E-4
4.18E-5                   7.921166615534661E-4
4.1899999999999995E-5     7.777201174625062E-4
4.2E-5                    7.633235733719281E-4
4.21E-5                   7.489270292817328E-4
4.2199999999999996E-5     7.345304851919216E-4
4.23E-5                   7.201339411024936E-4
4.24E-5                   7.057373970134498E-4
4.2499999999999996E-5     6.91340852924792E-4
4.26E-5                   6.769443088365184E-4
4.27E-5                   6.625477647486305E-4
4.28E-5                   6.481512206611297E-4
4.29E-5                   6.337546765740145E-4
4.2999999999999995E-5     6.193581324872876E-4
4.31E-5                   6.049615884009473E-4
4.32E-5                   5.905650443149947E-4
4.3299999999999995E-5     5.761685002294319E-4
4.34E-5                   5.617719561442568E-4
4.35E-5                   5.473754120594715E-4
4.3599999999999996E-5     5.329788679750769E-4
4.37E-5                   5.185823238910716E-4
4.38E-5                   5.041857798074572E-4
4.3899999999999996E-5     4.947917232589115E-4
4.4E-5                    4.860165995224216E-4
4.41E-5                   4.7724147578580924E-4
4.42E-5                   4.6846635204907507E-4
4.43E-5                   4.5969122831221795E-4
4.4399999999999995E-5     4.5091610457523925E-4
4.45E-5                   4.4214098083813764E-4
4.46E-5                   4.333658571009142E-4
4.4699999999999996E-5     4.245907333635693E-4
4.48E-5                   4.158156096261021E-4
4.49E-5                   4.07040485888513E-4
4.4999999999999996E-5     3.982653621508031E-4
4.51E-5                   3.894902384129709E-4
4.52E-5                   3.8071511467501737E-4
4.5299999999999997E-5     3.7193999093694313E-4
4.54E-5                   3.631648671987472E-4
4.5499999999999995E-5     3.5438974346043063E-4
4.56E-5                   3.4561461972199264E-4
4.57E-5                   3.368394959834336E-4
4.5799999999999995E-5     3.2806437224475437E-4
4.59E-5                   3.192892485059541E-4
4.6E-5                    3.105141247670331E-4
4.6099999999999996E-5     3.038153521976904E-4
4.62E-5                   2.993432937998059E-4
4.63E-5                   2.948712354019403E-4
4.6399999999999996E-5     2.903991770040936E-4
4.65E-5                   2.8592711860626533E-4
4.66E-5                   2.8145506020845585E-4
4.67E-5                   2.7698300181066546E-4
4.68E-5                   2.725109434128935E-4
4.6899999999999995E-5     2.680388850151408E-4
4.7E-5                    2.6356682661740643E-4
4.71E-5                   2.59094768219691E-4
4.7199999999999995E-5     2.546227098219947E-4
4.73E-5                   2.50150651424317E-4
4.74E-5                   2.456785930266581E-4
4.7499999999999996E-5     2.4120653462901835E-4
4.76E-5                   2.3673447623139725E-4
4.77E-5                   2.3226241783379508E-4
4.7799999999999996E-5     2.2779035943621214E-4
4.79E-5                   2.2331830103864786E-4
4.8E-5                    2.188462426411025E-4
4.81E-5                   2.1437418424357645E-4
4.82E-5                   2.0990212584606904E-4
4.8299999999999995E-5     2.0543006744858094E-4
4.84E-5                   2.0095800905111155E-4
4.85E-5                   1.964859506536612E-4
4.8599999999999995E-5     1.9201389225623018E-4
4.87E-5                   1.8754183385881793E-4
4.88E-5                   1.8306977546142476E-4
4.8899999999999996E-5     1.7859771706405092E-4
4.9E-5                    1.741256586666959E-4
4.91E-5                   1.6965360026935999E-4
4.9199999999999997E-5     1.6518154187204355E-4
4.93E-5                   1.607094834747459E-4
4.9399999999999995E-5     1.5623742507746768E-4
4.95E-5                   1.5176536668020833E-4
4.96E-5                   1.472933082829682E-4
4.9699999999999995E-5     1.4282124988574752E-4
4.98E-5                   1.3834919148854582E-4
4.99E-5                   1.3387713309136323E-4
4.9999999999999996E-5     1.2940507469420029E-4
5.01E-5                   1.249330162970562E-4
5.02E-5                   1.2046095789993142E-4
5.0299999999999996E-5     1.1598889950282624E-4
5.04E-5                   1.1151684110573998E-4
5.05E-5                   1.0704478270867309E-4
5.06E-5                   1.0452325606679916E-4
5.07E-5                   1.0297207235946719E-4
5.0799999999999995E-5     1.0142088865213261E-4
5.09E-5                   9.986970494479514E-5
5.1E-5                    9.831852123745497E-5
5.1099999999999995E-5     9.676733753011217E-5
5.12E-5                   9.521615382276653E-5
5.13E-5                   9.366497011541812E-5
5.1399999999999996E-5     9.211378640806709E-5
5.15E-5                   9.05626027007132E-5
5.16E-5                   8.90114189933566E-5
5.1699999999999996E-5     8.746023528599734E-5
5.18E-5                   8.590905157863526E-5
5.1899999999999994E-5     8.435786787127054E-5
5.2E-5                    8.280668416390297E-5
5.21E-5                   8.12555004565327E-5
5.2199999999999995E-5     7.970431674915979E-5
5.23E-5                   7.815313304178402E-5
5.24E-5                   7.660194933440551E-5
5.2499999999999995E-5     7.505076562702441E-5
5.26E-5                   7.349958191964045E-5
5.27E-5                   7.194839821225376E-5
5.2799999999999996E-5     7.039721450486444E-5
5.29E-5                   6.88460307974723E-5
5.3E-5                    6.729484709007743E-5
5.3099999999999996E-5     6.574366338267992E-5
5.32E-5                   6.419247967527958E-5
5.3299999999999995E-5     6.264129596787663E-5
5.34E-5                   6.109011226047083E-5
5.35E-5                   5.9538928553062326E-5
5.3599999999999995E-5     5.798774484565119E-5
5.37E-5                   5.643656113823722E-5
5.38E-5                   5.4885377430820525E-5
5.3899999999999996E-5     5.333419372340123E-5
5.4E-5                    5.178301001597909E-5
5.41E-5                   5.0231826308554215E-5
5.4199999999999996E-5     4.8680642601126744E-5
5.43E-5                   4.712945889369643E-5
5.4399999999999994E-5     4.55782751862635E-5
5.4499999999999997E-5     4.402709147882776E-5
5.46E-5                   4.247590777138928E-5
5.4699999999999995E-5     4.0924724063948206E-5
5.48E-5                   3.93735403565043E-5
5.49E-5                   3.7822356649057677E-5
5.4999999999999995E-5     3.627117294160843E-5
5.51E-5                   3.5597914259505374E-5
5.52E-5                   3.5075888007087865E-5
5.5299999999999996E-5     3.4553861754670484E-5
5.54E-5                   3.403183550225312E-5
5.55E-5                   3.3509809249835844E-5
5.5599999999999996E-5     3.298778299741868E-5
5.57E-5                   3.246575674500155E-5
5.5799999999999994E-5     3.194373049258454E-5
5.59E-5                   3.1421704240167575E-5
5.6E-5                    3.089967798775067E-5
5.6099999999999995E-5     3.0377651735333894E-5
5.62E-5                   2.9855625482917157E-5
5.63E-5                   2.9333599230500488E-5
5.6399999999999995E-5     2.8811572978083934E-5
5.65E-5                   2.8289546725667407E-5
5.66E-5                   2.7767520473250975E-5
5.6699999999999996E-5     2.7245494220834648E-5
5.68E-5                   2.672346796841836E-5
5.69E-5                   2.620144171600215E-5
5.6999999999999996E-5     2.567941546358605E-5
5.71E-5                   2.5157389211169997E-5
5.7199999999999994E-5     2.4635362958754053E-5
5.73E-5                   2.411333670633815E-5
5.74E-5                   2.359131045392232E-5
5.7499999999999995E-5     2.3069284201506606E-5
5.76E-5                   2.2547257949090937E-5
5.77E-5                   2.202523169667533E-5
5.7799999999999995E-5     2.1503205444259848E-5
5.79E-5                   2.098117919184441E-5
5.8E-5                    2.045915293942904E-5
5.8099999999999996E-5     1.9937126687013784E-5
5.82E-5                   1.9415100434598565E-5
5.8299999999999994E-5     1.8893074182183467E-5
5.8399999999999997E-5     1.83710479297684E-5
5.85E-5                   1.784902167735342E-5
5.8599999999999995E-5     1.7326995424938545E-5
5.87E-5                   1.680496917252372E-5
5.88E-5                   1.6282942920108964E-5
5.8899999999999995E-5     1.576091666769432E-5
5.9E-5                    1.5238890415279719E-5
5.91E-5                   1.4716864162865197E-5
5.9199999999999996E-5     1.4194837910450786E-5
5.93E-5                   1.3672811658036414E-5
5.94E-5                   1.3150785405622122E-5
5.9499999999999996E-5     1.2643301179837167E-5
5.96E-5                   1.2500822587486823E-5
5.9699999999999994E-5     1.2358343995136537E-5
5.98E-5                   1.2215865402786283E-5
5.99E-5                   1.2073386810436074E-5
5.9999999999999995E-5     1.1930908218085918E-5
6.01E-5                   1.1788429625735798E-5
6.02E-5                   1.164595103338572E-5
6.0299999999999995E-5     1.1503472441035693E-5
6.04E-5                   1.1360993848685706E-5
6.05E-5                   1.1218515256335758E-5
6.0599999999999996E-5     1.1076036663985867E-5
6.07E-5                   1.0933558071636006E-5
6.08E-5                   1.0791079479286193E-5
6.0899999999999996E-5     1.0648600886936434E-5
6.1E-5                    1.0506122294586705E-5
6.11E-5                   1.0363643702237033E-5
6.12E-5                   1.0221165109887396E-5
6.13E-5                   1.0078686517537797E-5
6.14E-5                   9.936207925188251E-6
6.149999999999999E-5      9.793729332838764E-6
6.159999999999999E-5      9.6512507404893E-6
6.17E-5                   9.50877214813988E-6
6.18E-5                   9.366293555790505E-6
6.19E-5                   9.223814963441176E-6
6.2E-5                    9.08133637109189E-6
6.209999999999999E-5      8.938857778742667E-6
6.22E-5                   8.796379186393466E-6
6.23E-5                   8.65390059404431E-6
6.24E-5                   8.511422001695202E-6
6.25E-5                   8.36894340934613E-6
6.26E-5                   8.22646481699711E-6
6.269999999999999E-5      8.083986224648151E-6
6.28E-5                   7.941507632299213E-6
6.29E-5                   7.799029039950321E-6
6.3E-5                    7.656550447601475E-6
6.31E-5                   7.514071855252673E-6
6.319999999999999E-5      7.37159326290393E-6
6.33E-5                   7.229114670555215E-6
6.34E-5                   7.086636078206542E-6
6.35E-5                   6.944157485857915E-6
6.36E-5                   6.801678893509331E-6
6.37E-5                   6.65920030116079E-6
6.379999999999999E-5      6.516721708812314E-6
6.39E-5                   6.3742431164638615E-6
6.4E-5                    6.231764524115454E-6
6.41E-5                   6.089285931767089E-6
6.42E-5                   5.9468073394187706E-6
6.429999999999999E-5      5.8043287470705145E-6
6.44E-5                   5.661850154722283E-6
6.45E-5                   5.519371562374094E-6
6.46E-5                   5.37689297002595E-6
6.47E-5                   5.2344143776778485E-6
6.48E-5                   5.091935785329792E-6
6.489999999999999E-5      4.949457192981799E-6
6.5E-5                    4.806978600633829E-6
6.51E-5                   4.664500008285905E-6
6.52E-5                   4.522021415938025E-6
6.53E-5                   4.379542823590188E-6
6.539999999999999E-5      4.237064231242415E-6
6.549999999999999E-5      4.094585638894667E-6
6.56E-5                   3.9521070465469615E-6
6.57E-5                   3.8096284541993018E-6
6.58E-5                   3.6671498618516835E-6
6.59E-5                   3.524671269504112E-6
6.599999999999999E-5      3.382192677156602E-6
6.61E-5                   3.239714084809117E-6
6.62E-5                   3.0972354924616768E-6
6.63E-5                   2.954756900114279E-6
6.64E-5                   2.8122783077669256E-6
6.65E-5                   2.669799715419617E-6
6.659999999999999E-5      2.527321123072371E-6
6.67E-5                   2.384842530725149E-6
6.68E-5                   2.2423639383779725E-6
6.69E-5                   2.099885346030839E-6
6.7E-5                    1.95740675368375E-6
6.709999999999999E-5      1.8149281613367241E-6
6.72E-5                   1.6724495689897225E-6
6.73E-5                   1.5299709766427654E-6
6.74E-5                   1.3874923842958516E-6
6.75E-5                   1.2450137919489821E-6
6.76E-5                   1.1025351996021567E-6
6.769999999999999E-5      9.600566072553944E-7
6.78E-5                   8.175780149086566E-7
6.79E-5                   6.750994225619633E-7
6.8E-5                    5.326208302153136E-7
6.81E-5                   3.90142237868708E-7
6.819999999999999E-5      2.4766364552216555E-7
6.829999999999999E-5      1.0518505317564776E-7
6.84E-5                   -3.729353917082599E-8
6.85E-5                   -1.2045894314036933E-7
6.86E-5                   -1.1786001902978435E-7
6.87E-5                   -1.1526109491919903E-7
6.879999999999999E-5      -1.1266217080861368E-7
6.89E-5                   -1.1006324669802761E-7
6.9E-5                    -1.0746432258744116E-7
6.91E-5                   -1.048653984768544E-7
6.92E-5                   -1.0226647436626721E-7
6.929999999999999E-5      -9.966755025568002E-8
6.939999999999999E-5      -9.706862614509211E-8
6.95E-5                   -9.446970203450384E-8
6.96E-5                   -9.187077792391518E-8
6.97E-5                   -8.92718538133262E-8
6.98E-5                   -8.667292970273683E-8
6.989999999999999E-5      -8.407400559214744E-8
7.0E-5                    -8.147508148155731E-8
7.01E-5                   -7.887615737096684E-8
7.02E-5                   -7.627723326037601E-8
7.03E-5                   -7.367830914978478E-8
7.04E-5                   -7.10793850391932E-8
7.049999999999999E-5      -6.848046092860163E-8
7.06E-5                   -6.58815368180093E-8
7.07E-5                   -6.328261270741665E-8
7.08E-5                   -6.068368859682359E-8
7.09E-5                   -5.808476448623016E-8
7.099999999999999E-5      -5.5485840375636725E-8
7.11E-5                   -5.2886916265042574E-8
7.12E-5                   -5.0287992154448045E-8
7.13E-5                   -4.768906804385319E-8
7.14E-5                   -4.5090143933257915E-8
7.15E-5                   -4.24912198226623E-8
7.159999999999999E-5      -3.9892295712066667E-8
7.17E-5                   -3.729337160147029E-8
7.18E-5                   -3.46944474908736E-8
7.19E-5                   -3.20955233802765E-8
7.2E-5                    -2.9496599269679035E-8
7.209999999999999E-5      -2.6897675159081568E-8
7.219999999999999E-5      -2.4298751048483363E-8
7.23E-5                   -2.1699826937884824E-8
7.24E-5                   -1.9100902827285888E-8
7.25E-5                   -1.650197871668659E-8
7.26E-5                   -1.390305460608692E-8
7.269999999999999E-5      -1.1304130495487247E-8
7.28E-5                   -8.70520638488687E-9
7.29E-5                   -6.106282274286093E-9
7.3E-5                    -3.5073581636849617E-9
7.31E-5                   -9.084340530834619E-10
7.319999999999999E-5      1.690490057518059E-9
7.329999999999999E-5      4.289414168120292E-9
7.34E-5                   6.888338278722885E-9
7.35E-5                   9.487262389325853E-9
7.36E-5                   1.2086186499929191E-8
7.37E-5                   1.4685110610532897E-8
7.379999999999999E-5      1.7284034721136626E-8
7.39E-5                   1.9882958831741048E-8
7.4E-5                    2.2481882942345857E-8
7.41E-5                   2.5080807052951037E-8
7.42E-5                   2.7679731163556567E-8
7.429999999999999E-5      3.027865527416213E-8
7.439999999999999E-5      3.28775793847684E-8
7.45E-5                   3.547650349537505E-8
7.46E-5                   3.8075427605982063E-8
7.47E-5                   4.067435171658943E-8
7.48E-5                   4.32732758271972E-8
7.489999999999999E-5      4.587219993780494E-8
7.5E-5                    4.847112404841343E-8
7.51E-5                   5.107004815902227E-8
7.52E-5                   5.366897226963151E-8
7.53E-5                   5.626789638024109E-8
7.54E-5                   5.886682049085105E-8
7.549999999999999E-5      6.146574460146101E-8
7.56E-5                   6.406466871207168E-8
7.57E-5                   6.666359282268274E-8
7.58E-5                   6.926251693329415E-8
7.59E-5                   7.186144104390592E-8
7.599999999999999E-5      7.446036515451774E-8
7.609999999999999E-5      7.705928926513028E-8
7.62E-5                   7.965821337574314E-8
7.63E-5                   8.225713748635642E-8
7.64E-5                   8.485606159697004E-8
7.65E-5                   8.745498570758404E-8
7.659999999999999E-5      9.005390981819803E-8
7.67E-5                   9.265283392881275E-8
7.68E-5                   9.525175803942787E-8
7.69E-5                   9.785068215004332E-8
7.7E-5                    1.0044960626065915E-7
7.709999999999999E-5      1.0304853037127498E-7
7.719999999999999E-5      1.0564745448189159E-7
7.73E-5                   1.082463785925085E-7
7.74E-5                   1.108453027031258E-7
7.75E-5                   1.0968960402581157E-7
7.76E-5                   1.0747096691582852E-7
7.769999999999999E-5      1.0525232980584619E-7
7.78E-5                   1.0303369269586395E-7
7.79E-5                   1.0081505558588212E-7
7.8E-5                    9.859641847590066E-8
7.81E-5                   9.637778136591957E-8
7.819999999999999E-5      9.415914425593919E-8
7.829999999999999E-5      9.194050714595892E-8
7.84E-5                   8.972187003597903E-8
7.85E-5                   8.750323292599952E-8
7.86E-5                   8.528459581602042E-8
7.87E-5                   8.306595870604171E-8
7.879999999999999E-5      8.084732159606368E-8
7.89E-5                   7.862868448608577E-8
7.9E-5                    7.641004737610824E-8
7.91E-5                   7.419141026613108E-8
7.92E-5                   7.197277315615432E-8
7.93E-5                   6.975413604617795E-8
7.939999999999999E-5      6.75354989362023E-8
7.95E-5                   6.531686182622673E-8
7.96E-5                   6.309822471625156E-8
7.97E-5                   6.087958760627675E-8
7.98E-5                   5.866095049630234E-8
7.989999999999999E-5      5.644231338632864E-8
7.999999999999999E-5      5.422367627635501E-8
8.01E-5                   5.200503916638181E-8
8.02E-5                   4.978640205640898E-8
8.03E-5                   4.756776494643653E-8
8.04E-5                   4.5349127836464486E-8
8.049999999999999E-5      4.313049072649313E-8
8.06E-5                   4.091185361652188E-8
8.07E-5                   3.869321650655101E-8
8.08E-5                   3.647457939658054E-8
8.09E-5                   3.425594228661044E-8
8.099999999999999E-5      3.2037305176641064E-8
8.109999999999999E-5      2.9818668066671774E-8
8.12E-5                   2.760003095670286E-8
8.13E-5                   2.5381393846734345E-8
8.14E-5                   2.3162756736766213E-8
8.15E-5                   2.0944119626798502E-8
8.159999999999999E-5      1.872548251683145E-8
8.17E-5                   1.6506845406864514E-8
8.18E-5                   1.4288208296897952E-8
8.19E-5                   1.2069571186931788E-8
8.2E-5                    9.850934076966018E-9
8.209999999999999E-5      7.632296967000953E-9
8.219999999999999E-5      5.413659857035951E-9
8.23E-5                   3.195022747071372E-9
8.24E-5                   9.763856371071643E-10
8.25E-5                   -1.2422514728566412E-9
8.26E-5                   -3.460888582820054E-9
8.269999999999999E-5      -5.67952569278278E-9
8.28E-5                   -7.898162802745404E-9
8.29E-5                   -1.0116799912707638E-8
8.3E-5                    -1.2335437022669488E-8
8.31E-5                   -1.4554074132630938E-8
8.319999999999999E-5      -1.677271124259171E-8
8.329999999999999E-5      -1.8991348352552367E-8
8.34E-5                   -2.1209985462512647E-8
8.35E-5                   -2.3428622572472534E-8
8.36E-5                   -2.564725968243202E-8
8.37E-5                   -2.7865896792391116E-8
8.379999999999999E-5      -3.008453390234952E-8
8.389999999999999E-5      -3.230317101230784E-8
8.4E-5                    -3.452180812226577E-8
8.41E-5                   -3.67404452322233E-8
8.42E-5                   -3.8959082342180424E-8
8.43E-5                   -4.1177719452137174E-8
8.439999999999999E-5      -4.3396356562093216E-8
8.45E-5                   -4.56149936720492E-8
8.46E-5                   -4.7833630782004763E-8
8.47E-5                   -5.005226789195993E-8
8.48E-5                   -5.2270905001914716E-8
8.489999999999999E-5      -5.448954211186883E-8
8.499999999999999E-5      -5.670817922182282E-8
8.51E-5                   -5.892681633177643E-8
8.52E-5                   -6.114545344172964E-8
8.53E-5                   -6.336409055168246E-8
8.54E-5                   -6.558272766163489E-8
8.549999999999999E-5      -6.780136477158661E-8
8.56E-5                   -7.002000188153826E-8
8.57E-5                   -7.223863899148955E-8
8.58E-5                   -7.44572761014404E-8
8.59E-5                   -7.667591321139087E-8
8.599999999999999E-5      -7.889455032134064E-8
8.609999999999999E-5      -8.111318743129033E-8
8.62E-5                   -8.333182454123963E-8
8.63E-5                   -8.55504616511885E-8
8.64E-5                   -8.720780565061997E-8
8.65E-5                   -8.568163082515657E-8
8.659999999999999E-5      -8.41554559996931E-8
8.669999999999999E-5      -8.26292811742292E-8
8.68E-5                   -8.110310634876508E-8
8.69E-5                   -7.957693152330069E-8
8.7E-5                    -7.805075669783608E-8
8.709999999999999E-5      -7.65245818723714E-8
8.719999999999999E-5      -7.499840704690632E-8
8.73E-5                   -7.347223222144094E-8
8.74E-5                   -7.194605739597538E-8
8.75E-5                   -7.041988257050955E-8
8.76E-5                   -6.889370774504349E-8
8.769999999999999E-5      -6.736753291957738E-8
8.779999999999999E-5      -6.584135809411084E-8
8.79E-5                   -6.431518326864406E-8
8.8E-5                    -6.278900844317702E-8
8.81E-5                   -6.126283361770974E-8
8.82E-5                   -5.973665879224223E-8
8.829999999999999E-5      -5.8210483966774694E-8
8.84E-5                   -5.66843091413067E-8
8.85E-5                   -5.515813431583846E-8
8.86E-5                   -5.3631959490369995E-8
8.87E-5                   -5.2105784664901283E-8
8.879999999999999E-5      -5.0579609839432525E-8
8.889999999999999E-5      -4.9053435013963324E-8
8.9E-5                    -4.75272601884939E-8
8.91E-5                   -4.6001085363024226E-8
8.92E-5                   -4.4474910537554303E-8
8.93E-5                   -4.294873571208414E-8
8.939999999999999E-5      -4.142256088661395E-8
8.95E-5                   -3.9896386061143304E-8
8.96E-5                   -3.8370211235672435E-8
8.97E-5                   -3.6844036410201295E-8
8.98E-5                   -3.5317861584729936E-8
8.989999999999999E-5      -3.379168675925853E-8
8.999999999999999E-5      -3.226551193378669E-8
9.01E-5                   -3.073933710831461E-8
9.02E-5                   -2.9213162282842284E-8
9.03E-5                   -2.768698745736971E-8
9.04E-5                   -2.6160812631896907E-8
9.049999999999999E-5      -2.4634637806424062E-8
9.059999999999999E-5      -2.3108462980950775E-8
9.07E-5                   -2.158228815547725E-8
9.08E-5                   -2.0056113330003478E-8
9.09E-5                   -1.8529938504529452E-8
9.099999999999999E-5      -1.7003763679055413E-8
9.109999999999999E-5      -1.5477588853580908E-8
9.12E-5                   -1.3951414028106176E-8
9.13E-5                   -1.2425239202631208E-8
9.14E-5                   -1.089906437715599E-8
9.15E-5                   -9.372889551680534E-9
9.159999999999999E-5      -7.846714726205038E-9
9.169999999999999E-5      -6.320539900729106E-9
9.18E-5                   -4.794365075252928E-9
9.19E-5                   -3.268190249776504E-9
9.2E-5                    -1.7420154242998443E-9
9.21E-5                   -2.158405988229436E-10
9.219999999999999E-5      1.310334226653989E-9
9.23E-5                   2.8365090521313713E-9
9.24E-5                   4.362683877608995E-9
9.25E-5                   5.888858703086868E-9
9.26E-5                   7.415033528564973E-9
9.269999999999999E-5      8.94120835404312E-9
9.279999999999999E-5      1.0467383179521705E-8
9.29E-5                   1.199355800500053E-8
9.3E-5                    1.3519732830479596E-8
9.31E-5                   1.5045907655958912E-8
9.32E-5                   1.6572082481438467E-8
9.329999999999999E-5      1.809825730691805E-8
9.34E-5                   1.9624432132398082E-8
9.35E-5                   2.115060695787835E-8
9.36E-5                   2.267678178335886E-8
9.37E-5                   2.420295660883963E-8
9.379999999999999E-5      2.5729131434320402E-8
9.389999999999999E-5      2.7255306259801648E-8
9.4E-5                    2.8781481085283124E-8
9.41E-5                   3.030765591076484E-8
9.42E-5                   3.18338307362468E-8
9.43E-5                   3.3360005561728984E-8
9.439999999999999E-5      3.488618038721123E-8
9.449999999999999E-5      3.641235521269391E-8
9.46E-5                   3.793853003817683E-8
9.47E-5                   3.946470486365999E-8
9.48E-5                   4.099087968914341E-8
9.489999999999999E-5      4.251705451462683E-8
9.499999999999999E-5      4.4043229340110724E-8
9.51E-5                   4.556940416559484E-8
9.52E-5                   4.709557899107922E-8
9.53E-5                   4.8621753816563816E-8
9.54E-5                   5.014792864204866E-8
9.549999999999999E-5      5.1674103467533546E-8
9.559999999999999E-5      5.320027829301888E-8
9.57E-5                   5.4726453118504454E-8
9.58E-5                   5.6252627943990265E-8
9.59E-5                   5.777880276947633E-8
9.6E-5                    5.930497759496262E-8
9.609999999999999E-5      6.083115242044894E-8
9.62E-5                   6.23573272459357E-8
9.63E-5                   6.388350207142273E-8
9.64E-5                   6.501225762728268E-8
9.65E-5                   6.388694716571226E-8
9.659999999999999E-5      6.276163670414216E-8
9.669999999999999E-5      6.163632624257205E-8
9.68E-5                   6.051101578100213E-8
9.69E-5                   5.938570531943237E-8
9.7E-5                    5.826039485786277E-8
9.71E-5                   5.71350843962933E-8
9.719999999999999E-5      5.6009773934724184E-8
9.73E-5                   5.488446347315506E-8
9.74E-5                   5.37591530115861E-8
9.75E-5                   5.2633842550017307E-8
9.76E-5                   5.150853208844868E-8
9.769999999999999E-5      5.038322162688037E-8
9.779999999999999E-5      4.9257911165312063E-8
9.79E-5                   4.8132600703743914E-8
9.8E-5                    4.700729024217593E-8
9.81E-5                   4.588197978060811E-8
9.82E-5                   4.475666931904047E-8
9.829999999999999E-5      4.363135885747312E-8
9.839999999999999E-5      4.250604839590579E-8
9.85E-5                   4.138073793433861E-8
9.86E-5                   4.0255427472771604E-8
9.87E-5                   3.913011701120476E-8
9.879999999999999E-5      3.8004806549638236E-8
9.889999999999999E-5      3.687949608807171E-8
9.9E-5                    3.5754185626505365E-8
9.91E-5                   3.462887516493917E-8
9.92E-5                   3.350356470337314E-8
9.93E-5                   3.2378254241807275E-8
9.939999999999999E-5      3.1252943780241706E-8
9.949999999999999E-5      3.012763331867617E-8
9.96E-5                   2.900232285711079E-8
9.97E-5                   2.7877012395545556E-8
9.98E-5                   2.6751701933980503E-8
9.989999999999999E-5      2.5626391472415755E-8
9.999999999999999E-5      2.4501081010851026E-8
