% Model:              20230225_JW_4_30.mph
% Version:            COMSOL 5.6.0.401
% Date:               Feb 25 2023, 20:57
% Dimension:          1
% Nodes:              1001
% Expressions:        1
% Description:        点图
% X                       Height
0                         1.7746286360418335
1.0E-7                    1.779606186283338
2.0E-7                    1.8316287920176386
3.0E-7                    1.9072901026924811
4.0E-7                    1.9505846041106314
5.0E-7                    1.9635323950440058
6.0E-7                    1.966865696495146
7.0E-7                    1.954175310003937
8.0E-7                    1.9320210038145957
9.0E-7                    1.9020861167207832
1.0E-6                    1.8681401136770779
1.1E-6                    1.8316255459014266
1.2E-6                    1.7946273825624766
1.2999999999999998E-6     1.757228630575797
1.4E-6                    1.719867863561057
1.5E-6                    1.6830813141086707
1.6E-6                    1.6470773427909973
1.6999999999999998E-6     1.6116656138685628
1.8E-6                    1.5769169919810153
1.9E-6                    1.5427745573886271
2.0E-6                    1.5096534448429861
2.1E-6                    1.4770967662642944
2.2E-6                    1.4452401467439764
2.3E-6                    1.4141826145494698
2.4E-6                    1.3834507874150654
2.4999999999999998E-6     1.3538502798709222
2.5999999999999997E-6     1.3251421623859625
2.7E-6                    1.2966908632506857
2.8E-6                    1.2683097958892295
2.8999999999999998E-6     1.2411912090397625
3.0E-6                    1.21457312280595
3.1E-6                    1.1883020851657604
3.2E-6                    1.1627585781432883
3.2999999999999997E-6     1.1376900237860776
3.3999999999999996E-6     1.1135008403162687
3.5E-6                    1.089539273225226
3.6E-6                    1.0662080576871749
3.6999999999999997E-6     1.0429632711236951
3.8E-6                    1.0203300735203864
3.9E-6                    0.9984467979821466
4.0E-6                    0.9772000920960574
4.1E-6                    0.9560378177416861
4.2E-6                    0.93541982385486
4.2999999999999995E-6     0.9152541014795139
4.4E-6                    0.8954939170205296
4.5E-6                    0.8764950629846732
4.6E-6                    0.8575508012271039
4.7E-6                    0.8388461057320835
4.8E-6                    0.8208689235453077
4.9E-6                    0.8032808954579942
4.9999999999999996E-6     0.7858755655912932
5.0999999999999995E-6     0.7690592847994375
5.199999999999999E-6      0.7525766605450644
5.3E-6                    0.7364276850984078
5.4E-6                    0.7206059151036777
5.5E-6                    0.7051168440817647
5.6E-6                    0.6899826704689266
5.7E-6                    0.6752083514761325
5.7999999999999995E-6     0.6608004527672272
5.899999999999999E-6      0.6467139676411251
6.0E-6                    0.6326275042688198
6.1E-6                    0.6191980195589817
6.2E-6                    0.6059283743656195
6.3E-6                    0.5928382472818997
6.4E-6                    0.5802836967815008
6.5E-6                    0.5677291604708576
6.5999999999999995E-6     0.5556144643160487
6.699999999999999E-6      0.543690327594357
6.799999999999999E-6      0.5318624826915732
6.9E-6                    0.5206050161350897
7.0E-6                    0.5093475608585577
7.1E-6                    0.4984683790711707
7.2E-6                    0.48785085130423544
7.2999999999999996E-6     0.477253616484555
7.3999999999999995E-6     0.4671724650223798
7.499999999999999E-6      0.4570913219162229
7.6E-6                    0.44728010595114426
7.699999999999999E-6      0.43775606687763874
7.8E-6                    0.42823203421041167
7.899999999999999E-6      0.41922386091041514
8.0E-6                    0.41025379748150703
8.1E-6                    0.40142139872478855
8.2E-6                    0.39281560767322304
8.3E-6                    0.38420982170458556
8.4E-6                    0.3761682298227816
8.5E-6                    0.36824664099478155
8.599999999999999E-6      0.3603194944019482
8.7E-6                    0.3523774150526522
8.8E-6                    0.3444353401480693
8.9E-6                    0.3367262281329507
9.0E-6                    0.32964004777500355
9.1E-6                    0.32331257797274426
9.2E-6                    0.3164809738298451
9.299999999999999E-6      0.3091564922976435
9.4E-6                    0.3029123502166242
9.499999999999999E-6      0.29627559487064153
9.6E-6                    0.29001745843855575
9.7E-6                    0.2836571078820642
9.8E-6                    0.27766591699563825
9.9E-6                    0.27170619472172625
9.999999999999999E-6      0.2658571250350996
1.01E-5                   0.2601770937527094
1.0199999999999999E-5     0.2545961274865967
1.03E-5                   0.2491379534791793
1.0399999999999999E-5     0.24380574461735297
1.05E-5                   0.23856930677213806
1.06E-5                   0.23348932196746386
1.07E-5                   0.2284787995885883
1.08E-5                   0.2235571272446717
1.0899999999999999E-5     0.2187892279320949
1.1E-5                    0.2141046704502232
1.1099999999999999E-5     0.20950824717107458
1.12E-5                   0.2050064090130983
1.13E-5                   0.20062709861495964
1.14E-5                   0.19633137310837448
1.15E-5                   0.19211651406487773
1.1599999999999999E-5     0.18799036641381367
1.17E-5                   0.18403241902954037
1.1799999999999999E-5     0.1800744721169601
1.19E-5                   0.17618545840722333
1.2E-5                    0.17245331725409077
1.21E-5                   0.16872117652686533
1.22E-5                   0.16511408587205226
1.2299999999999999E-5     0.1615985723893469
1.24E-5                   0.15808305921106755
1.2499999999999999E-5     0.1547379091942869
1.26E-5                   0.1514230021979698
1.2699999999999999E-5     0.14813111195116546
1.28E-5                   0.14500606895651502
1.29E-5                   0.14188102620357712
1.3E-5                    0.13882661102677066
1.31E-5                   0.13588118606111654
1.3199999999999999E-5     0.132935761273697
1.33E-5                   0.13010439224241122
1.3399999999999999E-5     0.1273304300526776
1.35E-5                   0.12455646804136858
1.3599999999999999E-5     0.12192750470171088
1.37E-5                   0.11930826134663298
1.38E-5                   0.11672145572017124
1.3899999999999999E-5     0.11425729718619035
1.4E-5                    0.11179313876634674
1.4099999999999999E-5     0.10939555305676256
1.42E-5                   0.10706975791616412
1.4299999999999999E-5     0.10474396287466493
1.44E-5                   0.10251882576906281
1.45E-5                   0.10032668396084396
1.4599999999999999E-5     0.09813777303645221
1.47E-5                   0.09607429014062024
1.4799999999999999E-5     0.09401080731219387
1.49E-5                   0.09198081917612166
1.4999999999999999E-5     0.09003007692544507
1.51E-5                   0.08807933473252488
1.52E-5                   0.08619673380772039
1.53E-5                   0.08436573126507041
1.5399999999999998E-5     0.08253472876778538
1.55E-5                   0.08078434487184065
1.56E-5                   0.0790491957306371
1.57E-5                   0.07732635971138226
1.5799999999999998E-5     0.07570013186587855
1.59E-5                   0.07407390405055464
1.6E-5                    0.07248056206964666
1.61E-5                   0.07093974548441796
1.62E-5                   0.06939892892888469
1.63E-5                   0.06791893960650405
1.64E-5                   0.06647070455222258
1.6499999999999998E-5     0.06502246952242144
1.66E-5                   0.06365337363372507
1.67E-5                   0.062290326392393826
1.68E-5                   0.060940735902139116
1.69E-5                   0.05964464427765086
1.7E-5                    0.05834855267724739
1.71E-5                   0.05709676500347666
1.7199999999999998E-5     0.05589434639710127
1.73E-5                   0.054692062246686185
1.74E-5                   0.05349721893714066
1.75E-5                   0.05230237566211211
1.76E-5                   0.051202761703259894
1.77E-5                   0.050125768381752124
1.78E-5                   0.04909193015010306
1.7899999999999998E-5     0.048055689894063135
1.8E-5                    0.046956625439712865
1.81E-5                   0.04593240972693527
1.82E-5                   0.044966473006490884
1.8299999999999998E-5     0.04401416618310414
1.84E-5                   0.043025301804654394
1.85E-5                   0.042065756357127705
1.8599999999999998E-5     0.04117339240222732
1.87E-5                   0.04029300917221687
1.88E-5                   0.0394237824507909
1.89E-5                   0.03857095589460571
1.8999999999999998E-5     0.037758187497356335
1.91E-5                   0.036944877028867534
1.92E-5                   0.03614778967060818
1.9299999999999998E-5     0.03537848470914348
1.94E-5                   0.03462291440495532
1.95E-5                   0.033877506207177076
1.96E-5                   0.03314570150435477
1.9699999999999998E-5     0.03244452025157701
1.98E-5                   0.03175826236803833
1.99E-5                   0.03107648442579067
1.9999999999999998E-5     0.030394706486673317
2.01E-5                   0.029756146471721076
2.02E-5                   0.029119006224302853
2.03E-5                   0.02848794973679247
2.0399999999999998E-5     0.02788717984950607
2.05E-5                   0.027286409963735516
2.06E-5                   0.02669806931799576
2.07E-5                   0.026131226538613727
2.0799999999999997E-5     0.02556438376081081
2.09E-5                   0.025018018484922567
2.1E-5                    0.024487391499740278
2.1099999999999998E-5     0.02395676451552633
2.12E-5                   0.023447647482677785
2.13E-5                   0.022945156139553287
2.14E-5                   0.022442664797567655
2.1499999999999997E-5     0.021983629293523953
2.16E-5                   0.02152623590069187
2.17E-5                   0.021068842508540922
2.1799999999999998E-5     0.020611449117096236
2.19E-5                   0.02015405572638294
2.2E-5                    0.019715254661433427
2.21E-5                   0.019309257398458103
2.2199999999999998E-5     0.018903260136042026
2.23E-5                   0.018497262874202752
2.24E-5                   0.01809126561295786
2.2499999999999998E-5     0.01768526835232491
2.26E-5                   0.017315005096141495
2.27E-5                   0.016956032240415912
2.28E-5                   0.016597059384902673
2.2899999999999998E-5     0.016238086529613952
2.3E-5                    0.015879113674561875
2.31E-5                   0.015526587666127304
2.3199999999999998E-5     0.0152084018579308
2.33E-5                   0.014890216050060164
2.34E-5                   0.014572030242523886
2.35E-5                   0.014253844435330398
2.3599999999999998E-5     0.013935658628488161
2.37E-5                   0.013646208818066786
2.38E-5                   0.013379686121442353
2.3899999999999998E-5     0.013113163424938257
2.4E-5                    0.012846640728559452
2.41E-5                   0.012580118032310935
2.42E-5                   0.012313595336197667
2.4299999999999998E-5     0.012047072640224624
2.44E-5                   0.011780549944396763
2.45E-5                   0.011514027248719078
2.4599999999999998E-5     0.011247504553196532
2.4699999999999997E-5     0.010980981857834094
2.48E-5                   0.010734803129865567
2.49E-5                   0.010525988195520041
2.4999999999999998E-5     0.010317173261229832
2.51E-5                   0.010108358326997335
2.52E-5                   0.009899543392824943
2.53E-5                   0.009690728458715044
2.5399999999999997E-5     0.009481913524670033
2.55E-5                   0.00927309859069228
2.56E-5                   0.009064283656784206
2.5699999999999998E-5     0.008855468722948184
2.58E-5                   0.0086466537891866
2.59E-5                   0.008444565495447766
2.6E-5                    0.00828094134682357
2.6099999999999997E-5     0.00811731719820813
2.62E-5                   0.007953693049602585
2.63E-5                   0.007790068901008101
2.6399999999999998E-5     0.00762644475242582
2.65E-5                   0.007462820603856887
2.66E-5                   0.007299196455302466
2.67E-5                   0.007135572306763699
2.6799999999999998E-5     0.006971948158241739
2.69E-5                   0.006808324009737727
2.7E-5                    0.006644699861252828
2.7099999999999998E-5     0.0065145247046619476
2.7199999999999997E-5     0.006386290124825417
2.73E-5                   0.00625805554501941
2.74E-5                   0.0061298209652444905
2.7499999999999998E-5     0.006001586385501206
2.76E-5                   0.005873351805790109
2.77E-5                   0.0057451172261117605
2.7799999999999998E-5     0.005616882646466707
2.7899999999999997E-5     0.005488648066855505
2.8E-5                    0.005360413487278705
2.81E-5                   0.005232178907736867
2.8199999999999998E-5     0.005124573029027754
2.83E-5                   0.005024159401503776
2.84E-5                   0.00492374577397358
2.8499999999999998E-5     0.004823332146437433
2.8599999999999997E-5     0.004722918518895598
2.87E-5                   0.004622504891348337
2.88E-5                   0.004522091263795925
2.8899999999999998E-5     0.004421677636238623
2.9E-5                    0.004321264008676694
2.91E-5                   0.00422085038111041
2.9199999999999998E-5     0.004120436753540034
2.9299999999999997E-5     0.004031674163272209
2.94E-5                   0.003952924943869836
2.95E-5                   0.0038741757244802584
2.9599999999999998E-5     0.0037954265051036015
2.97E-5                   0.003716677285739991
2.98E-5                   0.00363792806638956
2.99E-5                   0.003559178847052436
2.9999999999999997E-5     0.0034804296277287446
3.01E-5                   0.003401680408418614
3.02E-5                   0.0033229311891221753
3.0299999999999998E-5     0.0032441819698395555
3.04E-5                   0.0031711457133583093
3.05E-5                   0.0031094954537154553
3.06E-5                   0.003047845194069487
3.07E-5                   0.002986194934420464
3.0799999999999996E-5     0.002924544674768453
3.09E-5                   0.0028628944151135095
3.1E-5                    0.0028012441554556974
3.11E-5                   0.002739593895795082
3.12E-5                   0.002677943636131719
3.13E-5                   0.0026162933764656716
3.14E-5                   0.002554643116797006
3.15E-5                   0.002494730702157683
3.1599999999999996E-5     0.00244640469617466
3.17E-5                   0.0023980786901952
3.18E-5                   0.0023497526842193336
3.1899999999999996E-5     0.0023014266782470957
3.2E-5                    0.0022531006722785077
3.21E-5                   0.0022047746663136037
3.22E-5                   0.002156448660352416
3.23E-5                   0.0021081226543949675
3.24E-5                   0.002059796648441292
3.25E-5                   0.0020114706424914216
3.26E-5                   0.001963144636545379
3.2699999999999995E-5     0.0019245039107713272
3.28E-5                   0.0018866287888459233
3.29E-5                   0.0018487536669204625
3.2999999999999996E-5     0.0018108785449949618
3.31E-5                   0.0017730034230694313
3.32E-5                   0.001735128301143887
3.3299999999999996E-5     0.0016972531792183454
3.34E-5                   0.0016593780572928157
3.35E-5                   0.0016215029353673154
3.36E-5                   0.0015836278134418614
3.37E-5                   0.0015457526915164624
3.38E-5                   0.0015138286326274023
3.39E-5                   0.0014841839179792072
3.4E-5                    0.001454539203331164
3.4099999999999995E-5     0.0014248944886832851
3.42E-5                   0.001395249774035572
3.43E-5                   0.0013656050593880344
3.4399999999999996E-5     0.0013359603447406806
3.45E-5                   0.0013063156300935136
3.46E-5                   0.0012766709154465419
3.4699999999999996E-5     0.001247026200799775
3.48E-5                   0.0012173814861532156
3.49E-5                   0.0011910488802845613
3.5E-5                    0.0011677812872884614
3.51E-5                   0.001144513694293163
3.52E-5                   0.0011212461012986704
3.53E-5                   0.0010979785083049883
3.54E-5                   0.0010747109153121175
3.5499999999999996E-5     0.0010514433223200634
3.56E-5                   0.0010281757293288277
3.57E-5                   0.0010049081363384133
3.5799999999999996E-5     9.816405433488269E-4
3.59E-5                   9.583729503600675E-4
3.6E-5                    9.367072266049059E-4
3.6099999999999997E-5     9.185138323625039E-4
3.62E-5                   9.00320438119568E-4
3.63E-5                   8.821270438761007E-4
3.64E-5                   8.639336496321052E-4
3.65E-5                   8.457402553875801E-4
3.6599999999999995E-5     8.275468611425296E-4
3.67E-5                   8.093534668969532E-4
3.68E-5                   7.911600726508533E-4
3.6899999999999996E-5     7.72966678404233E-4
3.7E-5                    7.547732841570911E-4
3.71E-5                   7.371736689041538E-4
3.7199999999999996E-5     7.242816562393465E-4
3.73E-5                   7.113896435749712E-4
3.74E-5                   6.98497630911029E-4
3.75E-5                   6.856056182475215E-4
3.76E-5                   6.727136055844475E-4
3.77E-5                   6.598215929218084E-4
3.78E-5                   6.469295802596059E-4
3.79E-5                   6.340375675978383E-4
3.7999999999999995E-5     6.211455549365085E-4
3.81E-5                   6.082535422756148E-4
3.82E-5                   5.953615296151588E-4
3.8299999999999996E-5     5.82469516955142E-4
3.84E-5                   5.695775042955632E-4
3.85E-5                   5.56685491636424E-4
3.8599999999999996E-5     5.437934789777255E-4
3.87E-5                   5.309014663194668E-4
3.88E-5                   5.180094536616491E-4
3.89E-5                   5.05117441004274E-4
3.9E-5                    4.922254283473403E-4
3.9099999999999995E-5     4.7933341569085026E-4
3.92E-5                   4.6644140303480274E-4
3.93E-5                   4.535493903791991E-4
3.9399999999999995E-5     4.4421296696743135E-4
3.95E-5                   4.36366951997536E-4
3.96E-5                   4.2852093702745936E-4
3.9699999999999996E-5     4.206749220572018E-4
3.98E-5                   4.1282890708676243E-4
3.99E-5                   4.04982892116142E-4
3.9999999999999996E-5     3.971368771453409E-4
4.01E-5                   3.892908621743585E-4
4.02E-5                   3.814448472031954E-4
4.03E-5                   3.735988322318523E-4
4.04E-5                   3.65752817260328E-4
4.0499999999999995E-5     3.57906802288624E-4
4.06E-5                   3.500607873167391E-4
4.07E-5                   3.422147723446741E-4
4.0799999999999996E-5     3.3436875737242967E-4
4.09E-5                   3.265227424000049E-4
4.1E-5                    3.186767274274004E-4
4.1099999999999996E-5     3.1083071245461674E-4
4.12E-5                   3.029846974816531E-4
4.13E-5                   2.951386825085101E-4
4.14E-5                   2.8729266753518845E-4
4.15E-5                   2.7944665256168707E-4
4.1599999999999995E-5     2.725129844629981E-4
4.17E-5                   2.677360907501854E-4
4.18E-5                   2.6295919703744425E-4
4.1899999999999995E-5     2.58182303324775E-4
4.2E-5                    2.5340540961217697E-4
4.21E-5                   2.486285158996506E-4
4.2199999999999996E-5     2.438516221871962E-4
4.23E-5                   2.3907472847481311E-4
4.24E-5                   2.342978347625017E-4
4.2499999999999996E-5     2.2952094105026238E-4
4.26E-5                   2.2474404733809452E-4
4.27E-5                   2.1996715362599837E-4
4.28E-5                   2.1519025991397438E-4
4.29E-5                   2.1041336620202197E-4
4.2999999999999995E-5     2.0563647249014172E-4
4.31E-5                   2.0085957877833297E-4
4.32E-5                   1.9608268506659626E-4
4.3299999999999995E-5     1.9130579135493174E-4
4.34E-5                   1.8652889764333893E-4
4.35E-5                   1.8175200393181812E-4
4.3599999999999996E-5     1.7697511022036962E-4
4.37E-5                   1.7219821650899295E-4
4.38E-5                   1.6742132279768838E-4
4.3899999999999996E-5     1.642999316208202E-4
4.4E-5                    1.6138336750887129E-4
4.41E-5                   1.5846680339689858E-4
4.42E-5                   1.555502392849021E-4
4.43E-5                   1.526336751728816E-4
4.4399999999999995E-5     1.4971711106083742E-4
4.45E-5                   1.468005469487692E-4
4.46E-5                   1.4388398283667715E-4
4.4699999999999996E-5     1.4096741872456143E-4
4.48E-5                   1.380508546124217E-4
4.49E-5                   1.351342905002581E-4
4.4999999999999996E-5     1.3221772638807088E-4
4.51E-5                   1.2930116227585965E-4
4.52E-5                   1.2638459816362467E-4
4.5299999999999997E-5     1.23468034051366E-4
4.54E-5                   1.205514699390834E-4
4.5499999999999995E-5     1.1763490582677714E-4
4.56E-5                   1.1471834171444694E-4
4.57E-5                   1.1180177760209297E-4
4.5799999999999995E-5     1.088852134897154E-4
4.59E-5                   1.0596864937731387E-4
4.6E-5                    1.0305208526488862E-4
4.6099999999999996E-5     1.008272891338106E-4
4.62E-5                   9.934435670573399E-5
4.63E-5                   9.786142427766051E-5
4.6399999999999996E-5     9.637849184959029E-5
4.65E-5                   9.489555942152312E-5
4.66E-5                   9.341262699345908E-5
4.67E-5                   9.19296945653983E-5
4.68E-5                   9.044676213734059E-5
4.6899999999999995E-5     8.89638297092861E-5
4.7E-5                    8.748089728123469E-5
4.71E-5                   8.599796485318641E-5
4.7199999999999995E-5     8.451503242514139E-5
4.73E-5                   8.303209999709944E-5
4.74E-5                   8.154916756906064E-5
4.7499999999999996E-5     8.00662351410251E-5
4.76E-5                   7.858330271299261E-5
4.77E-5                   7.710037028496329E-5
4.7799999999999996E-5     7.56174378569372E-5
4.79E-5                   7.413450542891422E-5
4.8E-5                    7.265157300089437E-5
4.81E-5                   7.116864057287778E-5
4.82E-5                   6.968570814486426E-5
4.8299999999999995E-5     6.8202775716854E-5
4.84E-5                   6.67198432888468E-5
4.85E-5                   6.523691086084278E-5
4.8599999999999995E-5     6.375397843284201E-5
4.87E-5                   6.227104600484433E-5
4.88E-5                   6.0788113576849804E-5
4.8899999999999996E-5     5.930518114885855E-5
4.9E-5                    5.7822248720870366E-5
4.91E-5                   5.6339316292885346E-5
4.9199999999999997E-5     5.48563838649036E-5
4.93E-5                   5.337345143692494E-5
4.9399999999999995E-5     5.189051900894953E-5
4.95E-5                   5.040758658097721E-5
4.96E-5                   4.892465415300806E-5
4.9699999999999995E-5     4.74417217250422E-5
4.98E-5                   4.595878929707942E-5
4.99E-5                   4.4475856869119784E-5
4.9999999999999996E-5     4.2992924441163455E-5
5.01E-5                   4.150999201321019E-5
5.02E-5                   4.002705958526011E-5
5.0299999999999996E-5     3.854412715731332E-5
5.04E-5                   3.7061194729369595E-5
5.05E-5                   3.5578262301429075E-5
5.06E-5                   3.47405489068256E-5
5.07E-5                   3.4223816561911154E-5
5.0799999999999995E-5     3.370708421699641E-5
5.09E-5                   3.3190351872081296E-5
5.1E-5                    3.2673619527165846E-5
5.1099999999999995E-5     3.21568871822501E-5
5.12E-5                   3.1640154837333976E-5
5.13E-5                   3.112342249241752E-5
5.1399999999999996E-5     3.0606690147500765E-5
5.15E-5                   3.008995780258365E-5
5.16E-5                   2.9573225457666188E-5
5.1699999999999996E-5     2.9056493112748437E-5
5.18E-5                   2.8539760767830303E-5
5.1899999999999994E-5     2.802302842291188E-5
5.2E-5                    2.7506296077993083E-5
5.21E-5                   2.6989563733073953E-5
5.2199999999999995E-5     2.6472831388154525E-5
5.23E-5                   2.595609904323473E-5
5.24E-5                   2.5439366698314595E-5
5.2499999999999995E-5     2.4922634353394167E-5
5.26E-5                   2.4405902008473357E-5
5.27E-5                   2.3889169663552228E-5
5.2799999999999996E-5     2.337243731863079E-5
5.29E-5                   2.285570497370899E-5
5.3E-5                    2.233897262878685E-5
5.3099999999999996E-5     2.1822240283864412E-5
5.32E-5                   2.1305507938941606E-5
5.3299999999999995E-5     2.0788775594018505E-5
5.34E-5                   2.0272043249095025E-5
5.35E-5                   1.975531090417122E-5
5.3599999999999995E-5     1.9238578559247116E-5
5.37E-5                   1.872184621432264E-5
5.38E-5                   1.820511386939783E-5
5.3899999999999996E-5     1.7688381524472724E-5
5.4E-5                    1.7171649179547245E-5
5.41E-5                   1.6654916834621434E-5
5.4199999999999996E-5     1.6138184489695324E-5
5.43E-5                   1.5621452144768852E-5
5.4399999999999994E-5     1.5104719799842072E-5
5.4499999999999997E-5     1.4587987454914927E-5
5.46E-5                   1.407125510998745E-5
5.4699999999999995E-5     1.3554522765059673E-5
5.48E-5                   1.3037790420131528E-5
5.49E-5                   1.2521058075203049E-5
5.4999999999999995E-5     1.2004325730274276E-5
5.51E-5                   1.17818805205618E-5
5.52E-5                   1.1610129569697115E-5
5.5299999999999996E-5     1.143837861883239E-5
5.54E-5                   1.12666276679676E-5
5.55E-5                   1.1094876717102759E-5
5.5599999999999996E-5     1.092312576623788E-5
5.57E-5                   1.0751374815372932E-5
5.5799999999999994E-5     1.0579623864507944E-5
5.59E-5                   1.0407872913642897E-5
5.6E-5                    1.0236121962777795E-5
5.6099999999999995E-5     1.0064371011912655E-5
5.62E-5                   9.892620061047449E-6
5.63E-5                   9.720869110182192E-6
5.6399999999999995E-5     9.549118159316895E-6
5.65E-5                   9.377367208451531E-6
5.66E-5                   9.20561625758612E-6
5.6699999999999996E-5     9.033865306720663E-6
5.68E-5                   8.862114355855147E-6
5.69E-5                   8.690363404989579E-6
5.6999999999999996E-5     8.51861245412397E-6
5.71E-5                   8.346861503258296E-6
5.7199999999999994E-5     8.175110552392584E-6
5.73E-5                   8.003359601526805E-6
5.74E-5                   7.831608650660974E-6
5.7499999999999995E-5     7.659857699795104E-6
5.76E-5                   7.488106748929172E-6
5.77E-5                   7.316355798063188E-6
5.7799999999999995E-5     7.144604847197163E-6
5.79E-5                   6.972853896331072E-6
5.8E-5                    6.801102945464931E-6
5.8099999999999996E-5     6.629351994598752E-6
5.82E-5                   6.457601043732506E-6
5.8299999999999994E-5     6.285850092866219E-6
5.8399999999999997E-5     6.114099141999872E-6
5.85E-5                   5.942348191133472E-6
5.8599999999999995E-5     5.770597240267029E-6
5.87E-5                   5.598846289400525E-6
5.88E-5                   5.427095338533969E-6
5.8899999999999995E-5     5.255344387667372E-6
5.9E-5                    5.08359343680071E-6
5.91E-5                   4.911842485933999E-6
5.9199999999999996E-5     4.740091535067245E-6
5.93E-5                   4.568340584200428E-6
5.94E-5                   4.39658963333356E-6
5.9499999999999996E-5     4.229582104672559E-6
5.96E-5                   4.181634722926392E-6
5.9699999999999994E-5     4.133687341180246E-6
5.98E-5                   4.085739959434114E-6
5.99E-5                   4.037792577688E-6
5.9999999999999995E-5     3.989845195941906E-6
6.01E-5                   3.9418978141958275E-6
6.02E-5                   3.893950432449767E-6
6.0299999999999995E-5     3.846003050703726E-6
6.04E-5                   3.7980556689577014E-6
6.05E-5                   3.7501082872116934E-6
6.0599999999999996E-5     3.7021609054657058E-6
6.07E-5                   3.654213523719732E-6
6.08E-5                   3.6062661419737787E-6
6.0899999999999996E-5     3.558318760227845E-6
6.1E-5                    3.5103713784819254E-6
6.11E-5                   3.4624239967360275E-6
6.12E-5                   3.4144766149901427E-6
6.13E-5                   3.3665292332442753E-6
6.14E-5                   3.3185818514984266E-6
6.149999999999999E-5      3.270634469752603E-6
6.159999999999999E-5      3.2226870880067892E-6
6.17E-5                   3.174739706260993E-6
6.18E-5                   3.1267923245152154E-6
6.19E-5                   3.0788449427694547E-6
6.2E-5                    3.0308975610237127E-6
6.209999999999999E-5      2.9829501792779935E-6
6.22E-5                   2.9350027975322862E-6
6.23E-5                   2.887055415786597E-6
6.24E-5                   2.839108034040925E-6
6.25E-5                   2.791160652295271E-6
6.26E-5                   2.743213270549635E-6
6.269999999999999E-5      2.6952658888040217E-6
6.28E-5                   2.647318507058421E-6
6.29E-5                   2.5993711253128375E-6
6.3E-5                    2.551423743567272E-6
6.31E-5                   2.5034763618217236E-6
6.319999999999999E-5      2.4555289800761996E-6
6.33E-5                   2.4075815983306867E-6
6.34E-5                   2.3596342165851916E-6
6.35E-5                   2.3116868348397147E-6
6.36E-5                   2.2637394530942556E-6
6.37E-5                   2.2157920713488134E-6
6.379999999999999E-5      2.167844689603395E-6
6.39E-5                   2.119897307857988E-6
6.4E-5                    2.0719499261125995E-6
6.41E-5                   2.024002544367229E-6
6.42E-5                   1.976055162621875E-6
6.429999999999999E-5      1.928107780876546E-6
6.44E-5                   1.8801603991312283E-6
6.45E-5                   1.8322130173859274E-6
6.46E-5                   1.7842656356406449E-6
6.47E-5                   1.7363182538953801E-6
6.48E-5                   1.6883708721501326E-6
6.489999999999999E-5      1.6404234904049096E-6
6.5E-5                    1.5924761086596976E-6
6.51E-5                   1.5445287269145034E-6
6.52E-5                   1.4965813451693265E-6
6.53E-5                   1.4486339634241679E-6
6.539999999999999E-5      1.4006865816790334E-6
6.549999999999999E-5      1.35273919993391E-6
6.56E-5                   1.3047918181888038E-6
6.57E-5                   1.256844436443716E-6
6.58E-5                   1.2088970546986451E-6
6.59E-5                   1.160949672953593E-6
6.599999999999999E-5      1.1130022912085642E-6
6.61E-5                   1.0650549094635468E-6
6.62E-5                   1.0171075277185474E-6
6.63E-5                   9.691601459735652E-7
6.64E-5                   9.212127642286007E-7
6.65E-5                   8.732653824836543E-7
6.659999999999999E-5      8.25318000738732E-7
6.67E-5                   7.773706189938208E-7
6.68E-5                   7.294232372489273E-7
6.69E-5                   6.814758555040513E-7
6.7E-5                    6.335284737591935E-7
6.709999999999999E-5      5.855810920143595E-7
6.72E-5                   5.376337102695368E-7
6.73E-5                   4.896863285247317E-7
6.74E-5                   4.417389467799444E-7
6.75E-5                   3.937915650351746E-7
6.76E-5                   3.4584418329042283E-7
6.769999999999999E-5      2.9789680154569497E-7
6.78E-5                   2.4994941980097844E-7
6.79E-5                   2.0200203805627953E-7
6.8E-5                    1.5405465631159828E-7
6.81E-5                   1.0610727456693481E-7
6.819999999999999E-5      5.815989282229547E-8
6.829999999999999E-5      1.0212511077667348E-8
6.84E-5                   -3.7734870666943094E-8
6.85E-5                   -6.551854200259627E-8
6.86E-5                   -6.414635235440555E-8
6.87E-5                   -6.277416270621427E-8
6.879999999999999E-5      -6.140197305802266E-8
6.89E-5                   -6.002978340983034E-8
6.9E-5                    -5.8657593761637515E-8
6.91E-5                   -5.7285404113444164E-8
6.92E-5                   -5.591321446525029E-8
6.929999999999999E-5      -5.4541024817056093E-8
6.939999999999999E-5      -5.316883516886118E-8
6.95E-5                   -5.1796645520665746E-8
6.96E-5                   -5.0424455872469795E-8
6.97E-5                   -4.9052266224273354E-8
6.98E-5                   -4.7680076576076364E-8
6.989999999999999E-5      -4.630788692787906E-8
7.0E-5                    -4.4935697279681033E-8
7.01E-5                   -4.356350763148249E-8
7.02E-5                   -4.2191317983283447E-8
7.03E-5                   -4.0819128335083856E-8
7.04E-5                   -3.944693868688377E-8
7.049999999999999E-5      -3.807474903868335E-8
7.06E-5                   -3.6702559390482205E-8
7.07E-5                   -3.533036974228056E-8
7.08E-5                   -3.3958180094078404E-8
7.09E-5                   -3.258599044587571E-8
7.099999999999999E-5      -3.121380079767269E-8
7.11E-5                   -2.984161114946897E-8
7.12E-5                   -2.8469421501264725E-8
7.13E-5                   -2.709723185305997E-8
7.14E-5                   -2.5725042204854684E-8
7.15E-5                   -2.435285255664888E-8
7.159999999999999E-5      -2.2980662908442754E-8
7.17E-5                   -2.1608473260235914E-8
7.18E-5                   -2.023628361202857E-8
7.19E-5                   -1.886409396382069E-8
7.2E-5                    -1.7491904315612303E-8
7.209999999999999E-5      -1.6119714667403573E-8
7.219999999999999E-5      -1.4747525019194139E-8
7.23E-5                   -1.3375335370984208E-8
7.24E-5                   -1.2003145722773733E-8
7.25E-5                   -1.0630956074562746E-8
7.26E-5                   -9.258766426351237E-9
7.269999999999999E-5      -7.886576778139412E-9
7.28E-5                   -6.514387129926877E-9
7.29E-5                   -5.142197481713816E-9
7.3E-5                    -3.770007833500234E-9
7.31E-5                   -2.3978181852861404E-9
7.319999999999999E-5      -1.0256285370717041E-9
7.329999999999999E-5      3.4656111114342766E-10
7.34E-5                   1.7187507593590779E-9
7.35E-5                   3.090940407575247E-9
7.36E-5                   4.46313005579194E-9
7.37E-5                   5.835319704009146E-9
7.379999999999999E-5      7.207509352226694E-9
7.39E-5                   8.579699000444937E-9
7.4E-5                    9.9518886486637E-9
7.41E-5                   1.1324078296882986E-8
7.42E-5                   1.2696267945102782E-8
7.429999999999999E-5      1.406845759332292E-8
7.439999999999999E-5      1.5440647241543752E-8
7.45E-5                   1.6812836889765105E-8
7.46E-5                   1.8185026537986996E-8
7.47E-5                   1.9557216186209378E-8
7.48E-5                   2.0929405834432308E-8
7.489999999999999E-5      2.2301595482655543E-8
7.5E-5                    2.367378513087949E-8
7.51E-5                   2.504597477910397E-8
7.52E-5                   2.641816442732895E-8
7.53E-5                   2.7790354075554462E-8
7.54E-5                   2.9162543723780476E-8
7.549999999999999E-5      3.053473337200683E-8
7.56E-5                   3.190692302023391E-8
7.57E-5                   3.3279112668461474E-8
7.58E-5                   3.465130231668959E-8
7.59E-5                   3.60234919649182E-8
7.599999999999999E-5      3.7395681613147146E-8
7.609999999999999E-5      3.876787126137681E-8
7.62E-5                   4.014006090960698E-8
7.63E-5                   4.151225055783767E-8
7.64E-5                   4.288444020606889E-8
7.65E-5                   4.425662985430062E-8
7.659999999999999E-5      4.562881950253268E-8
7.67E-5                   4.700100915076545E-8
7.68E-5                   4.837319879899874E-8
7.69E-5                   4.974538844723255E-8
7.7E-5                    5.1117578095466866E-8
7.709999999999999E-5      5.248976774370151E-8
7.719999999999999E-5      5.386195739193688E-8
7.73E-5                   5.523414704017276E-8
7.74E-5                   5.660633668840916E-8
7.75E-5                   5.603219626465515E-8
7.76E-5                   5.490704735002773E-8
7.769999999999999E-5      5.378189843540089E-8
7.78E-5                   5.26567495207743E-8
7.79E-5                   5.1531600606148145E-8
7.8E-5                    5.040645169152243E-8
7.81E-5                   4.9281302776897124E-8
7.819999999999999E-5      4.815615386227239E-8
7.829999999999999E-5      4.7031004947647935E-8
7.84E-5                   4.5905856033023884E-8
7.85E-5                   4.4780707118400295E-8
7.86E-5                   4.365555820377712E-8
7.87E-5                   4.253040928915435E-8
7.879999999999999E-5      4.1405260374532164E-8
7.89E-5                   4.028011145991025E-8
7.9E-5                    3.9154962545288766E-8
7.91E-5                   3.8029813630667705E-8
7.92E-5                   3.6904664716047055E-8
7.93E-5                   3.577951580142684E-8
7.939999999999999E-5      3.46543668868072E-8
7.95E-5                   3.3529217972187844E-8
7.96E-5                   3.2404069057568894E-8
7.97E-5                   3.127892014295037E-8
7.98E-5                   3.015377122833228E-8
7.989999999999999E-5      2.9028622313714746E-8
7.999999999999999E-5      2.7903473399097503E-8
8.01E-5                   2.6778324484480695E-8
8.02E-5                   2.5653175569864293E-8
8.03E-5                   2.452802665524831E-8
8.04E-5                   2.3402877740632756E-8
8.049999999999999E-5      2.2277728826017787E-8
8.06E-5                   2.1152579911403093E-8
8.07E-5                   2.0027430996788812E-8
8.08E-5                   1.8902282082174948E-8
8.09E-5                   1.7777133167561514E-8
8.099999999999999E-5      1.6651984252948666E-8
8.109999999999999E-5      1.5526835338336092E-8
8.12E-5                   1.4401686423723929E-8
8.13E-5                   1.3276537509112195E-8
8.14E-5                   1.2151388594500884E-8
8.15E-5                   1.1026239679890004E-8
8.159999999999999E-5      9.901090765279684E-9
8.17E-5                   8.775941850669653E-9
8.18E-5                   7.650792936060037E-9
8.19E-5                   6.525644021450843E-9
8.2E-5                    5.400495106842082E-9
8.209999999999999E-5      4.275346192233897E-9
8.219999999999999E-5      3.1501972776259706E-9
8.23E-5                   2.0250483630184783E-9
8.24E-5                   8.998994484114099E-10
8.25E-5                   -2.2524946619523423E-10
8.26E-5                   -1.3503983808014543E-9
8.269999999999999E-5      -2.4755472954071042E-9
8.28E-5                   -3.6006962100124706E-9
8.29E-5                   -4.725845124617422E-9
8.3E-5                    -5.850994039221947E-9
8.31E-5                   -6.976142953826048E-9
8.319999999999999E-5      -8.101291868429575E-9
8.329999999999999E-5      -9.226440783032824E-9
8.34E-5                   -1.035158969763565E-8
8.35E-5                   -1.1476738612238058E-8
8.36E-5                   -1.2601887526840035E-8
8.37E-5                   -1.3727036441441594E-8
8.379999999999999E-5      -1.4852185356042574E-8
8.389999999999999E-5      -1.597733427064328E-8
8.4E-5                    -1.710248318524357E-8
8.41E-5                   -1.8227632099843424E-8
8.42E-5                   -1.9352781014442862E-8
8.43E-5                   -2.0477929929041874E-8
8.439999999999999E-5      -2.160307884364031E-8
8.45E-5                   -2.2728227758238473E-8
8.46E-5                   -2.385337667283621E-8
8.47E-5                   -2.497852558743353E-8
8.48E-5                   -2.6103674502030418E-8
8.489999999999999E-5      -2.7228823416626736E-8
8.499999999999999E-5      -2.835397233122278E-8
8.51E-5                   -2.9479121245818402E-8
8.52E-5                   -3.0604270160413595E-8
8.53E-5                   -3.172941907500836E-8
8.54E-5                   -3.285456798960271E-8
8.549999999999999E-5      -3.397971690419648E-8
8.56E-5                   -3.5104865818789986E-8
8.57E-5                   -3.6230014733383055E-8
8.58E-5                   -3.735516364797571E-8
8.59E-5                   -3.848031256256793E-8
8.599999999999999E-5      -3.960546147715958E-8
8.609999999999999E-5      -4.073061039175096E-8
8.62E-5                   -4.1855759306341926E-8
8.63E-5                   -4.298090822093245E-8
8.64E-5                   -4.382315191490123E-8
8.65E-5                   -4.306082559253846E-8
8.659999999999999E-5      -4.229849927017555E-8
8.669999999999999E-5      -4.15361729478123E-8
8.68E-5                   -4.0773846625448826E-8
8.69E-5                   -4.0011520303085105E-8
8.7E-5                    -3.924919398072116E-8
8.709999999999999E-5      -3.8486867658357066E-8
8.719999999999999E-5      -3.772454133599263E-8
8.73E-5                   -3.696221501362796E-8
8.74E-5                   -3.619988869126306E-8
8.75E-5                   -3.543756236889792E-8
8.76E-5                   -3.4675236046532556E-8
8.769999999999999E-5      -3.391290972416705E-8
8.779999999999999E-5      -3.315058340180118E-8
8.79E-5                   -3.23882570794351E-8
8.8E-5                    -3.162593075706877E-8
8.81E-5                   -3.0863604434702216E-8
8.82E-5                   -3.010127811233541E-8
8.829999999999999E-5      -2.9338951789968476E-8
8.84E-5                   -2.85766254676012E-8
8.85E-5                   -2.7814299145233685E-8
8.86E-5                   -2.705197282286594E-8
8.87E-5                   -2.6289646500497957E-8
8.879999999999999E-5      -2.5527320178129835E-8
8.889999999999999E-5      -2.476499385576138E-8
8.9E-5                    -2.400266753339268E-8
8.91E-5                   -2.3240341211023748E-8
8.92E-5                   -2.247801488865458E-8
8.93E-5                   -2.171568856628517E-8
8.939999999999999E-5      -2.0953362243915633E-8
8.95E-5                   -2.0191035921545747E-8
8.96E-5                   -1.942870959917563E-8
8.97E-5                   -1.8666383276805268E-8
8.98E-5                   -1.790405695443467E-8
8.989999999999999E-5      -1.7141730632063945E-8
8.999999999999999E-5      -1.637940430969288E-8
9.01E-5                   -1.561707798732158E-8
9.02E-5                   -1.4854751664950036E-8
9.03E-5                   -1.4092425342578256E-8
9.04E-5                   -1.3330099020206245E-8
9.049999999999999E-5      -1.2567772697834096E-8
9.059999999999999E-5      -1.1805446375461607E-8
9.07E-5                   -1.1043120053088877E-8
9.08E-5                   -1.0280793730715914E-8
9.09E-5                   -9.518467408342708E-9
9.099999999999999E-5      -8.756141085969383E-9
9.109999999999999E-5      -7.993814763595698E-9
9.12E-5                   -7.231488441221786E-9
9.13E-5                   -6.4691621188476364E-9
9.14E-5                   -5.706835796473254E-9
9.15E-5                   -4.944509474098633E-9
9.159999999999999E-5      -4.1821831517238745E-9
9.169999999999999E-5      -3.419856829348776E-9
9.18E-5                   -2.6575305069734434E-9
9.19E-5                   -1.8952041845978684E-9
9.2E-5                    -1.1328778622220612E-9
9.21E-5                   -3.7055153984601693E-10
9.219999999999999E-5      3.9177478253016333E-10
9.23E-5                   1.1541011049066843E-9
9.24E-5                   1.91642742728344E-9
9.25E-5                   2.6787537496604374E-9
9.26E-5                   3.4410800720376692E-9
9.269999999999999E-5      4.2034063944150355E-9
9.279999999999999E-5      4.96573271679274E-9
9.29E-5                   5.7280590391706795E-9
9.3E-5                    6.4903853615488584E-9
9.31E-5                   7.252711683927279E-9
9.32E-5                   8.015038006305935E-9
9.329999999999999E-5      8.777364328684723E-9
9.34E-5                   9.539690651063848E-9
9.35E-5                   1.0302016973443215E-8
9.36E-5                   1.1064343295822817E-8
9.37E-5                   1.1826669618202656E-8
9.379999999999999E-5      1.2588995940582627E-8
9.389999999999999E-5      1.335132226296294E-8
9.4E-5                    1.4113648585343488E-8
9.41E-5                   1.4875974907724274E-8
9.42E-5                   1.56383012301053E-8
9.43E-5                   1.640062755248656E-8
9.439999999999999E-5      1.7162953874867956E-8
9.449999999999999E-5      1.7925280197249694E-8
9.46E-5                   1.8687606519631663E-8
9.47E-5                   1.9449932842013874E-8
9.48E-5                   2.021225916439633E-8
9.489999999999999E-5      2.0974585486778904E-8
9.499999999999999E-5      2.1736911809161826E-8
9.51E-5                   2.2499238131544983E-8
9.52E-5                   2.3261564453928374E-8
9.53E-5                   2.4023890776312008E-8
9.54E-5                   2.478621709869588E-8
9.549999999999999E-5      2.554854342107988E-8
9.559999999999999E-5      2.6310869743464228E-8
9.57E-5                   2.7073196065848804E-8
9.58E-5                   2.783552238823362E-8
9.59E-5                   2.859784871061868E-8
9.6E-5                    2.936017503300398E-8
9.609999999999999E-5      3.012250135538939E-8
9.62E-5                   3.088482767777517E-8
9.63E-5                   3.164715400016116E-8
9.64E-5                   3.2212252703462363E-8
9.65E-5                   3.165872403296974E-8
9.659999999999999E-5      3.1105195362477346E-8
9.669999999999999E-5      3.055166669198502E-8
9.68E-5                   2.9998138021492845E-8
9.69E-5                   2.944460935100083E-8
9.7E-5                    2.8891080680508953E-8
9.71E-5                   2.8337552010017225E-8
9.719999999999999E-5      2.778402333952573E-8
9.73E-5                   2.72304946690343E-8
9.74E-5                   2.6676965998543037E-8
9.75E-5                   2.612343732805191E-8
9.76E-5                   2.5569908657560932E-8
9.769999999999999E-5      2.5016379987070187E-8
9.779999999999999E-5      2.4462851316579515E-8
9.79E-5                   2.3909322646088994E-8
9.8E-5                    2.3355793975598623E-8
9.81E-5                   2.2802265305108398E-8
9.82E-5                   2.2248736634618324E-8
9.829999999999999E-5      2.1695207964128486E-8
9.839999999999999E-5      2.1141679293638713E-8
9.85E-5                   2.0588150623149083E-8
9.86E-5                   2.0034621952659615E-8
9.87E-5                   1.9481093282170293E-8
9.879999999999999E-5      1.89275646116812E-8
9.889999999999999E-5      1.8374035941192175E-8
9.9E-5                    1.7820507270703306E-8
9.91E-5                   1.7266978600214585E-8
9.92E-5                   1.6713449929726014E-8
9.93E-5                   1.61599212592376E-8
9.939999999999999E-5      1.5606392588749404E-8
9.949999999999999E-5      1.5052863918261286E-8
9.96E-5                   1.4499335247773317E-8
9.97E-5                   1.3945806577285487E-8
9.98E-5                   1.339227790679782E-8
9.989999999999999E-5      1.2838749236310376E-8
9.999999999999999E-5      1.228522056582301E-8
