% Model:              20230225_JW_4_40.mph
% Version:            COMSOL 5.6.0.401
% Date:               Feb 25 2023, 21:11
% Dimension:          1
% Nodes:              1001
% Expressions:        1
% Description:        点图
% X                       Height
0                         0.12087741747242181
1.0E-7                    0.1248980925664783
2.0E-7                    0.14224777431624216
3.0E-7                    0.1388201935324701
4.0E-7                    0.13736792632189698
5.0E-7                    0.13629782068303314
6.0E-7                    0.13169524869207155
7.0E-7                    0.12615847607081704
8.0E-7                    0.12046913182862257
9.0E-7                    0.11511786774551759
1.0E-6                    0.10986511823764757
1.1E-6                    0.10514964187777413
1.2E-6                    0.10054793243609558
1.2999999999999998E-6     0.09613165995337823
1.4E-6                    0.09197578126019663
1.5E-6                    0.08795482817730765
1.6E-6                    0.08418782221217251
1.6999999999999998E-6     0.0805399205063568
1.8E-6                    0.0770924126086352
1.9E-6                    0.0737134327641
2.0E-6                    0.07054797968831691
2.1E-6                    0.06750489619031244
2.2E-6                    0.06458985183827347
2.3E-6                    0.06179947070114187
2.4E-6                    0.059136240081598526
2.4999999999999998E-6     0.05655432916517057
2.5999999999999997E-6     0.05420996537069314
2.7E-6                    0.05171748942043394
2.8E-6                    0.04952312272627491
2.8999999999999998E-6     0.047441178086728895
3.0E-6                    0.04527227561682956
3.1E-6                    0.043400913465634273
3.2E-6                    0.041559244680208496
3.2999999999999997E-6     0.039672126102539555
3.3999999999999996E-6     0.03797717303721057
3.5E-6                    0.03630040404226913
3.6E-6                    0.0347165327735614
3.6999999999999997E-6     0.03319763986807137
3.8E-6                    0.031762666474087126
3.9E-6                    0.030391770646567975
4.0E-6                    0.02907952594885013
4.1E-6                    0.02782579010526618
4.2E-6                    0.02663349223080994
4.2999999999999995E-6     0.025485000815243505
4.4E-6                    0.024394742578114456
4.5E-6                    0.0233432974361818
4.6E-6                    0.022338558853233888
4.7E-6                    0.02137459088019748
4.8E-6                    0.020452040340438623
4.9E-6                    0.019574020157651605
4.9999999999999996E-6     0.018733218769220118
5.0999999999999995E-6     0.017940418527258105
5.199999999999999E-6      0.017168527644528715
5.3E-6                    0.01642134671479831
5.4E-6                    0.0157250342617203
5.5E-6                    0.015028722055381515
5.6E-6                    0.014400200847038051
5.7E-6                    0.01377190554677662
5.7999999999999995E-6     0.013182506069084417
5.899999999999999E-6      0.01261257287850133
6.0E-6                    0.012071111868920376
6.1E-6                    0.01155119642842936
6.2E-6                    0.011050599235585868
6.3E-6                    0.010571611018391271
6.4E-6                    0.01011549677489569
6.5E-6                    0.009675640401251219
6.5999999999999995E-6     0.009265108868178454
6.699999999999999E-6      0.008863480523034923
6.799999999999999E-6      0.008484114544087025
6.9E-6                    0.008118179138106257
7.0E-6                    0.007766317992528401
7.1E-6                    0.007435392080089277
7.2E-6                    0.007112082726223329
7.2999999999999996E-6     0.006809161716339261
7.3999999999999995E-6     0.006514749646074204
7.499999999999999E-6      0.006233531864181807
7.6E-6                    0.005967136065856266
7.699999999999999E-6      0.005707296824291789
7.8E-6                    0.005464963322530794
7.899999999999999E-6      0.0052279152339686965
8.0E-6                    0.005003220991860911
8.1E-6                    0.004788860709886404
8.2E-6                    0.004581474027579503
8.3E-6                    0.004385853409067508
8.4E-6                    0.0041946962687847205
8.5E-6                    0.004016098976029273
8.599999999999999E-6      0.0038434695165117387
8.7E-6                    0.0036767878023852628
8.8E-6                    0.0035196737108949437
8.9E-6                    0.0033661720122289927
9.0E-6                    0.0032235299942178163
9.1E-6                    0.0030844044519402966
9.2E-6                    0.0029504535289790654
9.299999999999999E-6      0.002824613290034794
9.4E-6                    0.00270220248795276
9.499999999999999E-6      0.002586716459812955
9.6E-6                    0.0024742999233949886
9.7E-6                    0.0023687678014543655
9.8E-6                    0.002266879207029808
9.9E-6                    0.0021678668298587963
9.999999999999999E-6      0.002075036415970656
1.01E-5                   0.0019870065655867835
1.0199999999999999E-5     0.0019001282330570691
1.03E-5                   0.0018161405610536922
1.0399999999999999E-5     0.0017400381264551731
1.05E-5                   0.0016627129631855949
1.06E-5                   0.001589409604995264
1.07E-5                   0.0015230983681859512
1.08E-5                   0.0014556150983852409
1.0899999999999999E-5     0.0013942533255643728
1.1E-5                    0.001334169218687849
1.1099999999999999E-5     0.0012755166319301566
1.12E-5                   0.001222358181365651
1.13E-5                   0.001169733518233496
1.14E-5                   0.0011175803346189543
1.15E-5                   0.0010707994974987944
1.1599999999999999E-5     0.0010250039815946316
1.17E-5                   9.804023590522615E-4
1.1799999999999999E-5     9.383422500548828E-4
1.19E-5                   8.976114988703647E-4
1.2E-5                    8.5949081727492E-4
1.21E-5                   8.225121630590592E-4
1.22E-5                   7.864506521228119E-4
1.2299999999999999E-5     7.531458506422961E-4
1.24E-5                   7.207087090293725E-4
1.2499999999999999E-5     6.895830937190008E-4
1.26E-5                   6.608103078931356E-4
1.2699999999999999E-5     6.327451907883948E-4
1.28E-5                   6.046800736816727E-4
1.29E-5                   5.787759305115201E-4
1.3E-5                    5.544481105416032E-4
1.31E-5                   5.301202906009249E-4
1.3199999999999999E-5     5.070035352913138E-4
1.33E-5                   4.8579972574386786E-4
1.3399999999999999E-5     4.6459591624955826E-4
1.35E-5                   4.4395124078821114E-4
1.3599999999999999E-5     4.2558411265354313E-4
1.37E-5                   4.0721698451498696E-4
1.38E-5                   3.88871843884431E-4
1.3899999999999999E-5     3.738597716574727E-4
1.4E-5                    3.588476994437946E-4
1.4099999999999999E-5     3.4383562724214897E-4
1.42E-5                   3.288235550512871E-4
1.4299999999999999E-5     3.138114828699615E-4
1.44E-5                   2.9879941069692334E-4
1.45E-5                   2.861055194635768E-4
1.4599999999999999E-5     2.747999058207063E-4
1.47E-5                   2.634942921803982E-4
1.4799999999999999E-5     2.5218867854212026E-4
1.49E-5                   2.4088306490533933E-4
1.4999999999999999E-5     2.2957745126952298E-4
1.51E-5                   2.1895088814634733E-4
1.52E-5                   2.1042446699328347E-4
1.53E-5                   2.0189804584554069E-4
1.5399999999999998E-5     1.9337162470289013E-4
1.55E-5                   1.8484520356510268E-4
1.56E-5                   1.763187824319501E-4
1.57E-5                   1.6779236130320336E-4
1.5799999999999998E-5     1.6107624257908357E-4
1.59E-5                   1.546469627747278E-4
1.6E-5                    1.482176829683591E-4
1.61E-5                   1.4178840315987948E-4
1.62E-5                   1.3535912334919074E-4
1.63E-5                   1.2892984353619536E-4
1.64E-5                   1.2326554552476198E-4
1.6499999999999998E-5     1.1842298977707055E-4
1.66E-5                   1.1358043403166074E-4
1.67E-5                   1.0873787828849094E-4
1.68E-5                   1.0389532254751903E-4
1.69E-5                   9.905276680870286E-5
1.7E-5                    9.437039618367279E-5
1.71E-5                   9.111376808504062E-5
1.7199999999999998E-5     8.785713998590585E-5
1.73E-5                   8.460051188625567E-5
1.74E-5                   8.134388378607758E-5
1.75E-5                   7.808725568535875E-5
1.76E-5                   7.483062758408632E-5
1.77E-5                   7.15739994822478E-5
1.78E-5                   6.831737137983032E-5
1.7899999999999998E-5     6.50607432768212E-5
1.8E-5                    6.180411517320757E-5
1.81E-5                   5.854748706897695E-5
1.82E-5                   5.5290858964116456E-5
1.8299999999999998E-5     5.251868418858603E-5
1.84E-5                   5.069203203749438E-5
1.85E-5                   4.886537988658993E-5
1.8599999999999998E-5     4.703872773587037E-5
1.87E-5                   4.521207558533339E-5
1.88E-5                   4.3385423434976866E-5
1.89E-5                   4.155877128479848E-5
1.8999999999999998E-5     3.973211913479598E-5
1.91E-5                   3.790546698496706E-5
1.92E-5                   3.607881483530959E-5
1.9299999999999998E-5     3.425216268582124E-5
1.94E-5                   3.2425510536499736E-5
1.95E-5                   3.0598858387342896E-5
1.96E-5                   2.9234024114613946E-5
1.9699999999999998E-5     2.8208354191244058E-5
1.98E-5                   2.7182684267909134E-5
1.99E-5                   2.615701434460885E-5
1.9999999999999998E-5     2.5131344421342782E-5
2.01E-5                   2.4105674498110485E-5
2.02E-5                   2.3080004574911646E-5
2.03E-5                   2.2054334651745818E-5
2.0399999999999998E-5     2.1028664728612617E-5
2.05E-5                   2.0002994805511597E-5
2.06E-5                   1.8977324882442442E-5
2.07E-5                   1.795165495940472E-5
2.0799999999999997E-5     1.692598503639802E-5
2.09E-5                   1.6267190354449317E-5
2.1E-5                    1.5692036365555405E-5
2.1099999999999998E-5     1.5116882376595456E-5
2.12E-5                   1.4541728387569383E-5
2.13E-5                   1.3966574398477143E-5
2.14E-5                   1.3391420409318653E-5
2.1499999999999997E-5     1.2816266420093842E-5
2.16E-5                   1.224111243080262E-5
2.17E-5                   1.1665958441444954E-5
2.1799999999999998E-5     1.1090804452020758E-5
2.19E-5                   1.0515650462529937E-5
2.2E-5                    9.940496472972462E-6
2.21E-5                   9.378470099313413E-6
2.2199999999999998E-5     9.055165574614209E-6
2.23E-5                   8.73186104996701E-6
2.24E-5                   8.408556525371839E-6
2.2499999999999998E-5     8.085252000828662E-6
2.26E-5                   7.76194747633746E-6
2.27E-5                   7.438642951898246E-6
2.28E-5                   7.1153384275109905E-6
2.2899999999999998E-5     6.792033903175682E-6
2.3E-5                    6.4687293788923E-6
2.31E-5                   6.145424854660854E-6
2.3199999999999998E-5     5.822120330481318E-6
2.33E-5                   5.49881580635367E-6
2.34E-5                   5.226064160747023E-6
2.35E-5                   5.0771369994176E-6
2.3599999999999998E-5     4.928209838075235E-6
2.37E-5                   4.7792826767199225E-6
2.38E-5                   4.6303555153516706E-6
2.3899999999999998E-5     4.4814283539704726E-6
2.4E-5                    4.3325011925763234E-6
2.41E-5                   4.183574031169233E-6
2.42E-5                   4.034646869749193E-6
2.4299999999999998E-5     3.885719708316204E-6
2.44E-5                   3.7367925468702575E-6
2.45E-5                   3.5878653854113633E-6
2.4599999999999998E-5     3.438938223939516E-6
2.4699999999999997E-5     3.2900110624547135E-6
2.48E-5                   3.1410839009569494E-6
2.49E-5                   2.9921567394462337E-6
2.4999999999999998E-5     2.843229577922558E-6
2.51E-5                   2.6943024163859184E-6
2.52E-5                   2.5453752548363223E-6
2.53E-5                   2.3964480932737643E-6
2.5399999999999997E-5     2.247520931698243E-6
2.55E-5                   2.0985937701097507E-6
2.56E-5                   1.9496666085082987E-6
2.5699999999999998E-5     1.8007394468938789E-6
2.58E-5                   1.651812285266486E-6
2.59E-5                   1.502885123626128E-6
2.6E-5                    1.4360114309793093E-6
2.6099999999999997E-5     1.3942784850604247E-6
2.62E-5                   1.3525455391446896E-6
2.63E-5                   1.3108125932321072E-6
2.6399999999999998E-5     1.2690796473226755E-6
2.65E-5                   1.2273467014163938E-6
2.66E-5                   1.1856137555132642E-6
2.67E-5                   1.143880809613286E-6
2.6799999999999998E-5     1.1021478637164587E-6
2.69E-5                   1.0604149178227805E-6
2.7E-5                    1.018681971932255E-6
2.7099999999999998E-5     9.769490260448801E-7
2.7199999999999997E-5     9.352160801606564E-7
2.73E-5                   8.934831342795819E-7
2.74E-5                   8.517501884016594E-7
2.7499999999999998E-5     8.100172425268879E-7
2.76E-5                   7.682842966552655E-7
2.77E-5                   7.265513507867958E-7
2.7799999999999998E-5     6.848184049214762E-7
2.7899999999999997E-5     6.430854590593074E-7
2.8E-5                    6.013525132002878E-7
2.81E-5                   5.596195673444204E-7
2.8199999999999998E-5     5.178866214917034E-7
2.83E-5                   4.7615367564213555E-7
2.84E-5                   4.344207297957196E-7
2.8499999999999998E-5     4.000412998243373E-7
2.8599999999999997E-5     3.888175948048036E-7
2.87E-5                   3.775938897845508E-7
2.88E-5                   3.6637018476357955E-7
2.8899999999999998E-5     3.5514647974188957E-7
2.9E-5                    3.4392277471948046E-7
2.91E-5                   3.326990696963531E-7
2.9199999999999998E-5     3.2147536467250674E-7
2.9299999999999997E-5     3.1025165964794177E-7
2.94E-5                   2.9902795462265756E-7
2.95E-5                   2.8780424959665507E-7
2.9599999999999998E-5     2.765805445699338E-7
2.97E-5                   2.653568395424933E-7
2.98E-5                   2.541331345143345E-7
2.99E-5                   2.4290942948545696E-7
2.9999999999999997E-5     2.316857244558605E-7
3.01E-5                   2.2046201942554509E-7
3.02E-5                   2.092383143945112E-7
3.0299999999999998E-5     1.9801460936275854E-7
3.04E-5                   1.8679090433028675E-7
3.05E-5                   1.7556719929709652E-7
3.06E-5                   1.643434942631876E-7
3.07E-5                   1.531197892285595E-7
3.0799999999999996E-5     1.4189608419321338E-7
3.09E-5                   1.3067237915714774E-7
3.1E-5                    1.1944867412036334E-7
3.11E-5                   1.1380361683595136E-7
3.12E-5                   1.1036494492914173E-7
3.13E-5                   1.0692627302250525E-7
3.14E-5                   1.0348760111604214E-7
3.15E-5                   1.0004892920975191E-7
3.1599999999999996E-5     9.661025730363508E-8
3.17E-5                   9.317158539769114E-8
3.18E-5                   8.973291349192033E-8
3.1899999999999996E-5     8.629424158632292E-8
3.2E-5                    8.285556968089838E-8
3.21E-5                   7.9416897775647E-8
3.22E-5                   7.5978225870569E-8
3.23E-5                   7.253955396566387E-8
3.24E-5                   6.910088206093188E-8
3.25E-5                   6.566221015637331E-8
3.26E-5                   6.222353825198762E-8
3.2699999999999995E-5     5.87848663477753E-8
3.28E-5                   5.534619444373587E-8
3.29E-5                   5.19075225398696E-8
3.2999999999999996E-5     4.846885063617669E-8
3.31E-5                   4.503017873265668E-8
3.32E-5                   4.1591506829309816E-8
3.3299999999999996E-5     3.8152834926136326E-8
3.34E-5                   3.471416302313574E-8
3.35E-5                   3.127549112030829E-8
3.36E-5                   2.839281303740596E-8
3.37E-5                   2.784773201609293E-8
3.38E-5                   2.7302650994768993E-8
3.39E-5                   2.6757569973434204E-8
3.4E-5                    2.6212488952088455E-8
3.4099999999999995E-5     2.566740793073184E-8
3.42E-5                   2.5122326909364278E-8
3.43E-5                   2.457724588798582E-8
3.4399999999999996E-5     2.4032164866596486E-8
3.45E-5                   2.3487083845196213E-8
3.46E-5                   2.294200282378503E-8
3.4699999999999996E-5     2.239692180236297E-8
3.48E-5                   2.185184078092998E-8
3.49E-5                   2.1306759759486076E-8
3.5E-5                    2.0761678738031302E-8
3.51E-5                   2.021659771656559E-8
3.52E-5                   1.9671516695088968E-8
3.53E-5                   1.9126435673601467E-8
3.54E-5                   1.8581354652103035E-8
3.5499999999999996E-5     1.8036273630593736E-8
3.56E-5                   1.7491192609073483E-8
3.57E-5                   1.6946111587542327E-8
3.5799999999999996E-5     1.64010305660003E-8
3.59E-5                   1.5855949544447335E-8
3.6E-5                    1.5310868522883462E-8
3.6099999999999997E-5     1.4765787501308715E-8
3.62E-5                   1.4220706479723032E-8
3.63E-5                   1.3675625458126436E-8
3.64E-5                   1.313054443651897E-8
3.65E-5                   1.2585463414900562E-8
3.6599999999999995E-5     1.2040382393271288E-8
3.67E-5                   1.1495301371631068E-8
3.68E-5                   1.0950220349979941E-8
3.6899999999999996E-5     1.0405139328317945E-8
3.7E-5                    9.860058306645006E-9
3.71E-5                   9.314977284961159E-9
3.7199999999999996E-5     8.769896263266441E-9
3.73E-5                   8.224815241560785E-9
3.74E-5                   7.679734219844218E-9
3.75E-5                   7.134653198116783E-9
3.76E-5                   6.589572176378404E-9
3.77E-5                   6.044491154629119E-9
3.78E-5                   5.499410132868964E-9
3.79E-5                   4.954329111097865E-9
3.7999999999999995E-5     4.4092480893158975E-9
3.81E-5                   3.864167067522987E-9
3.82E-5                   3.319086045719169E-9
3.8299999999999996E-5     2.774005023904482E-9
3.84E-5                   2.2289240020788503E-9
3.85E-5                   1.6838429802423133E-9
3.8599999999999996E-5     1.1387619583949066E-9
3.87E-5                   6.644960188659418E-10
3.88E-5                   6.137008685362133E-10
3.89E-5                   5.629057182069071E-10
3.9E-5                    5.121105678780166E-10
3.9099999999999995E-5     4.6131541754954825E-10
3.92E-5                   4.1052026722149547E-10
3.93E-5                   3.5972511689386203E-10
3.9399999999999995E-5     3.0892996656665065E-10
3.95E-5                   2.5813481623985514E-10
3.96E-5                   2.0733966591347841E-10
3.9699999999999996E-5     1.5654451558752433E-10
3.98E-5                   1.0574936526198552E-10
3.99E-5                   5.495421493686573E-11
3.9999999999999996E-5     4.159064612168577E-12
4.01E-5                   -4.663608571211329E-11
4.02E-5                   -9.743123603597585E-11
4.03E-5                   -1.4822638635941624E-10
4.04E-5                   -1.9902153668244087E-10
4.0499999999999995E-5     -2.4981668700504325E-10
4.06E-5                   -3.0061183732723017E-10
4.07E-5                   -3.514069876489978E-10
4.0799999999999996E-5     -4.0220213797034325E-10
4.09E-5                   -4.529972882912728E-10
4.1E-5                    -5.037924386117839E-10
4.1099999999999996E-5     -5.54587588931872E-10
4.12E-5                   -6.05382739251545E-10
4.13E-5                   -6.561778895707986E-10
4.14E-5                   -7.069730398896302E-10
4.15E-5                   -7.577681902080461E-10
4.1599999999999995E-5     -8.085633405260396E-10
4.17E-5                   -8.593584908436174E-10
4.18E-5                   -9.101536411607762E-10
4.1899999999999995E-5     -9.609487914775128E-10
4.2E-5                    -1.0117439417938334E-9
4.21E-5                   -1.0625390921097355E-9
4.2199999999999996E-5     -1.1133342424252152E-9
4.23E-5                   -1.1641293927402791E-9
4.24E-5                   -1.2149245430549241E-9
4.2499999999999996E-5     -1.2657196933691465E-9
4.26E-5                   -1.3165148436829535E-9
4.27E-5                   -1.367309993996341E-9
4.28E-5                   -1.4181051443093066E-9
4.29E-5                   -1.468900294621857E-9
4.2999999999999995E-5     -1.5196954449339843E-9
4.31E-5                   -1.5704905952456965E-9
4.32E-5                   -1.6212857455569898E-9
4.3299999999999995E-5     -1.6720808958678602E-9
4.34E-5                   -1.7228760461783153E-9
4.35E-5                   -1.7736711964883512E-9
4.3599999999999996E-5     -1.8244663467979651E-9
4.37E-5                   -1.8752614971071625E-9
4.38E-5                   -1.9152230502494323E-9
4.3899999999999996E-5     -1.8512412509336968E-9
4.4E-5                    -1.787259451617539E-9
4.41E-5                   -1.7232776523009625E-9
4.42E-5                   -1.6592958529839721E-9
4.43E-5                   -1.595314053666559E-9
4.4399999999999995E-5     -1.5313322543487321E-9
4.45E-5                   -1.4673504550304822E-9
4.46E-5                   -1.4033686557118141E-9
4.4699999999999996E-5     -1.339386856392732E-9
4.48E-5                   -1.2754050570732265E-9
4.49E-5                   -1.2114232577533034E-9
4.4999999999999996E-5     -1.1474414584329657E-9
4.51E-5                   -1.083459659112206E-9
4.52E-5                   -1.0194778597910274E-9
4.5299999999999997E-5     -9.554960604694346E-10
4.54E-5                   -8.915142611474199E-10
4.5499999999999995E-5     -8.275324618249901E-10
4.56E-5                   -7.635506625021383E-10
4.57E-5                   -6.995688631788678E-10
4.5799999999999995E-5     -6.355870638551834E-10
4.59E-5                   -5.716052645310764E-10
4.6E-5                    -5.076234652065508E-10
4.6099999999999996E-5     -4.436416658816111E-10
4.62E-5                   -3.796598665562487E-10
4.63E-5                   -3.156780672304682E-10
4.6399999999999996E-5     -2.5169626790427345E-10
4.65E-5                   -1.8771446857765593E-10
4.66E-5                   -1.237326692506201E-10
4.67E-5                   -5.975086992317025E-11
4.68E-5                   4.23092940470228E-12
4.6899999999999995E-5     6.821272873298877E-11
4.7E-5                    1.3219452806169812E-10
4.71E-5                   1.9617632739082598E-10
4.7199999999999995E-5     2.6015812672036753E-10
4.73E-5                   3.241399260503323E-10
4.74E-5                   3.881217253807152E-10
4.7499999999999996E-5     4.5210352471151193E-10
4.76E-5                   5.160853240427315E-10
4.77E-5                   5.800671233743696E-10
4.7799999999999996E-5     6.440489227064218E-10
4.79E-5                   7.080307220388966E-10
4.8E-5                    7.720125213717895E-10
4.81E-5                   8.359943207050969E-10
4.82E-5                   8.999761200388265E-10
4.8299999999999995E-5     9.639579193729705E-10
4.84E-5                   1.0279397187075372E-9
4.85E-5                   1.0919215180425226E-9
4.8599999999999995E-5     1.155903317377921E-9
4.87E-5                   1.219885116713743E-9
4.88E-5                   1.2838669160499832E-9
4.8899999999999996E-5     1.3429890783312597E-9
4.9E-5                    1.3001869504919296E-9
4.91E-5                   1.2573848226527664E-9
4.9199999999999997E-5     1.2145826948137717E-9
4.93E-5                   1.1717805669749406E-9
4.9399999999999995E-5     1.1289784391362785E-9
4.95E-5                   1.0861763112977802E-9
4.96E-5                   1.043374183459448E-9
4.9699999999999995E-5     1.000572055621285E-9
4.98E-5                   9.577699277832856E-10
4.99E-5                   9.149677999454526E-10
4.9999999999999996E-5     8.721656721077887E-10
5.01E-5                   8.293635442702881E-10
5.02E-5                   7.865614164329536E-10
5.0299999999999996E-5     7.437592885957886E-10
5.04E-5                   7.009571607587869E-10
5.05E-5                   6.581550329219517E-10
5.06E-5                   6.153529050852855E-10
5.07E-5                   5.725507772487828E-10
5.0799999999999995E-5     5.297486494124493E-10
5.09E-5                   4.869465215762792E-10
5.1E-5                    4.4414439374027554E-10
5.1099999999999995E-5     4.0134226590444087E-10
5.12E-5                   3.5854013806876983E-10
5.13E-5                   3.1573801023326495E-10
5.1399999999999996E-5     2.7293588239792943E-10
5.15E-5                   2.301337545627571E-10
5.16E-5                   1.8733162672775106E-10
5.1699999999999996E-5     1.4452949889291446E-10
5.18E-5                   1.0172737105824119E-10
5.1899999999999994E-5     5.892524322373693E-11
5.2E-5                    1.6123115389396366E-11
5.21E-5                   -2.667901244477798E-11
5.2199999999999995E-5     -6.94811402787831E-11
5.23E-5                   -1.1228326811262494E-10
5.24E-5                   -1.5508539594630027E-10
5.2499999999999995E-5     -1.9788752377980643E-10
5.26E-5                   -2.4068965161314955E-10
5.27E-5                   -2.834917794463259E-10
5.2799999999999996E-5     -3.2629390727933313E-10
5.29E-5                   -3.6909603511217703E-10
5.3E-5                    -4.118981629448546E-10
5.3099999999999996E-5     -4.54700290777363E-10
5.32E-5                   -4.975024186097079E-10
5.3299999999999995E-5     -5.403045464418835E-10
5.34E-5                   -5.831066742738959E-10
5.35E-5                   -6.25908802105742E-10
5.3599999999999995E-5     -6.687109299374189E-10
5.37E-5                   -7.115130577689323E-10
5.38E-5                   -7.543151856002793E-10
5.3899999999999996E-5     -7.971173134314574E-10
5.4E-5                    -8.399194412624718E-10
5.41E-5                   -8.254300121406543E-10
5.4199999999999996E-5     -8.107468502181902E-10
5.43E-5                   -7.960636882957111E-10
5.4399999999999994E-5     -7.813805263732189E-10
5.4499999999999997E-5     -7.666973644507115E-10
5.46E-5                   -7.520142025281899E-10
5.4699999999999995E-5     -7.373310406056555E-10
5.48E-5                   -7.226478786831057E-10
5.49E-5                   -7.079647167605418E-10
5.4999999999999995E-5     -6.932815548379646E-10
5.51E-5                   -6.785983929153725E-10
5.52E-5                   -6.639152309927664E-10
5.5299999999999996E-5     -6.492320690701471E-10
5.54E-5                   -6.345489071475124E-10
5.55E-5                   -6.198657452248639E-10
5.5599999999999996E-5     -6.051825833022023E-10
5.57E-5                   -5.904994213795254E-10
5.5799999999999994E-5     -5.758162594568353E-10
5.59E-5                   -5.611330975341303E-10
5.6E-5                    -5.464499356114111E-10
5.6099999999999995E-5     -5.317667736886787E-10
5.62E-5                   -5.170836117659313E-10
5.63E-5                   -5.024004498431696E-10
5.6399999999999995E-5     -4.877172879203949E-10
5.65E-5                   -4.730341259976051E-10
5.66E-5                   -4.583509640748012E-10
5.6699999999999996E-5     -4.4366780215198404E-10
5.68E-5                   -4.289846402291519E-10
5.69E-5                   -4.1430147830630554E-10
5.6999999999999996E-5     -3.996183163834461E-10
5.71E-5                   -3.8493515446057153E-10
5.7199999999999994E-5     -3.702519925376838E-10
5.73E-5                   -3.5556883061478106E-10
5.74E-5                   -3.4088566869186405E-10
5.7499999999999995E-5     -3.26202506768934E-10
5.76E-5                   -3.1151934484598885E-10
5.77E-5                   -2.9683618292302956E-10
5.7799999999999995E-5     -2.821530210000571E-10
5.79E-5                   -2.6746985907706946E-10
5.8E-5                    -2.5278669715406783E-10
5.8099999999999996E-5     -2.38103535231053E-10
5.82E-5                   -2.2342037330802316E-10
5.8299999999999994E-5     -2.087372113849801E-10
5.8399999999999997E-5     -1.9405404946192185E-10
5.85E-5                   -1.7937088753884957E-10
5.8599999999999995E-5     -1.646877256157642E-10
5.87E-5                   -1.5000456369266368E-10
5.88E-5                   -1.3532140176954885E-10
5.8899999999999995E-5     -1.2063823984642097E-10
5.9E-5                    -1.0595507792327814E-10
5.91E-5                   -9.127191600012123E-11
5.9199999999999996E-5     -7.658875407695106E-11
5.93E-5                   -6.190559215376579E-11
5.94E-5                   -4.7222430230566424E-11
5.9499999999999996E-5     -3.2539268307353835E-11
5.96E-5                   -1.7856106384126218E-11
5.9699999999999994E-5     -3.172944460885436E-12
5.98E-5                   1.1510217462370469E-11
5.99E-5                   2.619337938564056E-11
5.9999999999999995E-5     4.087654130892357E-11
6.01E-5                   5.555970323222198E-11
6.02E-5                   7.024286515553434E-11
6.0299999999999995E-5     8.492602707885987E-11
6.04E-5                   9.960918900220046E-11
6.05E-5                   1.1429235092555524E-10
6.0599999999999996E-5     1.289755128489231E-10
6.07E-5                   1.4365867477230614E-10
6.08E-5                   1.5834183669570322E-10
6.0899999999999996E-5     1.7302499861911345E-10
6.1E-5                    1.8770816054253886E-10
6.11E-5                   2.0239132246597732E-10
6.12E-5                   2.1707448438943088E-10
6.13E-5                   2.3175764631289863E-10
6.14E-5                   2.464408082363805E-10
6.149999999999999E-5      2.611239701598745E-10
6.159999999999999E-5      2.7580713208338464E-10
6.17E-5                   2.9049029400690884E-10
6.18E-5                   3.051734559304472E-10
6.19E-5                   3.1985661785399964E-10
6.2E-5                    3.345397797775663E-10
6.209999999999999E-5      3.49222941701145E-10
6.22E-5                   3.6390610362473976E-10
6.23E-5                   3.7858926554834885E-10
6.24E-5                   3.9327242747197185E-10
6.25E-5                   4.07955589395609E-10
6.26E-5                   4.226387513192604E-10
6.269999999999999E-5      4.373219132429238E-10
6.28E-5                   4.520050751666035E-10
6.29E-5                   4.666882370902972E-10
6.3E-5                    4.813713990140049E-10
6.31E-5                   4.96054560937727E-10
6.319999999999999E-5      5.10737722861461E-10
6.33E-5                   5.254208847852112E-10
6.34E-5                   5.401040467089755E-10
6.35E-5                   5.547872086327541E-10
6.36E-5                   5.694703705565464E-10
6.37E-5                   5.841535324803532E-10
6.379999999999999E-5      5.988366944041719E-10
6.39E-5                   6.135198563280068E-10
6.4E-5                    6.282030182518561E-10
6.41E-5                   6.184825258907572E-10
6.42E-5                   6.086795119760163E-10
6.429999999999999E-5      5.988764980612787E-10
6.44E-5                   5.890734841465416E-10
6.45E-5                   5.792704702318065E-10
6.46E-5                   5.694674563170732E-10
6.47E-5                   5.596644424023419E-10
6.48E-5                   5.498614284876123E-10
6.489999999999999E-5      5.400584145728861E-10
6.5E-5                    5.302554006581604E-10
6.51E-5                   5.204523867434365E-10
6.52E-5                   5.106493728287145E-10
6.53E-5                   5.008463589139945E-10
6.539999999999999E-5      4.910433449992777E-10
6.549999999999999E-5      4.812403310845614E-10
6.56E-5                   4.71437317169847E-10
6.57E-5                   4.616343032551345E-10
6.58E-5                   4.51831289340424E-10
6.59E-5                   4.4202827542571527E-10
6.599999999999999E-5      4.3222526151100973E-10
6.61E-5                   4.224222475963048E-10
6.62E-5                   4.126192336816017E-10
6.63E-5                   4.028162197669006E-10
6.64E-5                   3.930132058522014E-10
6.65E-5                   3.8321019193750394E-10
6.659999999999999E-5      3.734071780228098E-10
6.67E-5                   3.636041641081162E-10
6.68E-5                   3.5380115019342457E-10
6.69E-5                   3.439981362787347E-10
6.7E-5                    3.3419512236404675E-10
6.709999999999999E-5      3.24392108449362E-10
6.72E-5                   3.1458909453467787E-10
6.73E-5                   3.047860806199956E-10
6.74E-5                   2.9498306670531535E-10
6.75E-5                   2.8518005279063685E-10
6.76E-5                   2.753770388759603E-10
6.769999999999999E-5      2.655740249612869E-10
6.78E-5                   2.5577101104661404E-10
6.79E-5                   2.459679971319431E-10
6.8E-5                    2.3616498321727406E-10
6.81E-5                   2.2636196930260697E-10
6.819999999999999E-5      2.1655895538794297E-10
6.829999999999999E-5      2.0675594147327968E-10
6.84E-5                   1.9695292755861822E-10
6.85E-5                   1.8714991364395867E-10
6.86E-5                   1.7734689972930096E-10
6.87E-5                   1.675438858146452E-10
6.879999999999999E-5      1.5774087189999255E-10
6.89E-5                   1.479378579853406E-10
6.9E-5                    1.3813484407069034E-10
6.91E-5                   1.2833183015604216E-10
6.92E-5                   1.185288162413958E-10
6.929999999999999E-5      1.0872580232675268E-10
6.939999999999999E-5      9.892278841211008E-11
6.95E-5                   8.911977449746939E-11
6.96E-5                   7.93167605828306E-11
6.97E-5                   6.951374666819369E-11
6.98E-5                   5.97107327535587E-11
6.989999999999999E-5      4.990771883892693E-11
7.0E-5                    4.010470492429562E-11
7.01E-5                   3.03016910096663E-11
7.02E-5                   2.049867709503886E-11
7.03E-5                   1.0695663180413305E-11
7.04E-5                   8.926492657896419E-13
7.049999999999999E-5      -8.910364648830842E-12
7.06E-5                   -1.8713378563450816E-11
7.07E-5                   -2.8516392478068812E-11
7.08E-5                   -3.831940639268488E-11
7.09E-5                   -4.812242030729914E-11
7.099999999999999E-5      -5.792543422191016E-11
7.11E-5                   -6.772844813652059E-11
7.12E-5                   -7.75314620511292E-11
7.13E-5                   -8.733447596573587E-11
7.14E-5                   -9.713748988034063E-11
7.15E-5                   -1.0694050379494352E-10
7.159999999999999E-5      -1.167435177095432E-10
7.17E-5                   -1.2654653162414232E-10
7.18E-5                   -1.3634954553873952E-10
7.19E-5                   -1.461525594533349E-10
7.2E-5                    -1.559555733679283E-10
7.209999999999999E-5      -1.6575858728251855E-10
7.219999999999999E-5      -1.7556160119710817E-10
7.23E-5                   -1.8536461511169596E-10
7.24E-5                   -1.951676290262819E-10
7.25E-5                   -2.0497064294086585E-10
7.26E-5                   -2.1477365685544795E-10
7.269999999999999E-5      -2.2457667077002684E-10
7.28E-5                   -2.3437968468460515E-10
7.29E-5                   -2.4418269859918164E-10
7.3E-5                    -2.539857125137562E-10
7.31E-5                   -2.637887264283289E-10
7.319999999999999E-5      -2.735917403428983E-10
7.329999999999999E-5      -2.8339475425746713E-10
7.34E-5                   -2.931977681720341E-10
7.35E-5                   -3.0300078208659923E-10
7.36E-5                   -3.1280379600116244E-10
7.37E-5                   -3.226068099157238E-10
7.379999999999999E-5      -3.324098238302819E-10
7.39E-5                   -3.422128377448395E-10
7.4E-5                    -3.5201585165939515E-10
7.41E-5                   -3.4718570145637414E-10
7.42E-5                   -3.4230606885110434E-10
7.429999999999999E-5      -3.3742643624583666E-10
7.439999999999999E-5      -3.325468036405698E-10
7.45E-5                   -3.2766717103530435E-10
7.46E-5                   -3.227875384300404E-10
7.47E-5                   -3.1790790582477777E-10
7.48E-5                   -3.1302827321951676E-10
7.489999999999999E-5      -3.0814864061425787E-10
7.5E-5                    -3.0326900800899975E-10
7.51E-5                   -2.9838937540374313E-10
7.52E-5                   -2.9350974279848786E-10
7.53E-5                   -2.8863011019323414E-10
7.54E-5                   -2.8375047758798186E-10
7.549999999999999E-5      -2.788708449827317E-10
7.56E-5                   -2.7399121237748243E-10
7.57E-5                   -2.691115797722345E-10
7.58E-5                   -2.642319471669881E-10
7.59E-5                   -2.5935231456174313E-10
7.599999999999999E-5      -2.544726819565003E-10
7.609999999999999E-5      -2.495930493512583E-10
7.62E-5                   -2.447134167460177E-10
7.63E-5                   -2.398337841407787E-10
7.64E-5                   -2.34954151535541E-10
7.65E-5                   -2.300745189303048E-10
7.659999999999999E-5      -2.2519488632507075E-10
7.67E-5                   -2.2031525371983748E-10
7.68E-5                   -2.154356211146057E-10
7.69E-5                   -2.1055598850937537E-10
7.7E-5                    -2.0567635590414654E-10
7.709999999999999E-5      -2.007967232989198E-10
7.719999999999999E-5      -1.9591709069369384E-10
7.73E-5                   -1.910374580884694E-10
7.74E-5                   -1.861578254832464E-10
7.75E-5                   -1.8127819287802486E-10
7.76E-5                   -1.7639856027280476E-10
7.769999999999999E-5      -1.7151892766758676E-10
7.78E-5                   -1.6663929506236962E-10
7.79E-5                   -1.6175966245715392E-10
7.8E-5                    -1.5688002985193967E-10
7.81E-5                   -1.520003972467269E-10
7.819999999999999E-5      -1.4712076464151629E-10
7.829999999999999E-5      -1.4224113203630643E-10
7.84E-5                   -1.373614994310981E-10
7.85E-5                   -1.3248186682589114E-10
7.86E-5                   -1.2760223422068573E-10
7.87E-5                   -1.227226016154817E-10
7.879999999999999E-5      -1.1784296901027984E-10
7.89E-5                   -1.1296333640507879E-10
7.9E-5                    -1.0808370379987913E-10
7.91E-5                   -1.0320407119468105E-10
7.92E-5                   -9.832443858948436E-11
7.93E-5                   -9.344480598428915E-11
7.939999999999999E-5      -8.856517337909606E-11
7.95E-5                   -8.368554077390375E-11
7.96E-5                   -7.880590816871296E-11
7.97E-5                   -7.39262755635236E-11
7.98E-5                   -6.90466429583357E-11
7.989999999999999E-5      -6.416701035314993E-11
7.999999999999999E-5      -5.928737774796495E-11
8.01E-5                   -5.440774514278145E-11
8.02E-5                   -4.952811253759942E-11
8.03E-5                   -4.464847993241884E-11
8.04E-5                   -3.9768847327239735E-11
8.049999999999999E-5      -3.4889214722062733E-11
8.06E-5                   -3.00095821168865E-11
8.07E-5                   -2.5129949511711793E-11
8.08E-5                   -2.0250316906538517E-11
8.09E-5                   -1.5370684301366737E-11
8.099999999999999E-5      -1.0491051696197052E-11
8.109999999999999E-5      -5.6114190910281776E-12
8.12E-5                   -7.31786485860734E-13
8.13E-5                   4.1478461193052045E-12
8.14E-5                   9.02747872446969E-12
8.15E-5                   1.3907111329632702E-11
8.159999999999999E-5      1.8786743934793603E-11
8.17E-5                   2.3666376539953702E-11
8.18E-5                   2.854600914511235E-11
8.19E-5                   3.342564175026951E-11
8.2E-5                    3.8305274355425215E-11
8.209999999999999E-5      4.318490696057883E-11
8.219999999999999E-5      4.80645395657316E-11
8.23E-5                   5.2944172170882905E-11
8.24E-5                   5.782380477603279E-11
8.25E-5                   6.270343738118116E-11
8.26E-5                   6.758306998632809E-11
8.269999999999999E-5      7.246270259147287E-11
8.28E-5                   7.73423351966169E-11
8.29E-5                   8.222196780175945E-11
8.3E-5                    8.710160040690052E-11
8.31E-5                   9.198123301204014E-11
8.319999999999999E-5      9.686086561717764E-11
8.329999999999999E-5      1.0174049822231431E-10
8.34E-5                   1.0662013082744954E-10
8.35E-5                   1.114997634325833E-10
8.36E-5                   1.1637939603771563E-10
8.37E-5                   1.2125902864284645E-10
8.379999999999999E-5      1.2613866124797516E-10
8.389999999999999E-5      1.3101829385310308E-10
8.4E-5                    1.3589792645822952E-10
8.41E-5                   1.3459558918766566E-10
8.42E-5                   1.3327234743481464E-10
8.43E-5                   1.319491056819628E-10
8.439999999999999E-5      1.3062586392911024E-10
8.45E-5                   1.2930262217625674E-10
8.46E-5                   1.2797938042340236E-10
8.47E-5                   1.2665613867054713E-10
8.48E-5                   1.2533289691769106E-10
8.489999999999999E-5      1.240096551648343E-10
8.499999999999999E-5      1.226864134119766E-10
8.51E-5                   1.2136317165911802E-10
8.52E-5                   1.2003992990625857E-10
8.53E-5                   1.1871668815339832E-10
8.54E-5                   1.173934464005372E-10
8.549999999999999E-5      1.1607020464767541E-10
8.56E-5                   1.1474696289481263E-10
8.57E-5                   1.1342372114194898E-10
8.58E-5                   1.1210047938908454E-10
8.59E-5                   1.1077723763621923E-10
8.599999999999999E-5      1.0945399588335324E-10
8.609999999999999E-5      1.0813075413048623E-10
8.62E-5                   1.0680751237761843E-10
8.63E-5                   1.0548427062474975E-10
8.64E-5                   1.041610288718802E-10
8.65E-5                   1.0283778711900985E-10
8.659999999999999E-5      1.0151454536613882E-10
8.669999999999999E-5      1.0019130361326677E-10
8.68E-5                   9.886806186039391E-11
8.69E-5                   9.754482010752019E-11
8.7E-5                    9.622157835464562E-11
8.709999999999999E-5      9.489833660177039E-11
8.719999999999999E-5      9.357509484889416E-11
8.73E-5                   9.225185309601707E-11
8.74E-5                   9.092861134313912E-11
8.75E-5                   8.960536959026035E-11
8.76E-5                   8.828212783738074E-11
8.769999999999999E-5      8.695888608450047E-11
8.779999999999999E-5      8.563564433161916E-11
8.79E-5                   8.431240257873705E-11
8.8E-5                    8.298916082585406E-11
8.81E-5                   8.166591907297026E-11
8.82E-5                   8.03426773200856E-11
8.829999999999999E-5      7.901943556720026E-11
8.84E-5                   7.769619381431393E-11
8.85E-5                   7.637295206142674E-11
8.86E-5                   7.504971030853872E-11
8.87E-5                   7.37264685556499E-11
8.879999999999999E-5      7.240322680276035E-11
8.889999999999999E-5      7.107998504986978E-11
8.9E-5                    6.97567432969784E-11
8.91E-5                   6.843350154408619E-11
8.92E-5                   6.711025979119313E-11
8.93E-5                   6.57870180382992E-11
8.939999999999999E-5      6.446377628540462E-11
8.95E-5                   6.314053453250903E-11
8.96E-5                   6.181729277961262E-11
8.97E-5                   6.049405102671533E-11
8.98E-5                   5.917080927381723E-11
8.989999999999999E-5      5.784756752091846E-11
8.999999999999999E-5      5.652432576801867E-11
9.01E-5                   5.520108401511802E-11
9.02E-5                   5.3877842262216526E-11
9.03E-5                   5.255460050931423E-11
9.04E-5                   5.123135875641107E-11
9.049999999999999E-5      4.9908117003507243E-11
9.059999999999999E-5      4.858487525060239E-11
9.07E-5                   4.726163349769672E-11
9.08E-5                   4.5938391744790186E-11
9.09E-5                   4.4615149991882827E-11
9.099999999999999E-5      4.329190823897481E-11
9.109999999999999E-5      4.196866648606575E-11
9.12E-5                   4.064542473315586E-11
9.13E-5                   3.9322182980245137E-11
9.14E-5                   3.7998941227333564E-11
9.15E-5                   3.667569947442115E-11
9.159999999999999E-5      3.5352457721508085E-11
9.169999999999999E-5      3.402921596859398E-11
9.18E-5                   3.270597421567905E-11
9.19E-5                   3.1382732462763266E-11
9.2E-5                    3.005949070984666E-11
9.21E-5                   2.8736248956929215E-11
9.219999999999999E-5      2.741300720401109E-11
9.23E-5                   2.6089765451091942E-11
9.24E-5                   2.4766523698171965E-11
9.25E-5                   2.3443281945251145E-11
9.26E-5                   2.2120040192329477E-11
9.269999999999999E-5      2.0796798439407154E-11
9.279999999999999E-5      1.9473556686483807E-11
9.29E-5                   1.8150314933559626E-11
9.3E-5                    1.6827073180634605E-11
9.31E-5                   1.550383142770873E-11
9.32E-5                   1.4180589674782023E-11
9.329999999999999E-5      1.2857347921854655E-11
9.34E-5                   1.1534106168926265E-11
9.35E-5                   1.0210864415997031E-11
9.36E-5                   8.887622663066958E-12
9.37E-5                   7.564380910136045E-12
9.379999999999999E-5      6.241139157204469E-12
9.389999999999999E-5      4.9178974042718745E-12
9.4E-5                    3.594655651338437E-12
9.41E-5                   2.7370127829054926E-12
9.42E-5                   1.8809443484850215E-12
9.43E-5                   1.0248759140649967E-12
9.439999999999999E-5      1.6880747964553129E-13
9.449999999999999E-5      -6.872609547735989E-13
9.46E-5                   -1.5433293891922836E-12
9.47E-5                   -2.3993978236105204E-12
9.48E-5                   -3.255466258028312E-12
9.489999999999999E-5      -4.111534692445543E-12
9.499999999999999E-5      -4.96760312686244E-12
9.51E-5                   -5.823671561278891E-12
9.52E-5                   -6.679739995694905E-12
9.53E-5                   -7.535808430110461E-12
9.54E-5                   -8.391876864525572E-12
9.549999999999999E-5      -9.24794529894012E-12
9.559999999999999E-5      -1.0104013733354337E-11
9.57E-5                   -1.0960082167768105E-11
9.58E-5                   -1.1816150602181427E-11
9.59E-5                   -1.2672219036594308E-11
9.6E-5                    -1.3528287471006736E-11
9.609999999999999E-5      -1.4384355905418602E-11
9.62E-5                   -1.524042433983014E-11
9.63E-5                   -1.6096492774241224E-11
9.64E-5                   -1.6952561208651872E-11
9.65E-5                   -1.780862964306207E-11
9.659999999999999E-5      -1.866469807747171E-11
9.669999999999999E-5      -1.952076651188101E-11
9.68E-5                   -2.037683494628987E-11
9.69E-5                   -2.123290338069827E-11
9.7E-5                    -2.2088971815106233E-11
9.71E-5                   -2.294504024951375E-11
9.719999999999999E-5      -2.38011086839207E-11
9.73E-5                   -2.4657177118327318E-11
9.74E-5                   -2.5513245552733495E-11
9.75E-5                   -2.6369313987139225E-11
9.76E-5                   -2.7225382421544503E-11
9.769999999999999E-5      -2.8081450855949226E-11
9.779999999999999E-5      -2.8937519290353622E-11
9.79E-5                   -2.979358772475757E-11
9.8E-5                    -3.0649656159161053E-11
9.81E-5                   -3.15057245935641E-11
9.82E-5                   -3.2361793027966705E-11
9.829999999999999E-5      -3.3217861462368736E-11
9.839999999999999E-5      -3.407392989677045E-11
9.85E-5                   -3.4929998331171705E-11
9.86E-5                   -3.5786066765572514E-11
9.87E-5                   -3.664213519997288E-11
9.879999999999999E-5      -3.7498203634372686E-11
9.889999999999999E-5      -3.835427206877216E-11
9.9E-5                    -3.9210340503171196E-11
9.91E-5                   -4.006640893756977E-11
9.92E-5                   -4.09224773719679E-11
9.93E-5                   -4.177854580636558E-11
9.939999999999999E-5      -4.2634614240762705E-11
9.949999999999999E-5      -4.349068267515951E-11
9.96E-5                   -4.434675110955585E-11
9.97E-5                   -4.520281954395174E-11
9.98E-5                   -4.605888797834718E-11
9.989999999999999E-5      -4.691495641274208E-11
9.999999999999999E-5      -4.777102484713664E-11
