% Model:              20230225_JW_4_40.mph
% Version:            COMSOL 5.6.0.401
% Date:               Feb 25 2023, 21:10
% Dimension:          1
% Nodes:              1001
% Expressions:        1
% Description:        点图
% X                       Height
0                         0.5540867207313742
1.0E-7                    0.5729106384680662
2.0E-7                    0.6297510835270848
3.0E-7                    0.6155659120837804
4.0E-7                    0.6092734622863685
5.0E-7                    0.60003205942558
6.0E-7                    0.5785824394573698
7.0E-7                    0.5539501799101372
8.0E-7                    0.5288448001068292
9.0E-7                    0.5050109782915206
1.0E-6                    0.4821724457919342
1.1E-6                    0.4611497644255298
1.2E-6                    0.440860861718836
1.2999999999999998E-6     0.42147999316078066
1.4E-6                    0.40315251847004624
1.5E-6                    0.3855273800337774
1.6E-6                    0.3688448946738877
1.6999999999999998E-6     0.35285255637755775
1.8E-6                    0.33765032798860223
1.9E-6                    0.3228707970884171
2.0E-6                    0.30892305280386095
2.1E-6                    0.2955722388455139
2.2E-6                    0.28279864521403847
2.3E-6                    0.27049254550093044
2.4E-6                    0.25888300744494847
2.4999999999999998E-6     0.24758586056993498
2.5999999999999997E-6     0.23721378592335346
2.7E-6                    0.22646937994838562
2.8E-6                    0.21680342411927628
2.8999999999999998E-6     0.20745933363883629
3.0E-6                    0.19825588444094328
3.1E-6                    0.1898458323602052
3.2E-6                    0.18160963906126523
3.2999999999999997E-6     0.17362250512915903
3.3999999999999996E-6     0.16607324652366406
3.5E-6                    0.15879685404993096
3.6E-6                    0.15186368363064162
3.6999999999999997E-6     0.14522548723180492
3.8E-6                    0.13894077987721065
3.9E-6                    0.13294172082262623
4.0E-6                    0.12720593204582104
4.1E-6                    0.12171921069586518
4.2E-6                    0.1164934482934654
4.2999999999999995E-6     0.11147363524229431
4.4E-6                    0.10670128066071442
4.5E-6                    0.1021029503822961
4.6E-6                    0.0977034597133621
4.7E-6                    0.09348902878505058
4.8E-6                    0.08945140566881606
4.9E-6                    0.08561117800475461
4.9999999999999996E-6     0.08193363704073989
5.0999999999999995E-6     0.07846555773588527
5.199999999999999E-6      0.0750886963240074
5.3E-6                    0.07182011871879432
5.4E-6                    0.06877445177838973
5.5E-6                    0.06572879112536849
5.6E-6                    0.06297957044971605
5.7E-6                    0.060231340487634254
5.7999999999999995E-6     0.05765346567832918
5.899999999999999E-6      0.055160850180800726
6.0E-6                    0.05279181079036891
6.1E-6                    0.0505162847958551
6.2E-6                    0.048327085218960265
6.3E-6                    0.04623444767064389
6.4E-6                    0.04424013042073984
6.5E-6                    0.04231569554980211
6.5999999999999995E-6     0.04051966411979625
6.699999999999999E-6      0.03876273830088932
6.799999999999999E-6      0.03710381765052178
6.9E-6                    0.03550376143231497
7.0E-6                    0.03396539084120978
7.1E-6                    0.03251767141871158
7.2E-6                    0.031103103661367832
7.2999999999999996E-6     0.029778532487173055
7.3999999999999995E-6     0.028491203615568096
7.499999999999999E-6      0.02726162384616871
7.6E-6                    0.026096329005792132
7.699999999999999E-6      0.02495947093921927
7.8E-6                    0.02389974722209191
7.899999999999999E-6      0.022863259178829358
8.0E-6                    0.021881078379636675
8.1E-6                    0.020943223394773273
8.2E-6                    0.020035280551225793
8.3E-6                    0.019180574209850167
8.4E-6                    0.018345253967382864
8.5E-6                    0.017563516081098796
8.599999999999999E-6      0.01680823556339248
8.7E-6                    0.016079323353983477
8.8E-6                    0.01539270804231363
8.9E-6                    0.014721823364473858
9.0E-6                    0.014096872380258247
9.1E-6                    0.013488322351416766
9.2E-6                    0.012903906897610281
9.299999999999999E-6      0.012352993708876887
9.4E-6                    0.01181627644979477
9.499999999999999E-6      0.011312372239058791
9.6E-6                    0.010821313240052689
9.7E-6                    0.010359064124365831
9.8E-6                    0.009913278662091974
9.9E-6                    0.009480483245751849
9.999999999999999E-6      0.00907554855948975
1.01E-5                   0.0086887192749853
1.0199999999999999E-5     0.008309237321257398
1.03E-5                   0.007944191282893873
1.0399999999999999E-5     0.007608720939761488
1.05E-5                   0.007271465488811839
1.06E-5                   0.006952144552771827
1.07E-5                   0.006658981351988749
1.08E-5                   0.0063669420611095085
1.0899999999999999E-5     0.006096507440790724
1.1E-5                    0.005834890984705472
1.1099999999999999E-5     0.005579611817111394
1.12E-5                   0.005344920338910181
1.13E-5                   0.005114865849090615
1.14E-5                   0.004888907057979662
1.15E-5                   0.004682961903862271
1.1599999999999999E-5     0.00448193650043139
1.17E-5                   0.00428777876124946
1.1799999999999999E-5     0.004103860351567941
1.19E-5                   0.003925481200438047
1.2E-5                    0.003758658366023038
1.21E-5                   0.0035970276271108186
1.22E-5                   0.003439566572933011
1.2299999999999999E-5     0.0032937213418361183
1.24E-5                   0.0031517726813244623
1.2499999999999999E-5     0.0030157705504392307
1.26E-5                   0.002889947504162101
1.2699999999999999E-5     0.00276718605691349
1.28E-5                   0.002644424609961614
1.29E-5                   0.002531133396170352
1.3E-5                    0.0024247502473444087
1.31E-5                   0.0023183670988631356
1.3199999999999999E-5     0.0022172752038936766
1.33E-5                   0.002124541145920479
1.3399999999999999E-5     0.0020318070882811793
1.35E-5                   0.001941520042141406
1.3599999999999999E-5     0.0018612005244256615
1.37E-5                   0.0017808810068140714
1.38E-5                   0.0017006575856276082
1.3899999999999999E-5     0.0016350013265130584
1.4E-5                    0.001569345067487557
1.4099999999999999E-5     0.0015036888085396838
1.42E-5                   0.0014380325496580139
1.4299999999999999E-5     0.0013723762908311266
1.44E-5                   0.0013067200320475967
1.45E-5                   0.0012512079648839855
1.4599999999999999E-5     0.00120177089978406
1.47E-5                   0.001152333834743785
1.4799999999999999E-5     0.0011028967697582802
1.49E-5                   0.001053459704822663
1.4999999999999999E-5     0.0010040226399320536
1.51E-5                   9.57552286775684E-4
1.52E-5                   9.202572683531362E-4
1.53E-5                   8.829622499511957E-4
1.5399999999999998E-5     8.456672315677658E-4
1.55E-5                   8.083722132007505E-4
1.56E-5                   7.710771948480579E-4
1.57E-5                   7.337821765075914E-4
1.5799999999999998E-5     7.044157564488658E-4
1.59E-5                   6.763056074875057E-4
1.6E-5                    6.481954585291971E-4
1.61E-5                   6.200853095730428E-4
1.62E-5                   5.91975160618145E-4
1.63E-5                   5.638650116636085E-4
1.64E-5                   5.390937861095177E-4
1.6499999999999998E-5     5.17909226879103E-4
1.66E-5                   4.967246676560157E-4
1.67E-5                   4.755401084398731E-4
1.68E-5                   4.5435554923029024E-4
1.69E-5                   4.3317099002688217E-4
1.7E-5                    4.1268794158053973E-4
1.71E-5                   3.984487550023518E-4
1.7199999999999998E-5     3.842095684225655E-4
1.73E-5                   3.699703818410641E-4
1.74E-5                   3.5573119525773216E-4
1.75E-5                   3.414920086724524E-4
1.76E-5                   3.2725282208510793E-4
1.77E-5                   3.1301363549558325E-4
1.78E-5                   2.9877444890376125E-4
1.7899999999999998E-5     2.8453526230952554E-4
1.8E-5                    2.702960757127591E-4
1.81E-5                   2.5605688911334616E-4
1.82E-5                   2.4181770251117005E-4
1.8299999999999998E-5     2.2969533045555596E-4
1.84E-5                   2.217044111623479E-4
1.85E-5                   2.1371349187041325E-4
1.8599999999999998E-5     2.0572257257973125E-4
1.87E-5                   1.9773165329028104E-4
1.88E-5                   1.897407340020424E-4
1.89E-5                   1.8174981471499454E-4
1.8999999999999998E-5     1.7375889542911672E-4
1.91E-5                   1.657679761443881E-4
1.92E-5                   1.5777705686078873E-4
1.9299999999999998E-5     1.4978613757829753E-4
1.94E-5                   1.417952182968936E-4
1.95E-5                   1.3380429901655688E-4
1.96E-5                   1.2783562186612676E-4
1.9699999999999998E-5     1.233521025476185E-4
1.98E-5                   1.1886858322910691E-4
1.99E-5                   1.143850639105886E-4
1.9999999999999998E-5     1.0990154459205982E-4
2.01E-5                   1.054180252735168E-4
2.02E-5                   1.0093450595495613E-4
2.03E-5                   9.645098663637411E-5
2.0399999999999998E-5     9.196746731776711E-5
2.05E-5                   8.748394799913128E-5
2.06E-5                   8.300042868046332E-5
2.07E-5                   7.851690936175943E-5
2.0799999999999997E-5     7.403339004301601E-5
2.09E-5                   7.115131719494269E-5
2.1E-5                    6.863434418939093E-5
2.1099999999999998E-5     6.611737118363949E-5
2.12E-5                   6.360039817768763E-5
2.13E-5                   6.108342517153484E-5
2.14E-5                   5.8566452165180415E-5
2.1499999999999997E-5     5.60494791586237E-5
2.16E-5                   5.353250615186398E-5
2.17E-5                   5.101553314490076E-5
2.1799999999999998E-5     4.849856013773333E-5
2.19E-5                   4.5981587130360944E-5
2.2E-5                    4.346461412278312E-5
2.21E-5                   4.1005209596553734E-5
2.2199999999999998E-5     3.959267103556563E-5
2.23E-5                   3.81801324747526E-5
2.24E-5                   3.676759391411461E-5
2.2499999999999998E-5     3.535505535365151E-5
2.26E-5                   3.3942516793363143E-5
2.27E-5                   3.252997823324947E-5
2.28E-5                   3.111743967331036E-5
2.2899999999999998E-5     2.9704901113545678E-5
2.3E-5                    2.829236255395526E-5
2.31E-5                   2.687982399453911E-5
2.3199999999999998E-5     2.546728543529705E-5
2.33E-5                   2.405474687622892E-5
2.34E-5                   2.2862736178768593E-5
2.35E-5                   2.2210887575675028E-5
2.3599999999999998E-5     2.1559038972533366E-5
2.37E-5                   2.090719036934356E-5
2.38E-5                   2.025534176610566E-5
2.3899999999999998E-5     1.9603493162819614E-5
2.4E-5                    1.89516445594854E-5
2.41E-5                   1.8299795956103052E-5
2.42E-5                   1.7647947352672538E-5
2.4299999999999998E-5     1.6996098749193834E-5
2.44E-5                   1.6344250145666914E-5
2.45E-5                   1.5692401542091818E-5
2.4599999999999998E-5     1.5040552938468506E-5
2.4699999999999997E-5     1.4388704334796965E-5
2.48E-5                   1.3736855731077167E-5
2.49E-5                   1.3085007127309138E-5
2.4999999999999998E-5     1.243315852349285E-5
2.51E-5                   1.178130991962827E-5
2.52E-5                   1.1129461315715428E-5
2.53E-5                   1.0477612711754288E-5
2.5399999999999997E-5     9.82576410774485E-6
2.55E-5                   9.17391550368707E-6
2.56E-5                   8.522066899580985E-6
2.5699999999999998E-5     7.870218295426561E-6
2.58E-5                   7.218369691223764E-6
2.59E-5                   6.566521086972629E-6
2.6E-5                    6.274261226289984E-6
2.6099999999999997E-5     6.0921774451672646E-6
2.62E-5                   5.910093664056416E-6
2.63E-5                   5.728009882957453E-6
2.6399999999999998E-5     5.545926101870365E-6
2.65E-5                   5.363842320795148E-6
2.66E-5                   5.181758539731815E-6
2.67E-5                   4.999674758680358E-6
2.6799999999999998E-5     4.817590977640775E-6
2.69E-5                   4.635507196613065E-6
2.7E-5                    4.453423415597235E-6
2.7099999999999998E-5     4.271339634593279E-6
2.7199999999999997E-5     4.089255853601201E-6
2.73E-5                   3.90717207262099E-6
2.74E-5                   3.72508829165266E-6
2.7499999999999998E-5     3.543004510696206E-6
2.76E-5                   3.360920729751617E-6
2.77E-5                   3.1788369488189108E-6
2.7799999999999998E-5     2.9967531678980767E-6
2.7899999999999997E-5     2.8146693869891173E-6
2.8E-5                    2.6325856060920247E-6
2.81E-5                   2.45050182520681E-6
2.8199999999999998E-5     2.2684180443334692E-6
2.83E-5                   2.086334263471994E-6
2.84E-5                   1.904250482622397E-6
2.8499999999999998E-5     1.7541446221278757E-6
2.8599999999999997E-5     1.7047350735604343E-6
2.87E-5                   1.6553255249902303E-6
2.88E-5                   1.6059159764172674E-6
2.8899999999999998E-5     1.5565064278415429E-6
2.9E-5                    1.5070968792630551E-6
2.91E-5                   1.4576873306818084E-6
2.9199999999999998E-5     1.4082777820978001E-6
2.9299999999999997E-5     1.3588682335110305E-6
2.94E-5                   1.3094586849214983E-6
2.95E-5                   1.2600491363292067E-6
2.9599999999999998E-5     1.2106395877341536E-6
2.97E-5                   1.161230039136338E-6
2.98E-5                   1.1118204905357628E-6
2.99E-5                   1.0624109419324261E-6
2.9999999999999997E-5     1.0130013933263285E-6
3.01E-5                   9.635918447174674E-7
3.02E-5                   9.141822961058473E-7
3.0299999999999998E-5     8.647727474914658E-7
3.04E-5                   8.153631988743212E-7
3.05E-5                   7.659536502544176E-7
3.06E-5                   7.165441016317523E-7
3.07E-5                   6.67134553006324E-7
3.0799999999999996E-5     6.177250043781381E-7
3.09E-5                   5.683154557471873E-7
3.1E-5                    5.189059071134753E-7
3.11E-5                   4.943002791969536E-7
3.12E-5                   4.795047361622304E-7
3.13E-5                   4.6470919312815727E-7
3.14E-5                   4.4991365009473517E-7
3.15E-5                   4.351181070619622E-7
3.1599999999999996E-5     4.2032256402984037E-7
3.17E-5                   4.055270209983676E-7
3.18E-5                   3.9073147796754484E-7
3.1899999999999996E-5     3.7593593493737334E-7
3.2E-5                    3.6114039190785077E-7
3.21E-5                   3.4634484887897824E-7
3.22E-5                   3.315493058507571E-7
3.23E-5                   3.167537628231847E-7
3.24E-5                   3.0195821979626257E-7
3.25E-5                   2.871626767699914E-7
3.26E-5                   2.7236713374436956E-7
3.2699999999999995E-5     2.5757159071939847E-7
3.28E-5                   2.4277604769507673E-7
3.29E-5                   2.2798050467140496E-7
3.2999999999999996E-5     2.1318496164838427E-7
3.31E-5                   1.9838941862601275E-7
3.32E-5                   1.8359387560429122E-7
3.3299999999999996E-5     1.6879833258322084E-7
3.34E-5                   1.5400278956279948E-7
3.35E-5                   1.3920724654302825E-7
3.36E-5                   1.267799448060057E-7
3.37E-5                   1.2430957723889678E-7
3.38E-5                   1.218392096717444E-7
3.39E-5                   1.1936884210454874E-7
3.4E-5                    1.1689847453730941E-7
3.4099999999999995E-5     1.1442810697002679E-7
3.42E-5                   1.119577394027005E-7
3.43E-5                   1.0948737183533075E-7
3.4399999999999996E-5     1.070170042679177E-7
3.45E-5                   1.0454663670046101E-7
3.46E-5                   1.020762691329608E-7
3.4699999999999996E-5     9.960590156541732E-8
3.48E-5                   9.713553399783016E-8
3.49E-5                   9.466516643019955E-8
3.5E-5                    9.219479886252564E-8
3.51E-5                   8.972443129480806E-8
3.52E-5                   8.7254063727047E-8
3.53E-5                   8.478369615924265E-8
3.54E-5                   8.231332859139466E-8
3.5499999999999996E-5     7.984296102350334E-8
3.56E-5                   7.737259345556838E-8
3.57E-5                   7.490222588758992E-8
3.5799999999999996E-5     7.243185831956819E-8
3.59E-5                   6.99614907515028E-8
3.6E-5                    6.749112318339392E-8
3.6099999999999997E-5     6.502075561524177E-8
3.62E-5                   6.255038804704594E-8
3.63E-5                   6.008002047880663E-8
3.64E-5                   5.7609652910524015E-8
3.65E-5                   5.513928534219777E-8
3.6599999999999995E-5     5.2668917773828194E-8
3.67E-5                   5.019855020541498E-8
3.68E-5                   4.7728182636958295E-8
3.6899999999999996E-5     4.5257815068458286E-8
3.7E-5                    4.278744749991464E-8
3.71E-5                   4.031707993132753E-8
3.7199999999999996E-5     3.7846712362697095E-8
3.73E-5                   3.537634479402302E-8
3.74E-5                   3.290597722530545E-8
3.75E-5                   3.0435609656544594E-8
3.76E-5                   2.7965242087740087E-8
3.77E-5                   2.5494874518892103E-8
3.78E-5                   2.3024506950000804E-8
3.79E-5                   2.0554139381065857E-8
3.7999999999999995E-5     1.808377181208761E-8
3.81E-5                   1.5613404243065718E-8
3.82E-5                   1.3143036674000338E-8
3.8299999999999996E-5     1.0672669104891653E-8
3.84E-5                   8.202301535739326E-9
3.85E-5                   5.731933966543516E-9
3.8599999999999996E-5     3.2615663973043987E-9
3.87E-5                   1.1216406415867405E-9
3.88E-5                   9.577410510883325E-10
3.89E-5                   7.938414605907743E-10
3.9E-5                    6.299418700940451E-10
3.9099999999999995E-5     4.660422795981655E-10
3.92E-5                   3.0214268910311437E-10
3.93E-5                   1.3824309860890365E-10
3.9399999999999995E-5     -2.5656491884457773E-11
3.95E-5                   -1.895560823769896E-10
3.96E-5                   -3.5345567286868313E-10
3.9699999999999996E-5     -5.173552633595252E-10
3.98E-5                   -6.8125485384954E-10
3.99E-5                   -8.451544443387152E-10
3.9999999999999996E-5     -1.009054034827039E-9
4.01E-5                   -1.1729536253145357E-9
4.02E-5                   -1.3368532158011916E-9
4.03E-5                   -1.5007528062869985E-9
4.04E-5                   -1.6646523967719762E-9
4.0499999999999995E-5     -1.8285519872561032E-9
4.06E-5                   -1.9924515777394023E-9
4.07E-5                   -2.1563511682218615E-9
4.0799999999999996E-5     -2.3202507587034707E-9
4.09E-5                   -2.4841503491842515E-9
4.1E-5                    -2.6480499396641935E-9
4.1099999999999996E-5     -2.811949530143283E-9
4.12E-5                   -2.9758491206215464E-9
4.13E-5                   -3.139748711098969E-9
4.14E-5                   -3.3036483015755422E-9
4.15E-5                   -3.4675478920512863E-9
4.1599999999999995E-5     -3.63144748252618E-9
4.17E-5                   -3.795347073000246E-9
4.18E-5                   -3.959246663473472E-9
4.1899999999999995E-5     -4.123146253945848E-9
4.2E-5                    -4.287045844417395E-9
4.21E-5                   -4.450945434888103E-9
4.2199999999999996E-5     -4.61484502535796E-9
4.23E-5                   -4.7787446158269874E-9
4.24E-5                   -4.942644206295178E-9
4.2499999999999996E-5     -5.106543796762516E-9
4.26E-5                   -5.270443387229028E-9
4.27E-5                   -5.434342977694699E-9
4.28E-5                   -5.598242568159519E-9
4.29E-5                   -5.762142158623512E-9
4.2999999999999995E-5     -5.926041749086654E-9
4.31E-5                   -6.089941339548968E-9
4.32E-5                   -6.2538409300104425E-9
4.3299999999999995E-5     -6.417740520471066E-9
4.34E-5                   -6.581640110930861E-9
4.35E-5                   -6.745539701389818E-9
4.3599999999999996E-5     -6.909439291847923E-9
4.37E-5                   -7.073338882305199E-9
4.38E-5                   -7.1989040556255285E-9
4.3899999999999996E-5     -6.9566682326189865E-9
4.4E-5                    -6.71443240961115E-9
4.41E-5                   -6.472196586602038E-9
4.42E-5                   -6.2299607635916694E-9
4.43E-5                   -5.987724940580008E-9
4.4399999999999995E-5     -5.7454891175670885E-9
4.45E-5                   -5.503253294552875E-9
4.46E-5                   -5.261017471537391E-9
4.4699999999999996E-5     -5.018781648520647E-9
4.48E-5                   -4.776545825502609E-9
4.49E-5                   -4.534310002483298E-9
4.4999999999999996E-5     -4.2920741794627285E-9
4.51E-5                   -4.049838356440867E-9
4.52E-5                   -3.807602533417731E-9
4.5299999999999997E-5     -3.5653667103933344E-9
4.54E-5                   -3.323130887367648E-9
4.5499999999999995E-5     -3.0808950643407034E-9
4.56E-5                   -2.838659241312467E-9
4.57E-5                   -2.5964234182829546E-9
4.5799999999999995E-5     -2.354187595252185E-9
4.59E-5                   -2.1119517722201223E-9
4.6E-5                    -1.8697159491867863E-9
4.6099999999999996E-5     -1.62748012615219E-9
4.62E-5                   -1.3852443031163027E-9
4.63E-5                   -1.1430084800791413E-9
4.6399999999999996E-5     -9.007726570407203E-10
4.65E-5                   -6.585368340010085E-10
4.66E-5                   -4.1630101096002096E-10
4.67E-5                   -1.740651879177753E-10
4.68E-5                   6.817063512576176E-11
4.6899999999999995E-5     3.1040645817055743E-10
4.7E-5                    5.526422812166449E-10
4.71E-5                   7.948781042640078E-10
4.7199999999999995E-5     1.0371139273126288E-9
4.73E-5                   1.2793497503625411E-9
4.74E-5                   1.5215855734137293E-9
4.7499999999999996E-5     1.7638213964661753E-9
4.76E-5                   2.0060572195199127E-9
4.77E-5                   2.2482930425749254E-9
4.7799999999999996E-5     2.4905288656311974E-9
4.79E-5                   2.73276468868876E-9
4.8E-5                    2.975000511747598E-9
4.81E-5                   3.217236334807695E-9
4.82E-5                   3.459472157869082E-9
4.8299999999999995E-5     3.7017079809317293E-9
4.84E-5                   3.943943803995668E-9
4.85E-5                   4.186179627060881E-9
4.8599999999999995E-5     4.428415450127352E-9
4.87E-5                   4.670651273195116E-9
4.88E-5                   4.912887096264154E-9
4.8899999999999996E-5     5.136615428072739E-9
4.9E-5                    4.972174255190241E-9
4.91E-5                   4.807733082308256E-9
4.9199999999999997E-5     4.6432919094267945E-9
4.93E-5                   4.478850736545836E-9
4.9399999999999995E-5     4.3144095636654006E-9
4.95E-5                   4.149968390785468E-9
4.96E-5                   3.98552721790605E-9
4.9699999999999995E-5     3.821086045027155E-9
4.98E-5                   3.6566448721487624E-9
4.99E-5                   3.4922036992708832E-9
4.9999999999999996E-5     3.3277625263935285E-9
5.01E-5                   3.1633213535166755E-9
5.02E-5                   2.998880180640335E-9
5.0299999999999996E-5     2.83443900776452E-9
5.04E-5                   2.669997834889206E-9
5.05E-5                   2.5055566620144067E-9
5.06E-5                   2.3411154891401303E-9
5.07E-5                   2.176674316266357E-9
5.0799999999999995E-5     2.012233143393107E-9
5.09E-5                   1.847791970520359E-9
5.1E-5                    1.6833507976481262E-9
5.1099999999999995E-5     1.5189096247764153E-9
5.12E-5                   1.3544684519052086E-9
5.13E-5                   1.1900272790345133E-9
5.1399999999999996E-5     1.0255861061643439E-9
5.15E-5                   8.611449332946753E-10
5.16E-5                   6.967037604255201E-10
5.1699999999999996E-5     5.322625875568899E-10
5.18E-5                   3.678214146887616E-10
5.1899999999999994E-5     2.033802418211569E-10
5.2E-5                    3.893906895405529E-11
5.21E-5                   -1.255021039125338E-10
5.2199999999999995E-5     -2.8994327677859806E-10
5.23E-5                   -4.543844496441608E-10
5.24E-5                   -6.188256225092096E-10
5.2499999999999995E-5     -7.832667953737343E-10
5.26E-5                   -9.477079682377578E-10
5.27E-5                   -1.1121491411012671E-9
5.2799999999999996E-5     -1.2765903139642525E-9
5.29E-5                   -1.4410314868267356E-9
5.3E-5                    -1.6054726596887058E-9
5.3099999999999996E-5     -1.7699138325501511E-9
5.32E-5                   -1.934355005411095E-9
5.3299999999999995E-5     -2.098796178271514E-9
5.34E-5                   -2.2632373511314314E-9
5.35E-5                   -2.4276785239908355E-9
5.3599999999999995E-5     -2.5921196968497147E-9
5.37E-5                   -2.7565608697080923E-9
5.38E-5                   -2.921002042565956E-9
5.3899999999999996E-5     -3.0854432154232964E-9
5.4E-5                    -3.249884388280134E-9
5.41E-5                   -3.1929517716352613E-9
5.4199999999999996E-5     -3.135270574108487E-9
5.43E-5                   -3.0775893765816675E-9
5.4399999999999994E-5     -3.0199081790548083E-9
5.4499999999999997E-5     -2.962226981527903E-9
5.46E-5                   -2.9045457840009557E-9
5.4699999999999995E-5     -2.846864586473969E-9
5.48E-5                   -2.7891833889469363E-9
5.49E-5                   -2.731502191419862E-9
5.4999999999999995E-5     -2.673820993892748E-9
5.51E-5                   -2.6161397963655884E-9
5.52E-5                   -2.558458598838386E-9
5.5299999999999996E-5     -2.5007774013111455E-9
5.54E-5                   -2.443096203783858E-9
5.55E-5                   -2.3854150062565285E-9
5.5599999999999996E-5     -2.32773380872916E-9
5.57E-5                   -2.2700526112017457E-9
5.5799999999999994E-5     -2.212371413674293E-9
5.59E-5                   -2.1546902161467932E-9
5.6E-5                    -2.097009018619252E-9
5.6099999999999995E-5     -2.0393278210916717E-9
5.62E-5                   -1.9816466235640453E-9
5.63E-5                   -1.923965426036376E-9
5.6399999999999995E-5     -1.8662842285086685E-9
5.65E-5                   -1.8086030309809144E-9
5.66E-5                   -1.750921833453118E-9
5.6699999999999996E-5     -1.693240635925283E-9
5.68E-5                   -1.635559438397402E-9
5.69E-5                   -1.5778782408694784E-9
5.6999999999999996E-5     -1.520197043341516E-9
5.71E-5                   -1.4625158458135078E-9
5.7199999999999994E-5     -1.4048346482854604E-9
5.73E-5                   -1.347153450757367E-9
5.74E-5                   -1.2894722532292314E-9
5.7499999999999995E-5     -1.2317910557010569E-9
5.76E-5                   -1.1741098581728364E-9
5.77E-5                   -1.1164286606445733E-9
5.7799999999999995E-5     -1.0587474631162716E-9
5.79E-5                   -1.0010662655879235E-9
5.8E-5                    -9.43385068059533E-10
5.8099999999999996E-5     -8.857038705311042E-10
5.82E-5                   -8.280226730026291E-10
5.8299999999999994E-5     -7.703414754741151E-10
5.8399999999999997E-5     -7.126602779455549E-10
5.85E-5                   -6.549790804169526E-10
5.8599999999999995E-5     -5.972978828883113E-10
5.87E-5                   -5.396166853596237E-10
5.88E-5                   -4.819354878308934E-10
5.8899999999999995E-5     -4.2425429030212497E-10
5.9E-5                    -3.665730927733102E-10
5.91E-5                   -3.0889189524445366E-10
5.9199999999999996E-5     -2.5121069771555764E-10
5.93E-5                   -1.9352950018661574E-10
5.94E-5                   -1.3584830265763132E-10
5.9499999999999996E-5     -7.816710512860812E-11
5.96E-5                   -2.0485907599538906E-11
5.9699999999999994E-5     3.7195289929568925E-11
5.98E-5                   9.487648745872321E-11
5.99E-5                   1.5255768498792036E-10
5.9999999999999995E-5     2.1023888251715498E-10
6.01E-5                   2.679200800464369E-10
6.02E-5                   3.256012775757609E-10
6.0299999999999995E-5     3.832824751051235E-10
6.04E-5                   4.409636726345322E-10
6.05E-5                   4.986448701639833E-10
6.0599999999999996E-5     5.563260676934733E-10
6.07E-5                   6.140072652230093E-10
6.08E-5                   6.716884627525876E-10
6.0899999999999996E-5     7.293696602822049E-10
6.1E-5                    7.870508578118683E-10
6.11E-5                   8.447320553415705E-10
6.12E-5                   9.024132528713184E-10
6.13E-5                   9.60094450401109E-10
6.14E-5                   1.0177756479309424E-9
6.149999999999999E-5      1.07545684546081E-9
6.159999999999999E-5      1.1331380429907284E-9
6.17E-5                   1.1908192405206886E-9
6.18E-5                   1.2485004380506915E-9
6.19E-5                   1.3061816355807367E-9
6.2E-5                    1.3638628331108245E-9
6.209999999999999E-5      1.4215440306409467E-9
6.22E-5                   1.4792252281711195E-9
6.23E-5                   1.5369064257013345E-9
6.24E-5                   1.594587623231592E-9
6.25E-5                   1.652268820761892E-9
6.26E-5                   1.709950018292234E-9
6.269999999999999E-5      1.7676312158226114E-9
6.28E-5                   1.8253124133530388E-9
6.29E-5                   1.8829936108835084E-9
6.3E-5                    1.94067480841402E-9
6.31E-5                   1.998356005944575E-9
6.319999999999999E-5      2.0560372034751642E-9
6.33E-5                   2.1137184010058036E-9
6.34E-5                   2.171399598536485E-9
6.35E-5                   2.2290807960672097E-9
6.36E-5                   2.2867619935979764E-9
6.37E-5                   2.3444431911287853E-9
6.379999999999999E-5      2.4021243886596286E-9
6.39E-5                   2.4598055861905227E-9
6.4E-5                    2.5174867837214594E-9
6.41E-5                   2.478270765332192E-9
6.42E-5                   2.4387270866381155E-9
6.429999999999999E-5      2.3991834079440464E-9
6.44E-5                   2.359639729249974E-9
6.45E-5                   2.3200960505559033E-9
6.46E-5                   2.280552371861834E-9
6.47E-5                   2.241008693167767E-9
6.48E-5                   2.2014650144737014E-9
6.489999999999999E-5      2.161921335779644E-9
6.5E-5                    2.122377657085582E-9
6.51E-5                   2.082833978391522E-9
6.52E-5                   2.0432902996974632E-9
6.53E-5                   2.0037466210034066E-9
6.539999999999999E-5      1.9642029423093573E-9
6.549999999999999E-5      1.924659263615305E-9
6.56E-5                   1.885115584921254E-9
6.57E-5                   1.8455719062272047E-9
6.58E-5                   1.8060282275331567E-9
6.59E-5                   1.7664845488391115E-9
6.599999999999999E-5      1.726940870145073E-9
6.61E-5                   1.6873971914510306E-9
6.62E-5                   1.6478535127569907E-9
6.63E-5                   1.6083098340629524E-9
6.64E-5                   1.5687661553689158E-9
6.65E-5                   1.5292224766748807E-9
6.659999999999999E-5      1.489678797980853E-9
6.67E-5                   1.4501351192868211E-9
6.68E-5                   1.410591440592792E-9
6.69E-5                   1.3710477618987644E-9
6.7E-5                    1.3315040832047386E-9
6.709999999999999E-5      1.2919604045107196E-9
6.72E-5                   1.2524167258166978E-9
6.73E-5                   1.212873047122677E-9
6.74E-5                   1.1733293684286583E-9
6.75E-5                   1.1337856897346416E-9
6.76E-5                   1.0942420110406265E-9
6.769999999999999E-5      1.0546983323466184E-9
6.78E-5                   1.0151546536526064E-9
6.79E-5                   9.75610974958597E-10
6.8E-5                    9.360672962645889E-10
6.81E-5                   8.965236175705829E-10
6.819999999999999E-5      8.569799388765838E-10
6.829999999999999E-5      8.174362601825814E-10
6.84E-5                   7.778925814885806E-10
6.85E-5                   7.383489027945817E-10
6.86E-5                   6.988052241005845E-10
6.87E-5                   6.592615454065893E-10
6.879999999999999E-5      6.197178667126011E-10
6.89E-5                   5.801741880186093E-10
6.9E-5                    5.406305093246189E-10
6.91E-5                   5.01086830630631E-10
6.92E-5                   4.615431519366448E-10
6.929999999999999E-5      4.2199947324266547E-10
6.939999999999999E-5      3.8245579454868263E-10
6.95E-5                   3.4291211585470166E-10
6.96E-5                   3.0336843716072254E-10
6.97E-5                   2.638247584667452E-10
6.98E-5                   2.2428107977276959E-10
6.989999999999999E-5      1.8473740107880117E-10
7.0E-5                    1.4519372238482911E-10
7.01E-5                   1.05650043690859E-10
7.02E-5                   6.610636499689052E-11
7.03E-5                   2.6562686302924002E-11
7.04E-5                   -1.2980992391040866E-11
7.049999999999999E-5      -5.2524671084998616E-11
7.06E-5                   -9.20683497789601E-11
7.07E-5                   -1.3161202847291943E-10
7.08E-5                   -1.7115570716687704E-10
7.09E-5                   -2.1069938586083283E-10
7.099999999999999E-5      -2.502430645547814E-10
7.11E-5                   -2.897867432487337E-10
7.12E-5                   -3.293304219426844E-10
7.13E-5                   -3.6887410063663305E-10
7.14E-5                   -4.084177793305799E-10
7.15E-5                   -4.47961458024525E-10
7.159999999999999E-5      -4.875051367184628E-10
7.17E-5                   -5.270488154124042E-10
7.18E-5                   -5.665924941063439E-10
7.19E-5                   -6.061361728002818E-10
7.2E-5                    -6.456798514942179E-10
7.209999999999999E-5      -6.852235301881469E-10
7.219999999999999E-5      -7.247672088820794E-10
7.23E-5                   -7.6431088757601E-10
7.24E-5                   -8.038545662699391E-10
7.25E-5                   -8.433982449638658E-10
7.26E-5                   -8.829419236577911E-10
7.269999999999999E-5      -9.224856023517093E-10
7.28E-5                   -9.620292810456309E-10
7.29E-5                   -1.0015729597395513E-9
7.3E-5                    -1.0411166384334692E-9
7.31E-5                   -1.0806603171273856E-9
7.319999999999999E-5      -1.1202039958212948E-9
7.329999999999999E-5      -1.1597476745152076E-9
7.34E-5                   -1.1992913532091184E-9
7.35E-5                   -1.2388350319030277E-9
7.36E-5                   -1.278378710596935E-9
7.37E-5                   -1.3179223892908403E-9
7.379999999999999E-5      -1.357466067984739E-9
7.39E-5                   -1.3970097466786408E-9
7.4E-5                    -1.4365534253725409E-9
7.41E-5                   -1.4166700872020264E-9
7.42E-5                   -1.3965857951209795E-9
7.429999999999999E-5      -1.3765015030399438E-9
7.439999999999999E-5      -1.3564172109589148E-9
7.45E-5                   -1.3363329188778944E-9
7.46E-5                   -1.3162486267968835E-9
7.47E-5                   -1.2961643347158808E-9
7.48E-5                   -1.2760800426348877E-9
7.489999999999999E-5      -1.2559957505539059E-9
7.5E-5                    -1.2359114584729311E-9
7.51E-5                   -1.2158271663919645E-9
7.52E-5                   -1.1957428743110069E-9
7.53E-5                   -1.1756585822300584E-9
7.54E-5                   -1.1555742901491188E-9
7.549999999999999E-5      -1.1354899980681912E-9
7.56E-5                   -1.1154057059872698E-9
7.57E-5                   -1.0953214139063571E-9
7.58E-5                   -1.0752371218254535E-9
7.59E-5                   -1.055152829744559E-9
7.599999999999999E-5      -1.0350685376636759E-9
7.609999999999999E-5      -1.0149842455827993E-9
7.62E-5                   -9.948999535019317E-10
7.63E-5                   -9.748156614210732E-10
7.64E-5                   -9.547313693402233E-10
7.65E-5                   -9.346470772593824E-10
7.659999999999999E-5      -9.145627851785532E-10
7.67E-5                   -8.944784930977305E-10
7.68E-5                   -8.743942010169166E-10
7.69E-5                   -8.543099089361118E-10
7.7E-5                    -8.342256168553159E-10
7.709999999999999E-5      -8.141413247745318E-10
7.719999999999999E-5      -7.940570326937538E-10
7.73E-5                   -7.739727406129847E-10
7.74E-5                   -7.538884485322248E-10
7.75E-5                   -7.338041564514739E-10
7.76E-5                   -7.137198643707319E-10
7.769999999999999E-5      -6.936355722900015E-10
7.78E-5                   -6.735512802092771E-10
7.79E-5                   -6.53466988128562E-10
7.8E-5                    -6.333826960478557E-10
7.81E-5                   -6.132984039671586E-10
7.819999999999999E-5      -5.932141118864731E-10
7.829999999999999E-5      -5.73129819805794E-10
7.84E-5                   -5.530455277251238E-10
7.85E-5                   -5.329612356444625E-10
7.86E-5                   -5.128769435638101E-10
7.87E-5                   -4.927926514831667E-10
7.879999999999999E-5      -4.727083594025351E-10
7.89E-5                   -4.5262406732190973E-10
7.9E-5                    -4.325397752412931E-10
7.91E-5                   -4.1245548316068573E-10
7.92E-5                   -3.9237119108008725E-10
7.93E-5                   -3.722868989994977E-10
7.939999999999999E-5      -3.522026069189199E-10
7.95E-5                   -3.3211831483834836E-10
7.96E-5                   -3.1203402275778576E-10
7.97E-5                   -2.9194973067723215E-10
7.98E-5                   -2.7186543859668764E-10
7.989999999999999E-5      -2.5178114651615456E-10
7.999999999999999E-5      -2.316968544356279E-10
8.01E-5                   -2.1161256235511016E-10
8.02E-5                   -1.9152827027460148E-10
8.03E-5                   -1.7144397819410172E-10
8.04E-5                   -1.513596861136109E-10
8.049999999999999E-5      -1.3127539403313176E-10
8.06E-5                   -1.1119110195265878E-10
8.07E-5                   -9.110680987219491E-11
8.08E-5                   -7.102251779174002E-11
8.09E-5                   -5.093822571129412E-11
8.099999999999999E-5      -3.085393363085985E-11
8.109999999999999E-5      -1.0769641550431885E-11
8.12E-5                   9.314650529987292E-12
8.13E-5                   2.939894261039732E-11
8.14E-5                   4.9483234690798375E-11
8.15E-5                   6.95675267711904E-11
8.159999999999999E-5      8.96518188515709E-11
8.17E-5                   1.0973611093194508E-10
8.18E-5                   1.2982040301231018E-10
8.19E-5                   1.499046950926664E-10
8.2E-5                    1.6998898717301363E-10
8.209999999999999E-5      1.9007327925334917E-10
8.219999999999999E-5      2.1015757133367846E-10
8.23E-5                   2.3024186341399877E-10
8.24E-5                   2.5032615549431014E-10
8.25E-5                   2.704104475746125E-10
8.26E-5                   2.904947396549058E-10
8.269999999999999E-5      3.1057903173518757E-10
8.28E-5                   3.30663323815463E-10
8.29E-5                   3.5074761589572946E-10
8.3E-5                    3.70831907975987E-10
8.31E-5                   3.9091620005623557E-10
8.319999999999999E-5      4.1100049213647237E-10
8.329999999999999E-5      4.310847842167029E-10
8.34E-5                   4.5116907629692456E-10
8.35E-5                   4.712533683771372E-10
8.36E-5                   4.913376604573409E-10
8.37E-5                   5.114219525375355E-10
8.379999999999999E-5      5.315062446177186E-10
8.389999999999999E-5      5.515905366978953E-10
8.4E-5                    5.71674828778063E-10
8.41E-5                   5.659464554090015E-10
8.42E-5                   5.601307958805873E-10
8.43E-5                   5.54315136352167E-10
8.439999999999999E-5      5.484994768237417E-10
8.45E-5                   5.426838172953095E-10
8.46E-5                   5.368681577668713E-10
8.47E-5                   5.310524982384272E-10
8.48E-5                   5.252368387099771E-10
8.489999999999999E-5      5.19421179181522E-10
8.499999999999999E-5      5.136055196530598E-10
8.51E-5                   5.077898601245919E-10
8.52E-5                   5.019742005961179E-10
8.53E-5                   4.961585410676379E-10
8.54E-5                   4.90342881539152E-10
8.549999999999999E-5      4.845272220106607E-10
8.56E-5                   4.787115624821629E-10
8.57E-5                   4.728959029536589E-10
8.58E-5                   4.670802434251491E-10
8.59E-5                   4.6126458389663316E-10
8.599999999999999E-5      4.554489243681121E-10
8.609999999999999E-5      4.4963326483958424E-10
8.62E-5                   4.438176053110504E-10
8.63E-5                   4.3800194578251065E-10
8.64E-5                   4.321862862539649E-10
8.65E-5                   4.2637062672541313E-10
8.659999999999999E-5      4.2055496719685615E-10
8.669999999999999E-5      4.147393076682925E-10
8.68E-5                   4.0892364813972286E-10
8.69E-5                   4.0310798861114727E-10
8.7E-5                    3.972923290825656E-10
8.709999999999999E-5      3.914766695539787E-10
8.719999999999999E-5      3.8566101002538513E-10
8.73E-5                   3.798453504967855E-10
8.74E-5                   3.7402969096818E-10
8.75E-5                   3.6821403143956855E-10
8.76E-5                   3.62398371910951E-10
8.769999999999999E-5      3.565827123823282E-10
8.779999999999999E-5      3.5076705285369873E-10
8.79E-5                   3.4495139332506327E-10
8.8E-5                    3.391357337964218E-10
8.81E-5                   3.3332007426777436E-10
8.82E-5                   3.2750441473912107E-10
8.829999999999999E-5      3.2168875521046245E-10
8.84E-5                   3.1587309568179705E-10
8.85E-5                   3.100574361531258E-10
8.86E-5                   3.042417766244485E-10
8.87E-5                   2.9842611709576515E-10
8.879999999999999E-5      2.9261045756707675E-10
8.889999999999999E-5      2.8679479803838143E-10
8.9E-5                    2.809791385096801E-10
8.91E-5                   2.75163478980973E-10
8.92E-5                   2.6934781945225983E-10
8.93E-5                   2.6353215992354057E-10
8.939999999999999E-5      2.5771650039481624E-10
8.95E-5                   2.5190084086608514E-10
8.96E-5                   2.46085181337348E-10
8.97E-5                   2.4026952180860494E-10
8.98E-5                   2.344538622798559E-10
8.989999999999999E-5      2.2863820275110161E-10
8.999999999999999E-5      2.2282254322234053E-10
9.01E-5                   2.1700688369357355E-10
9.02E-5                   2.1119122416480054E-10
9.03E-5                   2.0537556463602162E-10
9.04E-5                   1.9955990510723673E-10
9.049999999999999E-5      1.9374424557844656E-10
9.059999999999999E-5      1.8792858604964962E-10
9.07E-5                   1.8211292652084673E-10
9.08E-5                   1.7629726699203785E-10
9.09E-5                   1.7048160746322305E-10
9.099999999999999E-5      1.64665947934403E-10
9.109999999999999E-5      1.5885028840557623E-10
9.12E-5                   1.530346288767434E-10
9.13E-5                   1.4721896934790465E-10
9.14E-5                   1.414033098190599E-10
9.15E-5                   1.355876502902092E-10
9.159999999999999E-5      1.2977199076135333E-10
9.169999999999999E-5      1.239563312324906E-10
9.18E-5                   1.1814067170362195E-10
9.19E-5                   1.1232501217474732E-10
9.2E-5                    1.065093526458667E-10
9.21E-5                   1.0069369311698012E-10
9.219999999999999E-5      9.48780335880883E-11
9.23E-5                   8.906237405918976E-11
9.24E-5                   8.324671453028521E-11
9.25E-5                   7.743105500137473E-11
9.26E-5                   7.161539547245821E-11
9.269999999999999E-5      6.579973594353652E-11
9.279999999999999E-5      5.998407641460807E-11
9.29E-5                   5.4168416885673645E-11
9.3E-5                    4.835275735673323E-11
9.31E-5                   4.2537097827786846E-11
9.32E-5                   3.672143829883447E-11
9.329999999999999E-5      3.0905778769876905E-11
9.34E-5                   2.5090119240912565E-11
9.35E-5                   1.927445971194226E-11
9.36E-5                   1.3458800182965965E-11
9.37E-5                   7.643140653983712E-12
9.379999999999999E-5      1.8274811249962434E-12
9.389999999999999E-5      -3.988178403997987E-12
9.4E-5                    -9.803837932998191E-12
9.41E-5                   -1.2781742404655076E-11
9.42E-5                   -1.5750050938202074E-11
9.43E-5                   -1.8718359471749893E-11
9.439999999999999E-5      -2.1686668005298154E-11
9.449999999999999E-5      -2.465497653884762E-11
9.46E-5                   -2.7623285072397917E-11
9.47E-5                   -3.059159360594904E-11
9.48E-5                   -3.355990213950098E-11
9.489999999999999E-5      -3.6528210673053344E-11
9.499999999999999E-5      -3.949651920660693E-11
9.51E-5                   -4.246482774016134E-11
9.52E-5                   -4.543313627371661E-11
9.53E-5                   -4.8401444807272646E-11
9.54E-5                   -5.136975334082954E-11
9.549999999999999E-5      -5.433806187438683E-11
9.559999999999999E-5      -5.7306370407945366E-11
9.57E-5                   -6.02746789415047E-11
9.58E-5                   -6.324298747506487E-11
9.59E-5                   -6.621129600862586E-11
9.6E-5                    -6.917960454218767E-11
9.609999999999999E-5      -7.214791307574991E-11
9.62E-5                   -7.511622160931337E-11
9.63E-5                   -7.808453014287765E-11
9.64E-5                   -8.105283867644274E-11
9.65E-5                   -8.402114721000872E-11
9.659999999999999E-5      -8.698945574357505E-11
9.669999999999999E-5      -8.995776427714262E-11
9.68E-5                   -9.292607281071102E-11
9.69E-5                   -9.589438134428023E-11
9.7E-5                    -9.886268987785026E-11
9.71E-5                   -1.0183099841142113E-10
9.719999999999999E-5      -1.0479930694499242E-10
9.73E-5                   -1.0776761547856495E-10
9.74E-5                   -1.1073592401213826E-10
9.75E-5                   -1.137042325457124E-10
9.76E-5                   -1.166725410792874E-10
9.769999999999999E-5      -1.196408496128628E-10
9.779999999999999E-5      -1.2260915814643942E-10
9.79E-5                   -1.2557746668001693E-10
9.8E-5                    -1.2854577521359515E-10
9.81E-5                   -1.3151408374717426E-10
9.82E-5                   -1.3448239228075417E-10
9.829999999999999E-5      -1.3745070081433446E-10
9.839999999999999E-5      -1.4041900934791608E-10
9.85E-5                   -1.4338731788149841E-10
9.86E-5                   -1.4635562641508163E-10
9.87E-5                   -1.4932393494866565E-10
9.879999999999999E-5      -1.522922434822501E-10
9.889999999999999E-5      -1.5526055201583578E-10
9.9E-5                    -1.5822886054942227E-10
9.91E-5                   -1.6119716908300965E-10
9.92E-5                   -1.6416547761659778E-10
9.93E-5                   -1.6713378615018673E-10
9.939999999999999E-5      -1.701020946837761E-10
9.949999999999999E-5      -1.7307040321736674E-10
9.96E-5                   -1.7603871175095817E-10
9.97E-5                   -1.790070202845504E-10
9.98E-5                   -1.8197532881814348E-10
9.989999999999999E-5      -1.8494363735173695E-10
9.999999999999999E-5      -1.879119458853317E-10
