% Model:              20230225_JW_4_40.mph
% Version:            COMSOL 5.6.0.401
% Date:               Feb 25 2023, 21:09
% Dimension:          1
% Nodes:              1001
% Expressions:        1
% Description:        点图
% X                       Height
0                         11.549921088024451
1.0E-7                    11.479931874011344
2.0E-7                    11.288636741866478
3.0E-7                    11.02831042468546
4.0E-7                    10.702634634280628
5.0E-7                    10.337528831266592
6.0E-7                    9.947012765514257
7.0E-7                    9.547646370639752
8.0E-7                    9.157450048569954
9.0E-7                    8.780118093708149
1.0E-6                    8.414990570695327
1.1E-6                    8.064348678360156
1.2E-6                    7.729189653861167
1.2999999999999998E-6     7.406918599793678
1.4E-6                    7.097275854129886
1.5E-6                    6.800008157578575
1.6E-6                    6.514936771338851
1.6999999999999998E-6     6.241124435013951
1.8E-6                    5.977835269763881
1.9E-6                    5.724679204442267
2.0E-6                    5.482935027640692
2.1E-6                    5.250707382078645
2.2E-6                    5.027642979028038
2.3E-6                    4.813871419180893
2.4E-6                    4.609391644235027
2.4999999999999998E-6     4.413441682706995
2.5999999999999997E-6     4.224465154990215
2.7E-6                    4.043858074524908
2.8E-6                    3.8703653494710677
2.8999999999999998E-6     3.703632505073907
3.0E-6                    3.5440403651780943
3.1E-6                    3.391699082598069
3.2E-6                    3.2451837594159647
3.2999999999999997E-6     3.104596934626175
3.3999999999999996E-6     2.969719020771185
3.5E-6                    2.840565478630736
3.6E-6                    2.717316345572712
3.6999999999999997E-6     2.5995047117131773
3.8E-6                    2.4875581467041656
3.9E-6                    2.380780683261268
4.0E-6                    2.2785282281236534
4.1E-6                    2.1806246946606778
4.2E-6                    2.0871482131472034
4.2999999999999995E-6     1.9975484475414111
4.4E-6                    1.9122280572473367
4.5E-6                    1.830072699767057
4.6E-6                    1.7513512136652087
4.7E-6                    1.6759178698463593
4.8E-6                    1.6036877560902272
4.9E-6                    1.5350009822908148
4.9999999999999996E-6     1.4691776491858997
5.0999999999999995E-6     1.407086424332774
5.199999999999999E-6      1.346624779930679
5.3E-6                    1.2880827617001862
5.4E-6                    1.2334918143803066
5.5E-6                    1.178901388290328
5.6E-6                    1.1296313181091928
5.7E-6                    1.0803792751492836
5.7999999999999995E-6     1.034134668553616
5.899999999999999E-6      0.9893953302006568
6.0E-6                    0.946874842135713
6.1E-6                    0.9060334420973697
6.2E-6                    0.8668338442391139
6.3E-6                    0.8294706084489577
6.4E-6                    0.7937774627508908
6.5E-6                    0.7592714083513081
6.5999999999999995E-6     0.726972221748941
6.699999999999999E-6      0.6953901180877142
6.799999999999999E-6      0.6656876630687938
6.9E-6                    0.6370279822395197
7.0E-6                    0.6094610612473801
7.1E-6                    0.5834574842096298
7.2E-6                    0.5580379690003394
7.2999999999999996E-6     0.5342938408910064
7.3999999999999995E-6     0.5112231053612292
7.499999999999999E-6      0.4891965336428772
7.6E-6                    0.468260387470149
7.699999999999999E-6      0.44780660553748647
7.8E-6                    0.4288251564273475
7.899999999999999E-6      0.4102556775793111
8.0E-6                    0.39264767958388413
8.1E-6                    0.3757922985350463
8.2E-6                    0.3594448053638386
8.3E-6                    0.3441629476078011
8.4E-6                    0.3292178098968343
8.5E-6                    0.31513934953430023
8.599999999999999E-6      0.3015709615447065
8.7E-6                    0.2885109301680731
8.8E-6                    0.2762032890233027
8.9E-6                    0.2641715646500745
9.0E-6                    0.2529230327549019
9.1E-6                    0.242001508564552
9.2E-6                    0.23156118581346524
9.299999999999999E-6      0.22165310128397603
9.4E-6                    0.2119717607976859
9.499999999999999E-6      0.20298164873225266
9.6E-6                    0.19418981388888124
9.7E-6                    0.18584268115212635
9.8E-6                    0.17786114843283707
9.9E-6                    0.17014885674392294
9.999999999999999E-6      0.16283643665438083
1.01E-5                   0.15582088680799877
1.0199999999999999E-5     0.14910844589770247
1.03E-5                   0.14267378817452625
1.0399999999999999E-5     0.13645678579465975
1.05E-5                   0.1304846000832676
1.06E-5                   0.12480583703254307
1.07E-5                   0.11941928917605
1.08E-5                   0.1142899891490422
1.0899999999999999E-5     0.10937177028096051
1.1E-5                    0.10471443919295367
1.1099999999999999E-5     0.10016427324768558
1.12E-5                   0.09588555023706656
1.13E-5                   0.091761569635078
1.14E-5                   0.08777426733502361
1.15E-5                   0.08403898218343182
1.1599999999999999E-5     0.08040646421064951
1.17E-5                   0.07693950274175747
1.1799999999999999E-5     0.07364973398718196
1.19E-5                   0.07045282348853603
1.2E-5                    0.06743888517247862
1.21E-5                   0.0645398170863855
1.22E-5                   0.06173299928890475
1.2299999999999999E-5     0.05910759100298386
1.24E-5                   0.05655419523218392
1.2499999999999999E-5     0.054113160618989936
1.26E-5                   0.05185747841833342
1.2699999999999999E-5     0.049657545336322294
1.28E-5                   0.04745761228945469
1.29E-5                   0.04542385485275936
1.3E-5                    0.04351131427123719
1.31E-5                   0.04159877371157858
1.3199999999999999E-5     0.03978381684173307
1.33E-5                   0.03812299896734097
1.3399999999999999E-5     0.036462181108140396
1.35E-5                   0.034844128862525026
1.3599999999999999E-5     0.03340027579676747
1.37E-5                   0.031956422740696246
1.38E-5                   0.03051431665539804
1.3899999999999999E-5     0.029337030962253322
1.4E-5                    0.028159745274954254
1.4099999999999999E-5     0.026982459593306914
1.42E-5                   0.02580517391711728
1.4299999999999999E-5     0.024627888246191394
1.44E-5                   0.02345060258033526
1.45E-5                   0.02245445024637814
1.4599999999999999E-5     0.02156677233779117
1.47E-5                   0.020679094431449663
1.4799999999999999E-5     0.019791416527271614
1.49E-5                   0.01890373862517499
1.4999999999999999E-5     0.018016060725077786
1.51E-5                   0.01718181406596833
1.52E-5                   0.016512817541314163
1.53E-5                   0.015843821017729576
1.5399999999999998E-5     0.015174824495178997
1.55E-5                   0.014505827973626833
1.56E-5                   0.013836831453037577
1.57E-5                   0.013167834933375637
1.5799999999999998E-5     0.012640846312854852
1.59E-5                   0.012136358570192326
1.6E-5                    0.011631870827956723
1.61E-5                   0.011127383086132954
1.62E-5                   0.010622895344705927
1.63E-5                   0.010118407603660598
1.64E-5                   0.009673848181227856
1.6499999999999998E-5     0.009293663665175948
1.66E-5                   0.00891347914931159
1.67E-5                   0.008533294633628292
1.68E-5                   0.008153110118119538
1.69E-5                   0.007772925602778802
1.7E-5                    0.007405335620191875
1.71E-5                   0.007149844449656457
1.7199999999999998E-5     0.006894353279198026
1.73E-5                   0.006638862108814603
1.74E-5                   0.006383370938504238
1.75E-5                   0.006127879768264959
1.76E-5                   0.005872388598094784
1.77E-5                   0.005616897427991766
1.78E-5                   0.005361406257953932
1.7899999999999998E-5     0.00510591508797931
1.8E-5                    0.0048504239180659275
1.81E-5                   0.0045949327482118305
1.82E-5                   0.004339441578415048
1.8299999999999998E-5     0.004121920393604384
1.84E-5                   0.00397850640879429
1.85E-5                   0.0038350924239886545
1.8599999999999998E-5     0.003691678439187125
1.87E-5                   0.003548264454389349
1.88E-5                   0.0034048504695949875
1.89E-5                   0.0032614364848036893
1.8999999999999998E-5     0.003118022500015106
1.91E-5                   0.0029746085152288844
1.92E-5                   0.002831194530444687
1.9299999999999998E-5     0.0026877805456621616
1.94E-5                   0.0025443665608809543
1.95E-5                   0.002400952576100728
1.96E-5                   0.0022938505757852112
1.9699999999999998E-5     0.0022134165136701834
1.98E-5                   0.002132982451559603
1.99E-5                   0.0020525483894534126
1.9999999999999998E-5     0.001972114327351549
2.01E-5                   0.0018916802652539475
2.02E-5                   0.0018112462031605523
2.03E-5                   0.0017308121410712983
2.0399999999999998E-5     0.0016503780789861244
2.05E-5                   0.0015699440169049655
2.06E-5                   0.0014895099548277657
2.07E-5                   0.001409075892754461
2.0799999999999997E-5     0.0013286418306849895
2.09E-5                   0.0012769088420845384
2.1E-5                    0.0012317191614243884
2.1099999999999998E-5     0.0011865294807639273
2.12E-5                   0.0011413398001031427
2.13E-5                   0.0010961501194420265
2.14E-5                   0.0010509604387805667
2.1499999999999997E-5     0.001005770758118752
2.16E-5                   9.605810774565713E-4
2.17E-5                   9.153913967940155E-4
2.1799999999999998E-5     8.702017161310727E-4
2.19E-5                   8.250120354677312E-4
2.2E-5                    7.798223548039821E-4
2.21E-5                   7.356682934124685E-4
2.2199999999999998E-5     7.103466649810565E-4
2.23E-5                   6.850250365498983E-4
2.24E-5                   6.597034081189936E-4
2.2499999999999998E-5     6.343817796883398E-4
2.26E-5                   6.090601512579338E-4
2.27E-5                   5.837385228277755E-4
2.28E-5                   5.584168943978621E-4
2.2899999999999998E-5     5.330952659681917E-4
2.3E-5                    5.077736375387614E-4
2.31E-5                   4.824520091095711E-4
2.3199999999999998E-5     4.57130380680618E-4
2.33E-5                   4.3180875225189895E-4
2.34E-5                   4.1043280728335693E-4
2.35E-5                   3.9872143996714756E-4
2.3599999999999998E-5     3.8701007265095515E-4
2.37E-5                   3.752987053347794E-4
2.38E-5                   3.635873380186208E-4
2.3899999999999998E-5     3.51875970702479E-4
2.4E-5                    3.4016460338635315E-4
2.41E-5                   3.284532360702439E-4
2.42E-5                   3.167418687541507E-4
2.4299999999999998E-5     3.0503050143807344E-4
2.44E-5                   2.933191341220114E-4
2.45E-5                   2.816077668059654E-4
2.4599999999999998E-5     2.6989639948993467E-4
2.4699999999999997E-5     2.5818503217391893E-4
2.48E-5                   2.4647366485791794E-4
2.49E-5                   2.3476229754193197E-4
2.4999999999999998E-5     2.2305093022596058E-4
2.51E-5                   2.1133956291000317E-4
2.52E-5                   1.9962819559406038E-4
2.53E-5                   1.8791682827813157E-4
2.5399999999999997E-5     1.7620546096221658E-4
2.55E-5                   1.6449409364631482E-4
2.56E-5                   1.5278272633042692E-4
2.5699999999999998E-5     1.410713590145523E-4
2.58E-5                   1.2935999169869027E-4
2.59E-5                   1.1764862438284161E-4
2.6E-5                    1.124119361508522E-4
2.6099999999999997E-5     1.0915905517228088E-4
2.62E-5                   1.0590617419370422E-4
2.63E-5                   1.026532932151225E-4
2.6399999999999998E-5     9.940041223653556E-5
2.65E-5                   9.61475312579433E-5
2.66E-5                   9.289465027934596E-5
2.67E-5                   8.964176930074338E-5
2.6799999999999998E-5     8.638888832213559E-5
2.69E-5                   8.313600734352248E-5
2.7E-5                    7.988312636490425E-5
2.7099999999999998E-5     7.663024538628073E-5
2.7199999999999997E-5     7.337736440765204E-5
2.73E-5                   7.012448342901798E-5
2.74E-5                   6.687160245037879E-5
2.7499999999999998E-5     6.361872147173434E-5
2.76E-5                   6.0365840493084516E-5
2.77E-5                   5.7112959514429565E-5
2.7799999999999998E-5     5.386007853576935E-5
2.7899999999999997E-5     5.0607197557103873E-5
2.8E-5                    4.735431657843301E-5
2.81E-5                   4.410143559975698E-5
2.8199999999999998E-5     4.0848554621075675E-5
2.83E-5                   3.759567364238898E-5
2.84E-5                   3.43427926636971E-5
2.8499999999999998E-5     3.165695009551937E-5
2.8599999999999997E-5     3.0756673194085385E-5
2.87E-5                   2.9856396292653122E-5
2.88E-5                   2.895611939122266E-5
2.8899999999999998E-5     2.8055842489793967E-5
2.9E-5                    2.7155565588367E-5
2.91E-5                   2.6255288686941833E-5
2.9199999999999998E-5     2.535501178551842E-5
2.9299999999999997E-5     2.445473488409678E-5
2.94E-5                   2.3554457982676866E-5
2.95E-5                   2.265418108125875E-5
2.9599999999999998E-5     2.1753904179842394E-5
2.97E-5                   2.0853627278427767E-5
2.98E-5                   1.9953350377014942E-5
2.99E-5                   1.905307347560388E-5
2.9999999999999997E-5     1.8152796574194574E-5
3.01E-5                   1.7252519672786998E-5
3.02E-5                   1.6352242771381223E-5
3.0299999999999998E-5     1.5451965869977208E-5
3.04E-5                   1.455168896857492E-5
3.05E-5                   1.365141206717443E-5
3.06E-5                   1.27511351657757E-5
3.07E-5                   1.1850858264378704E-5
3.0799999999999996E-5     1.0950581362983528E-5
3.09E-5                   1.0050304461590056E-5
3.1E-5                    9.150027560198343E-6
3.11E-5                   8.713221544074528E-6
3.12E-5                   8.459720771341688E-6
3.13E-5                   8.206219998608344E-6
3.14E-5                   7.952719225874511E-6
3.15E-5                   7.699218453140158E-6
3.1599999999999996E-5     7.445717680405313E-6
3.17E-5                   7.192216907669948E-6
3.18E-5                   6.938716134934075E-6
3.1899999999999996E-5     6.685215362197717E-6
3.2E-5                    6.4317145894608326E-6
3.21E-5                   6.178213816723444E-6
3.22E-5                   5.924713043985565E-6
3.23E-5                   5.671212271247165E-6
3.24E-5                   5.4177114985082585E-6
3.25E-5                   5.164210725768863E-6
3.26E-5                   4.910709953028946E-6
3.2699999999999995E-5     4.657209180288539E-6
3.28E-5                   4.403708407547611E-6
3.29E-5                   4.150207634806174E-6
3.2999999999999996E-5     3.89670686206425E-6
3.31E-5                   3.6432060893218044E-6
3.32E-5                   3.3897053165788514E-6
3.3299999999999996E-5     3.136204543835411E-6
3.34E-5                   2.882703771091447E-6
3.35E-5                   2.6292029983469776E-6
3.36E-5                   2.414980598154335E-6
3.37E-5                   2.3658985376523485E-6
3.38E-5                   2.316816477150402E-6
3.39E-5                   2.2677344166485E-6
3.4E-5                    2.218652356146636E-6
3.4099999999999995E-5     2.1695702956448156E-6
3.42E-5                   2.120488235143032E-6
3.43E-5                   2.0714061746412903E-6
3.4399999999999996E-5     2.022324114139592E-6
3.45E-5                   1.973242053637931E-6
3.46E-5                   1.924159993136312E-6
3.4699999999999996E-5     1.8750779326347363E-6
3.48E-5                   1.8259958721331977E-6
3.49E-5                   1.7769138116317001E-6
3.5E-5                    1.7278317511302466E-6
3.51E-5                   1.678749690628831E-6
3.52E-5                   1.6296676301274557E-6
3.53E-5                   1.5805855696261249E-6
3.54E-5                   1.531503509124831E-6
3.5499999999999996E-5     1.4824214486235817E-6
3.56E-5                   1.4333393881223696E-6
3.57E-5                   1.3842573276211982E-6
3.5799999999999996E-5     1.335175267120071E-6
3.59E-5                   1.2860932066189812E-6
3.6E-5                    1.2370111461179321E-6
3.6099999999999997E-5     1.1879290856169274E-6
3.62E-5                   1.1388470251159603E-6
3.63E-5                   1.0897649646150333E-6
3.64E-5                   1.040682904114151E-6
3.65E-5                   9.916008436133056E-7
3.6599999999999995E-5     9.425187831125047E-7
3.67E-5                   8.934367226117409E-7
3.68E-5                   8.443546621110183E-7
3.6899999999999996E-5     7.952726016103396E-7
3.7E-5                    7.461905411096983E-7
3.71E-5                   6.971084806090979E-7
3.7199999999999996E-5     6.480264201085416E-7
3.73E-5                   5.989443596080227E-7
3.74E-5                   5.498622991075442E-7
3.75E-5                   5.007802386071104E-7
3.76E-5                   4.5169817810671377E-7
3.77E-5                   4.0261611760635794E-7
3.78E-5                   3.535340571060462E-7
3.79E-5                   3.044519966057719E-7
3.7999999999999995E-5     2.553699361055417E-7
3.81E-5                   2.0628787560534906E-7
3.82E-5                   1.5720581510519705E-7
3.8299999999999996E-5     1.0812375460508917E-7
3.84E-5                   5.90416941050188E-8
3.85E-5                   9.959633604989138E-9
3.8599999999999996E-5     -3.912242689499639E-8
3.87E-5                   -8.111087521430213E-8
3.88E-5                   -8.067986358762815E-8
3.89E-5                   -8.024885196095355E-8
3.9E-5                    -7.981784033427829E-8
3.9099999999999995E-5     -7.938682870760248E-8
3.92E-5                   -7.895581708092598E-8
3.93E-5                   -7.852480545424887E-8
3.9399999999999995E-5     -7.809379382757119E-8
3.95E-5                   -7.766278220089283E-8
3.96E-5                   -7.723177057421386E-8
3.9699999999999996E-5     -7.68007589475343E-8
3.98E-5                   -7.636974732085409E-8
3.99E-5                   -7.593873569417327E-8
3.9999999999999996E-5     -7.550772406749184E-8
4.01E-5                   -7.50767124408098E-8
4.02E-5                   -7.464570081412714E-8
4.03E-5                   -7.421468918744384E-8
4.04E-5                   -7.378367756075991E-8
4.0499999999999995E-5     -7.33526659340754E-8
4.06E-5                   -7.292165430739023E-8
4.07E-5                   -7.249064268070444E-8
4.0799999999999996E-5     -7.205963105401807E-8
4.09E-5                   -7.162861942733105E-8
4.1E-5                    -7.119760780064339E-8
4.1099999999999996E-5     -7.076659617395516E-8
4.12E-5                   -7.033558454726628E-8
4.13E-5                   -6.990457292057678E-8
4.14E-5                   -6.947356129388667E-8
4.15E-5                   -6.904254966719592E-8
4.1599999999999995E-5     -6.86115380405046E-8
4.17E-5                   -6.81805264138126E-8
4.18E-5                   -6.774951478712E-8
4.1899999999999995E-5     -6.73185031604268E-8
4.2E-5                    -6.688749153373296E-8
4.21E-5                   -6.64564799070385E-8
4.2199999999999996E-5     -6.602546828034344E-8
4.23E-5                   -6.559445665364773E-8
4.24E-5                   -6.516344502695141E-8
4.2499999999999996E-5     -6.47324334002545E-8
4.26E-5                   -6.430142177355694E-8
4.27E-5                   -6.387041014685875E-8
4.28E-5                   -6.343939852015996E-8
4.29E-5                   -6.300838689346055E-8
4.2999999999999995E-5     -6.257737526676052E-8
4.31E-5                   -6.214636364005986E-8
4.32E-5                   -6.171535201335857E-8
4.3299999999999995E-5     -6.128434038665671E-8
4.34E-5                   -6.085332875995418E-8
4.35E-5                   -6.042231713325102E-8
4.3599999999999996E-5     -5.99913055065473E-8
4.37E-5                   -5.956029387984292E-8
4.38E-5                   -5.897488183931245E-8
4.3899999999999996E-5     -5.6908069264205426E-8
4.4E-5                    -5.4841256689098714E-8
4.41E-5                   -5.277444411399244E-8
4.42E-5                   -5.070763153888679E-8
4.43E-5                   -4.864081896378141E-8
4.4399999999999995E-5     -4.6574006388676645E-8
4.45E-5                   -4.450719381357218E-8
4.46E-5                   -4.244038123846818E-8
4.4699999999999996E-5     -4.0373568663364754E-8
4.48E-5                   -3.830675608826165E-8
4.49E-5                   -3.6239943513159E-8
4.4999999999999996E-5     -3.4173130938056934E-8
4.51E-5                   -3.2106318362955185E-8
4.52E-5                   -3.003950578785387E-8
4.5299999999999997E-5     -2.7972693212753156E-8
4.54E-5                   -2.590588063765276E-8
4.5499999999999995E-5     -2.3839068062552947E-8
4.56E-5                   -2.177225548745346E-8
4.57E-5                   -1.9705442912354406E-8
4.5799999999999995E-5     -1.7638630337255956E-8
4.59E-5                   -1.557181776215781E-8
4.6E-5                    -1.3505005187060125E-8
4.6099999999999996E-5     -1.1438192611963015E-8
4.62E-5                   -9.37138003686622E-9
4.63E-5                   -7.3045674617698844E-9
4.6399999999999996E-5     -5.2377548866741285E-9
4.65E-5                   -3.170942311578695E-9
4.66E-5                   -1.1041297364837047E-9
4.67E-5                   9.626828386106903E-10
4.68E-5                   3.0294954137047707E-9
4.6899999999999995E-5     5.096307988798263E-9
4.7E-5                    7.163120563891447E-9
4.71E-5                   9.229933138984186E-9
4.7199999999999995E-5     1.1296745714076323E-8
4.73E-5                   1.3363558289168152E-8
4.74E-5                   1.543037086425953E-8
4.7499999999999996E-5     1.7497183439350315E-8
4.76E-5                   1.9563996014440785E-8
4.77E-5                   2.1630808589530817E-8
4.7799999999999996E-5     2.369762116462025E-8
4.79E-5                   2.576443373970937E-8
4.8E-5                    2.783124631479805E-8
4.81E-5                   2.989805888988613E-8
4.82E-5                   3.1964871464973896E-8
4.8299999999999995E-5     3.403168404006108E-8
4.84E-5                   3.6098496615147946E-8
4.85E-5                   3.816530919023436E-8
4.8599999999999995E-5     4.023212176532018E-8
4.87E-5                   4.22989343404057E-8
4.88E-5                   4.436574691549076E-8
4.8899999999999996E-5     4.6269575431613735E-8
4.9E-5                    4.475503456718982E-8
4.91E-5                   4.32404937027658E-8
4.9199999999999997E-5     4.172595283834173E-8
4.93E-5                   4.0211411973917434E-8
4.9399999999999995E-5     3.869687110949311E-8
4.95E-5                   3.7182330245068536E-8
4.96E-5                   3.566778938064384E-8
4.9699999999999995E-5     3.415324851621911E-8
4.98E-5                   3.263870765179416E-8
4.99E-5                   3.1124166787369046E-8
4.9999999999999996E-5     2.9609625922943926E-8
5.01E-5                   2.8095085058518557E-8
5.02E-5                   2.658054419409306E-8
5.0299999999999996E-5     2.5066003329667534E-8
5.04E-5                   2.355146246524177E-8
5.05E-5                   2.203692160081587E-8
5.06E-5                   2.0522380736389942E-8
5.07E-5                   1.9007839871963783E-8
5.0799999999999995E-5     1.7493299007537583E-8
5.09E-5                   1.5978758143111152E-8
5.1E-5                    1.446421727868459E-8
5.1099999999999995E-5     1.2949676414257994E-8
5.12E-5                   1.1435135549831166E-8
5.13E-5                   9.9205946854042E-9
5.1399999999999996E-5     8.40605382097721E-9
5.15E-5                   6.891512956549975E-9
5.16E-5                   5.376972092122613E-9
5.1699999999999996E-5     3.86243122769522E-9
5.18E-5                   2.347890363267591E-9
5.1899999999999994E-5     8.333494988399231E-10
5.2E-5                    -6.811913655879691E-10
5.21E-5                   -2.1957322300159985E-9
5.2199999999999995E-5     -3.7102730944440578E-9
5.23E-5                   -5.2248139588723565E-9
5.24E-5                   -6.7393548233007834E-9
5.2499999999999995E-5     -8.25389568772924E-9
5.26E-5                   -9.768436552157945E-9
5.27E-5                   -1.1282977416586771E-8
5.2799999999999996E-5     -1.2797518281015628E-8
5.29E-5                   -1.431205914544473E-8
5.3E-5                    -1.5826600009873957E-8
5.3099999999999996E-5     -1.734114087430321E-8
5.32E-5                   -1.8855681738732712E-8
5.3299999999999995E-5     -2.0370222603162237E-8
5.34E-5                   -2.1884763467592E-8
5.35E-5                   -2.3399304332021895E-8
5.3599999999999995E-5     -2.491384519645182E-8
5.37E-5                   -2.6428386060881983E-8
5.38E-5                   -2.7942926925312275E-8
5.3899999999999996E-5     -2.9457467789742604E-8
5.4E-5                    -3.0972008654173164E-8
5.41E-5                   -3.032979282875636E-8
5.4199999999999996E-5     -2.9680283877859473E-8
5.43E-5                   -2.9030774926962547E-8
5.4399999999999994E-5     -2.838126597606568E-8
5.4499999999999997E-5     -2.7731757025168785E-8
5.46E-5                   -2.70822480742719E-8
5.4699999999999995E-5     -2.6432739123375076E-8
5.48E-5                   -2.5783230172478213E-8
5.49E-5                   -2.5133721221581366E-8
5.4999999999999995E-5     -2.448421227068458E-8
5.51E-5                   -2.3834703319787766E-8
5.52E-5                   -2.318519436889096E-8
5.5299999999999996E-5     -2.253568541799421E-8
5.54E-5                   -2.188617646709743E-8
5.55E-5                   -2.1236667516200658E-8
5.5599999999999996E-5     -2.0587158565303954E-8
5.57E-5                   -1.993764961440721E-8
5.5799999999999994E-5     -1.928814066351053E-8
5.59E-5                   -1.8638631712613812E-8
5.6E-5                    -1.798912276171711E-8
5.6099999999999995E-5     -1.7339613810820466E-8
5.62E-5                   -1.669010485992379E-8
5.63E-5                   -1.6040595909027128E-8
5.6399999999999995E-5     -1.5391086958130523E-8
5.65E-5                   -1.4741578007233888E-8
5.66E-5                   -1.4092069056337263E-8
5.6699999999999996E-5     -1.3442560105440695E-8
5.68E-5                   -1.2793051154544098E-8
5.69E-5                   -1.2143542203647513E-8
5.6999999999999996E-5     -1.1494033252750986E-8
5.71E-5                   -1.0844524301854427E-8
5.7199999999999994E-5     -1.0195015350957924E-8
5.73E-5                   -9.545506400061391E-9
5.74E-5                   -8.895997449164873E-9
5.7499999999999995E-5     -8.246488498268408E-9
5.76E-5                   -7.596979547371916E-9
5.77E-5                   -6.947470596475437E-9
5.7799999999999995E-5     -6.297961645579011E-9
5.79E-5                   -5.648452694682558E-9
5.8E-5                    -4.998943743786116E-9
5.8099999999999996E-5     -4.349434792889731E-9
5.82E-5                   -3.6999258419933177E-9
5.8299999999999994E-5     -3.050416891096956E-9
5.8399999999999997E-5     -2.4009079402005686E-9
5.85E-5                   -1.7513989893041908E-9
5.8599999999999995E-5     -1.1018900384078713E-9
5.87E-5                   -4.523810875115201E-10
5.88E-5                   1.9712786338482348E-10
5.8899999999999995E-5     8.466368142811026E-10
5.9E-5                    1.4961457651774163E-9
5.91E-5                   2.145654716073708E-9
5.9199999999999996E-5     2.7951636669699507E-9
5.93E-5                   3.4446726178662226E-9
5.94E-5                   4.094181568762484E-9
5.9499999999999996E-5     4.743690519658685E-9
5.96E-5                   5.3931994705549185E-9
5.9699999999999994E-5     6.042708421451094E-9
5.98E-5                   6.692217372347302E-9
5.99E-5                   7.3417263232435015E-9
5.9999999999999995E-5     7.991235274139635E-9
6.01E-5                   8.64074422503581E-9
6.02E-5                   9.290253175931963E-9
6.0299999999999995E-5     9.939762126828065E-9
6.04E-5                   1.0589271077724192E-8
6.05E-5                   1.123878002862031E-8
6.0599999999999996E-5     1.1888288979516369E-8
6.07E-5                   1.2537797930412456E-8
6.08E-5                   1.3187306881308533E-8
6.0899999999999996E-5     1.3836815832204556E-8
6.1E-5                    1.4486324783100607E-8
6.11E-5                   1.51358337339966E-8
6.12E-5                   1.5785342684892625E-8
6.13E-5                   1.6434851635788638E-8
6.14E-5                   1.7084360586684637E-8
6.149999999999999E-5      1.773386953758054E-8
6.159999999999999E-5      1.8383378488476514E-8
6.17E-5                   1.9032887439372473E-8
6.18E-5                   1.968239639026842E-8
6.19E-5                   2.0331905341164353E-8
6.2E-5                    2.0981414292060273E-8
6.209999999999999E-5      2.163092324295609E-8
6.22E-5                   2.2280432193851987E-8
6.23E-5                   2.292994114474787E-8
6.24E-5                   2.3579450095643738E-8
6.25E-5                   2.422895904653959E-8
6.26E-5                   2.4878467997435442E-8
6.269999999999999E-5      2.5527976948331187E-8
6.28E-5                   2.6177485899226998E-8
6.29E-5                   2.6826994850122805E-8
6.3E-5                    2.7476503801018596E-8
6.31E-5                   2.8126012751914374E-8
6.319999999999999E-5      2.877552170281005E-8
6.33E-5                   2.9425030653705807E-8
6.34E-5                   3.007453960460154E-8
6.35E-5                   3.072404855549727E-8
6.36E-5                   3.137355750639299E-8
6.37E-5                   3.202306645728868E-8
6.379999999999999E-5      3.267257540818428E-8
6.39E-5                   3.332208435907996E-8
6.4E-5                    3.397159330997562E-8
6.41E-5                   3.338713439584172E-8
6.42E-5                   3.2798502789201205E-8
6.429999999999999E-5      3.220987118256078E-8
6.44E-5                   3.162123957592027E-8
6.45E-5                   3.103260796927975E-8
6.46E-5                   3.044397636263923E-8
6.47E-5                   2.985534475599873E-8
6.48E-5                   2.9266713149358207E-8
6.489999999999999E-5      2.867808154271777E-8
6.5E-5                    2.8089449936077248E-8
6.51E-5                   2.750081832943673E-8
6.52E-5                   2.6912186722796202E-8
6.53E-5                   2.632355511615568E-8
6.539999999999999E-5      2.573492350951524E-8
6.549999999999999E-5      2.514629190287472E-8
6.56E-5                   2.455766029623419E-8
6.57E-5                   2.3969028689593663E-8
6.58E-5                   2.3380397082953135E-8
6.59E-5                   2.279176547631261E-8
6.599999999999999E-5      2.2203133869672156E-8
6.61E-5                   2.1614502263031625E-8
6.62E-5                   2.102587065639109E-8
6.63E-5                   2.0437239049750556E-8
6.64E-5                   1.984860744311002E-8
6.65E-5                   1.925997583646948E-8
6.659999999999999E-5      1.8671344229829026E-8
6.67E-5                   1.808271262318848E-8
6.68E-5                   1.7494081016547947E-8
6.69E-5                   1.6905449409907406E-8
6.7E-5                    1.6316817803266865E-8
6.709999999999999E-5      1.57281861966264E-8
6.72E-5                   1.5139554589985853E-8
6.73E-5                   1.4550922983345313E-8
6.74E-5                   1.3962291376704764E-8
6.75E-5                   1.337365977006422E-8
6.76E-5                   1.278502816342367E-8
6.769999999999999E-5      1.21963965567832E-8
6.78E-5                   1.1607764950142643E-8
6.79E-5                   1.1019133343502094E-8
6.8E-5                    1.043050173686154E-8
6.81E-5                   9.841870130220987E-9
6.819999999999999E-5      9.25323852358051E-9
6.829999999999999E-5      8.664606916939955E-9
6.84E-5                   8.075975310299397E-9
6.85E-5                   7.48734370365884E-9
6.86E-5                   6.898712097018278E-9
6.87E-5                   6.31008049037772E-9
6.879999999999999E-5      5.721448883737237E-9
6.89E-5                   5.1328172770966725E-9
6.9E-5                    4.544185670456103E-9
6.91E-5                   3.95555406381554E-9
6.92E-5                   3.366922457174973E-9
6.929999999999999E-5      2.7782908505344838E-9
6.939999999999999E-5      2.189659243893914E-9
6.95E-5                   1.6010276372533452E-9
6.96E-5                   1.0123960306127742E-9
6.97E-5                   4.2376442397220173E-10
6.98E-5                   -1.648671826683718E-10
6.989999999999999E-5      -7.53498789308868E-10
7.0E-5                    -1.3421303959494437E-9
7.01E-5                   -1.9307620025900202E-9
7.02E-5                   -2.5193936092305984E-9
7.03E-5                   -3.108025215871176E-9
7.04E-5                   -3.696656822511756E-9
7.049999999999999E-5      -4.285288429152259E-9
7.06E-5                   -4.8739200357928434E-9
7.07E-5                   -5.462551642433427E-9
7.08E-5                   -6.051183249074012E-9
7.09E-5                   -6.639814855714597E-9
7.099999999999999E-5      -7.228446462355105E-9
7.11E-5                   -7.817078068995692E-9
7.12E-5                   -8.405709675636288E-9
7.13E-5                   -8.994341282276875E-9
7.14E-5                   -9.582972888917467E-9
7.15E-5                   -1.0171604495558061E-8
7.159999999999999E-5      -1.0760236102198574E-8
7.17E-5                   -1.1348867708839171E-8
7.18E-5                   -1.1937499315479769E-8
7.19E-5                   -1.2526130922120366E-8
7.2E-5                    -1.3114762528760963E-8
7.209999999999999E-5      -1.3703394135401483E-8
7.219999999999999E-5      -1.4292025742042086E-8
7.23E-5                   -1.4880657348682687E-8
7.24E-5                   -1.5469288955323287E-8
7.25E-5                   -1.6057920561963888E-8
7.26E-5                   -1.6646552168604495E-8
7.269999999999999E-5      -1.7235183775245023E-8
7.28E-5                   -1.7823815381885627E-8
7.29E-5                   -1.841244698852624E-8
7.3E-5                    -1.900107859516685E-8
7.31E-5                   -1.958971020180746E-8
7.319999999999999E-5      -2.0178341808447996E-8
7.329999999999999E-5      -2.0766973415088606E-8
7.34E-5                   -2.135560502172922E-8
7.35E-5                   -2.1944236628369837E-8
7.36E-5                   -2.253286823501045E-8
7.37E-5                   -2.3121499841651075E-8
7.379999999999999E-5      -2.3710131448291612E-8
7.39E-5                   -2.429876305493223E-8
7.4E-5                    -2.4887394661572853E-8
7.41E-5                   -2.4486020345821233E-8
7.42E-5                   -2.408129830083701E-8
7.429999999999999E-5      -2.367657625585282E-8
7.439999999999999E-5      -2.327185421086858E-8
7.45E-5                   -2.286713216588433E-8
7.46E-5                   -2.246241012090008E-8
7.47E-5                   -2.2057688075915825E-8
7.48E-5                   -2.165296603093156E-8
7.489999999999999E-5      -2.1248243985947347E-8
7.5E-5                    -2.084352194096308E-8
7.51E-5                   -2.04387998959788E-8
7.52E-5                   -2.0034077850994514E-8
7.53E-5                   -1.9629355806010222E-8
7.54E-5                   -1.9224633761025934E-8
7.549999999999999E-5      -1.881991171604169E-8
7.56E-5                   -1.841518967105739E-8
7.57E-5                   -1.801046762607308E-8
7.58E-5                   -1.7605745581088772E-8
7.59E-5                   -1.7201023536104454E-8
7.599999999999999E-5      -1.679630149112019E-8
7.609999999999999E-5      -1.6391579446135857E-8
7.62E-5                   -1.598685740115153E-8
7.63E-5                   -1.5582135356167197E-8
7.64E-5                   -1.517741331118285E-8
7.65E-5                   -1.4772691266198504E-8
7.659999999999999E-5      -1.4367969221214202E-8
7.67E-5                   -1.3963247176229848E-8
7.68E-5                   -1.3558525131245487E-8
7.69E-5                   -1.315380308626112E-8
7.7E-5                    -1.274908104127675E-8
7.709999999999999E-5      -1.2344358996292426E-8
7.719999999999999E-5      -1.1939636951308044E-8
7.73E-5                   -1.1534914906323658E-8
7.74E-5                   -1.1130192861339267E-8
7.75E-5                   -1.072547081635487E-8
7.76E-5                   -1.0320748771370471E-8
7.769999999999999E-5      -9.91602672638612E-9
7.78E-5                   -9.511304681401704E-9
7.79E-5                   -9.106582636417288E-9
7.8E-5                    -8.701860591432868E-9
7.81E-5                   -8.297138546448442E-9
7.819999999999999E-5      -7.892416501464066E-9
7.829999999999999E-5      -7.48769445647963E-9
7.84E-5                   -7.082972411495189E-9
7.85E-5                   -6.678250366510744E-9
7.86E-5                   -6.273528321526293E-9
7.87E-5                   -5.868806276541839E-9
7.879999999999999E-5      -5.464084231557433E-9
7.89E-5                   -5.0593621865729666E-9
7.9E-5                    -4.654640141588493E-9
7.91E-5                   -4.2499180966040195E-9
7.92E-5                   -3.845196051619539E-9
7.93E-5                   -3.4404740066350513E-9
7.939999999999999E-5      -3.0357519616506166E-9
7.95E-5                   -2.631029916666121E-9
7.96E-5                   -2.2263078716816203E-9
7.97E-5                   -1.821585826697116E-9
7.98E-5                   -1.4168637817126066E-9
7.989999999999999E-5      -1.012141736728145E-9
7.999999999999999E-5      -6.074196917436244E-10
8.01E-5                   -2.0269764675909952E-10
8.02E-5                   2.0202439822542965E-10
8.03E-5                   6.067464432099646E-10
8.04E-5                   1.0114684881945043E-9
8.049999999999999E-5      1.416190533178995E-9
8.06E-5                   1.8209125781635474E-9
8.07E-5                   2.2256346231481024E-9
8.08E-5                   2.6303566681326607E-9
8.09E-5                   3.0350787131172257E-9
8.099999999999999E-5      3.439800758101741E-9
8.109999999999999E-5      3.844522803086315E-9
8.12E-5                   4.249244848070898E-9
8.13E-5                   4.653966893055482E-9
8.14E-5                   5.05868893804007E-9
8.15E-5                   5.463410983024665E-9
8.159999999999999E-5      5.868133028009209E-9
8.17E-5                   6.272855072993814E-9
8.18E-5                   6.6775771179784235E-9
8.19E-5                   7.082299162963037E-9
8.2E-5                    7.487021207947658E-9
8.209999999999999E-5      7.891743252932228E-9
8.219999999999999E-5      8.296465297916856E-9
8.23E-5                   8.70118734290149E-9
8.24E-5                   9.105909387886128E-9
8.25E-5                   9.510631432870771E-9
8.26E-5                   9.91535347785542E-9
8.269999999999999E-5      1.032007552284002E-8
8.28E-5                   1.0724797567824678E-8
8.29E-5                   1.1129519612809344E-8
8.3E-5                    1.1534241657794013E-8
8.31E-5                   1.1938963702778685E-8
8.319999999999999E-5      1.2343685747763311E-8
8.329999999999999E-5      1.2748407792747994E-8
8.34E-5                   1.3153129837732683E-8
8.35E-5                   1.3557851882717378E-8
8.36E-5                   1.3962573927702074E-8
8.37E-5                   1.4367295972686776E-8
8.379999999999999E-5      1.4772018017671434E-8
8.389999999999999E-5      1.5176740062656143E-8
8.4E-5                    1.5581462107640865E-8
8.41E-5                   1.5338837288203652E-8
8.42E-5                   1.5094023449516507E-8
8.43E-5                   1.4849209610829364E-8
8.439999999999999E-5      1.4604395772142261E-8
8.45E-5                   1.4359581933455128E-8
8.46E-5                   1.4114768094768E-8
8.47E-5                   1.3869954256080872E-8
8.48E-5                   1.3625140417393745E-8
8.489999999999999E-5      1.3380326578706665E-8
8.499999999999999E-5      1.3135512740019547E-8
8.51E-5                   1.2890698901332434E-8
8.52E-5                   1.2645885062645324E-8
8.53E-5                   1.2401071223958215E-8
8.54E-5                   1.2156257385271115E-8
8.549999999999999E-5      1.191144354658405E-8
8.56E-5                   1.1666629707896955E-8
8.57E-5                   1.1421815869209866E-8
8.58E-5                   1.1177002030522778E-8
8.59E-5                   1.0932188191835695E-8
8.599999999999999E-5      1.0687374353148648E-8
8.609999999999999E-5      1.044256051446157E-8
8.62E-5                   1.0197746675774499E-8
8.63E-5                   9.952932837087429E-9
8.64E-5                   9.708118998400362E-9
8.65E-5                   9.463305159713298E-9
8.659999999999999E-5      9.21849132102627E-9
8.669999999999999E-5      8.973677482339215E-9
8.68E-5                   8.728863643652163E-9
8.69E-5                   8.484049804965116E-9
8.7E-5                    8.239235966278071E-9
8.709999999999999E-5      7.994422127591062E-9
8.719999999999999E-5      7.749608288904025E-9
8.73E-5                   7.50479445021699E-9
8.74E-5                   7.259980611529959E-9
8.75E-5                   7.015166772842932E-9
8.76E-5                   6.770352934155909E-9
8.769999999999999E-5      6.525539095468922E-9
8.779999999999999E-5      6.280725256781903E-9
8.79E-5                   6.035911418094891E-9
8.8E-5                    5.791097579407882E-9
8.81E-5                   5.5462837407208764E-9
8.82E-5                   5.301469902033873E-9
8.829999999999999E-5      5.056656063346907E-9
8.84E-5                   4.811842224659912E-9
8.85E-5                   4.567028385972921E-9
8.86E-5                   4.322214547285933E-9
8.87E-5                   4.077400708598949E-9
8.879999999999999E-5      3.832586869912001E-9
8.889999999999999E-5      3.5877730312250243E-9
8.9E-5                    3.3429591925380475E-9
8.91E-5                   3.098145353851078E-9
8.92E-5                   2.8533315151641117E-9
8.93E-5                   2.6085176764771486E-9
8.939999999999999E-5      2.3637038377902223E-9
8.95E-5                   2.118889999103266E-9
8.96E-5                   1.874076160416313E-9
8.97E-5                   1.6292623217293652E-9
8.98E-5                   1.3844484830424197E-9
8.989999999999999E-5      1.1396346443555105E-9
8.999999999999999E-5      8.948208056685717E-10
9.01E-5                   6.500069669816373E-10
9.02E-5                   4.051931282947065E-10
9.03E-5                   1.6037928960777862E-10
9.04E-5                   -8.443454907914464E-11
9.049999999999999E-5      -3.292483877660324E-10
9.059999999999999E-5      -5.74062226452951E-10
9.07E-5                   -8.18876065139864E-10
9.08E-5                   -1.063689903826774E-9
9.09E-5                   -1.3085037425136802E-9
9.099999999999999E-5      -1.55331758120055E-9
9.109999999999999E-5      -1.7981314198874484E-9
9.12E-5                   -2.0429452585743458E-9
9.13E-5                   -2.2877590972612373E-9
9.14E-5                   -2.532572935948127E-9
9.15E-5                   -2.777386774635011E-9
9.159999999999999E-5      -3.022200613321859E-9
9.169999999999999E-5      -3.267014452008737E-9
9.18E-5                   -3.5118282906956116E-9
9.19E-5                   -3.756642129382483E-9
9.2E-5                    -4.00145596806935E-9
9.21E-5                   -4.246269806756213E-9
9.219999999999999E-5      -4.491083645443039E-9
9.23E-5                   -4.735897484129897E-9
9.24E-5                   -4.9807113228167505E-9
9.25E-5                   -5.225525161503598E-9
9.26E-5                   -5.470339000190445E-9
9.269999999999999E-5      -5.715152838877255E-9
9.279999999999999E-5      -5.959966677564093E-9
9.29E-5                   -6.204780516250929E-9
9.3E-5                    -6.449594354937761E-9
9.31E-5                   -6.694408193624589E-9
9.32E-5                   -6.939222032311413E-9
9.329999999999999E-5      -7.1840358709982006E-9
9.34E-5                   -7.42884970968502E-9
9.35E-5                   -7.673663548371833E-9
9.36E-5                   -7.91847738705864E-9
9.37E-5                   -8.163291225745448E-9
9.379999999999999E-5      -8.408105064432218E-9
9.389999999999999E-5      -8.652918903119019E-9
9.4E-5                    -8.897732741805815E-9
9.41E-5                   -8.762666485886846E-9
9.42E-5                   -8.626315656139744E-9
9.43E-5                   -8.48996482639264E-9
9.439999999999999E-5      -8.353613996645557E-9
9.449999999999999E-5      -8.217263166898452E-9
9.46E-5                   -8.080912337151348E-9
9.47E-5                   -7.94456150740424E-9
9.48E-5                   -7.808210677657134E-9
9.489999999999999E-5      -7.671859847910045E-9
9.499999999999999E-5      -7.535509018162939E-9
9.51E-5                   -7.3991581884158274E-9
9.52E-5                   -7.262807358668716E-9
9.53E-5                   -7.126456528921606E-9
9.54E-5                   -6.990105699174494E-9
9.549999999999999E-5      -6.8537548694274006E-9
9.559999999999999E-5      -6.717404039680286E-9
9.57E-5                   -6.5810532099331735E-9
9.58E-5                   -6.444702380186058E-9
9.59E-5                   -6.308351550438942E-9
9.6E-5                    -6.172000720691826E-9
9.609999999999999E-5      -6.035649890944727E-9
9.62E-5                   -5.899299061197609E-9
9.63E-5                   -5.7629482314504906E-9
9.64E-5                   -5.62659740170337E-9
9.65E-5                   -5.490246571956248E-9
9.659999999999999E-5      -5.353895742209146E-9
9.669999999999999E-5      -5.217544912462022E-9
9.68E-5                   -5.0811940827149E-9
9.69E-5                   -4.944843252967776E-9
9.7E-5                    -4.808492423220651E-9
9.71E-5                   -4.672141593473527E-9
9.719999999999999E-5      -4.5357907637264174E-9
9.73E-5                   -4.399439933979291E-9
9.74E-5                   -4.263089104232162E-9
9.75E-5                   -4.126738274485035E-9
9.76E-5                   -3.990387444737904E-9
9.769999999999999E-5      -3.854036614990792E-9
9.779999999999999E-5      -3.7176857852436592E-9
9.79E-5                   -3.581334955496527E-9
9.8E-5                    -3.444984125749394E-9
9.81E-5                   -3.3086332960022603E-9
9.82E-5                   -3.1722824662551265E-9
9.829999999999999E-5      -3.0359316365080096E-9
9.839999999999999E-5      -2.899580806760873E-9
9.85E-5                   -2.763229977013736E-9
9.86E-5                   -2.6268791472665987E-9
9.87E-5                   -2.49052831751946E-9
9.879999999999999E-5      -2.3541774877723385E-9
9.889999999999999E-5      -2.217826658025198E-9
9.9E-5                    -2.081475828278056E-9
9.91E-5                   -1.9451249985309144E-9
9.92E-5                   -1.8087741687837719E-9
9.93E-5                   -1.6724233390366283E-9
9.939999999999999E-5      -1.5360725092895018E-9
9.949999999999999E-5      -1.3997216795423562E-9
9.96E-5                   -1.2633708497952104E-9
9.97E-5                   -1.1270200200480637E-9
9.98E-5                   -9.906691903009163E-10
9.989999999999999E-5      -8.543183605537862E-10
9.999999999999999E-5      -7.179675308066362E-10
