% Model:              20230225_JW_4_40.mph
% Version:            COMSOL 5.6.0.401
% Date:               Feb 25 2023, 21:09
% Dimension:          1
% Nodes:              1001
% Expressions:        1
% Description:        点图
% X                       Height
0                         15.348819969060816
1.0E-7                    15.251743317527348
2.0E-7                    14.992388751454637
3.0E-7                    14.630300329011149
4.0E-7                    14.189964721815873
5.0E-7                    13.719378377981366
6.0E-7                    13.22273773280027
7.0E-7                    12.718819225101377
8.0E-7                    12.22765260014084
9.0E-7                    11.748516802453768
1.0E-6                    11.280916917128382
1.1E-6                    10.828368363066792
1.2E-6                    10.393048440812066
1.2999999999999998E-6     9.972911838763762
1.4E-6                    9.567361358560573
1.5E-6                    9.176299917326041
1.6E-6                    8.800304203971582
1.6999999999999998E-6     8.437757352641082
1.8E-6                    8.088027946775405
1.9E-6                    7.751341620977293
2.0E-6                    7.428782531349147
2.1E-6                    7.118487129784756
2.2E-6                    6.820037068313689
2.3E-6                    6.532463588145016
2.4E-6                    6.259172171922793
2.4999999999999998E-6     5.994181024423338
2.5999999999999997E-6     5.740139654291124
2.7E-6                    5.496515190957626
2.8E-6                    5.262967401279939
2.8999999999999998E-6     5.037428137934141
3.0E-6                    4.821470747895359
3.1E-6                    4.615471080651101
3.2E-6                    4.4171493003456
3.2999999999999997E-6     4.226553729990772
3.3999999999999996E-6     4.043586119396091
3.5E-6                    3.8684093658170835
3.6E-6                    3.7011498927246875
3.6999999999999997E-6     3.541209929786874
3.8E-6                    3.3892312661643587
3.9E-6                    3.2441504761834916
4.0E-6                    3.1051705856033873
4.1E-6                    2.9720325561882017
4.2E-6                    2.8448816304557867
4.2999999999999995E-6     2.7229760582511777
4.4E-6                    2.6068695380817917
4.5E-6                    2.4950528302003674
4.6E-6                    2.3878697369988733
4.7E-6                    2.2851488198553667
4.8E-6                    2.1867691209810607
4.9E-6                    2.0932231750661994
4.9999999999999996E-6     2.0035538527903256
5.0999999999999995E-6     1.9189521998210513
5.199999999999999E-6      1.8365644415808804
5.3E-6                    1.7567894979830045
5.4E-6                    1.682392646102896
5.5E-6                    1.6079962606157145
5.6E-6                    1.540801675350159
5.7E-6                    1.4736313024620549
5.7999999999999995E-6     1.410560718693064
5.899999999999999E-6      1.3495421135076966
6.0E-6                    1.2915690081282423
6.1E-6                    1.2359005004085388
6.2E-6                    1.1824685862414503
6.3E-6                    1.1315383342512635
6.4E-6                    1.0828692050432416
6.5E-6                    1.0358072647232082
6.5999999999999995E-6     0.9917486959905526
6.699999999999999E-6      0.9486684071722693
6.799999999999999E-6      0.90815668650095
6.9E-6                    0.8690667108187239
7.0E-6                    0.8314666337635701
7.1E-6                    0.7959933939376793
7.2E-6                    0.7613162908772186
7.2999999999999996E-6     0.7289341291038731
7.3999999999999995E-6     0.6974641865150353
7.499999999999999E-6      0.6674087466652528
7.6E-6                    0.6388472283905273
7.699999999999999E-6      0.6109465621601547
7.8E-6                    0.5850542791999798
7.899999999999999E-6      0.5597210896550475
8.0E-6                    0.5356926328740776
8.1E-6                    0.5126996080780881
8.2E-6                    0.49040531953279803
8.3E-6                    0.4695494019543472
8.4E-6                    0.44915435170720275
8.5E-6                    0.429954678422975
8.599999999999999E-6      0.411444281735221
8.7E-6                    0.3936208445545849
8.8E-6                    0.37682976178117183
8.9E-6                    0.36041654864273237
9.0E-6                    0.34507176685051444
9.1E-6                    0.33016976074120585
9.2E-6                    0.3159193104203448
9.299999999999999E-6      0.30240753791787683
9.4E-6                    0.2892101365006741
9.499999999999999E-6      0.27692713270534747
9.6E-6                    0.2649274166214023
9.7E-6                    0.25356307651206256
9.8E-6                    0.24266727758902684
9.9E-6                    0.23212116591898974
9.999999999999999E-6      0.2221403479116366
1.01E-5                   0.21260435665820043
1.0199999999999999E-5     0.20344855985370394
1.03E-5                   0.1946513362898261
1.0399999999999999E-5     0.18618638062920295
1.05E-5                   0.1780280689695032
1.06E-5                   0.17027916464708226
1.07E-5                   0.16294103775483754
1.08E-5                   0.15592960969720462
1.0899999999999999E-5     0.14922676181068142
1.1E-5                    0.14286883090097346
1.1099999999999999E-5     0.13665807170929292
1.12E-5                   0.13082472078269014
1.13E-5                   0.12519869347608947
1.14E-5                   0.11975578768532112
1.15E-5                   0.11465938238716848
1.1599999999999999E-5     0.10970411810681174
1.17E-5                   0.1049761796736753
1.1799999999999999E-5     0.1004856580158119
1.19E-5                   0.0961214000448563
1.2E-5                    0.09201276626198508
1.21E-5                   0.08805760811214537
1.22E-5                   0.084225703627999
1.2299999999999999E-5     0.08064422622338643
1.24E-5                   0.07716122022924587
1.2499999999999999E-5     0.07383168417987329
1.26E-5                   0.07075358969354166
1.2699999999999999E-5     0.06775112219333378
1.28E-5                   0.06474865473238856
1.29E-5                   0.061974060594893646
1.3E-5                    0.05936568872170593
1.31E-5                   0.0567573168652299
1.3199999999999999E-5     0.0542812976532246
1.33E-5                   0.05201433698850149
1.3399999999999999E-5     0.04974737633655713
1.35E-5                   0.04753912213852428
1.3599999999999999E-5     0.04556999971519371
1.37E-5                   0.043600877301778376
1.38E-5                   0.04163413092024299
1.3899999999999999E-5     0.0400275636077304
1.4E-5                    0.038420996300169714
1.4099999999999999E-5     0.03681442899781195
1.42E-5                   0.03520786170090806
1.4299999999999999E-5     0.03360129440970907
1.44E-5                   0.03199472712446591
1.45E-5                   0.03063562277099019
1.4599999999999999E-5     0.0294247153216905
1.47E-5                   0.028213807873372247
1.4799999999999999E-5     0.027002900426141754
1.49E-5                   0.025791992980105247
1.4999999999999999E-5     0.024581085535369075
1.51E-5                   0.023442985271841136
1.52E-5                   0.02253006032545418
1.53E-5                   0.0216171353797874
1.5399999999999998E-5     0.020704210434886777
1.55E-5                   0.019791285490798272
1.56E-5                   0.018878360547567936
1.57E-5                   0.017965435605241734
1.5799999999999998E-5     0.017246501788028328
1.59E-5                   0.016558305490620682
1.6E-5                    0.015870109193811165
1.61E-5                   0.015181912897619311
1.62E-5                   0.014493716602064655
1.63E-5                   0.013805520307166818
1.64E-5                   0.013199002456106924
1.6499999999999998E-5     0.01268022346159794
1.66E-5                   0.012161444466976165
1.67E-5                   0.011642665472250038
1.68E-5                   0.011123886477427956
1.69E-5                   0.01060510748251831
1.7E-5                    0.010103519400468382
1.71E-5                   0.009754940642411598
1.7199999999999998E-5     0.009406361884616833
1.73E-5                   0.009057783127086622
1.74E-5                   0.008709204369823543
1.75E-5                   0.008360625612830136
1.76E-5                   0.008012046856108939
1.77E-5                   0.007663468099662526
1.78E-5                   0.007314889343493438
1.7899999999999998E-5     0.0069663105876042256
1.8E-5                    0.0066177318319974275
1.81E-5                   0.006269153076675619
1.82E-5                   0.0059205743216413425
1.8299999999999998E-5     0.005623802525454947
1.84E-5                   0.005428143980856434
1.85E-5                   0.005232485436150599
1.8599999999999998E-5     0.005036826891337887
1.87E-5                   0.004841168346418737
1.88E-5                   0.004645509801393613
1.89E-5                   0.00444985125626296
1.8999999999999998E-5     0.004254192711027226
1.91E-5                   0.0040585341656868565
1.92E-5                   0.003862875620242312
1.9299999999999998E-5     0.0036672170746940387
1.94E-5                   0.003471558529042477
1.95E-5                   0.0032758999832880912
1.96E-5                   0.0031297672168449408
1.9699999999999998E-5     0.003020006751298883
1.98E-5                   0.002910246285799384
1.99E-5                   0.0028004858203465313
1.9999999999999998E-5     0.0026907253549404006
2.01E-5                   0.002580964889581068
2.02E-5                   0.0024712044242686214
2.03E-5                   0.0023614439590031373
2.0399999999999998E-5     0.002251683493784694
2.05E-5                   0.00214192302861337
2.06E-5                   0.0020321625634892506
2.07E-5                   0.0019224020984124131
2.0799999999999997E-5     0.0018126416333829366
2.09E-5                   0.0017420712534240179
2.1E-5                    0.0016804354798497594
2.1099999999999998E-5     0.0016187997062598765
2.12E-5                   0.0015571639326543809
2.13E-5                   0.001495528159033291
2.14E-5                   0.0014338923853966185
2.1499999999999997E-5     0.0013722566117443772
2.16E-5                   0.00131062083807658
2.17E-5                   0.0012489850643932438
2.1799999999999998E-5     0.0011873492906943808
2.19E-5                   0.0011257135169800035
2.2E-5                    0.0010640777432501295
2.21E-5                   0.001003852917124558
2.2199999999999998E-5     9.692857599487921E-4
2.23E-5                   9.347186027793695E-4
2.24E-5                   9.00151445616295E-4
2.2499999999999998E-5     8.655842884595699E-4
2.26E-5                   8.310171313091954E-4
2.27E-5                   7.964499741651763E-4
2.28E-5                   7.618828170275142E-4
2.2899999999999998E-5     7.273156598962115E-4
2.3E-5                    6.927485027712696E-4
2.31E-5                   6.581813456526932E-4
2.3199999999999998E-5     6.23614188540484E-4
2.33E-5                   5.890470314346429E-4
2.34E-5                   5.598708836775317E-4
2.35E-5                   5.438995023314605E-4
2.3599999999999998E-5     5.279281209847468E-4
2.37E-5                   5.119567396373907E-4
2.38E-5                   4.959853582893932E-4
2.3899999999999998E-5     4.80013976940754E-4
2.4E-5                    4.6404259559147296E-4
2.41E-5                   4.4807121424155145E-4
2.42E-5                   4.320998328909891E-4
2.4299999999999998E-5     4.16128451539786E-4
2.44E-5                   4.0015707018794215E-4
2.45E-5                   3.841856888354587E-4
2.4599999999999998E-5     3.6821430748233534E-4
2.4699999999999997E-5     3.522429261285724E-4
2.48E-5                   3.362715447741694E-4
2.49E-5                   3.203001634191278E-4
2.4999999999999998E-5     3.0432878206344745E-4
2.51E-5                   2.8835740070712784E-4
2.52E-5                   2.723860193501703E-4
2.53E-5                   2.5641463799257457E-4
2.5399999999999997E-5     2.4044325663434094E-4
2.55E-5                   2.2447187527546903E-4
2.56E-5                   2.0850049391596024E-4
2.5699999999999998E-5     1.9252911255581426E-4
2.58E-5                   1.7655773119503072E-4
2.59E-5                   1.605863498336111E-4
2.6E-5                    1.5343993303990042E-4
2.6099999999999997E-5     1.4899743847850426E-4
2.62E-5                   1.445549439172005E-4
2.63E-5                   1.401124493559895E-4
2.6399999999999998E-5     1.356699547948712E-4
2.65E-5                   1.312274602338453E-4
2.66E-5                   1.267849656729122E-4
2.67E-5                   1.223424711120717E-4
2.6799999999999998E-5     1.1789997655132386E-4
2.69E-5                   1.1345748199066852E-4
2.7E-5                    1.0901498743010601E-4
2.7099999999999998E-5     1.0457249286963611E-4
2.7199999999999997E-5     1.001299983092589E-4
2.73E-5                   9.56875037489742E-5
2.74E-5                   9.124500918878231E-5
2.7499999999999998E-5     8.680251462868312E-5
2.76E-5                   8.236002006867643E-5
2.77E-5                   7.791752550876261E-5
2.7799999999999998E-5     7.347503094894147E-5
2.7899999999999997E-5     6.903253638921305E-5
2.8E-5                    6.459004182957716E-5
2.81E-5                   6.014754727003411E-5
2.8199999999999998E-5     5.570505271058381E-5
2.83E-5                   5.126255815122608E-5
2.84E-5                   4.6820063591961214E-5
2.8499999999999998E-5     4.315280997779651E-5
2.8599999999999997E-5     4.192673775310453E-5
2.87E-5                   4.0700665528402143E-5
2.88E-5                   3.947459330368942E-5
2.8899999999999998E-5     3.824852107896631E-5
2.9E-5                    3.7022448854232786E-5
2.91E-5                   3.579637662948894E-5
2.9199999999999998E-5     3.457030440473471E-5
2.9299999999999997E-5     3.3344232179970106E-5
2.94E-5                   3.21181599551951E-5
2.95E-5                   3.089208773040974E-5
2.9599999999999998E-5     2.9666015505614008E-5
2.97E-5                   2.8439943280807864E-5
2.98E-5                   2.7213871055991393E-5
2.99E-5                   2.598779883116454E-5
2.9999999999999997E-5     2.4761726606327317E-5
3.01E-5                   2.3535654381479675E-5
3.02E-5                   2.2309582156621706E-5
3.0299999999999998E-5     2.1083509931753356E-5
3.04E-5                   1.9857437706874594E-5
3.05E-5                   1.86313654819855E-5
3.06E-5                   1.740529325708603E-5
3.07E-5                   1.617922103217615E-5
3.0799999999999996E-5     1.4953148807255976E-5
3.09E-5                   1.3727076582325345E-5
3.1E-5                    1.250100435738434E-5
3.11E-5                   1.1905078566063949E-5
3.12E-5                   1.1558379099547005E-5
3.13E-5                   1.1211679633030462E-5
3.14E-5                   1.0864980166514343E-5
3.15E-5                   1.0518280699998601E-5
3.1599999999999996E-5     1.0171581233483284E-5
3.17E-5                   9.824881766968347E-6
3.18E-5                   9.478182300453809E-6
3.1899999999999996E-5     9.131482833939695E-6
3.2E-5                    8.784783367425958E-6
3.21E-5                   8.438083900912623E-6
3.22E-5                   8.091384434399713E-6
3.23E-5                   7.74468496788718E-6
3.24E-5                   7.397985501375046E-6
3.25E-5                   7.05128603486334E-6
3.26E-5                   6.70458656835201E-6
3.2699999999999995E-5     6.357887101841104E-6
3.28E-5                   6.011187635330576E-6
3.29E-5                   5.66448816882045E-6
3.2999999999999996E-5     5.317788702310747E-6
3.31E-5                   4.971089235801422E-6
3.32E-5                   4.624389769292496E-6
3.3299999999999996E-5     4.277690302783998E-6
3.34E-5                   3.930990836275876E-6
3.35E-5                   3.584291369768155E-6
3.36E-5                   3.291336354556362E-6
3.37E-5                   3.224342252863153E-6
3.38E-5                   3.1573481511699856E-6
3.39E-5                   3.090354049476863E-6
3.4E-5                    3.0233599477837767E-6
3.4099999999999995E-5     2.956365846090736E-6
3.42E-5                   2.889371744397732E-6
3.43E-5                   2.82237764270477E-6
3.4399999999999996E-5     2.755383541011851E-6
3.45E-5                   2.6883894393189705E-6
3.46E-5                   2.6213953376261305E-6
3.4699999999999996E-5     2.5544012359333363E-6
3.48E-5                   2.4874071342405776E-6
3.49E-5                   2.42041303254786E-6
3.5E-5                    2.3534189308551882E-6
3.51E-5                   2.2864248291625532E-6
3.52E-5                   2.219430727469959E-6
3.53E-5                   2.1524366257774103E-6
3.54E-5                   2.0854425240848978E-6
3.5499999999999996E-5     2.018448422392431E-6
3.56E-5                   1.9514543207000005E-6
3.57E-5                   1.8844602190076107E-6
3.5799999999999996E-5     1.8174661173152671E-6
3.59E-5                   1.7504720156229595E-6
3.6E-5                    1.683477913930693E-6
3.6099999999999997E-5     1.616483812238472E-6
3.62E-5                   1.5494897105462874E-6
3.63E-5                   1.4824956088541433E-6
3.64E-5                   1.4155015071620456E-6
3.65E-5                   1.3485074054699836E-6
3.6599999999999995E-5     1.2815133037779676E-6
3.67E-5                   1.2145192020859876E-6
3.68E-5                   1.1475251003940493E-6
3.6899999999999996E-5     1.0805309987021557E-6
3.7E-5                    1.013536897010299E-6
3.71E-5                   9.465427953184834E-7
3.7199999999999996E-5     8.795486936267129E-7
3.73E-5                   8.125545919349792E-7
3.74E-5                   7.455604902432859E-7
3.75E-5                   6.785663885516388E-7
3.76E-5                   6.115722868600276E-7
3.77E-5                   5.445781851684577E-7
3.78E-5                   4.775840834769332E-7
3.79E-5                   4.105899817854451E-7
3.7999999999999995E-5     3.435958800940025E-7
3.81E-5                   2.7660177840259647E-7
3.82E-5                   2.0960767671123125E-7
3.8299999999999996E-5     1.4261357501991166E-7
3.84E-5                   7.561947332862849E-8
3.85E-5                   8.62537163738624E-9
3.8599999999999996E-5     -5.8368730053810446E-8
3.87E-5                   -1.156395544674672E-7
3.88E-5                   -1.1476564802845422E-7
3.89E-5                   -1.1389174158944072E-7
3.9E-5                    -1.1301783515042659E-7
3.9099999999999995E-5     -1.1214392871141193E-7
3.92E-5                   -1.1127002227239664E-7
3.93E-5                   -1.103961158333808E-7
3.9399999999999995E-5     -1.0952220939436442E-7
3.95E-5                   -1.0864830295534742E-7
3.96E-5                   -1.0777439651632986E-7
3.9699999999999996E-5     -1.0690049007731177E-7
3.98E-5                   -1.0602658363829303E-7
3.99E-5                   -1.0515267719927372E-7
3.9999999999999996E-5     -1.0427877076025391E-7
4.01E-5                   -1.0340486432123346E-7
4.02E-5                   -1.0253095788221246E-7
4.03E-5                   -1.0165705144319093E-7
4.04E-5                   -1.0078314500416877E-7
4.0499999999999995E-5     -9.990923856514607E-8
4.06E-5                   -9.903533212612278E-8
4.07E-5                   -9.816142568709888E-8
4.0799999999999996E-5     -9.728751924807449E-8
4.09E-5                   -9.641361280904948E-8
4.1E-5                    -9.553970637002387E-8
4.1099999999999996E-5     -9.466579993099774E-8
4.12E-5                   -9.3791893491971E-8
4.13E-5                   -9.291798705294368E-8
4.14E-5                   -9.204408061391586E-8
4.15E-5                   -9.117017417488737E-8
4.1599999999999995E-5     -9.02962677358584E-8
4.17E-5                   -8.942236129682878E-8
4.18E-5                   -8.854845485779859E-8
4.1899999999999995E-5     -8.76745484187679E-8
4.2E-5                    -8.680064197973656E-8
4.21E-5                   -8.592673554070464E-8
4.2199999999999996E-5     -8.505282910167223E-8
4.23E-5                   -8.417892266263918E-8
4.24E-5                   -8.330501622360554E-8
4.2499999999999996E-5     -8.243110978457142E-8
4.26E-5                   -8.155720334553664E-8
4.27E-5                   -8.068329690650129E-8
4.28E-5                   -7.980939046746542E-8
4.29E-5                   -7.893548402842893E-8
4.2999999999999995E-5     -7.806157758939193E-8
4.31E-5                   -7.718767115035429E-8
4.32E-5                   -7.631376471131608E-8
4.3299999999999995E-5     -7.543985827227736E-8
4.34E-5                   -7.4565951833238E-8
4.35E-5                   -7.369204539419807E-8
4.3599999999999996E-5     -7.281813895515762E-8
4.37E-5                   -7.194423251611654E-8
4.38E-5                   -7.09255570042254E-8
4.3899999999999996E-5     -6.851788921831177E-8
4.4E-5                    -6.61102214323979E-8
4.41E-5                   -6.370255364648397E-8
4.42E-5                   -6.129488586057015E-8
4.43E-5                   -5.888721807465607E-8
4.4399999999999995E-5     -5.6479550288742106E-8
4.45E-5                   -5.40718825028279E-8
4.46E-5                   -5.166421471691364E-8
4.4699999999999996E-5     -4.925654693099945E-8
4.48E-5                   -4.6848879145085034E-8
4.49E-5                   -4.4441211359170575E-8
4.4999999999999996E-5     -4.203354357325619E-8
4.51E-5                   -3.962587578734159E-8
4.52E-5                   -3.72182080014269E-8
4.5299999999999997E-5     -3.481054021551231E-8
4.54E-5                   -3.240287242959751E-8
4.5499999999999995E-5     -2.9995204643682793E-8
4.56E-5                   -2.7587536857767842E-8
4.57E-5                   -2.5179869071852828E-8
4.5799999999999995E-5     -2.2772201285937913E-8
4.59E-5                   -2.036453350002276E-8
4.6E-5                    -1.7956865714107544E-8
4.6099999999999996E-5     -1.554919792819241E-8
4.62E-5                   -1.3141530142277056E-8
4.63E-5                   -1.0733862356361635E-8
4.6399999999999996E-5     -8.32619457044631E-9
4.65E-5                   -5.9185267845307494E-9
4.66E-5                   -3.5108589986151227E-9
4.67E-5                   -1.1031912126995924E-9
4.68E-5                   1.3044765732161655E-9
4.6899999999999995E-5     3.7121443591318276E-9
4.7E-5                    6.119812145047724E-9
4.71E-5                   8.527479930963696E-9
4.7199999999999995E-5     1.0935147716879562E-8
4.73E-5                   1.3342815502795662E-8
4.74E-5                   1.5750483288711826E-8
4.7499999999999996E-5     1.8158151074627902E-8
4.76E-5                   2.0565818860544197E-8
4.77E-5                   2.2973486646460574E-8
4.7799999999999996E-5     2.5381154432376852E-8
4.79E-5                   2.7788822218293362E-8
4.8E-5                    3.019649000420993E-8
4.81E-5                   3.260415779012642E-8
4.82E-5                   3.5011825576043116E-8
4.8299999999999995E-5     3.741949336195974E-8
4.84E-5                   3.9827161147876585E-8
4.85E-5                   4.22348289337935E-8
4.8599999999999995E-5     4.464249671971031E-8
4.87E-5                   4.705016450562736E-8
4.88E-5                   4.9457832291544483E-8
4.8899999999999996E-5     5.1682528614664555E-8
4.9E-5                    5.0069646895341814E-8
4.91E-5                   4.845676517601908E-8
4.9199999999999997E-5     4.6843883456696446E-8
4.93E-5                   4.523100173737373E-8
4.9399999999999995E-5     4.361812001805111E-8
4.95E-5                   4.20052382987284E-8
4.96E-5                   4.0392356579405684E-8
4.9699999999999995E-5     3.877947486008309E-8
4.98E-5                   3.7166593140760396E-8
4.99E-5                   3.5553711421437695E-8
4.9999999999999996E-5     3.394082970211512E-8
5.01E-5                   3.2327947982792446E-8
5.02E-5                   3.0715066263469766E-8
5.0299999999999996E-5     2.9102184544147217E-8
5.04E-5                   2.748930282482454E-8
5.05E-5                   2.5876421105501892E-8
5.06E-5                   2.426353938617935E-8
5.07E-5                   2.2650657666856706E-8
5.0799999999999995E-5     2.1037775947534168E-8
5.09E-5                   1.942489422821153E-8
5.1E-5                    1.781201250888891E-8
5.1099999999999995E-5     1.6199130789566387E-8
5.12E-5                   1.458624907024378E-8
5.13E-5                   1.2973367350921165E-8
5.1399999999999996E-5     1.1360485631598673E-8
5.15E-5                   9.747603912276067E-9
5.16E-5                   8.134722192953474E-9
5.1699999999999996E-5     6.5218404736309975E-9
5.18E-5                   4.908958754308419E-9
5.1899999999999994E-5     3.2960770349859423E-9
5.2E-5                    1.6831953156633737E-9
5.21E-5                   7.03135963408099E-11
5.2199999999999995E-5     -1.5425681229816398E-9
5.23E-5                   -3.1554498423041943E-9
5.24E-5                   -4.768331561626742E-9
5.2499999999999995E-5     -6.3812132809491706E-9
5.26E-5                   -7.994095000271715E-9
5.27E-5                   -9.606976719594243E-9
5.2799999999999996E-5     -1.1219858438916658E-8
5.29E-5                   -1.2832740158239174E-8
5.3E-5                    -1.4445621877561688E-8
5.3099999999999996E-5     -1.6058503596884086E-8
5.32E-5                   -1.7671385316206594E-8
5.3299999999999995E-5     -1.9284267035528977E-8
5.34E-5                   -2.0897148754851466E-8
5.35E-5                   -2.251003047417395E-8
5.3599999999999995E-5     -2.412291219349632E-8
5.37E-5                   -2.5735793912818793E-8
5.38E-5                   -2.7348675632141252E-8
5.3899999999999996E-5     -2.8961557351463612E-8
5.4E-5                    -3.057443907078606E-8
5.41E-5                   -2.9901094152694624E-8
5.4199999999999996E-5     -2.9220018303329806E-8
5.43E-5                   -2.8538942453964925E-8
5.4399999999999994E-5     -2.7857866604600085E-8
5.4499999999999997E-5     -2.7176790755235194E-8
5.46E-5                   -2.6495714905870297E-8
5.4699999999999995E-5     -2.581463905650544E-8
5.48E-5                   -2.513356320714052E-8
5.49E-5                   -2.4452487357775592E-8
5.4999999999999995E-5     -2.3771411508410715E-8
5.51E-5                   -2.309033565904578E-8
5.52E-5                   -2.2409259809680835E-8
5.5299999999999996E-5     -2.1728183960315934E-8
5.54E-5                   -2.1047108110950974E-8
5.55E-5                   -2.036603226158601E-8
5.5599999999999996E-5     -1.9684956412221084E-8
5.57E-5                   -1.9003880562856104E-8
5.5799999999999994E-5     -1.832280471349116E-8
5.59E-5                   -1.764172886412617E-8
5.6E-5                    -1.6960653014761168E-8
5.6099999999999995E-5     -1.6279577165396204E-8
5.62E-5                   -1.5598501316031188E-8
5.63E-5                   -1.4917425466666162E-8
5.6399999999999995E-5     -1.4236349617301182E-8
5.65E-5                   -1.3555273767936144E-8
5.66E-5                   -1.28741979185711E-8
5.6699999999999996E-5     -1.2193122069206092E-8
5.68E-5                   -1.1512046219841036E-8
5.69E-5                   -1.0830970370475968E-8
5.6999999999999996E-5     -1.0149894521110939E-8
5.71E-5                   -9.468818671745858E-9
5.7199999999999994E-5     -8.787742822380815E-9
5.73E-5                   -8.10666697301572E-9
5.74E-5                   -7.4255911236506175E-9
5.7499999999999995E-5     -6.7445152742855525E-9
5.76E-5                   -6.063439424920434E-9
5.77E-5                   -5.382363575555311E-9
5.7799999999999995E-5     -4.701287726190223E-9
5.79E-5                   -4.020211876825086E-9
5.8E-5                    -3.3391360274599397E-9
5.8099999999999996E-5     -2.6580601780948316E-9
5.82E-5                   -1.9769843287296698E-9
5.8299999999999994E-5     -1.2959084793645451E-9
5.8399999999999997E-5     -6.148326299993717E-10
5.85E-5                   6.62432193658117E-11
5.8599999999999995E-5     7.473190687309558E-10
5.87E-5                   1.4283949180961523E-9
5.88E-5                   2.109470767461365E-9
5.8899999999999995E-5     2.790546616826532E-9
5.9E-5                    3.4716224661917507E-9
5.91E-5                   4.152698315556972E-9
5.9199999999999996E-5     4.83377416492216E-9
5.93E-5                   5.5148500142874004E-9
5.94E-5                   6.195925863652649E-9
5.9499999999999996E-5     6.877001713017858E-9
5.96E-5                   7.558077562383122E-9
5.9699999999999994E-5     8.239153411748345E-9
5.98E-5                   8.920229261113624E-9
5.99E-5                   9.601305110478915E-9
5.9999999999999995E-5     1.0282380959844156E-8
6.01E-5                   1.096345680920946E-8
6.02E-5                   1.1644532658574764E-8
6.0299999999999995E-5     1.2325608507940034E-8
6.04E-5                   1.3006684357305353E-8
6.05E-5                   1.3687760206670683E-8
6.0599999999999996E-5     1.4368836056035971E-8
6.07E-5                   1.504991190540131E-8
6.08E-5                   1.5730987754766664E-8
6.0899999999999996E-5     1.6412063604131978E-8
6.1E-5                    1.7093139453497345E-8
6.11E-5                   1.777421530286267E-8
6.12E-5                   1.845529115222805E-8
6.13E-5                   1.9136367001593432E-8
6.14E-5                   1.981744285095883E-8
6.149999999999999E-5      2.049851870032414E-8
6.159999999999999E-5      2.1179594549689547E-8
6.17E-5                   2.1860670399054957E-8
6.18E-5                   2.2541746248420386E-8
6.19E-5                   2.3222822097785816E-8
6.2E-5                    2.390389794715125E-8
6.209999999999999E-5      2.45849737965166E-8
6.22E-5                   2.5266049645882056E-8
6.23E-5                   2.5947125495247513E-8
6.24E-5                   2.6628201344612975E-8
6.25E-5                   2.7309277193978455E-8
6.26E-5                   2.7990353043343934E-8
6.269999999999999E-5      2.867142889270933E-8
6.28E-5                   2.9352504742074827E-8
6.29E-5                   3.003358059144033E-8
6.3E-5                    3.071465644080584E-8
6.31E-5                   3.139573229017136E-8
6.319999999999999E-5      3.207680813953679E-8
6.33E-5                   3.2757883988902324E-8
6.34E-5                   3.343895983826786E-8
6.35E-5                   3.4120035687633415E-8
6.36E-5                   3.4801111536998964E-8
6.37E-5                   3.548218738636452E-8
6.379999999999999E-5      3.616326323572999E-8
6.39E-5                   3.684433908509557E-8
6.4E-5                    3.7525414934461153E-8
6.41E-5                   3.688106728292598E-8
6.42E-5                   3.623223767941548E-8
6.429999999999999E-5      3.55834080759052E-8
6.44E-5                   3.493457847239496E-8
6.45E-5                   3.4285748868884835E-8
6.46E-5                   3.3636919265374836E-8
6.47E-5                   3.298808966186496E-8
6.48E-5                   3.2339260058355216E-8
6.489999999999999E-5      3.1690430454845674E-8
6.5E-5                    3.104160085133618E-8
6.51E-5                   3.0392771247826795E-8
6.52E-5                   2.974394164431754E-8
6.53E-5                   2.9095112040808412E-8
6.539999999999999E-5      2.8446282437299486E-8
6.549999999999999E-5      2.779745283379061E-8
6.56E-5                   2.714862323028185E-8
6.57E-5                   2.649979362677322E-8
6.58E-5                   2.5850964023264706E-8
6.59E-5                   2.5202134419756328E-8
6.599999999999999E-5      2.4553304816248146E-8
6.61E-5                   2.3904475212740014E-8
6.62E-5                   2.3255645609232E-8
6.63E-5                   2.260681600572411E-8
6.64E-5                   2.1957986402216347E-8
6.65E-5                   2.1309156798708698E-8
6.659999999999999E-5      2.066032719520127E-8
6.67E-5                   2.0011497591693872E-8
6.68E-5                   1.9362667988186603E-8
6.69E-5                   1.8713838384679463E-8
6.7E-5                    1.806500878117244E-8
6.709999999999999E-5      1.7416179177665627E-8
6.72E-5                   1.6767349574158857E-8
6.73E-5                   1.6118519970652207E-8
6.74E-5                   1.5469690367145683E-8
6.75E-5                   1.4820860763639287E-8
6.76E-5                   1.4172031160133006E-8
6.769999999999999E-5      1.352320155662694E-8
6.78E-5                   1.2874371953120905E-8
6.79E-5                   1.2225542349614999E-8
6.8E-5                    1.1576712746109219E-8
6.81E-5                   1.0927883142603561E-8
6.819999999999999E-5      1.0279053539098114E-8
6.829999999999999E-5      9.630223935592706E-9
6.84E-5                   8.981394332087426E-9
6.85E-5                   8.332564728582261E-9
6.86E-5                   7.683735125077225E-9
6.87E-5                   7.034905521572313E-9
6.879999999999999E-5      6.386075918067612E-9
6.89E-5                   5.737246314562947E-9
6.9E-5                    5.0884167110583976E-9
6.91E-5                   4.439587107553984E-9
6.92E-5                   3.790757504049694E-9
6.929999999999999E-5      3.141927900545609E-9
6.939999999999999E-5      2.493098297041564E-9
6.95E-5                   1.8442686935376445E-9
6.96E-5                   1.195439090033846E-9
6.97E-5                   5.466094865301747E-10
6.98E-5                   -1.0222011697337425E-10
6.989999999999999E-5      -7.51049720476713E-10
7.0E-5                    -1.3998793239800138E-9
7.01E-5                   -2.0487089274831905E-9
7.02E-5                   -2.6975385309862438E-9
7.03E-5                   -3.3463681344891704E-9
7.04E-5                   -3.995197737991977E-9
7.049999999999999E-5      -4.644027341494569E-9
7.06E-5                   -5.2928569449971295E-9
7.07E-5                   -5.9416865484995636E-9
7.08E-5                   -6.59051615200187E-9
7.09E-5                   -7.239345755504056E-9
7.099999999999999E-5      -7.888175359006031E-9
7.11E-5                   -8.537004962507965E-9
7.12E-5                   -9.185834566009783E-9
7.13E-5                   -9.83466416951147E-9
7.14E-5                   -1.0483493773013035E-8
7.15E-5                   -1.1132323376514475E-8
7.159999999999999E-5      -1.1781152980015706E-8
7.17E-5                   -1.2429982583516897E-8
7.18E-5                   -1.3078812187017967E-8
7.19E-5                   -1.3727641790518908E-8
7.2E-5                    -1.4376471394019733E-8
7.209999999999999E-5      -1.502530099752034E-8
7.219999999999999E-5      -1.567413060102091E-8
7.23E-5                   -1.6322960204521363E-8
7.24E-5                   -1.6971789808021687E-8
7.25E-5                   -1.7620619411521882E-8
7.26E-5                   -1.826944901502196E-8
7.269999999999999E-5      -1.8918278618521825E-8
7.28E-5                   -1.9567108222021653E-8
7.29E-5                   -2.021593782552136E-8
7.3E-5                    -2.0864767429020944E-8
7.31E-5                   -2.1513597032520398E-8
7.319999999999999E-5      -2.2162426636019643E-8
7.329999999999999E-5      -2.2811256239518845E-8
7.34E-5                   -2.3460085843017935E-8
7.35E-5                   -2.4108915446516896E-8
7.36E-5                   -2.4757745050015734E-8
7.37E-5                   -2.5406574653514444E-8
7.379999999999999E-5      -2.605540425701294E-8
7.39E-5                   -2.6704233860511412E-8
7.4E-5                    -2.7353063464009754E-8
7.41E-5                   -2.691961820936416E-8
7.42E-5                   -2.6482513215823604E-8
7.429999999999999E-5      -2.6045408222283012E-8
7.439999999999999E-5      -2.5608303228742267E-8
7.45E-5                   -2.517119823520143E-8
7.46E-5                   -2.4734093241660487E-8
7.47E-5                   -2.4296988248119457E-8
7.48E-5                   -2.3859883254578325E-8
7.489999999999999E-5      -2.342277826103716E-8
7.5E-5                    -2.298567326749584E-8
7.51E-5                   -2.254856827395443E-8
7.52E-5                   -2.211146328041291E-8
7.53E-5                   -2.1674358286871306E-8
7.54E-5                   -2.1237253293329602E-8
7.549999999999999E-5      -2.0800148299787865E-8
7.56E-5                   -2.0363043306245972E-8
7.57E-5                   -1.9925938312703983E-8
7.58E-5                   -1.94888333191619E-8
7.59E-5                   -1.9051728325619718E-8
7.599999999999999E-5      -1.86146233320775E-8
7.609999999999999E-5      -1.8177518338535135E-8
7.62E-5                   -1.774041334499267E-8
7.63E-5                   -1.7303308351450105E-8
7.64E-5                   -1.6866203357907448E-8
7.65E-5                   -1.6429098364364685E-8
7.659999999999999E-5      -1.5991993370821902E-8
7.67E-5                   -1.5554888377278953E-8
7.68E-5                   -1.5117783383735916E-8
7.69E-5                   -1.4680678390192782E-8
7.7E-5                    -1.4243573396649548E-8
7.709999999999999E-5      -1.3806468403106282E-8
7.719999999999999E-5      -1.336936340956286E-8
7.73E-5                   -1.2932258416019343E-8
7.74E-5                   -1.249515342247573E-8
7.75E-5                   -1.2058048428932025E-8
7.76E-5                   -1.1620943435388218E-8
7.769999999999999E-5      -1.1183838441844378E-8
7.78E-5                   -1.0746733448300378E-8
7.79E-5                   -1.0309628454756286E-8
7.8E-5                    -9.872523461212102E-9
7.81E-5                   -9.43541846766782E-9
7.819999999999999E-5      -8.998313474123502E-9
7.829999999999999E-5      -8.561208480579028E-9
7.84E-5                   -8.12410348703446E-9
7.85E-5                   -7.686998493489797E-9
7.86E-5                   -7.2498934999450375E-9
7.87E-5                   -6.8127885064001825E-9
7.879999999999999E-5      -6.37568351285529E-9
7.89E-5                   -5.938578519310244E-9
7.9E-5                    -5.501473525765097E-9
7.91E-5                   -5.064368532219864E-9
7.92E-5                   -4.627263538674531E-9
7.93E-5                   -4.1901585451291E-9
7.939999999999999E-5      -3.753053551583635E-9
7.95E-5                   -3.315948558038017E-9
7.96E-5                   -2.8788435644923005E-9
7.97E-5                   -2.4417385709464914E-9
7.98E-5                   -2.0046335774005843E-9
7.989999999999999E-5      -1.5675285838546426E-9
7.999999999999999E-5      -1.1304235903085437E-9
8.01E-5                   -6.933185967623504E-10
8.02E-5                   -2.562136032160626E-10
8.03E-5                   1.808913903303209E-10
8.04E-5                   6.179963838768E-10
8.049999999999999E-5      1.0551013774233166E-9
8.06E-5                   1.4922063709699904E-9
8.07E-5                   1.929311364516756E-9
8.08E-5                   2.3664163580636174E-9
8.09E-5                   2.803521351610574E-9
8.099999999999999E-5      3.240626345157568E-9
8.109999999999999E-5      3.6777313387047154E-9
8.12E-5                   4.114836332251963E-9
8.13E-5                   4.551941325799303E-9
8.14E-5                   4.989046319346736E-9
8.15E-5                   5.426151312894268E-9
8.159999999999999E-5      5.8632563064418336E-9
8.17E-5                   6.300361299989557E-9
8.18E-5                   6.7374662935373735E-9
8.19E-5                   7.1745712870852866E-9
8.2E-5                    7.611676280633293E-9
8.209999999999999E-5      8.04878127418134E-9
8.219999999999999E-5      8.485886267729538E-9
8.23E-5                   8.922991261277836E-9
8.24E-5                   9.360096254826224E-9
8.25E-5                   9.79720124837471E-9
8.26E-5                   1.0234306241923293E-8
8.269999999999999E-5      1.067141123547191E-8
8.28E-5                   1.1108516229020682E-8
8.29E-5                   1.1545621222569553E-8
8.3E-5                    1.1982726216118517E-8
8.31E-5                   1.2419831209667573E-8
8.319999999999999E-5      1.285693620321667E-8
8.329999999999999E-5      1.3294041196765922E-8
8.34E-5                   1.3731146190315266E-8
8.35E-5                   1.4168251183864711E-8
8.36E-5                   1.4605356177414244E-8
8.37E-5                   1.504246117096388E-8
8.379999999999999E-5      1.5479566164513546E-8
8.389999999999999E-5      1.5916671158063373E-8
8.4E-5                    1.6353776151613293E-8
8.41E-5                   1.6107406552812443E-8
8.42E-5                   1.5858725767966357E-8
8.43E-5                   1.56100449831203E-8
8.439999999999999E-5      1.5361364198274317E-8
8.45E-5                   1.511268341342833E-8
8.46E-5                   1.4864002628582373E-8
8.47E-5                   1.4615321843736444E-8
8.48E-5                   1.4366641058890548E-8
8.489999999999999E-5      1.4117960274044718E-8
8.499999999999999E-5      1.3869279489198887E-8
8.51E-5                   1.3620598704353085E-8
8.52E-5                   1.3371917919507314E-8
8.53E-5                   1.3123237134661575E-8
8.54E-5                   1.2874556349815869E-8
8.549999999999999E-5      1.2625875564970225E-8
8.56E-5                   1.2377194780124582E-8
8.57E-5                   1.212851399527897E-8
8.58E-5                   1.1879833210433387E-8
8.59E-5                   1.1631152425587839E-8
8.599999999999999E-5      1.1382471640742355E-8
8.609999999999999E-5      1.1133790855896866E-8
8.62E-5                   1.0885110071051411E-8
8.63E-5                   1.0636429286205987E-8
8.64E-5                   1.0387748501360592E-8
8.65E-5                   1.0139067716515229E-8
8.659999999999999E-5      9.890386931669934E-9
8.669999999999999E-5      9.641706146824633E-9
8.68E-5                   9.393025361979368E-9
8.69E-5                   9.144344577134134E-9
8.7E-5                    8.895663792288929E-9
8.709999999999999E-5      8.646983007443788E-9
8.719999999999999E-5      8.398302222598648E-9
8.73E-5                   8.149621437753538E-9
8.74E-5                   7.900940652908459E-9
8.75E-5                   7.652259868063412E-9
8.76E-5                   7.4035790832183975E-9
8.769999999999999E-5      7.154898298373446E-9
8.779999999999999E-5      6.906217513528489E-9
8.79E-5                   6.657536728683568E-9
8.8E-5                    6.408855943838678E-9
8.81E-5                   6.160175158993819E-9
8.82E-5                   5.9114943741489924E-9
8.829999999999999E-5      5.662813589304229E-9
8.84E-5                   5.4141328044594645E-9
8.85E-5                   5.165452019614732E-9
8.86E-5                   4.91677123477003E-9
8.87E-5                   4.66809044992536E-9
8.879999999999999E-5      4.4194096650807545E-9
8.889999999999999E-5      4.170728880236147E-9
8.9E-5                    3.922048095391568E-9
8.91E-5                   3.6733673105470244E-9
8.92E-5                   3.424686525702511E-9
8.93E-5                   3.1760057408580288E-9
8.939999999999999E-5      2.927324956013611E-9
8.95E-5                   2.678644171169193E-9
8.96E-5                   2.429963386324805E-9
8.97E-5                   2.181282601480449E-9
8.98E-5                   1.9326018166361244E-9
8.989999999999999E-5      1.6839210317918646E-9
8.999999999999999E-5      1.4352402469476005E-9
9.01E-5                   1.1865594621033701E-9
9.02E-5                   9.378786772591716E-10
9.03E-5                   6.891978924150039E-10
9.04E-5                   4.4051710757086775E-10
9.049999999999999E-5      1.9183632272679619E-10
9.059999999999999E-5      -5.684446211727953E-11
9.07E-5                   -3.055252469613217E-10
9.08E-5                   -5.54206031805332E-10
9.09E-5                   -8.028868166493116E-10
9.099999999999999E-5      -1.0515676014932258E-9
9.109999999999999E-5      -1.300248386337143E-9
9.12E-5                   -1.5489291711810292E-9
9.13E-5                   -1.7976099560248826E-9
9.14E-5                   -2.0462907408687055E-9
9.15E-5                   -2.2949715257124962E-9
9.159999999999999E-5      -2.5436523105562216E-9
9.169999999999999E-5      -2.79233309539995E-9
9.18E-5                   -3.0410138802436472E-9
9.19E-5                   -3.2896946650873123E-9
9.2E-5                    -3.5383754499309467E-9
9.21E-5                   -3.787056234774548E-9
9.219999999999999E-5      -4.0357370196180865E-9
9.23E-5                   -4.284417804461627E-9
9.24E-5                   -4.5330985893051345E-9
9.25E-5                   -4.781779374148611E-9
9.26E-5                   -5.030460158992057E-9
9.269999999999999E-5      -5.279140943835437E-9
9.279999999999999E-5      -5.52782172867882E-9
9.29E-5                   -5.7765025135221726E-9
9.3E-5                    -6.025183298365492E-9
9.31E-5                   -6.273864083208781E-9
9.32E-5                   -6.522544868052038E-9
9.329999999999999E-5      -6.7712256528952304E-9
9.34E-5                   -7.019906437738425E-9
9.35E-5                   -7.268587222581587E-9
9.36E-5                   -7.517268007424718E-9
9.37E-5                   -7.765948792267818E-9
9.379999999999999E-5      -8.014629577110856E-9
9.389999999999999E-5      -8.26331036195389E-9
9.4E-5                    -8.511991146796897E-9
9.41E-5                   -8.390278517733782E-9
9.42E-5                   -8.267313394285287E-9
9.43E-5                   -8.144348270836796E-9
9.439999999999999E-5      -8.021383147388338E-9
9.449999999999999E-5      -7.898418023939872E-9
9.46E-5                   -7.775452900491415E-9
9.47E-5                   -7.652487777042972E-9
9.48E-5                   -7.529522653594538E-9
9.489999999999999E-5      -7.4065575301461286E-9
9.499999999999999E-5      -7.2835924066977145E-9
9.51E-5                   -7.160627283249312E-9
9.52E-5                   -7.037662159800917E-9
9.53E-5                   -6.914697036352535E-9
9.54E-5                   -6.7917319129041626E-9
9.549999999999999E-5      -6.668766789455818E-9
9.559999999999999E-5      -6.545801666007465E-9
9.57E-5                   -6.422836542559125E-9
9.58E-5                   -6.299871419110794E-9
9.59E-5                   -6.1769062956624745E-9
9.6E-5                    -6.053941172214165E-9
9.609999999999999E-5      -5.9309760487658806E-9
9.62E-5                   -5.808010925317593E-9
9.63E-5                   -5.685045801869315E-9
9.64E-5                   -5.5620806784210446E-9
9.65E-5                   -5.439115554972787E-9
9.659999999999999E-5      -5.316150431524556E-9
9.669999999999999E-5      -5.193185308076319E-9
9.68E-5                   -5.0702201846280915E-9
9.69E-5                   -4.947255061179876E-9
9.7E-5                    -4.82428993773167E-9
9.71E-5                   -4.701324814283475E-9
9.719999999999999E-5      -4.5783596908353056E-9
9.73E-5                   -4.455394567387131E-9
9.74E-5                   -4.332429443938968E-9
9.75E-5                   -4.209464320490814E-9
9.76E-5                   -4.086499197042671E-9
9.769999999999999E-5      -3.963534073594554E-9
9.779999999999999E-5      -3.840568950146431E-9
9.79E-5                   -3.7176038266983176E-9
9.8E-5                    -3.5946387032502163E-9
9.81E-5                   -3.4716735798021253E-9
9.82E-5                   -3.3487084563540446E-9
9.829999999999999E-5      -3.225743332905991E-9
9.839999999999999E-5      -3.10277820945793E-9
9.85E-5                   -2.9798130860098803E-9
9.86E-5                   -2.8568479625618414E-9
9.87E-5                   -2.7338828391138124E-9
9.879999999999999E-5      -2.6109177156658107E-9
9.889999999999999E-5      -2.4879525922178028E-9
9.9E-5                    -2.3649874687698036E-9
9.91E-5                   -2.242022345321817E-9
9.92E-5                   -2.11905722187384E-9
9.93E-5                   -1.9960920984258738E-9
9.939999999999999E-5      -1.873126974977934E-9
9.949999999999999E-5      -1.750161851529988E-9
9.96E-5                   -1.627196728082053E-9
9.97E-5                   -1.5042316046341282E-9
9.98E-5                   -1.381266481186214E-9
9.989999999999999E-5      -1.2583013577383264E-9
9.999999999999999E-5      -1.1353362342904323E-9
