% Model:              20230225_JW_4_05.mph
% Version:            COMSOL 5.6.0.401
% Date:               Feb 25 2023, 20:19
% Dimension:          1
% Nodes:              1501
% Expressions:        1
% Description:        点图
% X                       Height
0                         3.371519956425203
1.0E-7                    3.370802871088549
2.0E-7                    3.367543584163188
3.0E-7                    3.3638809583040854
4.0E-7                    3.3725781607537395
5.0E-7                    3.3989152293560263
6.0E-7                    3.4266581984577997
7.0E-7                    3.4442682040880626
8.0E-7                    3.4576938217357256
9.0E-7                    3.4711541411970575
1.0E-6                    3.4844408047942923
1.1E-6                    3.4958001158336716
1.2E-6                    3.5035396927771094
1.2999999999999998E-6     3.5120880056463104
1.4E-6                    3.517163092862155
1.5E-6                    3.5219141605903768
1.6E-6                    3.525282956001579
1.6999999999999998E-6     3.527279049154929
1.8E-6                    3.5287796270710405
1.9E-6                    3.5286537181725732
2.0E-6                    3.5280318011066014
2.1E-6                    3.5263069654284203
2.2E-6                    3.5239775476829664
2.3E-6                    3.5208856030172875
2.4E-6                    3.5170710292983767
2.4999999999999998E-6     3.512823305037652
2.5999999999999997E-6     3.5079589867400967
2.7E-6                    3.5025493450928433
2.8E-6                    3.496609321124377
2.8999999999999998E-6     3.490588270674482
3.0E-6                    3.4837471910004525
3.1E-6                    3.476829039195002
3.2E-6                    3.4695443437305147
3.2999999999999997E-6     3.462073761509948
3.3999999999999996E-6     3.454182495885337
3.5E-6                    3.4461321954326163
3.6E-6                    3.437878796160282
3.6999999999999997E-6     3.4294216085280813
3.8E-6                    3.420811876076753
3.9E-6                    3.411994068194796
4.0E-6                    3.403089079678626
4.1E-6                    3.3940125036609627
4.2E-6                    3.3849027081153773
4.2999999999999995E-6     3.375595040551046
4.4E-6                    3.3662594221763333
4.5E-6                    3.356730900467763
4.6E-6                    3.3472026237917514
4.7E-6                    3.3376745881942727
4.8E-6                    3.3280892148214227
4.9E-6                    3.3184048910303114
4.9999999999999996E-6     3.308720797775209
5.0999999999999995E-6     3.2990369311391494
5.199999999999999E-6      3.289293050650894
5.3E-6                    3.2795143904576363
5.4E-6                    3.269735956966895
5.5E-6                    3.259957746372594
5.6E-6                    3.2501528419053054
5.7E-6                    3.2403450853322537
5.7999999999999995E-6     3.2305375434041617
5.899999999999999E-6      3.220734530750363
6.0E-6                    3.210953945659523
6.1E-6                    3.201173574768881
6.2E-6                    3.191393414369684
6.3E-6                    3.181599593241218
6.4E-6                    3.1717874362093905
6.5E-6                    3.1619754795266135
6.5999999999999995E-6     3.152163719677999
6.699999999999999E-6      3.1424384803012253
6.799999999999999E-6      3.1327516698824733
6.9E-6                    3.1230650570456424
7.0E-6                    3.113378638342244
7.1E-6                    3.103748204677007
7.2E-6                    3.094120390648505
7.2999999999999996E-6     3.0844927608484096
7.3999999999999995E-6     3.0748401034880786
7.499999999999999E-6      3.065099994947945
7.6E-6                    3.0553600716891443
7.699999999999999E-6      3.0456203307725884
7.8E-6                    3.0361576361286535
7.899999999999999E-6      3.026984973654952
8.0E-6                    3.017812499183665
8.1E-6                    3.0086402090022424
8.2E-6                    2.998836066303849
8.3E-6                    2.9888255536417745
8.4E-6                    2.97881519667112
8.5E-6                    2.9688153757611673
8.599999999999999E-6      2.9593556647583465
8.7E-6                    2.9498960760982738
8.8E-6                    2.9404366081496236
8.9E-6                    2.932060418403796
9.0E-6                    2.924248664003714
9.1E-6                    2.916437157001811
9.2E-6                    2.9072432303860034
9.299999999999999E-6      2.8972453294210174
9.4E-6                    2.8872475231546524
9.499999999999999E-6      2.878024277523421
9.6E-6                    2.868878149770182
9.7E-6                    2.8599043116083247
9.8E-6                    2.851679639955748
9.9E-6                    2.843455164337837
9.999999999999999E-6      2.834517363594505
1.01E-5                   2.8247560815000177
1.0199999999999999E-5     2.8150114820161356
1.03E-5                   2.8064555243035847
1.0399999999999999E-5     2.797899710306943
1.05E-5                   2.789342422126949
1.06E-5                   2.7807849064597887
1.07E-5                   2.771974889457752
1.08E-5                   2.7629986375438866
1.0899999999999999E-5     2.7542321152749496
1.1E-5                    2.7457833241718843
1.1099999999999999E-5     2.7372939944419716
1.12E-5                   2.728633836656155
1.13E-5                   2.719973806964456
1.14E-5                   2.7113838554722802
1.15E-5                   2.7027949446443618
1.1599999999999999E-5     2.6943204152132187
1.17E-5                   2.6858779836131452
1.1799999999999999E-5     2.677428324348201
1.19E-5                   2.6689733572068777
1.2E-5                    2.6605284811223053
1.21E-5                   2.6521006735533397
1.22E-5                   2.6436953273082797
1.2299999999999999E-5     2.6354029505092464
1.24E-5                   2.627110693385464
1.2499999999999999E-5     2.618801814374464
1.26E-5                   2.6104923355380407
1.2699999999999999E-5     2.6022427082973225
1.28E-5                   2.5940126391121208
1.29E-5                   2.585818788620411
1.3E-5                    2.577654683606502
1.31E-5                   2.5694948682479444
1.3199999999999999E-5     2.561343160345274
1.33E-5                   2.553207042574928
1.3399999999999999E-5     2.545167472235927
1.35E-5                   2.5371280044737547
1.3599999999999999E-5     2.529085336780272
1.37E-5                   2.5210425265096212
1.38E-5                   2.5130691905780216
1.3899999999999999E-5     2.5051219339333244
1.4E-5                    2.4971902450713324
1.4099999999999999E-5     2.4892728015496477
1.42E-5                   2.481373031792655
1.4299999999999999E-5     2.4735112779791244
1.44E-5                   2.4656569329011697
1.45E-5                   2.4578610083283055
1.4599999999999999E-5     2.4500651726674154
1.47E-5                   2.442317256474075
1.4799999999999999E-5     2.4345743903815817
1.49E-5                   2.426831611917024
1.4999999999999999E-5     2.419088919448886
1.51E-5                   2.4114049652591354
1.52E-5                   2.40378087400962
1.53E-5                   2.3961568674833877
1.5399999999999998E-5     2.3885329441095267
1.55E-5                   2.3809173460213846
1.56E-5                   2.3733911642437873
1.57E-5                   2.3658650643812233
1.5799999999999998E-5     2.358339044942327
1.59E-5                   2.3508131044322087
1.6E-5                    2.3433531758405635
1.61E-5                   2.3359252587867023
1.62E-5                   2.328497419014088
1.63E-5                   2.3210696550806764
1.64E-5                   2.313669287979768
1.6499999999999998E-5     2.306345586096907
1.66E-5                   2.2990219592404917
1.67E-5                   2.291698406038346
1.68E-5                   2.284374925115261
1.69E-5                   2.2771346020169663
1.7E-5                    2.2699087645402867
1.71E-5                   2.262682997321761
1.7199999999999998E-5     2.2554572990376447
1.73E-5                   2.248274912106867
1.74E-5                   2.24114732203866
1.75E-5                   2.2340198007941776
1.76E-5                   2.226892347110136
1.77E-5                   2.2197679292670496
1.78E-5                   2.2127375957163204
1.7899999999999998E-5     2.205707327274392
1.8E-5                    2.1986771227324082
1.81E-5                   2.1916469808790637
1.82E-5                   2.184679136537043
1.8299999999999998E-5     2.1777495255774952
1.84E-5                   2.170819977750625
1.85E-5                   2.163890491887755
1.8599999999999998E-5     2.1569771482902764
1.87E-5                   2.150124701730738
1.88E-5                   2.143272314223166
1.89E-5                   2.1364199846674925
1.8999999999999998E-5     2.1295677119615535
1.91E-5                   2.1228253518921574
1.92E-5                   2.1161108078872464
1.9299999999999998E-5     2.109396322426005
1.94E-5                   2.102681894425127
1.95E-5                   2.0959877149277824
1.96E-5                   2.089325504105394
1.9699999999999998E-5     2.0826633478185803
1.98E-5                   2.076001245058276
1.99E-5                   2.069339194813614
1.9999999999999998E-5     2.062677196071939
2.01E-5                   2.0560152478188276
2.02E-5                   2.0493533490380997
2.03E-5                   2.0426914987118385
2.0399999999999998E-5     2.0361634411723935
2.05E-5                   2.0297379972669543
2.06E-5                   2.023312604730699
2.07E-5                   2.0168872626528724
2.0799999999999997E-5     2.0104619701211934
2.09E-5                   2.0040367262218726
2.1E-5                    1.9976115300396236
2.1099999999999998E-5     1.9911863806576726
2.12E-5                   1.9847612771577798
2.13E-5                   1.9784911955021383
2.14E-5                   1.9722743649264256
2.1499999999999997E-5     1.9660575807335288
2.16E-5                   1.959840842097882
2.17E-5                   1.9536241481926213
2.1799999999999998E-5     1.9474074981895957
2.19E-5                   1.941190891259376
2.2E-5                    1.9349743265712696
2.21E-5                   1.9287578032933288
2.2199999999999998E-5     1.9226988956892652
2.23E-5                   1.9166531987282607
2.24E-5                   1.910607545355947
2.2499999999999998E-5     1.9045619347991543
2.26E-5                   1.8985163662835731
2.27E-5                   1.8924708390337661
2.28E-5                   1.886425352273175
2.2899999999999998E-5     1.8803799052241357
2.3E-5                    1.874334614251978
2.31E-5                   1.8682904011673116
2.3199999999999998E-5     1.862246227144729
2.33E-5                   1.85620209139825
2.34E-5                   1.8501579931407943
2.35E-5                   1.8441139315841981
2.3599999999999998E-5     1.838069905939219
2.37E-5                   1.8320259154155503
2.38E-5                   1.8259819592218276
2.3899999999999998E-5     1.8200680003194853
2.4E-5                    1.8144886102423248
2.41E-5                   1.808909255818641
2.42E-5                   1.8033299366226818
2.4299999999999998E-5     1.797750652228105
2.44E-5                   1.7921714022079742
2.45E-5                   1.7865921861347707
2.4599999999999998E-5     1.7810130035803895
2.4699999999999997E-5     1.7754338541161518
2.48E-5                   1.7704926637432272
2.49E-5                   1.766305672869523
2.4999999999999998E-5     1.7621187068668496
2.51E-5                   1.7579317650955317
2.52E-5                   1.7537448469153591
2.53E-5                   1.7495579516855926
2.5399999999999997E-5     1.7440561955188982
2.55E-5                   1.738336106986142
2.56E-5                   1.7326160774694292
2.5699999999999998E-5     1.7262533764088643
2.58E-5                   1.7179988676819193
2.59E-5                   1.7097443834071164
2.6E-5                    1.7034720425325356
2.6099999999999997E-5     1.69761557778432
2.62E-5                   1.6928602797538834
2.63E-5                   1.6886672477164535
2.6399999999999998E-5     1.6825658535080785
2.65E-5                   1.6763091155142726
2.66E-5                   1.6702353038922573
2.67E-5                   1.6651856737509325
2.6799999999999998E-5     1.6596154641703134
2.69E-5                   1.6540558026658383
2.7E-5                    1.6487884642355017
2.7099999999999998E-5     1.643361334038651
2.7199999999999997E-5     1.6380081766126775
2.73E-5                   1.6327508577548797
2.74E-5                   1.6272158320355847
2.7499999999999998E-5     1.622092083237715
2.76E-5                   1.616858631960472
2.77E-5                   1.6115733234388556
2.7799999999999998E-5     1.6063610580134007
2.7899999999999997E-5     1.6011743158587954
2.8E-5                    1.596018658599303
2.81E-5                   1.5908112589763024
2.8199999999999998E-5     1.5857288430800989
2.83E-5                   1.580594028640889
2.84E-5                   1.5755235399964793
2.8499999999999998E-5     1.5704316451195275
2.8599999999999997E-5     1.5653808091904893
2.87E-5                   1.5603542061239224
2.88E-5                   1.5553294640667783
2.8899999999999998E-5     1.5503263847840278
2.9E-5                    1.5453519411065122
2.91E-5                   1.5403870399467057
2.9199999999999998E-5     1.5354262198261737
2.9299999999999997E-5     1.5305064773357044
2.94E-5                   1.5255925271152952
2.95E-5                   1.5206922291354064
2.9599999999999998E-5     1.5158098645080114
2.97E-5                   1.510940165352103
2.98E-5                   1.5061047620730832
2.99E-5                   1.5012742666866867
2.9999999999999997E-5     1.4964437901241099
3.01E-5                   1.491637846930959
3.02E-5                   1.486861525317294
3.0299999999999998E-5     1.4820852234405961
3.04E-5                   1.4773106206382762
3.05E-5                   1.4725888466254464
3.06E-5                   1.4678670912027054
3.07E-5                   1.4631453540115165
3.0799999999999996E-5     1.458452917914193
3.09E-5                   1.453779328233128
3.1E-5                    1.4491057565159327
3.11E-5                   1.4444424230748631
3.12E-5                   1.439823694824145
3.13E-5                   1.4352049842731216
3.14E-5                   1.43058629108522
3.15E-5                   1.4260015434756232
3.1599999999999996E-5     1.4214272753391435
3.17E-5                   1.4168530237150012
3.18E-5                   1.4122976240225429
3.1899999999999996E-5     1.4077784586661266
3.2E-5                    1.4032593099085893
3.21E-5                   1.398740177435466
3.22E-5                   1.394263235587735
3.23E-5                   1.3897899786826409
3.24E-5                   1.3853167371852873
3.25E-5                   1.3808675226009117
3.26E-5                   1.3764425485423493
3.2699999999999995E-5     1.3720175898932747
3.28E-5                   1.3675965447770804
3.29E-5                   1.363223171016396
3.2999999999999996E-5     1.3588498120049375
3.31E-5                   1.3544764674579401
3.32E-5                   1.3501451702422866
3.3299999999999996E-5     1.345836179889155
3.34E-5                   1.3415272038508186
3.35E-5                   1.3372182418582037
3.36E-5                   1.3329092936420486
3.37E-5                   1.3286003589329052
3.38E-5                   1.3242914374611436
3.39E-5                   1.320065274034644
3.4E-5                    1.3158586473169231
3.4099999999999995E-5     1.3116520339977102
3.42E-5                   1.3074454338240082
3.43E-5                   1.3032388465426523
3.4399999999999996E-5     1.2990322719003131
3.45E-5                   1.2948257096434956
3.46E-5                   1.2907002662893856
3.4699999999999996E-5     1.286577799021101
3.48E-5                   1.2824553444122107
3.49E-5                   1.2783329022269445
3.5E-5                    1.2742104722293848
3.51E-5                   1.2700880541834627
3.52E-5                   1.265981399535303
3.53E-5                   1.2619898248187025
3.54E-5                   1.2579982620858676
3.5499999999999996E-5     1.254006711122975
3.56E-5                   1.2500151717160684
3.57E-5                   1.2460236436510652
3.5799999999999996E-5     1.2420321267137537
3.59E-5                   1.238040620689794
3.6E-5                    1.2340491253647214
3.6099999999999997E-5     1.2300576405239467
3.62E-5                   1.226066165952756
3.63E-5                   1.2220747014363147
3.64E-5                   1.218083246759666
3.65E-5                   1.2140918017077322
3.6599999999999995E-5     1.2101755372963128
3.67E-5                   1.2063582338694263
3.68E-5                   1.2025409412199355
3.6899999999999996E-5     1.1987236591607175
3.7E-5                    1.1949063875045434
3.71E-5                   1.1910891260640815
3.7199999999999996E-5     1.1872718746518953
3.73E-5                   1.1834546330804459
3.74E-5                   1.1796374011620931
3.75E-5                   1.1758201787090963
3.76E-5                   1.1720029655336137
3.77E-5                   1.1681857614477056
3.78E-5                   1.1643685662633345
3.79E-5                   1.1605513797923648
3.7999999999999995E-5     1.1568563740966307
3.81E-5                   1.1532036311078664
3.82E-5                   1.1495508976974447
3.8299999999999996E-5     1.1458981737017284
3.84E-5                   1.142245458956996
3.85E-5                   1.1385927532994422
3.8599999999999996E-5     1.1349400565651793
3.87E-5                   1.1312873685902365
3.88E-5                   1.1276346892105613
3.89E-5                   1.1239820182620208
3.9E-5                    1.1203293555804024
3.9099999999999995E-5     1.1166767010014127
3.92E-5                   1.113024054360681
3.93E-5                   1.109378978473954
3.9399999999999995E-5     1.1058655407958822
3.95E-5                   1.1023521111717003
3.96E-5                   1.0988386894575077
3.9699999999999996E-5     1.095325275509336
3.98E-5                   1.0918118691831498
3.99E-5                   1.0882984703348477
3.9999999999999996E-5     1.0847850788202638
4.01E-5                   1.0812716944951666
4.02E-5                   1.07775831721526
4.03E-5                   1.074244946836186
4.04E-5                   1.070731583213521
4.0499999999999995E-5     1.067218226202782
4.06E-5                   1.063704875659421
4.07E-5                   1.0602588491766847
4.0799999999999996E-5     1.056929619761127
4.09E-5                   1.0536003978097404
4.1E-5                    1.0502711831973648
4.1099999999999996E-5     1.0469419757987861
4.12E-5                   1.0436127754887368
4.13E-5                   1.040283582141896
4.14E-5                   1.0369543956328902
4.15E-5                   1.0336252158362922
4.1599999999999995E-5     1.0302960426266259
4.17E-5                   1.0269668758783612
4.18E-5                   1.0236377154659189
4.1899999999999995E-5     1.0203085612636682
4.2E-5                    1.0169794131459293
4.21E-5                   1.0137320190710646
4.2199999999999996E-5     1.0105236420929613
4.23E-5                   1.0073152712443403
4.24E-5                   1.004106906416239
4.2499999999999996E-5     1.000898547499653
4.26E-5                   0.9976901943855344
4.27E-5                   0.9944818469647957
4.28E-5                   0.9912735051283071
4.29E-5                   0.9880651687668972
4.2999999999999995E-5     0.9848568377713559
4.31E-5                   0.9816485120324313
4.32E-5                   0.9784401914408326
4.3299999999999995E-5     0.9752318758872296
4.34E-5                   0.9720235652622524
4.35E-5                   0.9689381707007181
4.3599999999999996E-5     0.9658542416203627
4.37E-5                   0.9627703179586002
4.38E-5                   0.9596863996142598
4.3899999999999996E-5     0.9566024864861363
4.4E-5                    0.9535185784729878
4.41E-5                   0.9504346754735394
4.42E-5                   0.9473507773864808
4.43E-5                   0.9442668841104664
4.4399999999999995E-5     0.9411829955441184
4.45E-5                   0.938099111586024
4.46E-5                   0.9350152321347381
4.4699999999999996E-5     0.9319313570887822
4.48E-5                   0.9288723960379088
4.49E-5                   0.9258716813864307
4.4999999999999996E-5     0.922870971537099
4.51E-5                   0.9198702664066002
4.52E-5                   0.916869565911594
4.5299999999999997E-5     0.9138688699687129
4.54E-5                   0.9108681784945601
4.5499999999999995E-5     0.9078674914057134
4.56E-5                   0.9048668086187227
4.57E-5                   0.9018661300501115
4.5799999999999995E-5     0.8988654556163769
4.59E-5                   0.895864785233989
4.6E-5                    0.8928641188193932
4.6099999999999996E-5     0.8901463915741471
4.62E-5                   0.887434516420124
4.63E-5                   0.8847226449021128
4.6399999999999996E-5     0.8820107769497685
4.65E-5                   0.8792989124927256
4.66E-5                   0.8765870514606013
4.67E-5                   0.8738751937829929
4.68E-5                   0.8711633393894783
4.6899999999999995E-5     0.8684514882096181
4.7E-5                    0.8657396401729534
4.71E-5                   0.863027795209008
4.7199999999999995E-5     0.8603093185933629
4.73E-5                   0.8575900423310467
4.74E-5                   0.854870770495899
4.7499999999999996E-5     0.8521515030146045
4.76E-5                   0.8494322398138271
4.77E-5                   0.8467129808202091
4.7799999999999996E-5     0.843993725960372
4.79E-5                   0.8412744751609159
4.8E-5                    0.8385552283484209
4.81E-5                   0.8358278507673289
4.82E-5                   0.8330716219760951
4.8299999999999995E-5     0.8303153960612233
4.84E-5                   0.8275591729630449
4.85E-5                   0.824802952621877
4.8599999999999995E-5     0.8220467349780214
4.87E-5                   0.8192905199717648
4.88E-5                   0.8165343075433793
4.8899999999999996E-5     0.8138840584405381
4.9E-5                    0.8113868985962132
4.91E-5                   0.8088897421355453
4.9199999999999997E-5     0.8063925889984757
4.93E-5                   0.8038954391249304
4.9399999999999995E-5     0.8013982924548214
4.95E-5                   0.798899504696556
4.96E-5                   0.7963039020136972
4.9699999999999995E-5     0.7937083025296477
4.98E-5                   0.7911127061877798
4.99E-5                   0.7885171129314519
4.9999999999999996E-5     0.7859215227040082
5.01E-5                   0.7833647879656557
5.02E-5                   0.7808316740230198
5.0299999999999996E-5     0.7782985621838011
5.04E-5                   0.7757654523976352
5.05E-5                   0.7732323446141461
5.06E-5                   0.7707887077491243
5.07E-5                   0.7683587579482564
5.0799999999999995E-5     0.7659288116516809
5.09E-5                   0.7634988688041784
5.1E-5                    0.7610324896700519
5.1099999999999995E-5     0.7585406034782648
5.12E-5                   0.7560487191292115
5.13E-5                   0.7535568365768678
5.1399999999999996E-5     0.7511400260800195
5.15E-5                   0.7487500059768745
5.16E-5                   0.746359988649342
5.1699999999999996E-5     0.7439699740494186
5.18E-5                   0.7415772608463648
5.1899999999999994E-5     0.739184201760052
5.2E-5                    0.7367911449960528
5.21E-5                   0.7343987497724909
5.2199999999999995E-5     0.732024759563745
5.23E-5                   0.729650771415445
5.24E-5                   0.7272767852861337
5.2499999999999995E-5     0.7249158679310591
5.26E-5                   0.7226131440978234
5.27E-5                   0.7203104227661271
5.2799999999999996E-5     0.7180077038915961
5.29E-5                   0.7156990113773037
5.3E-5                    0.7133783054856007
5.3099999999999996E-5     0.711057601381929
5.32E-5                   0.7087368990271012
5.3299999999999995E-5     0.7064457941593673
5.34E-5                   0.7041866319217068
5.35E-5                   0.7019274719989633
5.3599999999999995E-5     0.6996683143517862
5.37E-5                   0.6974193227242549
5.38E-5                   0.6951763088364655
5.3899999999999996E-5     0.6929332966066476
5.4E-5                    0.6906902859965508
5.41E-5                   0.6884644046590519
5.4199999999999996E-5     0.6862433979081047
5.43E-5                   0.6840223932757838
5.4399999999999994E-5     0.6818013907269564
5.4499999999999997E-5     0.6796203896388598
5.46E-5                   0.6774425255222369
5.4699999999999995E-5     0.6752646629699225
5.48E-5                   0.6730874140765737
5.49E-5                   0.6709175985004384
5.4999999999999995E-5     0.6687477848220871
5.51E-5                   0.6665779730089966
5.52E-5                   0.6644183085191063
5.5299999999999996E-5     0.6622936137061637
5.54E-5                   0.6601689205279042
5.55E-5                   0.6580442289510346
5.5599999999999996E-5     0.6559226986445085
5.57E-5                   0.6538064659198886
5.5799999999999994E-5     0.6516902347411812
5.59E-5                   0.6495740050777623
5.6E-5                    0.6474812683531332
5.6099999999999995E-5     0.6454100046627506
5.62E-5                   0.6433387427029157
5.63E-5                   0.6412674824432396
5.6399999999999995E-5     0.6391982140714016
5.65E-5                   0.6371299217392552
5.66E-5                   0.6350616306399304
5.6699999999999996E-5     0.6329933407444127
5.68E-5                   0.6309645166387847
5.69E-5                   0.6289443548432054
5.6999999999999996E-5     0.6269241947706524
5.71E-5                   0.6249179740837784
5.7199999999999994E-5     0.6229371946105045
5.73E-5                   0.6209564161490444
5.74E-5                   0.6189664373120907
5.7499999999999995E-5     0.6169464176252134
5.76E-5                   0.6149263996768406
5.77E-5                   0.6129343020314592
5.7799999999999995E-5     0.6109796802744729
5.79E-5                   0.609025059522958
5.8E-5                    0.6070615140529056
5.8099999999999996E-5     0.6050969799096918
5.82E-5                   0.6031274881573856
5.8299999999999994E-5     0.6011550357673363
5.8399999999999997E-5     0.599213911622604
5.85E-5                   0.5972955330638294
5.8599999999999995E-5     0.5953680470201191
5.87E-5                   0.5934325714843691
5.88E-5                   0.591508897741884
5.8899999999999995E-5     0.5895905103359325
5.9E-5                    0.5876874417002764
5.91E-5                   0.5857871497787877
5.9199999999999996E-5     0.5838933174489356
5.93E-5                   0.5820012093291399
5.94E-5                   0.580117848331331
5.9499999999999996E-5     0.5782389737694065
5.96E-5                   0.5763695215519357
5.9699999999999994E-5     0.5745065070966072
5.98E-5                   0.5726504513568066
5.99E-5                   0.5707968826609044
5.9999999999999995E-5     0.5689447227825462
6.01E-5                   0.5671079101987537
6.02E-5                   0.5652750198212876
6.0299999999999995E-5     0.5634481682784928
6.04E-5                   0.5616228515279297
6.05E-5                   0.5598073696437001
6.0599999999999996E-5     0.5579969845524472
6.07E-5                   0.5562003484915351
6.08E-5                   0.5544037133532166
6.0899999999999996E-5     0.5526070791181734
6.1E-5                    0.5508226814781829
6.11E-5                   0.549046915973924
6.12E-5                   0.5472711514851016
6.13E-5                   0.5454953879930563
6.14E-5                   0.5437393975324876
6.149999999999999E-5      0.5419855482494176
6.159999999999999E-5      0.5402316998404347
6.17E-5                   0.5384822756265784
6.18E-5                   0.5367486935261031
6.19E-5                   0.5350151123483611
6.2E-5                    0.533281532075995
6.209999999999999E-5      0.531559133096086
6.22E-5                   0.5298464824917687
6.23E-5                   0.5281338327337344
6.24E-5                   0.5264211838052445
6.25E-5                   0.5247255799346227
6.26E-5                   0.523032980268394
6.269999999999999E-5      0.5213403814300993
6.28E-5                   0.5196511137270937
6.29E-5                   0.5179785614560211
6.3E-5                    0.5163060099920662
6.31E-5                   0.5146334593196411
6.319999999999999E-5      0.5129761402194803
6.33E-5                   0.5113351838971051
6.34E-5                   0.5096942283515645
6.35E-5                   0.5080532735681506
6.36E-5                   0.5064123195321542
6.37E-5                   0.5047713662288651
6.379999999999999E-5      0.5031304136435711
6.39E-5                   0.5014940002221928
6.4E-5                    0.4998928580224968
6.41E-5                   0.49829171655585214
6.42E-5                   0.49669057580858744
6.429999999999999E-5      0.4950894357670298
6.44E-5                   0.49348829641750386
6.45E-5                   0.4918871577463343
6.46E-5                   0.4902860197398443
6.47E-5                   0.48871258686326985
6.48E-5                   0.48714859180820047
6.489999999999999E-5      0.4855845974346421
6.5E-5                    0.4840206037298542
6.51E-5                   0.48245661068109663
6.52E-5                   0.4808926182756272
6.53E-5                   0.47932862650070285
6.539999999999999E-5      0.4777783504928684
6.549999999999999E-5      0.4762506603734292
6.56E-5                   0.4747229708867133
6.57E-5                   0.4731952820208645
6.58E-5                   0.4716675937640253
6.59E-5                   0.470139906104337
6.599999999999999E-5      0.46861221902994055
6.61E-5                   0.4670848898745691
6.62E-5                   0.465593921157002
6.63E-5                   0.4641029530349512
6.64E-5                   0.462611985497378
6.65E-5                   0.46112101853324283
6.659999999999999E-5      0.4596300521315054
6.67E-5                   0.4581390862811239
6.68E-5                   0.4566481209710563
6.69E-5                   0.4551901754571058
6.7E-5                    0.4537506718699979
6.709999999999999E-5      0.4523111688309145
6.72E-5                   0.4508716663299319
6.73E-5                   0.4494321643571266
6.74E-5                   0.44799266290257383
6.75E-5                   0.44655316195634853
6.76E-5                   0.4451136615085245
6.769999999999999E-5      0.4436741615491752
6.78E-5                   0.44223466206837275
6.79E-5                   0.440795163056189
6.8E-5                    0.43935566450269525
6.81E-5                   0.43791616639796155
6.819999999999999E-5      0.4364766687320581
6.829999999999999E-5      0.43503717149505317
6.84E-5                   0.4336582920132773
6.85E-5                   0.4322857422384193
6.86E-5                   0.43091319295579045
6.87E-5                   0.42954064415678794
6.879999999999999E-5      0.42816809583280885
6.89E-5                   0.4267955479752489
6.9E-5                    0.425423000575504
6.91E-5                   0.4240504536249688
6.92E-5                   0.42267790711503794
6.929999999999999E-5      0.42130536103710536
6.939999999999999E-5      0.4199328153825639
6.95E-5                   0.4185602701428063
6.96E-5                   0.41718772530922466
6.97E-5                   0.41581518087321084
6.98E-5                   0.41445353812755736
6.989999999999999E-5      0.4131453939439437
7.0E-5                    0.4118372501997971
7.01E-5                   0.4105291068876717
7.02E-5                   0.4092209640001204
7.03E-5                   0.4079128215296959
7.04E-5                   0.4066046794689503
7.049999999999999E-5      0.4052965378104357
7.06E-5                   0.40398839654670277
7.07E-5                   0.4026802556703025
7.08E-5                   0.40137211517378535
7.09E-5                   0.400063975049701
7.099999999999999E-5      0.39875583529059927
7.11E-5                   0.3974476958890285
7.12E-5                   0.3961395568375377
7.13E-5                   0.39485693762161295
7.14E-5                   0.3936077229668887
7.15E-5                   0.39235850867554883
7.159999999999999E-5      0.39110929474111716
7.17E-5                   0.3898600811571161
7.18E-5                   0.38861086791706834
7.19E-5                   0.38736165501449626
7.2E-5                    0.38611244244292153
7.209999999999999E-5      0.3848632301958658
7.219999999999999E-5      0.38361401826684993
7.23E-5                   0.38236480664939476
7.24E-5                   0.38111559533702066
7.25E-5                   0.3798663843232478
7.26E-5                   0.3786171736015959
7.269999999999999E-5      0.3773679631655844
7.28E-5                   0.3761611375267929
7.29E-5                   0.3749727453430598
7.3E-5                    0.3737843534874408
7.31E-5                   0.37259596195435285
7.319999999999999E-5      0.37140757073821246
7.329999999999999E-5      0.37021917983343544
7.34E-5                   0.36903078923443783
7.35E-5                   0.3678423989356353
7.36E-5                   0.3666540089314431
7.37E-5                   0.36546561921627624
7.379999999999999E-5      0.36427722978454957
7.39E-5                   0.3630888406306773
7.4E-5                    0.36190045174907376
7.41E-5                   0.3607120631341527
7.42E-5                   0.359523674780328
7.429999999999999E-5      0.3583863555034942
7.439999999999999E-5      0.35725112400179493
7.45E-5                   0.35611589277279426
7.46E-5                   0.35498066181162297
7.47E-5                   0.3538454311134116
7.48E-5                   0.3527102006732908
7.489999999999999E-5      0.35157497048639064
7.5E-5                    0.35043974054784094
7.51E-5                   0.3493045108527715
7.52E-5                   0.3481692813963118
7.53E-5                   0.3470340521735913
7.54E-5                   0.3458988231797388
7.549999999999999E-5      0.3447635944098837
7.56E-5                   0.34362836585915396
7.57E-5                   0.3425051220932705
7.58E-5                   0.34142326628643865
7.59E-5                   0.34034141072219604
7.599999999999999E-5      0.33925955539633923
7.609999999999999E-5      0.33817770030466354
7.62E-5                   0.3370958454429651
7.63E-5                   0.33601399080703964
7.64E-5                   0.33493213639268243
7.65E-5                   0.3338502821956886
7.659999999999999E-5      0.33276842821185354
7.67E-5                   0.3316865744369718
7.68E-5                   0.3306047208668382
7.69E-5                   0.3295228674972474
7.7E-5                    0.32844101432399364
7.709999999999999E-5      0.3273591613428714
7.719999999999999E-5      0.3263028585942233
7.73E-5                   0.32527332361119554
7.74E-5                   0.32424378884361243
7.75E-5                   0.3232142542878416
7.76E-5                   0.3221847199402505
7.769999999999999E-5      0.3211551857972068
7.78E-5                   0.3201256518550775
7.79E-5                   0.3190961181102297
7.8E-5                    0.3180665845590305
7.81E-5                   0.31703705119784675
7.819999999999999E-5      0.31600751802304533
7.829999999999999E-5      0.3149779850309924
7.84E-5                   0.3139484522180545
7.85E-5                   0.3129189195805982
7.86E-5                   0.3118893871149894
7.87E-5                   0.31089171684181144
7.879999999999999E-5      0.3099045441865315
7.89E-5                   0.3089173716991982
7.9E-5                    0.30793019937659893
7.91E-5                   0.3069430272155209
7.92E-5                   0.305955855212751
7.93E-5                   0.3049686833650763
7.939999999999999E-5      0.30398151166928356
7.95E-5                   0.30299434012215937
7.96E-5                   0.30200716872049027
7.97E-5                   0.301019997461063
7.98E-5                   0.30003282634066375
7.989999999999999E-5      0.2990456553560791
7.999999999999999E-5      0.2980584845040948
8.01E-5                   0.29707218589953444
8.02E-5                   0.2961395247756293
8.03E-5                   0.2952068638279471
8.04E-5                   0.29427420305383883
8.049999999999999E-5      0.29334154245065563
8.06E-5                   0.29240888201574805
8.07E-5                   0.291476221746467
8.08E-5                   0.29054356164016315
8.09E-5                   0.2896109016941871
8.099999999999999E-5      0.2886782419058895
8.109999999999999E-5      0.2877455822726204
8.12E-5                   0.28681292279173043
8.13E-5                   0.2858802634605698
8.14E-5                   0.2849476042764886
8.15E-5                   0.28401494523683685
8.159999999999999E-5      0.28309213267971506
8.17E-5                   0.28219466241417257
8.18E-5                   0.28129719226802447
8.19E-5                   0.28039972223875614
8.2E-5                    0.2795022523238529
8.209999999999999E-5      0.27860478252079984
8.219999999999999E-5      0.27770731282708194
8.23E-5                   0.2768098432401845
8.24E-5                   0.275912373757592
8.25E-5                   0.2750149043767898
8.26E-5                   0.27411743509526254
8.269999999999999E-5      0.2732199659104952
8.28E-5                   0.272322496819972
8.29E-5                   0.27142502782117783
8.3E-5                    0.2705275589115973
8.31E-5                   0.2696408073139378
8.319999999999999E-5      0.26876305262172434
8.329999999999999E-5      0.2678852980393473
8.34E-5                   0.26700754356476175
8.35E-5                   0.26612978919592234
8.36E-5                   0.2652520349307841
8.37E-5                   0.26437428076730163
8.379999999999999E-5      0.2634965267034299
8.389999999999999E-5      0.2626187727371234
8.4E-5                    0.2617410188663368
8.41E-5                   0.2608632650890246
8.42E-5                   0.25998551140314147
8.43E-5                   0.25910775780664175
8.439999999999999E-5      0.2582552131458745
8.45E-5                   0.25746714847262436
8.46E-5                   0.2566790838970202
8.47E-5                   0.25589101941733783
8.48E-5                   0.2551029550318526
8.489999999999999E-5      0.25431489073884006
8.499999999999999E-5      0.2535268265365754
8.51E-5                   0.252738762423334
8.52E-5                   0.2519506983973912
8.53E-5                   0.25116263445702247
8.54E-5                   0.2503745706005027
8.549999999999999E-5      0.2495865068261075
8.56E-5                   0.2487958858939302
8.57E-5                   0.24800485839240488
8.58E-5                   0.2472138309898387
8.59E-5                   0.24642280368447297
8.599999999999999E-5      0.2456317764745494
8.609999999999999E-5      0.24484074935830916
8.62E-5                   0.24404972233399352
8.63E-5                   0.24325869539984396
8.64E-5                   0.24246766855410168
8.65E-5                   0.24167607123745286
8.659999999999999E-5      0.2408838221571194
8.669999999999999E-5      0.24009157315067617
8.68E-5                   0.23929932421667147
8.69E-5                   0.2385070753536529
8.7E-5                    0.23771482656016854
8.709999999999999E-5      0.23692257783476614
8.719999999999999E-5      0.23613032917599333
8.73E-5                   0.23537275222013393
8.74E-5                   0.23464204867654598
8.75E-5                   0.23391134520943746
8.76E-5                   0.23318064181733472
8.769999999999999E-5      0.2324499384987643
8.779999999999999E-5      0.23171923525225227
8.79E-5                   0.230988532076325
8.8E-5                    0.23024270152659668
8.81E-5                   0.22948862203786563
8.82E-5                   0.22873454262974713
8.829999999999999E-5      0.2279804633008881
8.84E-5                   0.22722638404993495
8.85E-5                   0.2264723048755346
8.86E-5                   0.22573106981487456
8.87E-5                   0.22500738982577045
8.879999999999999E-5      0.22428370988565494
8.889999999999999E-5      0.223560029993321
8.9E-5                    0.22283635014756223
8.91E-5                   0.22211267034717194
8.92E-5                   0.2214074094544198
8.93E-5                   0.22070618176144122
8.939999999999999E-5      0.2200049541492137
8.95E-5                   0.21930372661647654
8.96E-5                   0.2186024991619694
8.97E-5                   0.21789940185095738
8.98E-5                   0.21718960547174884
8.989999999999999E-5      0.2164798091374661
8.999999999999999E-5      0.215770012847025
9.01E-5                   0.21506021659934157
9.02E-5                   0.21435042039333163
9.03E-5                   0.2136600627671579
9.04E-5                   0.21298181906473404
9.049999999999999E-5      0.21230357542774722
9.059999999999999E-5      0.21162533185509885
9.07E-5                   0.21094708834569037
9.08E-5                   0.21026886869986014
9.09E-5                   0.20959233468807298
9.099999999999999E-5      0.20891580072569965
9.109999999999999E-5      0.208239266811728
9.12E-5                   0.2075627329451461
9.13E-5                   0.20688619912494202
9.14E-5                   0.20621553673771756
9.15E-5                   0.20555326169109187
9.159999999999999E-5      0.20489098669518208
9.169999999999999E-5      0.20422871174903623
9.18E-5                   0.20356643685170234
9.19E-5                   0.20290416200222847
9.2E-5                    0.20225401886000752
9.21E-5                   0.20160672833251322
9.219999999999999E-5      0.20095943785455386
9.23E-5                   0.20031214742520143
9.24E-5                   0.19966485704352793
9.25E-5                   0.19901895387360258
9.26E-5                   0.19837834932067622
9.269999999999999E-5      0.1977377448098615
9.279999999999999E-5      0.19709714034031164
9.29E-5                   0.19645653591117973
9.3E-5                    0.19581593152161916
9.31E-5                   0.1951849847732121
9.32E-5                   0.19456033464941885
9.329999999999999E-5      0.19393568457188548
9.34E-5                   0.19331103453978127
9.35E-5                   0.19268638455227569
9.36E-5                   0.19206176066336642
9.37E-5                   0.1914452886557517
9.379999999999999E-5      0.190828816685739
9.389999999999999E-5      0.1902123447525624
9.4E-5                    0.1895958728554559
9.41E-5                   0.1889794009936538
9.42E-5                   0.18836800121868913
9.43E-5                   0.1877641767291352
9.439999999999999E-5      0.18716035228075298
9.449999999999999E-5      0.18655652787280483
9.46E-5                   0.18595270350455329
9.47E-5                   0.18534887917526083
9.48E-5                   0.18475328163892693
9.489999999999999E-5      0.1841597551040604
9.499999999999999E-5      0.18356622860323363
9.51E-5                   0.18297270213575306
9.52E-5                   0.18237917570092507
9.53E-5                   0.18178878259665562
9.54E-5                   0.18121118205736836
9.549999999999999E-5      0.18063358155377332
9.559999999999999E-5      0.18005598108523063
9.57E-5                   0.1794783806511007
9.58E-5                   0.17890078025074388
9.59E-5                   0.17832317988352034
9.6E-5                    0.17774557954879058
9.609999999999999E-5      0.17716797924591482
9.62E-5                   0.1765903789742532
9.63E-5                   0.1760127787331662
9.64E-5                   0.17543517852201396
9.65E-5                   0.17487813617989573
9.659999999999999E-5      0.1743212503035907
9.669999999999999E-5      0.17376436445821447
9.68E-5                   0.1732074786431924
9.69E-5                   0.1726505928579496
9.7E-5                    0.17209370710191144
9.71E-5                   0.17153682137450307
9.719999999999999E-5      0.17097993567514985
9.73E-5                   0.1704230500032769
9.74E-5                   0.16986616435830942
9.75E-5                   0.1693092787396726
9.76E-5                   0.16876791010405068
9.769999999999999E-5      0.16823071229323597
9.779999999999999E-5      0.16769351451168366
9.79E-5                   0.1671563167588797
9.8E-5                    0.16661911903431
9.81E-5                   0.1660819213374605
9.82E-5                   0.16554472366781703
9.829999999999999E-5      0.16500752602486543
9.839999999999999E-5      0.1644703284080916
9.85E-5                   0.16393313081698135
9.86E-5                   0.16339593325102061
9.87E-5                   0.16286993731267024
9.879999999999999E-5      0.1623519253019907
9.889999999999999E-5      0.1618339133160757
9.9E-5                    0.1613159013544625
9.91E-5                   0.1607978894166884
9.92E-5                   0.16027987750229053
9.93E-5                   0.15976186561080608
9.939999999999999E-5      0.15924385374177238
9.949999999999999E-5      0.15872584189472638
9.96E-5                   0.1582078300692054
9.97E-5                   0.15768981826474665
9.98E-5                   0.15717877482784506
9.989999999999999E-5      0.15667912196476896
9.999999999999999E-5      0.15617946912541678
1.001E-4                  0.15567981630937505
1.002E-4                  0.15518016351623026
1.003E-4                  0.15468051074556893
1.004E-4                  0.1541808579969775
1.0049999999999999E-4     0.15368120527004248
1.0059999999999999E-4     0.15318155256435026
1.007E-4                  0.1526818998794873
1.008E-4                  0.1521822472150401
1.009E-4                  0.15168719730487448
1.01E-4                   0.1512138059260137
1.0109999999999999E-4     0.1507404145673087
1.012E-4                  0.15026702322840638
1.013E-4                  0.14979363190895403
1.014E-4                  0.14932024060859886
1.015E-4                  0.1488468493269878
1.0159999999999999E-4     0.14837345806376823
1.0169999999999999E-4     0.147900066818587
1.018E-4                  0.14742667559109138
1.019E-4                  0.14695328438092845
1.02E-4                   0.1464798931877454
1.021E-4                  0.14600650201118925
1.0219999999999999E-4     0.1455331108509072
1.0229999999999999E-4     0.14505971970654624
1.024E-4                  0.14458632857775355
1.025E-4                  0.14411293746417622
1.026E-4                  0.14363954636546136
1.0269999999999999E-4     0.14316615528125606
1.0279999999999999E-4     0.1426927642112074
1.029E-4                  0.14221937315496247
1.03E-4                   0.14174598211216838
1.031E-4                  0.1412725910824722
1.032E-4                  0.14082448135373793
1.0329999999999999E-4     0.14038406551351534
1.0339999999999999E-4     0.13994364969141446
1.035E-4                  0.13950323388715183
1.036E-4                  0.13906281810044402
1.037E-4                  0.13862240233100748
1.0379999999999999E-4     0.1381819865785588
1.0389999999999999E-4     0.13774157084281444
1.04E-4                   0.13730115512349086
1.041E-4                  0.13686073942030463
1.042E-4                  0.13642032373297228
1.043E-4                  0.13597990806121024
1.0439999999999999E-4     0.13553949240473503
1.0449999999999999E-4     0.1350990767632632
1.046E-4                  0.13465866113651112
1.047E-4                  0.1342182455241954
1.048E-4                  0.1337778299260325
1.049E-4                  0.13333741434173882
1.0499999999999999E-4     0.1328969987710311
1.051E-4                  0.13245658321362547
1.052E-4                  0.13201616766923868
1.053E-4                  0.1315757521375871
1.054E-4                  0.1311464385487528
1.0549999999999999E-4     0.1307370265435766
1.0559999999999999E-4     0.130327614552726
1.057E-4                  0.12991820257597286
1.058E-4                  0.12950879061308876
1.059E-4                  0.12909937866384552
1.06E-4                   0.1286899667280148
1.0609999999999999E-4     0.12828055480536846
1.0619999999999999E-4     0.12787114289567802
1.063E-4                  0.1274617309987153
1.064E-4                  0.127052319114252
1.065E-4                  0.1266429072420598
1.0659999999999999E-4     0.1262334953819105
1.0669999999999999E-4     0.1258240835335757
1.068E-4                  0.12541467169682718
1.069E-4                  0.12500525987143662
1.07E-4                   0.12459584805717569
1.071E-4                  0.12418643625381615
1.0719999999999999E-4     0.12377702446112973
1.0729999999999999E-4     0.12336761267888806
1.074E-4                  0.12295820090686282
1.075E-4                  0.1225487891448258
1.076E-4                  0.1221393773925486
1.0769999999999999E-4     0.12175676076872771
1.0779999999999999E-4     0.12137556939869347
1.079E-4                  0.12099437803959084
1.08E-4                   0.12061318669123626
1.081E-4                  0.1202319953534459
1.082E-4                  0.11985080402603614
1.0829999999999999E-4     0.1194696127088233
1.0839999999999999E-4     0.11908842140162346
1.085E-4                  0.11870723010425312
1.086E-4                  0.11832603881652845
1.087E-4                  0.11794484753826576
1.0879999999999999E-4     0.11756365626928145
1.0889999999999999E-4     0.11718246500939163
1.0899999999999999E-4     0.11680127375841265
1.091E-4                  0.11642008251616079
1.092E-4                  0.11603889128245232
1.093E-4                  0.11565770005710356
1.0939999999999999E-4     0.11527650883993078
1.0949999999999999E-4     0.11489531763075021
1.096E-4                  0.11451412642937817
1.097E-4                  0.11413293523563091
1.098E-4                  0.11375174404932469
1.099E-4                  0.11338527447771245
1.0999999999999999E-4     0.11303129990384093
1.1009999999999999E-4     0.11267732533953785
1.102E-4                  0.11232335078465558
1.103E-4                  0.11196937623904658
1.104E-4                  0.1116154017025632
1.1049999999999999E-4     0.1112614271750579
1.1059999999999999E-4     0.11090745265638297
1.107E-4                  0.11055347814639084
1.108E-4                  0.11019950364493393
1.109E-4                  0.10984552915186462
1.11E-4                   0.10949155466703528
1.1109999999999999E-4     0.10913758019029841
1.1119999999999999E-4     0.10878360572150621
1.113E-4                  0.10842963126051118
1.114E-4                  0.1080756568071657
1.115E-4                  0.10772168236132214
1.1159999999999999E-4     0.10736770792283296
1.1169999999999999E-4     0.10701373349155038
1.118E-4                  0.10665975906732691
1.119E-4                  0.10630578465001493
1.12E-4                   0.10595181023946681
1.121E-4                  0.10560103328100115
1.1219999999999999E-4     0.10527122426546599
1.1229999999999999E-4     0.10494141525692943
1.124E-4                  0.10461160625527245
1.125E-4                  0.10428179726037602
1.126E-4                  0.10395198827212115
1.1269999999999999E-4     0.10362217929038883
1.1279999999999999E-4     0.10329237031505989
1.1289999999999999E-4     0.10296256134601543
1.13E-4                   0.10263275238313639
1.131E-4                  0.10230294342630371
1.132E-4                  0.10197313447539837
1.1329999999999999E-4     0.1016433255303014
1.1339999999999999E-4     0.10131351659089369
1.135E-4                  0.10098370765705618
1.136E-4                  0.10065389872866988
1.137E-4                  0.10032408980561579
1.138E-4                  0.09999428088777484
1.1389999999999999E-4     0.09966447197502801
1.1399999999999999E-4     0.09933466306725622
1.141E-4                  0.09900485416434045
1.142E-4                  0.0986750452661617
1.143E-4                  0.09834523637260088
1.1439999999999999E-4     0.09803241648615117
1.1449999999999999E-4     0.09772608200195289
1.146E-4                  0.0974197475239192
1.147E-4                  0.0971134130519545
1.148E-4                  0.09680707858596324
1.149E-4                  0.09650074412584982
1.1499999999999999E-4     0.09619440967151871
1.1509999999999999E-4     0.09588807522287422
1.152E-4                  0.09558174077982086
1.153E-4                  0.09527540634226302
1.154E-4                  0.09496907191010512
1.1549999999999999E-4     0.09466273748325164
1.1559999999999999E-4     0.09435640306160693
1.157E-4                  0.09405006864507541
1.158E-4                  0.09374373423356154
1.159E-4                  0.09343739982696968
1.16E-4                   0.09313106542520433
1.1609999999999999E-4     0.09282473102816985
1.1619999999999999E-4     0.09251839663577069
1.163E-4                  0.0922120622479112
1.164E-4                  0.09190572786449588
1.165E-4                  0.0915993934854291
1.1659999999999999E-4     0.09129976471522769
1.1669999999999999E-4     0.09101470890620286
1.1679999999999999E-4     0.09072965310177245
1.169E-4                  0.09044459730185939
1.17E-4                   0.09015954150638686
1.171E-4                  0.08987448571527783
1.1719999999999999E-4     0.08958942992845541
1.1729999999999999E-4     0.08930437414584264
1.174E-4                  0.08901931836736253
1.175E-4                  0.08873426259293817
1.176E-4                  0.08844920682249258
1.177E-4                  0.0881641510559489
1.1779999999999999E-4     0.08787909529323013
1.1789999999999999E-4     0.08759403953425929
1.18E-4                   0.08730898377895946
1.181E-4                  0.08702392802725367
1.182E-4                  0.08673887227906507
1.1829999999999999E-4     0.08645381653431664
1.1839999999999999E-4     0.08616876079293138
1.185E-4                  0.08588370505483242
1.186E-4                  0.08559864931994277
1.187E-4                  0.0853135935881855
1.188E-4                  0.08502853785948367
1.1889999999999999E-4     0.08476127812412534
1.1899999999999999E-4     0.08449585299092711
1.191E-4                  0.08423042786149793
1.192E-4                  0.08396500273577565
1.193E-4                  0.0836995776136982
1.1939999999999999E-4     0.08343415249520346
1.1949999999999999E-4     0.08316872738022918
1.196E-4                  0.08290330226871331
1.197E-4                  0.08263787716059368
1.198E-4                  0.0823724520558082
1.199E-4                  0.0821070269542947
1.1999999999999999E-4     0.08184160185599107
1.2009999999999999E-4     0.08157617676083516
1.202E-4                  0.08131075166876484
1.203E-4                  0.08104532657971797
1.204E-4                  0.08077990149363237
1.2049999999999999E-4     0.08051447641044604
1.2059999999999999E-4     0.0802490513300967
1.2069999999999999E-4     0.07998362625252228
1.208E-4                  0.07971820117766062
1.209E-4                  0.07945277610544962
1.21E-4                   0.07918735103582711
1.2109999999999999E-4     0.07893155378971757
1.2119999999999999E-4     0.07868546350550347
1.213E-4                  0.07843937322449428
1.214E-4                  0.07819328294664045
1.215E-4                  0.07794719267189255
1.216E-4                  0.0777011024002012
1.2169999999999999E-4     0.0774550121315169
1.2179999999999999E-4     0.0772089218657902
1.219E-4                  0.07696283160297167
1.22E-4                   0.07671674134301185
1.2209999999999999E-4     0.07647065108586129
1.222E-4                  0.07622456083147051
1.223E-4                  0.07597847057979014
1.224E-4                  0.07573238033077065
1.225E-4                  0.07548629008436264
1.226E-4                  0.07524019984051665
1.227E-4                  0.07499410959918319
1.228E-4                  0.0747480193603129
1.229E-4                  0.07450192912385625
1.2299999999999998E-4     0.07425583888976386
1.2309999999999998E-4     0.07400974865798622
1.2319999999999999E-4     0.07376365842847388
1.233E-4                  0.07351899235821369
1.234E-4                  0.07328883888376815
1.235E-4                  0.07305868541152447
1.236E-4                  0.07282853194144188
1.237E-4                  0.07259837847347976
1.238E-4                  0.07236822500759733
1.239E-4                  0.07213807154375396
1.24E-4                   0.07190791808190886
1.241E-4                  0.07167776462202136
1.2419999999999998E-4     0.07144761116405082
1.2429999999999999E-4     0.07121745770795643
1.244E-4                  0.0709873042536975
1.245E-4                  0.07075715080123336
1.246E-4                  0.07052699735052329
1.247E-4                  0.07029684390152656
1.248E-4                  0.0700666904542025
1.249E-4                  0.0698365370085104
1.25E-4                   0.06960638356440953
1.251E-4                  0.06937623012185919
1.252E-4                  0.06914607668081868
1.2529999999999998E-4     0.06891592324124736
1.2539999999999999E-4     0.06868576980310437
1.255E-4                  0.06845561636634911
1.256E-4                  0.06823740974593452
1.257E-4                  0.06802480521787285
1.258E-4                  0.067812200692016
1.259E-4                  0.06759959616833251
1.26E-4                   0.06738699164679081
1.261E-4                  0.06717438712735938
1.262E-4                  0.06696178261000668
1.263E-4                  0.0667491780947012
1.2639999999999998E-4     0.06653657358141145
1.2649999999999998E-4     0.06632396907010578
1.266E-4                  0.06611136456075273
1.267E-4                  0.06589876005332075
1.268E-4                  0.06568615554777835
1.269E-4                  0.06547355104409394
1.27E-4                   0.06526094654223602
1.271E-4                  0.06504834204217307
1.272E-4                  0.06483573754387353
1.273E-4                  0.06462313304730591
1.274E-4                  0.06441052855243863
1.2749999999999998E-4     0.06419792405924021
1.2759999999999998E-4     0.06398531956767908
1.277E-4                  0.0637727150777237
1.278E-4                  0.0635638768443081
1.279E-4                  0.06336510961138163
1.28E-4                   0.06316634237998532
1.281E-4                  0.06296757515009241
1.282E-4                  0.06276880792167618
1.283E-4                  0.06257004069470988
1.284E-4                  0.062371273469166794
1.285E-4                  0.06217250624502018
1.2859999999999998E-4     0.06197373902224335
1.2869999999999998E-4     0.06177497180080949
1.288E-4                  0.0615762045806919
1.289E-4                  0.06137743736186386
1.29E-4                   0.06117867014429862
1.291E-4                  0.06097990292796944
1.292E-4                  0.06078113571284962
1.293E-4                  0.06058236849891239
1.294E-4                  0.06038360128613104
1.295E-4                  0.06018483407447884
1.296E-4                  0.05998606686392901
1.2969999999999998E-4     0.05978729965445493
1.2979999999999998E-4     0.05958853244602971
1.2989999999999999E-4     0.059389765238626685
1.3E-4                    0.05919099803221915
1.301E-4                  0.05900366070983372
1.302E-4                  0.05881812878893472
1.303E-4                  0.058632596868862775
1.304E-4                  0.05844706494959754
1.305E-4                  0.05826153303111864
1.306E-4                  0.05807600111340571
1.307E-4                  0.057890469196438366
1.3079999999999998E-4     0.057704937280196336
1.3089999999999998E-4     0.0575194053646591
1.3099999999999999E-4     0.057333873449806366
1.311E-4                  0.057148341535617764
1.312E-4                  0.05696280962207293
1.313E-4                  0.0567772777091515
1.314E-4                  0.05659174579683309
1.315E-4                  0.05640621388509734
1.316E-4                  0.05622068197392389
1.317E-4                  0.05603515006329236
1.318E-4                  0.05584961815318242
1.3189999999999998E-4     0.0556640862435737
1.3199999999999998E-4     0.055478554334445755
1.3209999999999999E-4     0.05529302242577827
1.322E-4                  0.05510749051755087
1.323E-4                  0.054929770697074415
1.324E-4                  0.05476140815958776
1.325E-4                  0.05459304562434693
1.326E-4                  0.05442468309133516
1.327E-4                  0.054256320560535636
1.328E-4                  0.054087958031931595
1.329E-4                  0.05391959550550624
1.33E-4                   0.053751232981242784
1.3309999999999998E-4     0.05358287045912449
1.3319999999999999E-4     0.05341450793913446
1.333E-4                  0.053246145421255976
1.334E-4                  0.05307778290547223
1.335E-4                  0.052909420391766444
1.336E-4                  0.052741057880121844
1.337E-4                  0.05257269537052161
1.338E-4                  0.05240433286294899
1.339E-4                  0.05223597035738717
1.34E-4                   0.05206760785381938
1.341E-4                  0.05189924535222881
1.3419999999999998E-4     0.05173088285259875
1.3429999999999998E-4     0.05156252035491228
1.344E-4                  0.05139415785915269
1.345E-4                  0.05122587498946557
1.346E-4                  0.051059228126040294
1.347E-4                  0.05089258126103
1.348E-4                  0.05072593439442021
1.349E-4                  0.05055928752619637
1.35E-4                   0.050392640656344016
1.351E-4                  0.05022599378484862
1.352E-4                  0.050059346911695675
1.3529999999999998E-4     0.04989270003687071
1.3539999999999998E-4     0.049726053160359156
1.355E-4                  0.049559406282146515
1.356E-4                  0.049392759402218295
1.357E-4                  0.049226112520559986
1.358E-4                  0.049059465637157094
1.359E-4                  0.04889281875199508
1.36E-4                   0.04872617186505946
1.361E-4                  0.04855952497633573
1.362E-4                  0.04839287808580936
1.363E-4                  0.04822623119346586
1.3639999999999998E-4     0.04805958429929076
1.3649999999999998E-4     0.04789293740326947
1.3659999999999999E-4     0.04772629050538751
1.367E-4                  0.04755964360563041
1.368E-4                  0.04741181252680025
1.369E-4                  0.047274665807822074
1.37E-4                   0.0471375190927608
1.371E-4                  0.04700037238160757
1.372E-4                  0.046863225674353595
1.373E-4                  0.046726078970990036
1.374E-4                  0.04658893227150806
1.3749999999999998E-4     0.046451785575898887
1.3759999999999998E-4     0.04631463888415361
1.3769999999999999E-4     0.04617749219626343
1.378E-4                  0.046040345512219555
1.379E-4                  0.045903198832013124
1.38E-4                   0.04576605215563532
1.381E-4                  0.04562890548307733
1.382E-4                  0.045491758814330305
1.383E-4                  0.04535461214938545
1.384E-4                  0.04521746548823392
1.385E-4                  0.045080318830866876
1.3859999999999998E-4     0.04494317217727556
1.3869999999999998E-4     0.044806025527451054
1.3879999999999999E-4     0.044668878881384565
1.389E-4                  0.04453173223906727
1.39E-4                   0.044394789459968956
1.391E-4                  0.044258532140360345
1.392E-4                  0.04412227481336662
1.393E-4                  0.04398601747897637
1.394E-4                  0.04384976013717813
1.395E-4                  0.04371350278796046
1.396E-4                  0.04357724543131196
1.3969999999999998E-4     0.04344098806722118
1.3979999999999998E-4     0.04330473069567663
1.3989999999999999E-4     0.04316847331666687
1.4E-4                    0.0430322159301805
1.401E-4                  0.042895958536206064
1.402E-4                  0.04275970113473214
1.403E-4                  0.042605453160241655
1.404E-4                  0.04243532492627396
1.405E-4                  0.04226519670227621
1.406E-4                  0.04209506848823791
1.407E-4                  0.04192494028414863
1.408E-4                  0.041754812089997886
1.4089999999999998E-4     0.04158468390577523
1.4099999999999998E-4     0.041424071387808216
1.411E-4                  0.04128487808257832
1.412E-4                  0.04114568477307544
1.413E-4                  0.04100649145929348
1.414E-4                  0.040867298141226346
1.415E-4                  0.04075438596880438
1.416E-4                  0.04064345432799204
1.417E-4                  0.040531947010267154
1.418E-4                  0.04039556116686398
1.419E-4                  0.04025917534005021
1.4199999999999998E-4     0.04011937414257019
1.4209999999999998E-4     0.039975348372495396
1.422E-4                  0.039838125537835084
1.423E-4                  0.03971690736510031
1.424E-4                  0.039595072739691234
1.425E-4                  0.039472341752802266
1.426E-4                  0.03934275436434837
1.427E-4                  0.039210334047629754
1.428E-4                  0.03908410145480452
1.429E-4                  0.03895818067790169
1.43E-4                   0.0388329792902238
1.4309999999999998E-4     0.038707144771560446
1.4319999999999998E-4     0.03858088932542473
1.433E-4                  0.038456765275043304
1.434E-4                  0.0383329189470848
1.435E-4                  0.038209227766793065
1.436E-4                  0.038085658606533616
1.437E-4                  0.03796221369033752
1.438E-4                  0.0378395086283454
1.439E-4                  0.03771711394353918
1.44E-4                   0.03759588445476509
1.441E-4                  0.03747459713240606
1.4419999999999998E-4     0.0373532195233143
1.4429999999999998E-4     0.03723278588143293
1.4439999999999999E-4     0.03711277890496919
1.445E-4                  0.03699277192231634
1.446E-4                  0.03687317793954376
1.447E-4                  0.0367546186263114
1.448E-4                  0.03663605931859777
1.449E-4                  0.0365175000163973
1.45E-4                   0.036399837330838423
1.451E-4                  0.03628229474258384
1.452E-4                  0.036164752151101404
1.4529999999999998E-4     0.036047995743314555
1.4539999999999998E-4     0.03593209631509251
1.4549999999999999E-4     0.03581619688885629
1.456E-4                  0.035700369767340284
1.457E-4                  0.035585433824323914
1.458E-4                  0.03547049788136648
1.459E-4                  0.03535556193846299
1.46E-4                   0.03524200148015384
1.461E-4                  0.03512911352310857
1.462E-4                  0.03501622556596598
1.463E-4                  0.0349033376087213
1.4639999999999998E-4     0.034790449651369786
1.4649999999999998E-4     0.034677561693906594
1.4659999999999999E-4     0.034564673736326955
1.467E-4                  0.034453863847403204
1.468E-4                  0.034343378845324124
1.469E-4                  0.034232893843990995
1.47E-4                   0.034122408843399316
1.471E-4                  0.03401192384354461
1.472E-4                  0.033901438844422406
1.473E-4                  0.03379109472236296
1.474E-4                  0.03368304002916973
1.4749999999999998E-4     0.033574985335636555
1.4759999999999998E-4     0.03346693064175919
1.4769999999999999E-4     0.03335887594753349
1.478E-4                  0.033250821252955254
1.479E-4                  0.0331427665580203
1.48E-4                   0.03303530285437061
1.481E-4                  0.032929601434471115
1.482E-4                  0.03282390001532914
1.483E-4                  0.03271819859694071
1.484E-4                  0.03261249717930196
1.485E-4                  0.03250679576240891
1.4859999999999998E-4     0.0324010943462577
1.4869999999999998E-4     0.03229640451982547
1.4879999999999998E-4     0.03219297989342545
1.489E-4                  0.03208955526673082
1.49E-4                   0.031986130639737896
1.491E-4                  0.03188270601244301
1.492E-4                  0.0317792813848425
1.493E-4                  0.031675856756932685
1.494E-4                  0.031573891117263476
1.495E-4                  0.031472755190897594
1.496E-4                  0.03137161926512438
1.497E-4                  0.031270483339940376
1.4979999999999998E-4     0.031169347415342184
1.4989999999999998E-4     0.0310682114913263
1.5E-4                    0.030967075567889326
