% Model:              20230225_JW_4_05.mph
% Version:            COMSOL 5.6.0.401
% Date:               Feb 25 2023, 20:17
% Dimension:          1
% Nodes:              1501
% Expressions:        1
% Description:        点图
% X                       Height
0                         15.579671577128334
1.0E-7                    15.584611703698343
2.0E-7                    15.596697136782568
3.0E-7                    15.603967240342968
4.0E-7                    15.598412541878261
5.0E-7                    15.590276167275634
6.0E-7                    15.582526758315364
7.0E-7                    15.572858497734629
8.0E-7                    15.562917469477199
9.0E-7                    15.550690470354777
1.0E-6                    15.535382044182958
1.1E-6                    15.518093024933533
1.2E-6                    15.49922978434094
1.2999999999999998E-6     15.477854332778886
1.4E-6                    15.456309638680587
1.5E-6                    15.431982439939583
1.6E-6                    15.40733059086193
1.6999999999999998E-6     15.380796328270952
1.8E-6                    15.353692881577176
1.9E-6                    15.32498138408373
2.0E-6                    15.29566456056648
2.1E-6                    15.265303157239858
2.2E-6                    15.23432029797632
2.3E-6                    15.202334940645443
2.4E-6                    15.169900959070292
2.4999999999999998E-6     15.13682337250771
2.5999999999999997E-6     15.103100846856341
2.7E-6                    15.069036938309395
2.8E-6                    15.034224836342494
2.8999999999999998E-6     14.999314635544037
3.0E-6                    14.963758448568502
3.1E-6                    14.928105075110768
3.2E-6                    14.891987054006965
3.2999999999999997E-6     14.855708732370699
3.3999999999999996E-6     14.819066904860215
3.5E-6                    14.782258093758099
3.6E-6                    14.745235931738351
3.6999999999999997E-6     14.708046523546836
3.8E-6                    14.67073188906928
3.9E-6                    14.633217139270748
4.0E-6                    14.595618854297795
4.1E-6                    14.557872288268698
4.2E-6                    14.520096946947431
4.2999999999999995E-6     14.482199318157162
4.4E-6                    14.444276788125599
4.5E-6                    14.406162246559216
4.6E-6                    14.368047859351437
4.7E-6                    14.329933609074594
4.8E-6                    14.291831077172718
4.9E-6                    14.253748949839672
4.9999999999999996E-6     14.215667377098482
5.0999999999999995E-6     14.177586342324812
5.199999999999999E-6      14.139443492885167
5.3E-6                    14.101264631813834
5.4E-6                    14.06308590656519
5.5E-6                    14.024907301217674
5.6E-6                    13.986872704168192
5.7E-6                    13.948855039224421
5.7999999999999995E-6     13.91083789747364
5.899999999999999E-6      13.872802708698801
6.0E-6                    13.83467226482642
6.1E-6                    13.796541786206285
6.2E-6                    13.758411258673233
6.3E-6                    13.720549202340257
6.4E-6                    13.683046613153584
6.5E-6                    13.645544688168874
6.5999999999999995E-6     13.608043414116267
6.699999999999999E-6      13.570088400428872
6.799999999999999E-6      13.531932022020413
6.9E-6                    13.493775343651802
7.0E-6                    13.455618350030434
7.1E-6                    13.418864872608573
7.2E-6                    13.382173285551838
7.2999999999999996E-6     13.345482412447376
7.3999999999999995E-6     13.308450444681634
7.499999999999999E-6      13.27023032526222
7.6E-6                    13.232009902616744
7.699999999999999E-6      13.193789153308426
7.8E-6                    13.15602973991537
7.899999999999999E-6      13.118753507863444
8.0E-6                    13.081477202035462
8.1E-6                    13.044200819182583
8.2E-6                    13.008445505365858
8.3E-6                    12.97318834198524
8.4E-6                    12.937932404153486
8.5E-6                    12.90263852597589
8.599999999999999E-6      12.865309304545942
8.7E-6                    12.827979593495053
8.8E-6                    12.79064937947832
8.9E-6                    12.754150591686052
9.0E-6                    12.718085436328781
9.1E-6                    12.68202072361757
9.2E-6                    12.646185835741893
9.299999999999999E-6      12.610484701140681
9.4E-6                    12.574783881264665
9.499999999999999E-6      12.538624361560045
9.6E-6                    12.502419055063609
9.7E-6                    12.466334233391251
9.8E-6                    12.430774767626698
9.9E-6                    12.39521597506412
9.999999999999999E-6      12.359559476462863
1.01E-5                   12.323789361200788
1.0199999999999999E-5     12.28802862200579
1.03E-5                   12.252964892882295
1.0399999999999999E-5     12.217901769560699
1.05E-5                   12.182699512881333
1.06E-5                   12.147464138553502
1.07E-5                   12.112308940992175
1.08E-5                   12.077206772476188
1.0899999999999999E-5     12.042227938346173
1.1E-5                    12.007435736960371
1.1099999999999999E-5     11.972654960812335
1.12E-5                   11.937921909490825
1.13E-5                   11.90318905320372
1.14E-5                   11.86860545133107
1.15E-5                   11.834023979277932
1.1599999999999999E-5     11.799605715198759
1.17E-5                   11.765233197408817
1.1799999999999999E-5     11.73092971522799
1.19E-5                   11.69667712535017
1.2E-5                    11.662488508996038
1.21E-5                   11.62840831523079
1.22E-5                   11.594358529324618
1.2299999999999999E-5     11.560461994555654
1.24E-5                   11.526565640257175
1.2499999999999999E-5     11.492788858192762
1.26E-5                   11.459017182632023
1.2699999999999999E-5     11.425406454463891
1.28E-5                   11.39184819914196
1.29E-5                   11.358359606545436
1.3E-5                    11.324928237430415
1.31E-5                   11.29156216932559
1.3199999999999999E-5     11.258320651861613
1.33E-5                   11.225100213257848
1.3399999999999999E-5     11.192010415586822
1.35E-5                   11.158920749709939
1.3599999999999999E-5     11.125987873713203
1.37E-5                   11.09306637749617
1.38E-5                   11.060277251715137
1.3899999999999999E-5     11.027537772134593
1.4E-5                    10.994873560490628
1.4099999999999999E-5     10.962278228142647
1.42E-5                   10.92974420084864
1.4299999999999999E-5     10.89734225573536
1.44E-5                   10.8649572539436
1.45E-5                   10.832706543548257
1.4599999999999999E-5     10.800455945308986
1.47E-5                   10.76844046524062
1.4799999999999999E-5     10.7364494761136
1.49E-5                   10.704458597075313
1.4999999999999999E-5     10.672467821199863
1.51E-5                   10.64064769122609
1.52E-5                   10.609001488993366
1.53E-5                   10.57735539825237
1.5399999999999998E-5     10.545709412383127
1.55E-5                   10.514091328502433
1.56E-5                   10.482774650910574
1.57E-5                   10.451458084184342
1.5799999999999998E-5     10.42014162195557
1.59E-5                   10.388825257811643
1.6E-5                    10.357743293985283
1.61E-5                   10.326774911566284
1.62E-5                   10.295806627618472
1.63E-5                   10.264838435967768
1.64E-5                   10.23395870326201
1.6499999999999998E-5     10.203326796851147
1.66E-5                   10.172694996360836
1.67E-5                   10.142063295908756
1.68E-5                   10.111431689574324
1.69E-5                   10.081086365357107
1.7E-5                    10.050790778414793
1.71E-5                   10.02049527357944
1.7199999999999998E-5     9.990199845110995
1.73E-5                   9.960059968190217
1.74E-5                   9.930116962009013
1.75E-5                   9.900174062956173
1.76E-5                   9.87023126557681
1.77E-5                   9.840298115682021
1.78E-5                   9.81066744947041
1.7899999999999998E-5     9.781036849255537
1.8E-5                    9.751406309762498
1.81E-5                   9.721775825685757
1.82E-5                   9.69237026404844
1.8299999999999998E-5     9.663102723659879
1.84E-5                   9.633835297659104
1.85E-5                   9.604567980954707
1.8599999999999998E-5     9.575372949935307
1.87E-5                   9.54645105319966
1.88E-5                   9.517529198798751
1.89E-5                   9.488607381926677
1.8999999999999998E-5     9.45968559775139
1.91E-5                   9.43092277729301
1.92E-5                   9.40220022885445
1.9299999999999998E-5     9.373477800359456
1.94E-5                   9.344755486893042
1.95E-5                   9.316284281699698
1.96E-5                   9.28820984092958
1.9699999999999998E-5     9.260135446786029
1.98E-5                   9.23206109514085
1.99E-5                   9.203986781845108
1.9999999999999998E-5     9.175912502729318
2.01E-5                   9.147838253603593
2.02E-5                   9.119764030257858
2.03E-5                   9.091689828461996
2.0399999999999998E-5     9.063944360042198
2.05E-5                   9.036451052507676
2.06E-5                   9.008957845693262
2.07E-5                   8.981464735390427
2.0799999999999997E-5     8.953971717370313
2.09E-5                   8.926478787383884
2.1E-5                    8.898985941162112
2.1099999999999998E-5     8.871493174416132
2.12E-5                   8.84400048283745
2.13E-5                   8.817177745821775
2.14E-5                   8.79058504338058
2.1499999999999997E-5     8.763992396753022
2.16E-5                   8.737399802243628
2.17E-5                   8.71080725614072
2.1799999999999998E-5     8.684214754716564
2.19E-5                   8.657622294227487
2.2E-5                    8.631029870914055
2.21E-5                   8.604437481001186
2.2199999999999998E-5     8.577993015747186
2.23E-5                   8.5515610066338
2.24E-5                   8.525129095197933
2.2499999999999998E-5     8.498697277671344
2.26E-5                   8.472265550269135
2.27E-5                   8.445833909189922
2.28E-5                   8.419402350615934
2.2899999999999998E-5     8.39297087071318
2.3E-5                    8.366626254090795
2.31E-5                   8.341051263050444
2.3199999999999998E-5     8.315476227520259
2.33E-5                   8.289901145359453
2.34E-5                   8.264326014419632
2.35E-5                   8.238750832544874
2.3599999999999998E-5     8.213175597571787
2.37E-5                   8.18760030732957
2.38E-5                   8.162024959640098
2.3899999999999998E-5     8.137033095088771
2.4E-5                    8.113543571653183
2.41E-5                   8.090054498520598
2.42E-5                   8.066565868413933
2.4299999999999998E-5     8.043077674026321
2.44E-5                   8.019589908021391
2.45E-5                   7.9961025630335385
2.4599999999999998E-5     7.972615631668224
2.4699999999999997E-5     7.949129106502258
2.48E-5                   7.92456544880528
2.49E-5                   7.898727733305965
2.4999999999999998E-5     7.8728896311755
2.51E-5                   7.847051140892722
2.52E-5                   7.821212260930273
2.53E-5                   7.79537298975469
2.5399999999999997E-5     7.76938263736936
2.55E-5                   7.743367495012491
2.56E-5                   7.71735263800936
2.5699999999999998E-5     7.692282234145613
2.58E-5                   7.669990768692315
2.59E-5                   7.647698845419801
2.6E-5                    7.623907701922464
2.6099999999999997E-5     7.599802657136856
2.62E-5                   7.574853553029649
2.63E-5                   7.549472986619432
2.6399999999999998E-5     7.526845795888899
2.65E-5                   7.503712140763345
2.66E-5                   7.479601429215739
2.67E-5                   7.4563524431725074
2.6799999999999998E-5     7.433568960709802
2.69E-5                   7.409778538569768
2.7E-5                    7.386489887179218
2.7099999999999998E-5     7.363600873450333
2.7199999999999997E-5     7.340454159829185
2.73E-5                   7.317510288299562
2.74E-5                   7.294567115119209
2.7499999999999998E-5     7.271816039747119
2.76E-5                   7.249010973025769
2.77E-5                   7.226340811494292
2.7799999999999998E-5     7.203730894601992
2.7899999999999997E-5     7.181138295669039
2.8E-5                    7.158737530059389
2.81E-5                   7.13626187076
2.8199999999999998E-5     7.113907906553545
2.83E-5                   7.091650433873317
2.84E-5                   7.069406135884111
2.8499999999999998E-5     7.047268386459981
2.8599999999999997E-5     7.025178921491859
2.87E-5                   7.003157856094664
2.88E-5                   6.981236817176231
2.8899999999999998E-5     6.959364222134024
2.9E-5                    6.937555665857781
2.91E-5                   6.915829701022487
2.9199999999999998E-5     6.894136887831072
2.9299999999999997E-5     6.872553536601988
2.94E-5                   6.851002375338803
2.95E-5                   6.829527261374273
2.9599999999999998E-5     6.80811494842001
2.97E-5                   6.786746958666421
2.98E-5                   6.765523238434632
2.99E-5                   6.744320120360002
2.9999999999999997E-5     6.723117028727795
3.01E-5                   6.702010251704317
3.02E-5                   6.681019772040705
3.0299999999999998E-5     6.660029318168841
3.04E-5                   6.639045568274141
3.05E-5                   6.618271859062454
3.06E-5                   6.597498176339437
3.07E-5                   6.57672451843346
3.0799999999999996E-5     6.556072410993533
3.09E-5                   6.535498466561587
3.1E-5                    6.514924545708377
3.11E-5                   6.494391802031573
3.12E-5                   6.474038621297049
3.13E-5                   6.453685465440696
3.14E-5                   6.433332332895291
3.15E-5                   6.4131296013388415
3.1599999999999996E-5     6.392973265586417
3.17E-5                   6.372816951564725
3.18E-5                   6.352732677188541
3.1899999999999996E-5     6.332786905878902
3.2E-5                    6.312841157572476
3.21E-5                   6.292895430799147
3.22E-5                   6.273136271058578
3.23E-5                   6.253393362650368
3.24E-5                   6.233650474525822
3.25E-5                   6.214005560759353
3.26E-5                   6.1944594937500925
3.2699999999999995E-5     6.174913448025622
3.28E-5                   6.15538322764564
3.29E-5                   6.136046241695087
3.2999999999999996E-5     6.116709275462895
3.31E-5                   6.097372327629445
3.32E-5                   6.078226800705531
3.3299999999999996E-5     6.059182806050386
3.34E-5                   6.04013883188392
3.35E-5                   6.021094876932789
3.36E-5                   6.002050939921267
3.37E-5                   5.9830070195712395
3.38E-5                   5.9639631146022545
3.39E-5                   5.945230230089772
3.4E-5                    5.9265707451340885
3.4099999999999995E-5     5.9079112794069735
3.42E-5                   5.8892518317291485
3.43E-5                   5.8705924009192225
3.4399999999999996E-5     5.851932985793708
3.45E-5                   5.833273585167034
3.46E-5                   5.814984686722361
3.4699999999999996E-5     5.796709344391249
3.48E-5                   5.7784340215197805
3.49E-5                   5.760158716989954
3.5E-5                    5.741883429681837
3.51E-5                   5.723608158473582
3.52E-5                   5.705400826826523
3.53E-5                   5.687689709651775
3.54E-5                   5.669978610419114
3.5499999999999996E-5     5.652267528124769
3.56E-5                   5.634556461763328
3.57E-5                   5.616845410327751
3.5799999999999996E-5     5.599134372809391
3.59E-5                   5.581423348197995
3.6E-5                    5.563712335481733
3.6099999999999997E-5     5.546001333647206
3.62E-5                   5.528290341679463
3.63E-5                   5.51057935856201
3.64E-5                   5.492868383276837
3.65E-5                   5.475157414804415
3.6599999999999995E-5     5.457756391825055
3.67E-5                   5.440763369969877
3.68E-5                   5.423770368591157
3.6899999999999996E-5     5.406777386812117
3.7E-5                    5.389784423754614
3.71E-5                   5.3727914785391775
3.7199999999999996E-5     5.3557985502849945
3.73E-5                   5.338805638109932
3.74E-5                   5.321812741130554
3.75E-5                   5.30481985846213
3.76E-5                   5.287826989218635
3.77E-5                   5.2708341325127845
3.78E-5                   5.253841287456027
3.79E-5                   5.236848453158558
3.7999999999999995E-5     5.220378579535265
3.81E-5                   5.204089582043696
3.82E-5                   5.187800598676727
3.8299999999999996E-5     5.1715116286582266
3.84E-5                   5.155222671211004
3.85E-5                   5.138933725556822
3.8599999999999996E-5     5.122644790916406
3.87E-5                   5.106355866509455
3.88E-5                   5.090066951554646
3.89E-5                   5.073778045269656
3.9E-5                    5.057489146871155
3.9099999999999995E-5     5.041200255574823
3.92E-5                   5.024911370595369
3.93E-5                   5.008659098880058
3.9399999999999995E-5     4.993043979639388
3.95E-5                   4.977428876787076
3.96E-5                   4.961813789651806
3.9699999999999996E-5     4.946198717561409
3.98E-5                   4.930583659842852
3.99E-5                   4.914968615822265
3.9999999999999996E-5     4.899353584824937
4.01E-5                   4.883738566175325
4.02E-5                   4.868123559197064
4.03E-5                   4.852508563212971
4.04E-5                   4.836893577545055
4.0499999999999995E-5     4.821278601514528
4.06E-5                   4.805663634441805
4.07E-5                   4.7902865118287625
4.0799999999999996E-5     4.775322021592997
4.09E-5                   4.760357540460938
4.1E-5                    4.745393067836292
4.1099999999999996E-5     4.730428603122092
4.12E-5                   4.715464145720698
4.13E-5                   4.700499695033813
4.14E-5                   4.685535250462485
4.15E-5                   4.670570811407107
4.1599999999999995E-5     4.655606377267434
4.17E-5                   4.640641947442585
4.18E-5                   4.625677521331044
4.1899999999999995E-5     4.610713098330673
4.2E-5                    4.595748677838714
4.21E-5                   4.581238135991106
4.2199999999999996E-5     4.566944202649175
4.23E-5                   4.552650285720925
4.24E-5                   4.538356384659325
4.2499999999999996E-5     4.5240624989167735
4.26E-5                   4.509768627945078
4.27E-5                   4.495474771195487
4.28E-5                   4.481180928118677
4.29E-5                   4.466887098164763
4.2999999999999995E-5     4.45259328078331
4.31E-5                   4.438299475423324
4.32E-5                   4.424005681533268
4.3299999999999995E-5     4.409711898561068
4.34E-5                   4.395418125954108
4.35E-5                   4.381503153693024
4.3599999999999996E-5     4.367592680983837
4.37E-5                   4.353682208030361
4.38E-5                   4.339771734445572
4.3899999999999996E-5     4.3258612598420765
4.4E-5                    4.311950783832109
4.41E-5                   4.298040306027552
4.42E-5                   4.284129826039919
4.43E-5                   4.270219343480375
4.4399999999999995E-5     4.25630885795973
4.45E-5                   4.242398369088447
4.46E-5                   4.228487876476643
4.4699999999999996E-5     4.2145773797340915
4.48E-5                   4.200945166878723
4.49E-5                   4.187963632624308
4.4999999999999996E-5     4.174982112881357
4.51E-5                   4.162000607204895
4.52E-5                   4.149019115149597
4.5299999999999997E-5     4.136037636269777
4.54E-5                   4.123056170119395
4.5499999999999995E-5     4.110074716252066
4.56E-5                   4.097093274221051
4.57E-5                   4.084111843579278
4.5799999999999995E-5     4.071130423879326
4.59E-5                   4.058149014673441
4.6E-5                    4.045167615513539
4.6099999999999996E-5     4.032459741942152
4.62E-5                   4.0197575258860825
4.63E-5                   4.007055313214049
4.6399999999999996E-5     3.9943531035325237
4.65E-5                   3.981650896447651
4.66E-5                   3.9689486915652514
4.67E-5                   3.9562464884908213
4.68E-5                   3.9435442868295345
4.6899999999999995E-5     3.9308420861862574
4.7E-5                    3.918139886165534
4.71E-5                   3.905437686371606
4.7199999999999995E-5     3.893020516265965
4.73E-5                   3.8806378982875667
4.74E-5                   3.868255289530366
4.7499999999999996E-5     3.855872689680559
4.76E-5                   3.843490098424095
4.77E-5                   3.831107515446697
4.7799999999999996E-5     3.818724940433856
4.79E-5                   3.806342373070826
4.8E-5                    3.7939598130426364
4.81E-5                   3.7816925661679504
4.82E-5                   3.769834324904975
4.8299999999999995E-5     3.7579760850245383
4.84E-5                   3.7461178462141853
4.85E-5                   3.734259608161268
4.8599999999999995E-5     3.722401370552941
4.87E-5                   3.710543133076162
4.88E-5                   3.6986848954177023
4.8899999999999996E-5     3.6868506491819075
4.9E-5                    3.6750510718942766
4.91E-5                   3.6632515043135605
4.9199999999999997E-5     3.651451946163598
4.93E-5                   3.6396523971680184
4.9399999999999995E-5     3.6278528570502475
4.95E-5                   3.6160594389136422
4.96E-5                   3.604626001224298
4.9699999999999995E-5     3.5931925616249645
4.98E-5                   3.5817591198419647
4.99E-5                   3.570325675601481
4.9999999999999996E-5     3.5588922286295572
5.01E-5                   3.547503501933473
5.02E-5                   3.536141971327275
5.0299999999999996E-5     3.524780452006685
5.04E-5                   3.5134189437081282
5.05E-5                   3.502057446167841
5.06E-5                   3.490821432055397
5.07E-5                   3.4796046059379684
5.0799999999999995E-5     3.468387776542298
5.09E-5                   3.457170943630926
5.1E-5                    3.4460814426731456
5.1099999999999995E-5     3.435081088872391
5.12E-5                   3.424080744701181
5.13E-5                   3.413080409902952
5.1399999999999996E-5     3.4021392412399494
5.15E-5                   3.391219183031308
5.16E-5                   3.380299124595588
5.1699999999999996E-5     3.3693790657205147
5.18E-5                   3.358637334852422
5.1899999999999994E-5     3.3479186002015062
5.2E-5                    3.3371998705816215
5.21E-5                   3.3264838841683515
5.2199999999999995E-5     3.3158443415115277
5.23E-5                   3.305204801103559
5.24E-5                   3.2945652627356425
5.2499999999999995E-5     3.2839545039749525
5.26E-5                   3.273471906312648
5.27E-5                   3.2629893126258036
5.2799999999999996E-5     3.2525067227129396
5.29E-5                   3.24206382213576
5.3E-5                    3.231700715752864
5.3099999999999996E-5     3.2213376111321312
5.32E-5                   3.2109745080765175
5.3299999999999995E-5     3.200670129342642
5.34E-5                   3.190429129484223
5.35E-5                   3.180188134014672
5.3599999999999995E-5     3.1699471427458272
5.37E-5                   3.1597915579887106
5.38E-5                   3.149686188439686
5.3899999999999996E-5     3.139580819697332
5.4E-5                    3.129475451582063
5.41E-5                   3.119453567727077
5.4199999999999996E-5     3.1094554378009764
5.43E-5                   3.0994573125898945
5.4399999999999994E-5     3.0894591919138557
5.4499999999999997E-5     3.079591118487883
5.46E-5                   3.0697332387751524
5.4699999999999995E-5     3.0598753590496037
5.48E-5                   3.050025187702599
5.49E-5                   3.0402686052059185
5.4999999999999995E-5     3.030512028400796
5.51E-5                   3.020755457111292
5.52E-5                   3.0110285590849997
5.5299999999999996E-5     3.0014039169916513
5.54E-5                   2.991779273074806
5.55E-5                   2.9821546271964814
5.5599999999999996E-5     2.9725744121921336
5.57E-5                   2.9630686772645047
5.5799999999999994E-5     2.9535629510365635
5.59E-5                   2.9440572333292057
5.6E-5                    2.9345956407301768
5.6099999999999995E-5     2.9251743682631615
5.62E-5                   2.915753089318989
5.63E-5                   2.906331803786215
5.6399999999999995E-5     2.897042240754521
5.65E-5                   2.887817204963065
5.66E-5                   2.878592185218113
5.6699999999999996E-5     2.869367181327937
5.68E-5                   2.860136281250846
5.69E-5                   2.8509040728631576
5.6999999999999996E-5     2.8416718508232783
5.71E-5                   2.8325128834451867
5.7199999999999994E-5     2.823487658513238
5.73E-5                   2.8144624521764143
5.74E-5                   2.8054336989328967
5.7499999999999995E-5     2.796393303986466
5.76E-5                   2.787352896093959
5.77E-5                   2.7783714625258527
5.7799999999999995E-5     2.7694692136885477
5.79E-5                   2.7605669797198114
5.8E-5                    2.751702301176511
5.8099999999999996E-5     2.7428417793047477
5.82E-5                   2.734018636038393
5.8299999999999994E-5     2.725217830742368
5.8399999999999997E-5     2.7164540723259614
5.85E-5                   2.70771720431998
5.8599999999999995E-5     2.6990075279131074
5.87E-5                   2.690321713767641
5.88E-5                   2.681650545846042
5.8899999999999995E-5     2.672985936944922
5.9E-5                    2.66439125589463
5.91E-5                   2.6558091917968483
5.9199999999999996E-5     2.6472484515536223
5.93E-5                   2.6386986129467513
5.94E-5                   2.6302041007355594
5.9499999999999996E-5     2.6217239434723263
5.96E-5                   2.6132739381481644
5.9699999999999994E-5     2.6048484295077903
5.98E-5                   2.596449399477351
5.99E-5                   2.5880816430166655
5.9999999999999995E-5     2.579731595060672
6.01E-5                   2.571421408236322
6.02E-5                   2.5631214058550165
6.0299999999999995E-5     2.55486743034164
6.04E-5                   2.54662115053908
6.05E-5                   2.5384182634829076
6.0599999999999996E-5     2.5302362268049974
6.07E-5                   2.5221104447107323
6.08E-5                   2.5139846643010944
6.0899999999999996E-5     2.50585888548293
6.1E-5                    2.4977911146365317
6.11E-5                   2.4897642631775443
6.12E-5                   2.481737412910412
6.13E-5                   2.4737105637444836
6.14E-5                   2.465769518319262
6.149999999999999E-5      2.457837762199846
6.159999999999999E-5      2.449906007360579
6.17E-5                   2.441994329551915
6.18E-5                   2.4341545502161837
6.19E-5                   2.4263147722023306
6.2E-5                    2.4184749954261546
6.209999999999999E-5      2.4106847830048945
6.22E-5                   2.402937782858614
6.23E-5                   2.39519078380715
6.24E-5                   2.3874437857693906
6.25E-5                   2.3797737705934283
6.26E-5                   2.3721173216930564
6.269999999999999E-5      2.3644608740520123
6.28E-5                   2.3568194087120764
6.29E-5                   2.349253133477524
6.3E-5                    2.341686859252395
6.31E-5                   2.3341205859610867
6.319999999999999E-5      2.3266228600865295
6.33E-5                   2.319198772886417
6.34E-5                   2.3117746868698243
6.35E-5                   2.304350601965417
6.36E-5                   2.2969265181018423
6.37E-5                   2.2895024352077273
6.379999999999999E-5      2.2820783532116864
6.39E-5                   2.274674559147596
6.4E-5                    2.2674284266691966
6.41E-5                   2.2601822953190585
6.42E-5                   2.252936165030898
6.429999999999999E-5      2.2456900357384124
6.44E-5                   2.238443907375283
6.45E-5                   2.231197779875175
6.46E-5                   2.2239516531717394
6.47E-5                   2.2168297460371815
6.48E-5                   2.2097501533194417
6.489999999999999E-5      2.2026705616416855
6.5E-5                    2.195590970942136
6.51E-5                   2.188511381159012
6.52E-5                   2.18143179223051
6.53E-5                   2.1743522040948187
6.539999999999999E-5      2.167335601833274
6.549999999999999E-5      2.160422720505825
6.56E-5                   2.1535098401422568
6.57E-5                   2.146596960685075
6.58E-5                   2.1396840820767764
6.59E-5                   2.1327712042598406
6.599999999999999E-5      2.125858327176738
6.61E-5                   2.118947018866045
6.62E-5                   2.112195264871496
6.63E-5                   2.1054435118053454
6.64E-5                   2.0986917596140016
6.65E-5                   2.0919400082438626
6.659999999999999E-5      2.085188257641317
6.67E-5                   2.0784365077527363
6.68E-5                   2.071684758524488
6.69E-5                   2.065083108577652
6.7E-5                    2.0585652901049007
6.709999999999999E-5      2.052047472485743
6.72E-5                   2.0455296556720146
6.73E-5                   2.039011839615548
6.74E-5                   2.0324940242681664
6.75E-5                   2.0259762095816782
6.76E-5                   2.019458395507887
6.769999999999999E-5      2.0129405819985857
6.78E-5                   2.0064227690055567
6.79E-5                   1.999904956480576
6.8E-5                    1.9933871443754076
6.81E-5                   1.9868693326418092
6.819999999999999E-5      1.9803515212315288
6.829999999999999E-5      1.9738337100963035
6.84E-5                   1.967588498221837
6.85E-5                   1.9613717500482892
6.86E-5                   1.9551550028125824
6.87E-5                   1.948938256473025
6.879999999999999E-5      1.9427215109879195
6.89E-5                   1.9365047663155581
6.9E-5                    1.9302880224142274
6.91E-5                   1.924071279242207
6.92E-5                   1.9178545367577664
6.929999999999999E-5      1.911637794919171
6.939999999999999E-5      1.9054210536846756
6.95E-5                   1.8992043130125287
6.96E-5                   1.8929875728609726
6.97E-5                   1.886770833188242
6.98E-5                   1.8806028457650494
6.989999999999999E-5      1.8746741085112044
7.0E-5                    1.868745372004229
7.01E-5                   1.8628166362078287
7.02E-5                   1.8568879010857031
7.03E-5                   1.8509591666015432
7.04E-5                   1.8450304327190359
7.049999999999999E-5      1.8391016994018625
7.06E-5                   1.833172966613696
7.07E-5                   1.8272442343182058
7.08E-5                   1.8213155024790546
7.09E-5                   1.8153867710599003
7.099999999999999E-5      1.809458040024394
7.11E-5                   1.8035293093361813
7.12E-5                   1.7976005789589022
7.13E-5                   1.791790008714688
7.14E-5                   1.7861341065145873
7.15E-5                   1.7804782049751189
7.159999999999999E-5      1.7748223040650857
7.17E-5                   1.7691664037532846
7.18E-5                   1.7635105040085093
7.19E-5                   1.7578546047995476
7.2E-5                    1.7521987060951845
7.209999999999999E-5      1.7465428078641985
7.219999999999999E-5      1.7408869100753632
7.23E-5                   1.7352310126974488
7.24E-5                   1.729575115699222
7.25E-5                   1.7239192190494432
7.26E-5                   1.718263322716869
7.269999999999999E-5      1.7126074266702525
7.28E-5                   1.7071365971231756
7.29E-5                   1.7017462538864054
7.3E-5                    1.6963559112277442
7.31E-5                   1.6909655691197665
7.319999999999999E-5      1.6855752275350449
7.329999999999999E-5      1.6801848864461464
7.34E-5                   1.6747945458256341
7.35E-5                   1.6694042056460692
7.36E-5                   1.6640138658800079
7.37E-5                   1.6586235265000024
7.379999999999999E-5      1.6532331874786037
7.39E-5                   1.647842848788355
7.4E-5                    1.6424525104017995
7.41E-5                   1.6370621722914755
7.42E-5                   1.6316718344299181
7.429999999999999E-5      1.6265164614049399
7.439999999999999E-5      1.6213706933154974
7.45E-5                   1.6162249256890404
7.46E-5                   1.6110791585021311
7.47E-5                   1.60593339173133
7.48E-5                   1.6007876253531947
7.489999999999999E-5      1.5956418593442792
7.5E-5                    1.5904960936811339
7.51E-5                   1.5853503283403076
7.52E-5                   1.5802045632983464
7.53E-5                   1.5750587985317932
7.54E-5                   1.5699130340171878
7.549999999999999E-5      1.564767269731069
7.56E-5                   1.5596215056499698
7.57E-5                   1.5545302848312
7.58E-5                   1.549627424402457
7.59E-5                   1.5447245644346062
7.599999999999999E-5      1.5398217049071017
7.609999999999999E-5      1.5349188457993952
7.62E-5                   1.530015987090935
7.63E-5                   1.5251131287611694
7.64E-5                   1.5202102707895422
7.65E-5                   1.5153074131554967
7.659999999999999E-5      1.5104045558384727
7.67E-5                   1.5055016988179073
7.68E-5                   1.5005988420732368
7.69E-5                   1.4956959855838943
7.7E-5                    1.4907931293293109
7.709999999999999E-5      1.4858902732889163
7.719999999999999E-5      1.4810983774647348
7.73E-5                   1.4764227294400079
7.74E-5                   1.4717470817523957
7.75E-5                   1.4670714343840017
7.76E-5                   1.4623957873169264
7.769999999999999E-5      1.4577201405332711
7.78E-5                   1.453044494015131
7.79E-5                   1.4483688477446033
7.8E-5                    1.4436932017037813
7.81E-5                   1.4390175558747582
7.819999999999999E-5      1.4343419102396242
7.829999999999999E-5      1.4296662647804679
7.84E-5                   1.424990619479376
7.85E-5                   1.4203149743184345
7.86E-5                   1.4156393292797267
7.87E-5                   1.4111168622097046
7.879999999999999E-5      1.4066448623401973
7.89E-5                   1.4021728628220325
7.9E-5                    1.3977008636402848
7.91E-5                   1.3932288647800262
7.92E-5                   1.3887568662263285
7.93E-5                   1.3842848679642603
7.939999999999999E-5      1.3798128699788907
7.95E-5                   1.3753408722552851
7.96E-5                   1.3708688747785096
7.97E-5                   1.3663968775336284
7.98E-5                   1.3619248805057032
7.989999999999999E-5      1.357452883679796
7.999999999999999E-5      1.3529808870409659
8.01E-5                   1.3485128161049098
8.02E-5                   1.3442861748274373
8.03E-5                   1.3400595338055707
8.04E-5                   1.3358328930250216
8.049999999999999E-5      1.3316062524714989
8.06E-5                   1.32737961213071
8.07E-5                   1.3231529719883621
8.08E-5                   1.3189263320301612
8.09E-5                   1.3146996922418124
8.099999999999999E-5      1.3104730526090183
8.109999999999999E-5      1.3062464131174816
8.12E-5                   1.3020197737529031
8.13E-5                   1.2977931345009843
8.14E-5                   1.293566495347423
8.15E-5                   1.2893398562779181
8.159999999999999E-5      1.2851465141934852
8.17E-5                   1.2810388707180493
8.18E-5                   1.276931227491461
8.19E-5                   1.272823584503376
8.2E-5                    1.2687159417434486
8.209999999999999E-5      1.2646082992013348
8.219999999999999E-5      1.2605006568666859
8.23E-5                   1.2563930147291547
8.24E-5                   1.2522853727783931
8.25E-5                   1.2481777310040516
8.26E-5                   1.24407008939578
8.269999999999999E-5      1.2399624479432279
8.28E-5                   1.2358548066360424
8.29E-5                   1.2317471654638714
8.3E-5                    1.2276395244163616
8.31E-5                   1.2236819215465486
8.319999999999999E-5      1.219850271333117
8.329999999999999E-5      1.216018621146868
8.34E-5                   1.2121869709777338
8.35E-5                   1.2083553208156457
8.36E-5                   1.204523670650534
8.37E-5                   1.2006920204723288
8.379999999999999E-5      1.19686037027096
8.389999999999999E-5      1.1930287200363558
8.4E-5                    1.1891970697584449
8.41E-5                   1.1853654194271541
8.42E-5                   1.1815337690324124
8.43E-5                   1.1777021185641459
8.439999999999999E-5      1.1739027505557234
8.45E-5                   1.1701859559191656
8.46E-5                   1.1664691616137928
8.47E-5                   1.1627523676296008
8.48E-5                   1.1590355739565834
8.489999999999999E-5      1.155318780584735
8.499999999999999E-5      1.151601987504048
8.51E-5                   1.1478851947045143
8.52E-5                   1.144168402176126
8.53E-5                   1.140451609908874
8.54E-5                   1.136734817892748
8.549999999999999E-5      1.1330180261177383
8.56E-5                   1.1293863900132235
8.57E-5                   1.125768295936268
8.58E-5                   1.1221502018988367
8.59E-5                   1.1185321078935813
8.599999999999999E-5      1.1149140139131548
8.609999999999999E-5      1.111295919950209
8.62E-5                   1.107677825997395
8.63E-5                   1.1040597320473637
8.64E-5                   1.1004416380927666
8.65E-5                   1.0968894334848343
8.659999999999999E-5      1.0934125052494923
8.669999999999999E-5      1.0899355771979728
8.68E-5                   1.086458649322094
8.69E-5                   1.0829817216136703
8.7E-5                    1.079504794064518
8.709999999999999E-5      1.0760278666664516
8.719999999999999E-5      1.0725509394112849
8.73E-5                   1.069083898750741
8.74E-5                   1.0656245210235007
8.75E-5                   1.0621651434118418
8.76E-5                   1.0587057659092078
8.769999999999999E-5      1.05524638850904
8.779999999999999E-5      1.0517870112047794
8.79E-5                   1.0483276339898673
8.8E-5                    1.0449507602266463
8.81E-5                   1.0416188757494274
8.82E-5                   1.038286991332936
8.829999999999999E-5      1.0349551069704783
8.84E-5                   1.0316232226553583
8.85E-5                   1.0282913383808805
8.86E-5                   1.0249761875347736
8.87E-5                   1.021683907742753
8.879999999999999E-5      1.0183916281214642
8.889999999999999E-5      1.0150993486647122
8.9E-5                    1.0118070693663046
8.91E-5                   1.0085147902200466
8.92E-5                   1.0052734213466519
8.93E-5                   1.0020432001427646
8.939999999999999E-5      0.998812978960358
8.95E-5                   0.9955827577937593
8.96E-5                   0.9923525366372985
8.97E-5                   0.9891366301016257
8.98E-5                   0.9859720064483287
8.989999999999999E-5      0.9828073829325947
8.999999999999999E-5      0.9796427595487326
9.01E-5                   0.9764781362910524
9.02E-5                   0.9733135131538627
9.03E-5                   0.9701779174060778
9.04E-5                   0.9670604111769675
9.049999999999999E-5      0.9639429050064193
9.059999999999999E-5      0.9608253988893395
9.07E-5                   0.9577078928206356
9.08E-5                   0.9545912584203053
9.09E-5                   0.9515363511289623
9.099999999999999E-5      0.9484814439186293
9.109999999999999E-5      0.9454265367842739
9.12E-5                   0.9423716297208653
9.13E-5                   0.9393167227233721
9.14E-5                   0.9362830004327656
9.15E-5                   0.9332795405413445
9.159999999999999E-5      0.930276080738571
9.169999999999999E-5      0.9272726210197983
9.18E-5                   0.9242691613803814
9.19E-5                   0.9212657018156734
9.2E-5                    0.918306859945721
9.21E-5                   0.9153585092442912
9.219999999999999E-5      0.9124101585891167
9.23E-5                   0.9094618079757402
9.24E-5                   0.9065134573997057
9.25E-5                   0.9035759023275179
9.26E-5                   0.9006795829304934
9.269999999999999E-5      0.897783263624487
9.279999999999999E-5      0.8948869444052993
9.29E-5                   0.8919906252687317
9.3E-5                    0.8890943062105853
9.31E-5                   0.886230118444786
9.32E-5                   0.8833868796927543
9.329999999999999E-5      0.8805436409816794
9.34E-5                   0.8777004023075755
9.35E-5                   0.8748571636664588
9.36E-5                   0.872014082548615
9.37E-5                   0.8692202771188647
9.379999999999999E-5      0.8664264717673769
9.389999999999999E-5      0.8636326664903804
9.4E-5                    0.8608388612841056
9.41E-5                   0.8580450561447819
9.42E-5                   0.85527194733496
9.43E-5                   0.8525297490042771
9.439999999999999E-5      0.8497875507176114
9.449999999999999E-5      0.8470453524713875
9.46E-5                   0.8443031542620325
9.47E-5                   0.8415609560859719
9.48E-5                   0.838857140100445
9.489999999999999E-5      0.8361629863287416
9.499999999999999E-5      0.833468832617728
9.51E-5                   0.8307746789640214
9.52E-5                   0.8280805253642392
9.53E-5                   0.8254006886094455
9.54E-5                   0.8227793040540421
9.549999999999999E-5      0.8201579195503804
9.559999999999999E-5      0.8175365350953424
9.57E-5                   0.8149151506858104
9.58E-5                   0.8122937663186663
9.59E-5                   0.8096723819907929
9.6E-5                    0.8070509976990716
9.609999999999999E-5      0.8044296134403845
9.62E-5                   0.8018082292116128
9.63E-5                   0.7991868450096387
9.64E-5                   0.7965654608313433
9.65E-5                   0.7940367139022892
9.659999999999999E-5      0.7915086719521197
9.669999999999999E-5      0.78898063005773
9.68E-5                   0.786452588216324
9.69E-5                   0.7839245464251062
9.7E-5                    0.7813965046812803
9.71E-5                   0.7788684629820494
9.719999999999999E-5      0.7763404213246179
9.73E-5                   0.7738123797061884
9.74E-5                   0.7712843381239646
9.75E-5                   0.76875629657515
9.76E-5                   0.7662988603172405
9.769999999999999E-5      0.7638604020588111
9.779999999999999E-5      0.7614219438452969
9.79E-5                   0.7589834856741896
9.8E-5                    0.7565450275429807
9.81E-5                   0.7541065694491614
9.82E-5                   0.7516681113902235
9.829999999999999E-5      0.749229653363658
9.839999999999999E-5      0.7467911953669558
9.85E-5                   0.7443527373976081
9.86E-5                   0.7419142794531063
9.87E-5                   0.7395266172513325
9.879999999999999E-5      0.737175159558569
9.889999999999999E-5      0.734823701908843
9.9E-5                    0.7324722442999048
9.91E-5                   0.7301207867295041
9.92E-5                   0.7277693291953901
9.93E-5                   0.7254178716953124
9.939999999999999E-5      0.7230664142270211
9.949999999999999E-5      0.7207149567882645
9.96E-5                   0.7183634993767928
9.97E-5                   0.7160120419903546
9.98E-5                   0.7136921805367842
9.989999999999999E-5      0.7114239662045457
9.999999999999999E-5      0.7091557519105348
1.001E-4                  0.7068875376527334
1.002E-4                  0.7046193234291223
1.003E-4                  0.7023511092376824
1.004E-4                  0.7000828950763948
1.0049999999999999E-4     0.6978146809432404
1.0059999999999999E-4     0.6955464668361997
1.007E-4                  0.6932782527532536
1.008E-4                  0.6910100386923831
1.009E-4                  0.688762686553759
1.01E-4                   0.6866135016883353
1.0109999999999999E-4     0.6844643168572333
1.012E-4                  0.6823151320587346
1.013E-4                  0.6801659472911216
1.014E-4                  0.6780167625526764
1.015E-4                  0.6758675778416809
1.0159999999999999E-4     0.6737183931564177
1.0169999999999999E-4     0.6715692084951678
1.018E-4                  0.6694200238562136
1.019E-4                  0.6672708392378368
1.02E-4                   0.6651216546383196
1.021E-4                  0.6629724700559437
1.0219999999999999E-4     0.6608232854889909
1.0229999999999999E-4     0.6586741009357426
1.024E-4                  0.6565249163944809
1.025E-4                  0.6543757318634871
1.026E-4                  0.6522265473410432
1.0269999999999999E-4     0.6500773628254308
1.0279999999999999E-4     0.6479281783149313
1.029E-4                  0.6457789938078261
1.03E-4                   0.6436298093023971
1.031E-4                  0.6414806247969254
1.032E-4                  0.6394464338165381
1.0329999999999999E-4     0.6374472389278766
1.0339999999999999E-4     0.6354480440804772
1.035E-4                  0.6334488492729581
1.036E-4                  0.6314496545039389
1.037E-4                  0.6294504597720376
1.0379999999999999E-4     0.6274512650758738
1.0389999999999999E-4     0.6254520704140649
1.04E-4                   0.6234528757852305
1.041E-4                  0.6214536811879886
1.042E-4                  0.6194544866209579
1.043E-4                  0.6174552920827572
1.0439999999999999E-4     0.615456097572005
1.0449999999999999E-4     0.6134569030873194
1.046E-4                  0.611457708627319
1.047E-4                  0.6094585141906222
1.048E-4                  0.6074593197758477
1.049E-4                  0.6054601253816134
1.0499999999999999E-4     0.6034609310065384
1.051E-4                  0.6014617366492402
1.052E-4                  0.5994625423083374
1.053E-4                  0.5974633479824486
1.054E-4                  0.5955142291241129
1.0549999999999999E-4     0.5936548766720338
1.0559999999999999E-4     0.5917955242457371
1.057E-4                  0.5899361718441091
1.058E-4                  0.5880768194660364
1.059E-4                  0.586217467110405
1.06E-4                   0.5843581147761013
1.0609999999999999E-4     0.5824987624620122
1.0619999999999999E-4     0.5806394101670228
1.063E-4                  0.5787800578900202
1.064E-4                  0.5769207056298902
1.065E-4                  0.5750613533855193
1.0659999999999999E-4     0.573202001155794
1.0669999999999999E-4     0.5713426489395995
1.068E-4                  0.5694832967358225
1.069E-4                  0.5676239445433496
1.07E-4                   0.5657645923610662
1.071E-4                  0.5639052401878588
1.0719999999999999E-4     0.5620458880226137
1.0729999999999999E-4     0.5601865358642163
1.074E-4                  0.558327183711553
1.075E-4                  0.5564678315635101
1.076E-4                  0.5546084794189732
1.0769999999999999E-4     0.5528721753471364
1.0779999999999999E-4     0.5511424162737015
1.079E-4                  0.5494126572240164
1.08E-4                   0.5476828981971886
1.081E-4                  0.5459531391923259
1.082E-4                  0.5442233802085356
1.0829999999999999E-4     0.5424936212449258
1.0839999999999999E-4     0.5407638623006031
1.085E-4                  0.5390341033746757
1.086E-4                  0.5373043444662506
1.087E-4                  0.5355745855744357
1.0879999999999999E-4     0.5338448266983387
1.0889999999999999E-4     0.5321150678370662
1.0899999999999999E-4     0.530385308989726
1.091E-4                  0.5286555501554258
1.092E-4                  0.5269257913332728
1.093E-4                  0.5251960325223743
1.0939999999999999E-4     0.523466273721838
1.0949999999999999E-4     0.5217365149307711
1.096E-4                  0.5200067561482807
1.097E-4                  0.5182769973734744
1.098E-4                  0.5165472386054597
1.099E-4                  0.514883186718335
1.0999999999999999E-4     0.5132749036654436
1.1009999999999999E-4     0.5116666206305053
1.102E-4                  0.5100583376127978
1.103E-4                  0.5084500546115979
1.104E-4                  0.5068417716261829
1.1049999999999999E-4     0.5052334886558303
1.1059999999999999E-4     0.5036252056998166
1.107E-4                  0.5020169227574192
1.108E-4                  0.5004086398279152
1.109E-4                  0.49880035691058183
1.11E-4                   0.49719207400469606
1.1109999999999999E-4     0.4955837911095354
1.1119999999999999E-4     0.493975508224376
1.113E-4                  0.49236722534849564
1.114E-4                  0.4907589424811713
1.115E-4                  0.48915065962168003
1.1159999999999999E-4     0.4875423767692988
1.1169999999999999E-4     0.48593409392330444
1.118E-4                  0.4843258110829742
1.119E-4                  0.4827175282475852
1.12E-4                   0.4811092454164144
1.121E-4                  0.4795157131170141
1.1219999999999999E-4     0.47801891058799917
1.1229999999999999E-4     0.4765221080736969
1.124E-4                  0.47502530557352973
1.125E-4                  0.4735285030869206
1.126E-4                  0.4720317006132923
1.1269999999999999E-4     0.4705348981520676
1.1279999999999999E-4     0.4690380957026687
1.1289999999999999E-4     0.4675412932645185
1.13E-4                   0.4660444908370399
1.131E-4                  0.46454768841965544
1.132E-4                  0.4630508860117876
1.1329999999999999E-4     0.46155408361285943
1.1339999999999999E-4     0.46005728122229317
1.135E-4                  0.4585604788395115
1.136E-4                  0.4570636764639373
1.137E-4                  0.45556687409499297
1.138E-4                  0.45407007173210123
1.1389999999999999E-4     0.4525732693746849
1.1399999999999999E-4     0.45107646702216625
1.141E-4                  0.449579664673968
1.142E-4                  0.4480828623295127
1.143E-4                  0.44658605998822326
1.1439999999999999E-4     0.4451656370618072
1.1449999999999999E-4     0.4437743712881102
1.146E-4                  0.4423831055265734
1.147E-4                  0.4409918397767289
1.148E-4                  0.439600574038109
1.149E-4                  0.4382093083102463
1.1499999999999999E-4     0.4368180425926732
1.1509999999999999E-4     0.43542677688492176
1.152E-4                  0.43403551118652456
1.153E-4                  0.4326442454970138
1.154E-4                  0.43125297981592214
1.1549999999999999E-4     0.4298617141427818
1.1559999999999999E-4     0.4284704484771248
1.157E-4                  0.4270791828184839
1.158E-4                  0.4256879171663912
1.159E-4                  0.4242966515203791
1.16E-4                   0.42290538587997994
1.1609999999999999E-4     0.4215141202447263
1.1619999999999999E-4     0.42012285461415005
1.163E-4                  0.41873158898778373
1.164E-4                  0.4173403233651596
1.165E-4                  0.41594905774581
1.1659999999999999E-4     0.4145881924631558
1.1669999999999999E-4     0.41329339471944443
1.1679999999999999E-4     0.41199859698434543
1.169E-4                  0.4107037992574835
1.17E-4                   0.4094090015384832
1.171E-4                  0.4081142038269688
1.1719999999999999E-4     0.4068194061225651
1.1729999999999999E-4     0.4055246084248963
1.174E-4                  0.40422981073358677
1.175E-4                  0.4029350130482615
1.176E-4                  0.4016402153685446
1.177E-4                  0.4003454176940606
1.1779999999999999E-4     0.39905062002443425
1.1789999999999999E-4     0.3977558223592895
1.18E-4                   0.3964610246982513
1.181E-4                  0.39516622704094384
1.182E-4                  0.3938714293869917
1.1829999999999999E-4     0.3925766317360196
1.1839999999999999E-4     0.3912818340876515
1.185E-4                  0.3899870364415121
1.186E-4                  0.38869223879722586
1.187E-4                  0.38739744115441715
1.188E-4                  0.3861026435127105
1.1889999999999999E-4     0.3848898349235008
1.1899999999999999E-4     0.3836854786387909
1.191E-4                  0.3824811223625178
1.192E-4                  0.38127676609438194
1.193E-4                  0.38007240983408325
1.1939999999999999E-4     0.37886805358132225
1.1949999999999999E-4     0.3776636973357987
1.196E-4                  0.3764593410972128
1.197E-4                  0.375254984865265
1.198E-4                  0.37405062863965505
1.199E-4                  0.3728462724200834
1.1999999999999999E-4     0.37164191620625014
1.2009999999999999E-4     0.37043755999785527
1.202E-4                  0.36923320379459906
1.203E-4                  0.36802884759618154
1.204E-4                  0.36682449140230294
1.2049999999999999E-4     0.36562013521266357
1.2059999999999999E-4     0.3644157790269632
1.2069999999999999E-4     0.36321142284490204
1.208E-4                  0.3620070666661804
1.209E-4                  0.36080271049049834
1.21E-4                   0.3595983543175559
1.2109999999999999E-4     0.3584366461192228
1.2119999999999999E-4     0.35731793645117016
1.213E-4                  0.35619922678794813
1.214E-4                  0.3550805171293094
1.215E-4                  0.3539618074750063
1.216E-4                  0.35284309782479173
1.2169999999999999E-4     0.35172438817841833
1.2179999999999999E-4     0.35060567853563823
1.219E-4                  0.3494869688962042
1.22E-4                   0.34836825925986875
1.2209999999999999E-4     0.3472495496263847
1.222E-4                  0.34613083999550426
1.223E-4                  0.34501213036698014
1.224E-4                  0.34389342074056495
1.225E-4                  0.3427747111160111
1.226E-4                  0.34165600149307146
1.227E-4                  0.3405372918714981
1.228E-4                  0.3394185822510441
1.229E-4                  0.3382998726314616
1.2299999999999998E-4     0.3371811630125036
1.2309999999999998E-4     0.33606245339392216
1.2319999999999999E-4     0.3349437437754699
1.233E-4                  0.33383167079700693
1.234E-4                  0.33278722720404175
1.235E-4                  0.33174278361689125
1.236E-4                  0.3306983400353661
1.237E-4                  0.32965389645927756
1.238E-4                  0.32860945288843646
1.239E-4                  0.3275650093226538
1.24E-4                   0.32652056576174054
1.241E-4                  0.3254761222055077
1.2419999999999998E-4     0.3244316786537666
1.2429999999999999E-4     0.3233872351063275
1.244E-4                  0.3223427915630017
1.245E-4                  0.3212983480236002
1.246E-4                  0.320253904487934
1.247E-4                  0.319209460955814
1.248E-4                  0.3181650174270513
1.249E-4                  0.31712057390145665
1.25E-4                   0.3160761303788412
1.251E-4                  0.31503168685901584
1.252E-4                  0.3139872433417915
1.2529999999999998E-4     0.31294279982697953
1.2539999999999999E-4     0.31189835631439033
1.255E-4                  0.31085391280383495
1.256E-4                  0.3098640120590494
1.257E-4                  0.30889968746371643
1.258E-4                  0.3079353628717854
1.259E-4                  0.30697103828309086
1.26E-4                   0.30600671369746724
1.261E-4                  0.3050423891147492
1.262E-4                  0.304078064534771
1.263E-4                  0.30311373995736735
1.2639999999999998E-4     0.3021494153823727
1.2649999999999998E-4     0.3011850908096213
1.266E-4                  0.3002207662389477
1.267E-4                  0.29925644167018656
1.268E-4                  0.2982921171031721
1.269E-4                  0.29732779253773917
1.27E-4                   0.29636346797372193
1.271E-4                  0.29539914341095497
1.272E-4                  0.29443481884927275
1.273E-4                  0.2934704942885099
1.274E-4                  0.29250616972850063
1.2749999999999998E-4     0.2915418451690798
1.2759999999999998E-4     0.29057752061008146
1.277E-4                  0.2896131960513403
1.278E-4                  0.28866430268404897
1.279E-4                  0.2877566724597869
1.28E-4                   0.2868490422377611
1.281E-4                  0.2859414120178528
1.282E-4                  0.285033781799943
1.283E-4                  0.284126151583913
1.284E-4                  0.283218521369644
1.285E-4                  0.2823108911570171
1.2859999999999998E-4     0.28140326094591367
1.2869999999999998E-4     0.28049563073621436
1.288E-4                  0.27958800052780075
1.289E-4                  0.2786803703205541
1.29E-4                   0.27777274011435515
1.291E-4                  0.2768651099090853
1.292E-4                  0.2759574797046259
1.293E-4                  0.27504984950085787
1.294E-4                  0.2741422192976624
1.295E-4                  0.2732345890949208
1.296E-4                  0.27232695889251407
1.2969999999999998E-4     0.2714193286903237
1.2979999999999998E-4     0.27051169848823037
1.2989999999999999E-4     0.26960406828611544
1.3E-4                    0.2686964380838601
1.301E-4                  0.26785493328433424
1.302E-4                  0.26702387328991006
1.303E-4                  0.26619281330070776
1.304E-4                  0.2653617533166201
1.305E-4                  0.26453069333754015
1.306E-4                  0.263699633363361
1.307E-4                  0.26286857339397546
1.3079999999999998E-4     0.2620375134292768
1.3089999999999998E-4     0.2612064534691575
1.3099999999999999E-4     0.26037539351351086
1.311E-4                  0.2595443335622298
1.312E-4                  0.25871327361520724
1.313E-4                  0.25788221367233627
1.314E-4                  0.25705115373350984
1.315E-4                  0.2562200937986209
1.316E-4                  0.25538903386756234
1.317E-4                  0.2545579739402272
1.318E-4                  0.2537269140165086
1.3189999999999998E-4     0.25289585409629955
1.3199999999999998E-4     0.2520647941794927
1.3209999999999999E-4     0.2512337342659811
1.322E-4                  0.25040267435565783
1.323E-4                  0.2495926299529019
1.324E-4                  0.24880775782008469
1.325E-4                  0.24802288568348374
1.326E-4                  0.24723801354301558
1.327E-4                  0.2464531413985972
1.328E-4                  0.24566826925014504
1.329E-4                  0.24488339709757606
1.33E-4                   0.2440985249408068
1.3309999999999998E-4     0.24331365277975434
1.3319999999999999E-4     0.24252878061433475
1.333E-4                  0.2417439084444651
1.334E-4                  0.24095903627006207
1.335E-4                  0.24017416409104247
1.336E-4                  0.23938929190732283
1.337E-4                  0.23860441971881993
1.338E-4                  0.23781954752545045
1.339E-4                  0.23703467532713124
1.34E-4                   0.2362498031237789
1.341E-4                  0.23546493091531015
1.3419999999999998E-4     0.2346800587016419
1.3429999999999998E-4     0.2338951864826905
1.344E-4                  0.23311031425837284
1.345E-4                  0.2323281270604342
1.346E-4                  0.23160110815246696
1.347E-4                  0.23087408925458294
1.348E-4                  0.23014707036672716
1.349E-4                  0.2294200514888446
1.35E-4                   0.2286930326208803
1.351E-4                  0.22796601376277945
1.352E-4                  0.22723899491448682
1.3529999999999998E-4     0.22651197607594764
1.3539999999999998E-4     0.2257849572471067
1.355E-4                  0.22505793842790908
1.356E-4                  0.22433091961829985
1.357E-4                  0.22360390081822396
1.358E-4                  0.22287688202762654
1.359E-4                  0.22214986324645253
1.36E-4                   0.221422844474647
1.361E-4                  0.22069582571215485
1.362E-4                  0.2199688069589212
1.363E-4                  0.21924178821489101
1.3639999999999998E-4     0.21851476948000956
1.3649999999999998E-4     0.2177877507542213
1.3659999999999999E-4     0.2170607320374717
1.367E-4                  0.2163337133297056
1.368E-4                  0.21565073720773156
1.369E-4                  0.21499277016771007
1.37E-4                   0.21433480311534356
1.371E-4                  0.21367683605055005
1.372E-4                  0.21301886897324757
1.373E-4                  0.212360901883354
1.374E-4                  0.21170293478078733
1.3749999999999998E-4     0.21104496766546574
1.3759999999999998E-4     0.21038700053730694
1.3769999999999999E-4     0.209729033396229
1.378E-4                  0.20907106624214988
1.379E-4                  0.2084130990749876
1.38E-4                   0.20775513189466013
1.381E-4                  0.20709716470108538
1.382E-4                  0.20643919749418144
1.383E-4                  0.20578123027386624
1.384E-4                  0.2051232630400577
1.385E-4                  0.2044652957926739
1.3859999999999998E-4     0.20380732853163297
1.3869999999999998E-4     0.2031493612568525
1.3879999999999999E-4     0.20249139396825064
1.389E-4                  0.2018334266657454
1.39E-4                   0.2011716579317498
1.391E-4                  0.20049710721041067
1.392E-4                  0.19982255649936698
1.393E-4                  0.199148005798587
1.394E-4                  0.19847345510803918
1.395E-4                  0.19779890442769205
1.396E-4                  0.19712435375751383
1.3969999999999998E-4     0.1964498030974734
1.3979999999999998E-4     0.19577525244753866
1.3989999999999999E-4     0.19510070180767825
1.4E-4                    0.19442615117786066
1.401E-4                  0.1937516005580543
1.402E-4                  0.19307704994822755
1.403E-4                  0.192433693919381
1.404E-4                  0.19181787333346678
1.405E-4                  0.1912020527535066
1.406E-4                  0.19058623217947535
1.407E-4                  0.18997041161134792
1.408E-4                  0.1893545910490992
1.4089999999999998E-4     0.1887387704927043
1.4099999999999998E-4     0.18812933152555847
1.411E-4                  0.18753425711441382
1.412E-4                  0.18693918265025192
1.413E-4                  0.18634410813302266
1.414E-4                  0.18574903356267566
1.415E-4                  0.185128245224017
1.416E-4                  0.1845055192220337
1.417E-4                  0.18388370930168776
1.418E-4                  0.18330148415462036
1.419E-4                  0.18271925886164347
1.4199999999999998E-4     0.18213649662528472
1.4209999999999998E-4     0.18155307047237323
1.422E-4                  0.18096757945011324
1.423E-4                  0.18037723030680577
1.424E-4                  0.17979109760431264
1.425E-4                  0.1792110958177645
1.426E-4                  0.1786308415233608
1.427E-4                  0.1780505169570001
1.428E-4                  0.17747871549267785
1.429E-4                  0.17690739133697772
1.43E-4                   0.17633716875425065
1.4309999999999998E-4     0.1757670432922573
1.4319999999999998E-4     0.17519698231312558
1.433E-4                  0.17463258490967418
1.434E-4                  0.17406924534169432
1.435E-4                  0.1735076199985595
1.436E-4                  0.17294733798045886
1.437E-4                  0.17238842343075292
1.438E-4                  0.17183235939113156
1.439E-4                  0.17127731344323488
1.44E-4                   0.17072500437104937
1.441E-4                  0.17017373708483846
1.4419999999999998E-4     0.16962409649527477
1.4429999999999998E-4     0.1690778532400141
1.4439999999999999E-4     0.1685331455780236
1.445E-4                  0.1679884379153855
1.446E-4                  0.16744540122601045
1.447E-4                  0.16690655068115487
1.448E-4                  0.16636770013481955
1.449E-4                  0.16582884958697774
1.45E-4                   0.16529525108895424
1.451E-4                  0.16476235610008017
1.452E-4                  0.1642294611144879
1.4529999999999998E-4     0.16369935976123906
1.4539999999999998E-4     0.1631723035878154
1.4549999999999999E-4     0.16264524741200062
1.456E-4                  0.1621186217855512
1.457E-4                  0.16159730298567257
1.458E-4                  0.1610759841883083
1.459E-4                  0.16055466539343374
1.46E-4                   0.16003907933371145
1.461E-4                  0.15952629611937796
1.462E-4                  0.15901351290466031
1.463E-4                  0.15850072968953516
1.4639999999999998E-4     0.1579879464739794
1.4649999999999998E-4     0.15747516325796945
1.4659999999999999E-4     0.15696238004148214
1.467E-4                  0.15645923753194727
1.468E-4                  0.15595760225546726
1.469E-4                  0.15545596697982375
1.47E-4                   0.15495433170499492
1.471E-4                  0.15445269643095894
1.472E-4                  0.153951061157694
1.473E-4                  0.1534500591440402
1.474E-4                  0.15295934843354592
1.4749999999999998E-4     0.15246863772310615
1.4759999999999998E-4     0.15197792701270024
1.4769999999999999E-4     0.15148721630230794
1.478E-4                  0.1509965055919087
1.479E-4                  0.15050579488148216
1.48E-4                   0.15001776757701205
1.481E-4                  0.14953774194581163
1.482E-4                  0.14905771631510065
1.483E-4                  0.14857769068485993
1.484E-4                  0.1480976650550703
1.485E-4                  0.14761763942571265
1.4859999999999998E-4     0.1471376137967681
1.4869999999999998E-4     0.14666222154172523
1.4879999999999998E-4     0.14619262427329097
1.489E-4                  0.1457230270050491
1.49E-4                   0.14525342973698172
1.491E-4                  0.14478383246907087
1.492E-4                  0.14431423520129869
1.493E-4                  0.14384463793364724
1.494E-4                  0.1433815718841173
1.495E-4                  0.1429222200762841
1.496E-4                  0.14246286826879728
1.497E-4                  0.14200351646163997
1.4979999999999998E-4     0.1415441646547956
1.4989999999999998E-4     0.14108481284824723
1.5E-4                    0.1406254610419781
