% Model:              20230225_JW_4_05.mph
% Version:            COMSOL 5.6.0.401
% Date:               Feb 25 2023, 20:18
% Dimension:          1
% Nodes:              1501
% Expressions:        1
% Description:        点图
% X                       Height
0                         5.822477212140045
1.0E-7                    5.8216237188045605
2.0E-7                    5.8203247501149935
3.0E-7                    5.826927093459702
4.0E-7                    5.849777786928496
5.0E-7                    5.877959549268179
6.0E-7                    5.899852143722809
7.0E-7                    5.920091024841542
8.0E-7                    5.937882727762318
9.0E-7                    5.947589701307071
1.0E-6                    5.960378877479681
1.1E-6                    5.971381016593179
1.2E-6                    5.976806575842761
1.2999999999999998E-6     5.9830851990647025
1.4E-6                    5.985607506233289
1.5E-6                    5.988117368173619
1.6E-6                    5.987764135514247
1.6999999999999998E-6     5.986762774359894
1.8E-6                    5.984337205069526
1.9E-6                    5.98014122569556
2.0E-6                    5.975443211712932
2.1E-6                    5.969148316901082
2.2E-6                    5.962359961992283
2.3E-6                    5.95434614333359
2.4E-6                    5.945610965958124
2.4999999999999998E-6     5.936235230033153
2.5999999999999997E-6     5.926093936366745
2.7E-6                    5.915388347036836
2.8E-6                    5.903840383831158
2.8999999999999998E-6     5.892179660278537
3.0E-6                    5.879681587040952
3.1E-6                    5.867055835659981
3.2E-6                    5.853822068047093
3.2999999999999997E-6     5.840395426901705
3.3999999999999996E-6     5.826532040938344
3.5E-6                    5.812443685332021
3.6E-6                    5.798067941228073
3.6999999999999997E-6     5.783443769423911
3.8E-6                    5.768633665529991
3.9E-6                    5.753582543250597
4.0E-6                    5.738430540060167
4.1E-6                    5.723046212821886
4.2E-6                    5.7076169480876455
4.2999999999999995E-6     5.691961230448151
4.4E-6                    5.6762718948931745
4.5E-6                    5.660346183766515
4.6E-6                    5.644420853426381
4.7E-6                    5.628495896024818
4.8E-6                    5.6125039249861155
4.9E-6                    5.596396259197741
4.9999999999999996E-6     5.580288974483301
5.0999999999999995E-6     5.564182063220664
5.199999999999999E-6      5.54802078382021
5.3E-6                    5.531828041011763
5.4E-6                    5.515635635098872
5.5E-6                    5.499443558921192
5.6E-6                    5.483239980733298
5.7E-6                    5.46703540966949
5.7999999999999995E-6     5.4508311896844965
5.899999999999999E-6      5.434629923400194
6.0E-6                    5.418442403457062
6.1E-6                    5.402255185970819
6.2E-6                    5.386068264183762
6.3E-6                    5.369893892935657
6.4E-6                    5.35373623649379
6.5E-6                    5.337578911527661
6.5999999999999995E-6     5.321421911326752
6.699999999999999E-6      5.305381863908172
6.799999999999999E-6      5.28939374352929
6.9E-6                    5.2734058861488755
7.0E-6                    5.257418285429398
7.1E-6                    5.241453685836232
7.2E-6                    5.225490405233915
7.2999999999999996E-6     5.209527447118821
7.3999999999999995E-6     5.193585066274988
7.499999999999999E-6      5.177713376185431
7.6E-6                    5.161841897897324
7.699999999999999E-6      5.145970626428346
7.8E-6                    5.130259695836786
7.899999999999999E-6      5.114716762957909
8.0E-6                    5.099174228023886
8.1E-6                    5.083632082399375
8.2E-6                    5.067455599978136
8.3E-6                    5.051071824208929
8.4E-6                    5.034688123159941
8.5E-6                    5.018337675265085
8.599999999999999E-6      5.003712996190109
8.7E-6                    4.989088675773824
8.8E-6                    4.974464709424916
8.9E-6                    4.9598460280372505
9.0E-6                    4.945230189175925
9.1E-6                    4.930614598508995
9.2E-6                    4.915225355319162
9.299999999999999E-6      4.8993862116042015
9.4E-6                    4.883547211001607
9.499999999999999E-6      4.86895906064532
9.6E-6                    4.85449553504223
9.7E-6                    4.839912568076743
9.8E-6                    4.82480881514256
9.9E-6                    4.809705213582303
9.999999999999999E-6      4.7947165211667055
1.01E-5                   4.7798605225096855
1.0199999999999999E-5     4.765008852746167
1.03E-5                   4.7504497143618
1.0399999999999999E-5     4.7358907501765115
1.05E-5                   4.721180249050719
1.06E-5                   4.70643397915261
1.07E-5                   4.6920663398349465
1.08E-5                   4.6779480965098115
1.0899999999999999E-5     4.663604793782562
1.1E-5                    4.64892032866387
1.1099999999999999E-5     4.634333883815157
1.12E-5                   4.620158938799366
1.13E-5                   4.605984213306139
1.14E-5                   4.59180229732119
1.15E-5                   4.577620453671039
1.1599999999999999E-5     4.563337568947649
1.17E-5                   4.549026557801317
1.1799999999999999E-5     4.534975123244373
1.19E-5                   4.521114776798498
1.2E-5                    4.50715158744805
1.21E-5                   4.493013646392303
1.22E-5                   4.478928369959736
1.2299999999999999E-5     4.465108423776214
1.24E-5                   4.451288656258112
1.2499999999999999E-5     4.437490459602935
1.26E-5                   4.423693317644108
1.2699999999999999E-5     4.409907810174365
1.28E-5                   4.39612620131539
1.29E-5                   4.382457686867085
1.3E-5                    4.368882059702608
1.31E-5                   4.355295305271994
1.3199999999999999E-5     4.341687163427781
1.33E-5                   4.32810268708519
1.3399999999999999E-5     4.314664803829943
1.35E-5                   4.301227074563416
1.3599999999999999E-5     4.287828970419402
1.37E-5                   4.2744338497548915
1.38E-5                   4.2611028324602485
1.3899999999999999E-5     4.2477959102456
1.4E-5                    4.234543824747287
1.4099999999999999E-5     4.221341927235177
1.42E-5                   4.208156012425542
1.4299999999999999E-5     4.195004400038649
1.44E-5                   4.181866171871145
1.45E-5                   4.168833733767485
1.4599999999999999E-5     4.155801434166228
1.47E-5                   4.142850678000184
1.4799999999999999E-5     4.129908499075942
1.49E-5                   4.116966450959296
1.4999999999999999E-5     4.104024530533211
1.51E-5                   4.091170172656311
1.52E-5                   4.078405056784141
1.53E-5                   4.065640069434686
1.5399999999999998E-5     4.052875207613423
1.55E-5                   4.0401246373110205
1.56E-5                   4.027527735942393
1.57E-5                   4.014930959485686
1.5799999999999998E-5     4.0023343050801135
1.59E-5                   3.9897377698544525
1.6E-5                    3.977241686097134
1.61E-5                   3.96479431444213
1.62E-5                   3.9523470588788463
1.63E-5                   3.9398999166571693
1.64E-5                   3.9274988745424966
1.6499999999999998E-5     3.9152268638980523
1.66E-5                   3.9029549680893303
1.67E-5                   3.890683184471138
1.68E-5                   3.878411510389255
1.69E-5                   3.8662660041818713
1.7E-5                    3.854142475369063
1.71E-5                   3.842019052247414
1.7199999999999998E-5     3.8298957322922202
1.73E-5                   3.8178457249642967
1.74E-5                   3.8058884771031294
1.75E-5                   3.793931334218978
1.76E-5                   3.7819742938646934
1.77E-5                   3.7700220434712355
1.78E-5                   3.758218378683298
1.7899999999999998E-5     3.7464148127633177
1.8E-5                    3.7346113434074204
1.81E-5                   3.7228079683045725
1.82E-5                   3.7111007949099117
1.8299999999999998E-5     3.6994526631590445
1.84E-5                   3.687804627581853
1.85E-5                   3.676156685901322
1.8599999999999998E-5     3.6645401813387664
1.87E-5                   3.6530423490624853
1.88E-5                   3.6415446059768986
1.89E-5                   3.6300469499975967
1.8999999999999998E-5     3.618549379034121
1.91E-5                   3.6071900756583233
1.92E-5                   3.5958657786576125
1.9299999999999998E-5     3.5845415727744534
1.94E-5                   3.5732174558524643
1.95E-5                   3.5619450879223433
1.96E-5                   3.5507544543897516
1.9699999999999998E-5     3.5395639018715803
1.98E-5                   3.5283734284617103
1.99E-5                   3.517183032248844
1.9999999999999998E-5     3.505992711316549
2.01E-5                   3.494802463743302
2.02E-5                   3.483612287602535
2.03E-5                   3.472422180962683
2.0399999999999998E-5     3.461444435639723
2.05E-5                   3.4506295672399294
2.06E-5                   3.4398147803519707
2.07E-5                   3.429000073198744
2.0799999999999997E-5     3.4181854439985626
2.09E-5                   3.4073708909651956
2.1E-5                    3.3965564123079117
2.1099999999999998E-5     3.38574200623151
2.12E-5                   3.374927670936369
2.13E-5                   3.3643628054578882
2.14E-5                   3.35388362994899
2.1499999999999997E-5     3.3434045227108786
2.16E-5                   3.332925482160984
2.17E-5                   3.322446506712981
2.1799999999999998E-5     3.311967594776824
2.19E-5                   3.3014887447587777
2.2E-5                    3.2910099550614555
2.21E-5                   3.2805312240838433
2.2199999999999998E-5     3.2702914039371516
2.23E-5                   3.260071616120874
2.24E-5                   3.2498519020185066
2.2499999999999998E-5     3.2396322600841447
2.26E-5                   3.2294126887683237
2.27E-5                   3.2191931865180563
2.28E-5                   3.208973751776859
2.2899999999999998E-5     3.1987543829847827
2.3E-5                    3.188533067830862
2.31E-5                   3.17829397855385
2.3199999999999998E-5     3.168054939384177
2.33E-5                   3.15781594884573
2.34E-5                   3.147577005459337
2.35E-5                   3.13733810774279
2.3599999999999998E-5     3.1270992542108798
2.37E-5                   3.1168604433754172
2.38E-5                   3.1066216737452734
2.3899999999999998E-5     3.0966984888723617
2.4E-5                    3.0875875924017286
2.41E-5                   3.078476764114867
2.42E-5                   3.0693660032300776
2.4299999999999998E-5     3.0602553089639866
2.44E-5                   3.0511446805315603
2.45E-5                   3.042034117146117
2.4599999999999998E-5     3.0329236180193293
2.4699999999999997E-5     3.023813182361246
2.48E-5                   3.0152463200039246
2.49E-5                   3.007322049703743
2.4999999999999998E-5     2.9993978102062995
2.51E-5                   2.991473599490784
2.52E-5                   2.983549415533694
2.53E-5                   2.975625256308866
2.5399999999999997E-5     2.96541285605282
2.55E-5                   2.9548205075225025
2.56E-5                   2.944228274880316
2.5699999999999998E-5     2.9332824371467603
2.58E-5                   2.9212954756765264
2.59E-5                   2.9093084978420993
2.6E-5                    2.899837816287932
2.6099999999999997E-5     2.8908951104750513
2.62E-5                   2.881878875482527
2.63E-5                   2.8728252899511872
2.6399999999999998E-5     2.8627037168023404
2.65E-5                   2.8530230952646254
2.66E-5                   2.844041057115178
2.67E-5                   2.8346619096824943
2.6799999999999998E-5     2.8248856133752205
2.69E-5                   2.8161083565870726
2.7E-5                    2.8071483014603085
2.7099999999999998E-5     2.797788540445771
2.7199999999999997E-5     2.788924455515762
2.73E-5                   2.779883048616949
2.74E-5                   2.7708085539858134
2.7499999999999998E-5     2.76208598228686
2.76E-5                   2.753095676856835
2.77E-5                   2.7442797876928644
2.7799999999999998E-5     2.735473562417324
2.7899999999999997E-5     2.7266996614744783
2.8E-5                    2.717906353030968
2.81E-5                   2.7092336220077904
2.8199999999999998E-5     2.7005637681870023
2.83E-5                   2.6918909113204545
2.84E-5                   2.6833068555709527
2.8499999999999998E-5     2.6746943538966486
2.8599999999999997E-5     2.6661417082751013
2.87E-5                   2.657637873275516
2.88E-5                   2.6491298341250236
2.8899999999999998E-5     2.6406563543468096
2.9E-5                    2.63222856044919
2.91E-5                   2.6238292048432803
2.9199999999999998E-5     2.615441260907562
2.9299999999999997E-5     2.6070896003419333
2.94E-5                   2.5987577263035324
2.95E-5                   2.5904725563593423
2.9599999999999998E-5     2.5822013955769174
2.97E-5                   2.5739401350433537
2.98E-5                   2.565747906376135
2.99E-5                   2.5575655489171045
2.9999999999999997E-5     2.549383220297997
3.01E-5                   2.5412395332750104
3.02E-5                   2.533142502287179
3.0299999999999998E-5     2.525045501326699
3.04E-5                   2.5169512827080287
3.05E-5                   2.5089436482685676
3.06E-5                   2.5009360424289593
3.07E-5                   2.4929284644869565
3.0799999999999996E-5     2.484974333049287
3.09E-5                   2.4770545764812075
3.1E-5                    2.469134847352578
3.11E-5                   2.4612298542726903
3.12E-5                   2.4533890573151833
3.13E-5                   2.445548287442624
3.14E-5                   2.4377075439986746
3.15E-5                   2.4299351462943743
3.1599999999999996E-5     2.422183842456269
3.17E-5                   2.4144325638959336
3.18E-5                   2.4067083051288893
3.1899999999999996E-5     2.3990359785676656
3.2E-5                    2.3913636773983873
3.21E-5                   2.3836914010073467
3.22E-5                   2.3760963159029656
3.23E-5                   2.3685079684868953
3.24E-5                   2.3609196445714327
3.25E-5                   2.353371756514791
3.26E-5                   2.3458646640834173
3.2699999999999995E-5     2.3383575953441293
3.28E-5                   2.3308565073536065
3.29E-5                   2.323428271551253
3.2999999999999996E-5     2.316000058193924
3.31E-5                   2.308571866719506
3.32E-5                   2.3012209859453097
3.3299999999999996E-5     2.2939111180430682
3.34E-5                   2.28660127215827
3.35E-5                   2.279291447763006
3.36E-5                   2.271981644328818
3.37E-5                   2.2646718613266996
3.38E-5                   2.257362098227102
3.39E-5                   2.2501827826133494
3.4E-5                    2.243034261672154
3.4099999999999995E-5     2.235885761493235
3.42E-5                   2.2287372815775304
3.43E-5                   2.2215888214254784
3.4399999999999996E-5     2.214440380537027
3.45E-5                   2.2072919584116333
3.46E-5                   2.2002867944372837
3.4699999999999996E-5     2.193286883657537
3.48E-5                   2.1862869924277692
3.49E-5                   2.1792871202847155
3.5E-5                    2.172287266764669
3.51E-5                   2.1652874314034825
3.52E-5                   2.1583140389396775
3.53E-5                   2.1515337041981
3.54E-5                   2.1447533880685636
3.5499999999999996E-5     2.13797309013004
3.56E-5                   2.1311928099611155
3.57E-5                   2.1244125471399915
3.5799999999999996E-5     2.1176323012444938
3.59E-5                   2.1108520718520727
3.6E-5                    2.1040718585398057
3.6099999999999997E-5     2.097291660884404
3.62E-5                   2.0905114784622114
3.63E-5                   2.083731310849213
3.64E-5                   2.076951157621034
3.65E-5                   2.070171018352947
3.6599999999999995E-5     2.0635158972940038
3.67E-5                   2.0570253405896044
3.68E-5                   2.0505348011176845
3.6899999999999996E-5     2.044044278510439
3.7E-5                    2.0375537723997508
3.71E-5                   2.03106328241719
3.7199999999999996E-5     2.0245728081940246
3.73E-5                   2.0180823493612143
3.74E-5                   2.011591905549417
3.75E-5                   2.0051014763889947
3.76E-5                   1.9986110615100097
3.77E-5                   1.9921206605422328
3.78E-5                   1.9856302731151432
3.79E-5                   1.9791398988579334
3.7999999999999995E-5     1.9728559636110878
3.81E-5                   1.9666434355756297
3.82E-5                   1.9604309225052734
3.8299999999999996E-5     1.9542184240770297
3.84E-5                   1.948005939967658
3.85E-5                   1.9417934698536696
3.8599999999999996E-5     1.9355810134113325
3.87E-5                   1.9293685703166708
3.88E-5                   1.9231561402454664
3.89E-5                   1.9169437228732658
3.9E-5                    1.9107313178753766
3.9099999999999995E-5     1.9045189249268726
3.92E-5                   1.8983065437025959
3.93E-5                   1.892107407058883
3.9399999999999995E-5     1.886138600121782
3.95E-5                   1.8801698059115104
3.96E-5                   1.8742010241460174
3.9699999999999996E-5     1.8682322545430536
3.98E-5                   1.8622634968201721
3.99E-5                   1.8562947506947347
3.9999999999999996E-5     1.8503260158839105
4.01E-5                   1.8443572921046754
4.02E-5                   1.83838857907382
4.03E-5                   1.8324198765079465
4.04E-5                   1.8264511841234699
4.0499999999999995E-5     1.8204825016366257
4.06E-5                   1.8145138287634632
4.07E-5                   1.8086526674697816
4.0799999999999996E-5     1.8029780235757402
4.09E-5                   1.797303391539326
4.1E-5                    1.7916287711116752
4.1099999999999996E-5     1.7859541620437613
4.12E-5                   1.7802795640863986
4.13E-5                   1.7746049769902417
4.14E-5                   1.768930400505788
4.15E-5                   1.763255834383378
4.1599999999999995E-5     1.7575812783731986
4.17E-5                   1.751906732225284
4.18E-5                   1.7462321956895146
4.1899999999999995E-5     1.740557668515622
4.2E-5                    1.7348831504531879
4.21E-5                   1.7293593299500027
4.2199999999999996E-5     1.7239074290305458
4.23E-5                   1.7184555376597097
4.24E-5                   1.7130036556243042
4.2499999999999996E-5     1.707551782711016
4.26E-5                   1.702099918706407
4.27E-5                   1.6966480633969199
4.28E-5                   1.6911962165688776
4.29E-5                   1.6857443780084824
4.2999999999999995E-5     1.6802925475018209
4.31E-5                   1.6748407248348591
4.32E-5                   1.6693889097934524
4.3299999999999995E-5     1.6639371021633371
4.34E-5                   1.658485301730138
4.35E-5                   1.6532140125957329
4.3599999999999996E-5     1.6479448764289306
4.37E-5                   1.6426757489700656
4.38E-5                   1.637406630015891
4.3899999999999996E-5     1.6321375193630512
4.4E-5                    1.626868416808081
4.41E-5                   1.6215993221474128
4.42E-5                   1.6163302351773707
4.43E-5                   1.6110611556941736
4.4399999999999995E-5     1.605792083493939
4.45E-5                   1.60052301837268
4.46E-5                   1.5952539601263092
4.4699999999999996E-5     1.5899849085506388
4.48E-5                   1.5847780109168466
4.49E-5                   1.579716428010155
4.4999999999999996E-5     1.574654851893777
4.51E-5                   1.5695932824126566
4.52E-5                   1.5645317194116626
4.5299999999999997E-5     1.5594701627355905
4.54E-5                   1.55440861222916
4.5499999999999995E-5     1.5493470677370196
4.56E-5                   1.5442855291037434
4.57E-5                   1.5392239961738359
4.5799999999999995E-5     1.534162468791729
4.59E-5                   1.5291009468017835
4.6E-5                    1.524039430048292
4.6099999999999996E-5     1.5193842771524486
4.62E-5                   1.514737530405798
4.63E-5                   1.5100907900798068
4.6399999999999996E-5     1.505444056025324
4.65E-5                   1.5007973280931333
4.66E-5                   1.4961506061339582
4.67E-5                   1.4915038899984592
4.68E-5                   1.4868571795372334
4.6899999999999995E-5     1.4822104746008196
4.7E-5                    1.4775637750396942
4.71E-5                   1.4729170807042746
4.7199999999999995E-5     1.4682335483447262
4.73E-5                   1.4635455577218934
4.74E-5                   1.458857573860224
4.7499999999999996E-5     1.454169596614489
4.76E-5                   1.4494816258393939
4.77E-5                   1.444793661389582
4.7799999999999996E-5     1.4401057031196351
4.79E-5                   1.4354177508840713
4.8E-5                    1.4307298045373478
4.81E-5                   1.4260606132750053
4.82E-5                   1.4214579325913574
4.8299999999999995E-5     1.4168552561745729
4.84E-5                   1.4122525839120332
4.85E-5                   1.4076499156910787
4.8599999999999995E-5     1.403047251399008
4.87E-5                   1.398444590923079
4.88E-5                   1.3938419341505082
4.8899999999999996E-5     1.3893490988210357
4.9E-5                    1.3850149272263939
4.91E-5                   1.3806807614171135
4.9199999999999997E-5     1.3763466012663244
4.93E-5                   1.3720124466471086
4.9399999999999995E-5     1.3676782974324997
4.95E-5                   1.363342896626447
4.96E-5                   1.35893349178205
4.9699999999999995E-5     1.3545240912906986
4.98E-5                   1.350114695045776
4.99E-5                   1.345705302940629
4.9999999999999996E-5     1.3412959148685657
5.01E-5                   1.3369723354384588
5.02E-5                   1.3327009206729588
5.0299999999999996E-5     1.3284295096763643
5.04E-5                   1.3241581023454827
5.05E-5                   1.3198866985770878
5.06E-5                   1.3156570211425185
5.07E-5                   1.311433730076936
5.0799999999999995E-5     1.3072104441962502
5.09E-5                   1.3029871633918158
5.1E-5                    1.2987877846956077
5.1099999999999995E-5     1.2946051381133254
5.12E-5                   1.2904224941466904
5.13E-5                   1.2862398527046708
5.1399999999999996E-5     1.2821169786823632
5.15E-5                   1.2780154355829487
5.16E-5                   1.2739138974207822
5.1699999999999996E-5     1.2698123640986982
5.18E-5                   1.2657198834027743
5.1899999999999994E-5     1.261628572121655
5.2E-5                    1.2575372635469477
5.21E-5                   1.253448893568032
5.2199999999999995E-5     1.2494424824217323
5.23E-5                   1.245436075251025
5.24E-5                   1.2414296719714961
5.2499999999999995E-5     1.237429705438543
5.26E-5                   1.2334583906331986
5.27E-5                   1.2294870790772625
5.2799999999999996E-5     1.225515770684003
5.29E-5                   1.2215600789751597
5.3E-5                    1.2176357829179743
5.3099999999999996E-5     1.2137114899376527
5.32E-5                   1.2097871999566197
5.3299999999999995E-5     1.2058924600555687
5.34E-5                   1.2020296115289684
5.35E-5                   1.1981667665076021
5.3599999999999995E-5     1.1943039249122709
5.37E-5                   1.1904598968261457
5.38E-5                   1.1866269310842739
5.3899999999999996E-5     1.1827939677452346
5.4E-5                    1.1789610067349607
5.41E-5                   1.1751793518694473
5.4199999999999996E-5     1.1714122954476098
5.43E-5                   1.1676452425836945
5.4399999999999994E-5     1.1638781932061162
5.4499999999999997E-5     1.1601382463375194
5.46E-5                   1.1564004257674034
5.4699999999999995E-5     1.1526626072161479
5.48E-5                   1.1489293342796894
5.49E-5                   1.1452512265357968
5.4999999999999995E-5     1.141573122147327
5.51E-5                   1.137895021048735
5.52E-5                   1.1342251780577874
5.5299999999999996E-5     1.1305837892979032
5.54E-5                   1.1269424026124049
5.55E-5                   1.1233010179354892
5.5599999999999996E-5     1.1196766908399232
5.57E-5                   1.1160809534850993
5.5799999999999994E-5     1.1124852189447894
5.59E-5                   1.1088894871589516
5.6E-5                    1.105321852021043
5.6099999999999995E-5     1.1017798973438613
5.62E-5                   1.0982379449298907
5.63E-5                   1.0946959947169896
5.6399999999999995E-5     1.0911670366659734
5.65E-5                   1.0876444427539191
5.66E-5                   1.0841218510509132
5.6699999999999996E-5     1.0805992615023652
5.68E-5                   1.0771538203798827
5.69E-5                   1.0737253117196726
5.6999999999999996E-5     1.0702968055436577
5.71E-5                   1.066866772591132
5.7199999999999994E-5     1.0634339503000587
5.73E-5                   1.0600011295742504
5.74E-5                   1.0565765313273963
5.7499999999999995E-5     1.0531787767962353
5.76E-5                   1.0497810251469337
5.77E-5                   1.0464024281364488
5.7799999999999995E-5     1.0430495399020279
5.79E-5                   1.0396966527639413
5.8E-5                    1.0363214164594141
5.8099999999999996E-5     1.0329437036713336
5.82E-5                   1.0296129675617307
5.8299999999999994E-5     1.026310291482602
5.8399999999999997E-5     1.0229992626169506
5.85E-5                   1.0196821696559992
5.8599999999999995E-5     1.0163796069812219
5.87E-5                   1.0130897934916305
5.88E-5                   1.0098273600698675
5.8899999999999995E-5     1.0065771906857497
5.9E-5                    1.0033122921655853
5.91E-5                   1.0000450986774265
5.9199999999999996E-5     0.996827606855244
5.93E-5                   0.9936112099948167
5.94E-5                   0.9904003658774027
5.9499999999999996E-5     0.9871945218215332
5.96E-5                   0.9839991775089924
5.9699999999999994E-5     0.9808191539681357
5.98E-5                   0.9776556920968389
5.99E-5                   0.9744960354986236
5.9999999999999995E-5     0.9713385343622778
6.01E-5                   0.9682022465999341
6.02E-5                   0.9650713801259058
6.0299999999999995E-5     0.9619575095122053
6.04E-5                   0.9588460091094467
6.05E-5                   0.9557468055017335
6.0599999999999996E-5     0.952656986838832
6.07E-5                   0.9495924866116845
6.08E-5                   0.9465279880021537
6.0899999999999996E-5     0.9434634909716206
6.1E-5                    0.9404190062483296
6.11E-5                   0.9373886386793305
6.12E-5                   0.9343582725115253
6.13E-5                   0.9313279077080814
6.14E-5                   0.9283322954013687
6.149999999999999E-5      0.9253404463245518
6.159999999999999E-5      0.9223485987129434
6.17E-5                   0.9193641042788931
6.18E-5                   0.9164059398907531
6.19E-5                   0.913447776841387
6.2E-5                    0.9104896150964078
6.209999999999999E-5      0.9075506147636523
6.22E-5                   0.9046283203374481
6.23E-5                   0.9017060272632974
6.24E-5                   0.8987837355079373
6.25E-5                   0.895890640220765
6.26E-5                   0.8930026906945477
6.269999999999999E-5      0.8901147424207858
6.28E-5                   0.887232399332948
6.29E-5                   0.8843781833266291
6.3E-5                    0.8815239685629559
6.31E-5                   0.8786697550110113
6.319999999999999E-5      0.8758417266047338
6.33E-5                   0.8730418280716524
6.34E-5                   0.8702419307452522
6.35E-5                   0.8674420345963038
6.36E-5                   0.8646421395955736
6.37E-5                   0.861842245713823
6.379999999999999E-5      0.85904235292181
6.39E-5                   0.8562501408103983
6.4E-5                    0.853517611727716
6.41E-5                   0.8507850837873029
6.42E-5                   0.8480525569620283
6.429999999999999E-5      0.8453200312247587
6.44E-5                   0.8425875065483546
6.45E-5                   0.8398549829056752
6.46E-5                   0.8371224602695744
6.47E-5                   0.8344372691219012
6.48E-5                   0.8317682015072377
6.489999999999999E-5      0.829099134956751
6.5E-5                    0.8264300694451147
6.51E-5                   0.8237610049470002
6.52E-5                   0.8210919414370749
6.53E-5                   0.8184228788900034
6.539999999999999E-5      0.8157773013502814
6.549999999999999E-5      0.8131703968925851
6.56E-5                   0.8105634934135604
6.57E-5                   0.8079565908896872
6.58E-5                   0.8053496892974422
6.59E-5                   0.8027427886132997
6.599999999999999E-5      0.8001358888137311
6.61E-5                   0.7975295948324075
6.62E-5                   0.794984856043281
6.63E-5                   0.7924401181923214
6.64E-5                   0.7898953812575775
6.65E-5                   0.7873506452170959
6.659999999999999E-5      0.78480591004892
6.67E-5                   0.7822611757310898
6.68E-5                   0.7797164422416443
6.69E-5                   0.7772281481887696
6.7E-5                    0.7747713761626107
6.709999999999999E-5      0.7723146049863688
6.72E-5                   0.7698578346403397
6.73E-5                   0.7674010651048188
6.74E-5                   0.7649442963600983
6.75E-5                   0.7624875283864687
6.76E-5                   0.7600307611642189
6.769999999999999E-5      0.7575739946736345
6.78E-5                   0.7551172288949991
6.79E-5                   0.7526604638085947
6.8E-5                    0.7502036993947012
6.81E-5                   0.7477469356335964
6.819999999999999E-5      0.7452901725055557
6.829999999999999E-5      0.7428334099908527
6.84E-5                   0.7404798513073434
6.85E-5                   0.7381370691396962
6.86E-5                   0.7357942877693638
6.87E-5                   0.7334515071792558
6.879999999999999E-5      0.7311087273522797
6.89E-5                   0.7287659482713406
6.9E-5                    0.7264231699193433
6.91E-5                   0.72408039227919
6.92E-5                   0.721737615333781
6.929999999999999E-5      0.719394839066016
6.939999999999999E-5      0.7170520634587911
6.95E-5                   0.7147092884950021
6.96E-5                   0.7123665141575429
6.97E-5                   0.7100237404293057
6.98E-5                   0.7076995487066755
6.989999999999999E-5      0.7054665459299327
7.0E-5                    0.7032335438393417
7.01E-5                   0.7010005424201057
7.02E-5                   0.6987675416574266
7.03E-5                   0.696534541536505
7.04E-5                   0.6943015420425394
7.049999999999999E-5      0.6920685431607279
7.06E-5                   0.6898355448762657
7.07E-5                   0.6876025471743488
7.08E-5                   0.68536955004017
7.09E-5                   0.6831365534589218
7.099999999999999E-5      0.6809035574157952
7.11E-5                   0.6786705618959794
7.12E-5                   0.6764375668846625
7.13E-5                   0.6742482422791166
7.14E-5                   0.6721160807602164
7.15E-5                   0.6699839198296121
7.159999999999999E-5      0.667851759474445
7.17E-5                   0.6657195996818542
7.18E-5                   0.6635874404389789
7.19E-5                   0.6614552817329568
7.2E-5                    0.6593231235509243
7.209999999999999E-5      0.6571909658800171
7.219999999999999E-5      0.6550588087073693
7.23E-5                   0.6529266520201142
7.24E-5                   0.6507944958053846
7.25E-5                   0.6486623400503111
7.26E-5                   0.6465301847420246
7.269999999999999E-5      0.6443980298676542
7.28E-5                   0.6423378976088439
7.29E-5                   0.6403090884833021
7.3E-5                    0.6382802798685236
7.31E-5                   0.6362514717534088
7.319999999999999E-5      0.6342226641268575
7.329999999999999E-5      0.6321938569777676
7.34E-5                   0.630165050295037
7.35E-5                   0.6281362440675626
7.36E-5                   0.6261074382842406
7.37E-5                   0.6240786329339663
7.379999999999999E-5      0.6220498280056338
7.39E-5                   0.6200210234881364
7.4E-5                    0.6179922193703671
7.41E-5                   0.6159634156412178
7.42E-5                   0.6139346122895797
7.429999999999999E-5      0.611992768786226
7.439999999999999E-5      0.6100544803041625
7.45E-5                   0.6081161922645637
7.46E-5                   0.6061779046577473
7.47E-5                   0.6042396174740321
7.48E-5                   0.6023013307037342
7.489999999999999E-5      0.6003630443371708
7.5E-5                    0.5984247583646569
7.51E-5                   0.5964864727765078
7.52E-5                   0.594548187563038
7.53E-5                   0.592609902714561
7.54E-5                   0.5906716182213902
7.549999999999999E-5      0.5887333340738382
7.56E-5                   0.5867950502622162
7.57E-5                   0.5848773535824887
7.58E-5                   0.5830307520966689
7.59E-5                   0.5811841509856593
7.599999999999999E-5      0.5793375502411172
7.609999999999999E-5      0.5774909498546975
7.62E-5                   0.5756443498180562
7.63E-5                   0.573797750122848
7.64E-5                   0.5719511507607269
7.65E-5                   0.5701045517233471
7.659999999999999E-5      0.5682579530023617
7.67E-5                   0.566411354589423
7.68E-5                   0.5645647564761838
7.69E-5                   0.5627181586542955
7.7E-5                    0.5608715611154094
7.709999999999999E-5      0.5590249638511764
7.719999999999999E-5      0.5572215977016401
7.73E-5                   0.5554635227734206
7.74E-5                   0.553705448200766
7.75E-5                   0.5519473739764355
7.76E-5                   0.550189300093188
7.769999999999999E-5      0.5484312265437826
7.78E-5                   0.5466731533209771
7.79E-5                   0.5449150804175295
7.8E-5                    0.5431570078261974
7.81E-5                   0.5413989355397374
7.819999999999999E-5      0.5396408635509066
7.829999999999999E-5      0.5378827918524604
7.84E-5                   0.536124720437155
7.85E-5                   0.5343666492977456
7.86E-5                   0.5326085784269873
7.87E-5                   0.530904485570884
7.879999999999999E-5      0.5292181767933358
7.89E-5                   0.5275318682639127
7.9E-5                    0.5258455599762443
7.91E-5                   0.5241592519239594
7.92E-5                   0.5224729441006869
7.93E-5                   0.5207866365000554
7.939999999999999E-5      0.5191003291156928
7.95E-5                   0.5174140219412265
7.96E-5                   0.5157277149702847
7.97E-5                   0.5140414081964938
7.98E-5                   0.512355101613481
7.989999999999999E-5      0.5106687952148731
7.999999999999999E-5      0.5089824889942958
8.01E-5                   0.5072977397820689
8.02E-5                   0.5057087399584532
8.03E-5                   0.5041197404410761
8.04E-5                   0.5025307412246732
8.049999999999999E-5      0.5009417423039809
8.06E-5                   0.49935274367373383
8.07E-5                   0.4977637453286674
8.08E-5                   0.4961747472635168
8.09E-5                   0.4945857494730164
8.099999999999999E-5      0.49299675195190074
8.109999999999999E-5      0.4914077546949038
8.12E-5                   0.48981875769675937
8.13E-5                   0.4882297609522012
8.14E-5                   0.4866407644559627
8.15E-5                   0.4850517682027767
8.159999999999999E-5      0.48347619261528274
8.17E-5                   0.4819351582345316
8.18E-5                   0.4803941240057275
8.19E-5                   0.4788530899238135
8.2E-5                    0.4773120559837326
8.209999999999999E-5      0.47577102218042794
8.219999999999999E-5      0.4742299885088421
8.23E-5                   0.4726889549639177
8.24E-5                   0.471147921540597
8.25E-5                   0.4696068882338219
8.26E-5                   0.46806585503853476
8.269999999999999E-5      0.46652482194967704
8.28E-5                   0.4649837889621903
8.29E-5                   0.4634427560710157
8.3E-5                    0.46190172327109463
8.31E-5                   0.4603930614666915
8.319999999999999E-5      0.4589115742724902
8.329999999999999E-5      0.45743008727106116
8.34E-5                   0.45594860045854874
8.35E-5                   0.4544671138310969
8.36E-5                   0.4529856273848494
8.37E-5                   0.4515041411159499
8.379999999999999E-5      0.4500226550205424
8.389999999999999E-5      0.4485411690947694
8.4E-5                    0.4470596833347746
8.41E-5                   0.4455781977367009
8.42E-5                   0.44409671229669134
8.43E-5                   0.4426152270108886
8.439999999999999E-5      0.44116927533143263
8.45E-5                   0.4398142122593538
8.46E-5                   0.4384591493291587
8.47E-5                   0.4371040865372206
8.48E-5                   0.43574902387991243
8.489999999999999E-5      0.4343939613536075
8.499999999999999E-5      0.4330388989546781
8.51E-5                   0.4316838366794971
8.52E-5                   0.4303287745244372
8.53E-5                   0.42897371248587074
8.54E-5                   0.4276186505601701
8.549999999999999E-5      0.42626358874370773
8.56E-5                   0.4249018601525567
8.57E-5                   0.42353907152232695
8.58E-5                   0.4221762830650368
8.59E-5                   0.42081349477718605
8.599999999999999E-5      0.4194507066552743
8.609999999999999E-5      0.41808791869580086
8.62E-5                   0.41672513089526503
8.63E-5                   0.41536234325016597
8.64E-5                   0.4139995557570029
8.65E-5                   0.41265172670988504
8.659999999999999E-5      0.4113209870916764
8.669999999999999E-5      0.4099902475658971
8.68E-5                   0.40865950812976887
8.69E-5                   0.40732876878051283
8.7E-5                    0.4059980295153502
8.709999999999999E-5      0.40466729033150267
8.719999999999999E-5      0.4033365512261907
8.73E-5                   0.40204092612878534
8.74E-5                   0.40077251731586183
8.75E-5                   0.39950410864956276
8.76E-5                   0.3982357001267857
8.769999999999999E-5      0.396967291744429
8.779999999999999E-5      0.3956988834993902
8.79E-5                   0.3944304753885668
8.8E-5                    0.39315479805617404
8.81E-5                   0.3918751568412885
8.82E-5                   0.3905955157262551
8.829999999999999E-5      0.38931587470851997
8.84E-5                   0.3880362337855287
8.85E-5                   0.38675659295472686
8.86E-5                   0.38549857814912997
8.87E-5                   0.3842701214008395
8.879999999999999E-5      0.38304166474764956
8.889999999999999E-5      0.3818132081870856
8.9E-5                    0.3805847517166733
8.91E-5                   0.3793562953339382
8.92E-5                   0.3781407890312072
8.93E-5                   0.3769281184630871
8.939999999999999E-5      0.3757154480101241
8.95E-5                   0.37450277766982776
8.96E-5                   0.3732901074397084
8.97E-5                   0.37208068224279855
8.98E-5                   0.370882882231834
8.989999999999999E-5      0.36968508229153
8.999999999999999E-5      0.3684872824197441
9.01E-5                   0.36728948261433425
9.02E-5                   0.3660916828731581
9.03E-5                   0.3649129832729838
9.04E-5                   0.36374618671079123
9.049999999999999E-5      0.3625793902558663
9.059999999999999E-5      0.3614125939059985
9.07E-5                   0.36024579765897813
9.08E-5                   0.35907919350007694
9.09E-5                   0.3579261856605113
9.099999999999999E-5      0.35677317788806695
9.109999999999999E-5      0.3556201701807573
9.12E-5                   0.35446716253659605
9.13E-5                   0.35331415495359675
9.14E-5                   0.35217119996864277
9.15E-5                   0.35104260514063834
9.159999999999999E-5      0.3499140104022358
9.169999999999999E-5      0.34878541575151734
9.18E-5                   0.34765682118656577
9.19E-5                   0.3465282267054637
9.2E-5                    0.34541482601877777
9.21E-5                   0.34430499795843017
9.219999999999999E-5      0.3431951699644976
9.23E-5                   0.3420853420351565
9.24E-5                   0.3409755141685834
9.25E-5                   0.33986995015079313
9.26E-5                   0.33878067264979866
9.269999999999999E-5      0.33769139522213854
9.279999999999999E-5      0.3366021178661103
9.29E-5                   0.3355128405800122
9.3E-5                    0.3344235633621421
9.31E-5                   0.33334572970263976
9.32E-5                   0.33227535705692085
9.329999999999999E-5      0.33120498447753904
9.34E-5                   0.33013461196285643
9.35E-5                   0.3290642395112352
9.36E-5                   0.3279939307997503
9.37E-5                   0.3269435454708095
9.379999999999999E-5      0.32589316020287407
9.389999999999999E-5      0.32484277499441183
9.4E-5                    0.3237923898438912
9.41E-5                   0.3227420047497802
9.42E-5                   0.32169889277591524
9.43E-5                   0.3206666433813944
9.439999999999999E-5      0.31963439405031085
9.449999999999999E-5      0.31860214478120163
9.46E-5                   0.3175698955726038
9.47E-5                   0.31653764642305454
9.48E-5                   0.31552048970576885
9.489999999999999E-5      0.3145071323286257
9.499999999999999E-5      0.31349377500299414
9.51E-5                   0.3124804177274953
9.52E-5                   0.31146706050075035
9.53E-5                   0.3104590453416999
9.54E-5                   0.30947284046435647
9.549999999999999E-5      0.3084866356435478
9.559999999999999E-5      0.30750043087800005
9.57E-5                   0.30651422616644
9.58E-5                   0.3055280215075938
9.59E-5                   0.3045418169001882
9.6E-5                    0.3035556123429497
9.609999999999999E-5      0.30256940783460456
9.62E-5                   0.30158320337387906
9.63E-5                   0.3005969989594999
9.64E-5                   0.29961079459019313
9.65E-5                   0.2986593101191396
9.659999999999999E-5      0.29770808989727865
9.669999999999999E-5      0.2967568697237101
9.68E-5                   0.295805649597293
9.69E-5                   0.2948544295168861
9.7E-5                    0.29390320948134846
9.71E-5                   0.2929519894895387
9.719999999999999E-5      0.29200076954031584
9.73E-5                   0.29104954963253826
9.74E-5                   0.2900983297650651
9.75E-5                   0.28914710993675474
9.76E-5                   0.28822276701774735
9.769999999999999E-5      0.2873056483663215
9.779999999999999E-5      0.28638852976118484
9.79E-5                   0.2854714112013133
9.8E-5                    0.28455429268568255
9.81E-5                   0.2836371742132682
9.82E-5                   0.2827200557830459
9.829999999999999E-5      0.2818029373939914
9.839999999999999E-5      0.2808858190450801
9.85E-5                   0.27996870073528773
9.86E-5                   0.2790515824635899
9.87E-5                   0.2781532850650244
9.879999999999999E-5      0.27726840218932175
9.889999999999999E-5      0.2763835193523599
9.9E-5                    0.2754986365532203
9.91E-5                   0.27461375379098446
9.92E-5                   0.27372887106473387
9.93E-5                   0.2728439883735499
9.939999999999999E-5      0.27195910571651394
9.949999999999999E-5      0.2710742230927073
9.96E-5                   0.27018934050121146
9.97E-5                   0.2693044579411077
9.98E-5                   0.268431676625457
9.989999999999999E-5      0.2675786761478899
9.999999999999999E-5      0.2667256757079551
1.001E-4                  0.2658726753048286
1.002E-4                  0.2650196749376869
1.003E-4                  0.2641666746057058
1.004E-4                  0.26331367430806146
1.0049999999999999E-4     0.2624606740439301
1.0059999999999999E-4     0.26160767381248756
1.007E-4                  0.2607546736129098
1.008E-4                  0.25990167344437315
1.009E-4                  0.259056462855238
1.01E-4                   0.2582479066048186
1.0109999999999999E-4     0.25743935038602206
1.012E-4                  0.25663079419814666
1.013E-4                  0.25582223804049137
1.014E-4                  0.25501368191235496
1.015E-4                  0.25420512581303606
1.0159999999999999E-4     0.25339656974183344
1.0169999999999999E-4     0.2525880136980458
1.018E-4                  0.2517794576809718
1.019E-4                  0.25097090168991004
1.02E-4                   0.2501623457241594
1.021E-4                  0.24935378978301845
1.0219999999999999E-4     0.2485452338657859
1.0229999999999999E-4     0.24773667797176027
1.024E-4                  0.2469281221002403
1.025E-4                  0.24611956625052456
1.026E-4                  0.2453110104219118
1.0269999999999999E-4     0.24450245461370057
1.0279999999999999E-4     0.2436938988251895
1.029E-4                  0.24288534305567713
1.03E-4                   0.24207678730446208
1.031E-4                  0.241268231570843
1.032E-4                  0.2405030254526387
1.0329999999999999E-4     0.23975101197492532
1.0339999999999999E-4     0.23899899852746512
1.035E-4                  0.23824698510969433
1.036E-4                  0.23749497172104891
1.037E-4                  0.2367429583609647
1.0379999999999999E-4     0.235990945028878
1.0389999999999999E-4     0.23523893172422433
1.04E-4                   0.23448691844643985
1.041E-4                  0.2337349051949605
1.042E-4                  0.23298289196922228
1.043E-4                  0.23223087876866108
1.0439999999999999E-4     0.231478865592713
1.0449999999999999E-4     0.2307268524408136
1.046E-4                  0.2299748393123991
1.047E-4                  0.22922282620690526
1.048E-4                  0.2284708131237681
1.049E-4                  0.22771880006242343
1.0499999999999999E-4     0.22696678702230735
1.051E-4                  0.22621477400285547
1.052E-4                  0.22546276100350385
1.053E-4                  0.22471074802368826
1.054E-4                  0.22397760998767074
1.0549999999999999E-4     0.22327830758756664
1.0559999999999999E-4     0.22257900520995047
1.057E-4                  0.22187970285436842
1.058E-4                  0.22118040052036642
1.059E-4                  0.2204810982074907
1.06E-4                   0.2197817959152872
1.0609999999999999E-4     0.21908249364330198
1.0619999999999999E-4     0.21838319139108098
1.063E-4                  0.21768388915817025
1.064E-4                  0.21698458694411576
1.065E-4                  0.2162852847484637
1.0659999999999999E-4     0.21558598257076003
1.0669999999999999E-4     0.2148866804105506
1.068E-4                  0.21418737826738146
1.069E-4                  0.21348807614079862
1.07E-4                   0.21278877403034818
1.071E-4                  0.21208947193557603
1.0719999999999999E-4     0.21139016985602826
1.0729999999999999E-4     0.21069086779125065
1.074E-4                  0.20999156574078934
1.075E-4                  0.20929226370419027
1.076E-4                  0.2085929616809994
1.0769999999999999E-4     0.2079396586092194
1.0779999999999999E-4     0.20728880225723964
1.079E-4                  0.20663794592356094
1.08E-4                   0.205987089607818
1.081E-4                  0.20533623330964554
1.082E-4                  0.20468537702867826
1.0829999999999999E-4     0.20403452076455106
1.0839999999999999E-4     0.2033836645168984
1.085E-4                  0.20273280828535514
1.086E-4                  0.20208195206955595
1.087E-4                  0.20143109586913563
1.0879999999999999E-4     0.20078023968372885
1.0889999999999999E-4     0.20012938351297027
1.0899999999999999E-4     0.19947852735649454
1.091E-4                  0.19882767121393652
1.092E-4                  0.19817681508493082
1.093E-4                  0.19752595896911218
1.0939999999999999E-4     0.1968751028661153
1.0949999999999999E-4     0.19622424677557482
1.096E-4                  0.1955733906971254
1.097E-4                  0.1949225346304018
1.098E-4                  0.19427167857503866
1.099E-4                  0.19364581452131158
1.0999999999999999E-4     0.19304116247510017
1.1009999999999999E-4     0.1924365104438228
1.102E-4                  0.19183185842718573
1.103E-4                  0.19122720642489524
1.104E-4                  0.19062255443665765
1.1049999999999999E-4     0.19001790246217942
1.1059999999999999E-4     0.18941325050116642
1.107E-4                  0.1888085985533253
1.108E-4                  0.1882039466183622
1.109E-4                  0.18759929469598338
1.11E-4                   0.1869946427858951
1.1109999999999999E-4     0.18638999088780372
1.1119999999999999E-4     0.18578533900141536
1.113E-4                  0.18518068712643643
1.114E-4                  0.18457603526257305
1.115E-4                  0.1839713834095316
1.1159999999999999E-4     0.18336673156701838
1.1169999999999999E-4     0.1827620797347395
1.118E-4                  0.18215742791240125
1.119E-4                  0.18155277609970993
1.12E-4                   0.1809481242963718
1.121E-4                  0.18034896188481758
1.1219999999999999E-4     0.17978579729133784
1.1229999999999999E-4     0.17922263270970096
1.124E-4                  0.1786594681396705
1.125E-4                  0.17809630358100972
1.126E-4                  0.17753313903348192
1.1269999999999999E-4     0.17696997449685056
1.1279999999999999E-4     0.17640680997087876
1.1289999999999999E-4     0.17584364545532996
1.13E-4                   0.17528048094996745
1.131E-4                  0.17471731645455452
1.132E-4                  0.17415415196885456
1.1329999999999999E-4     0.17359098749263085
1.1339999999999999E-4     0.17302782302564665
1.135E-4                  0.17246465856766535
1.136E-4                  0.17190149411845015
1.137E-4                  0.17133832967776452
1.138E-4                  0.17077516524537165
1.1389999999999999E-4     0.17021200082103496
1.1399999999999999E-4     0.16964883640451756
1.141E-4                  0.16908567199558283
1.142E-4                  0.1685225075939942
1.143E-4                  0.16795934319951486
1.1439999999999999E-4     0.16742509288605534
1.1449999999999999E-4     0.16690188026503186
1.146E-4                  0.16637866765351425
1.147E-4                  0.1658554550513124
1.148E-4                  0.16533224245823627
1.149E-4                  0.16480902987409565
1.1499999999999999E-4     0.1642858172987005
1.1509999999999999E-4     0.16376260473186072
1.152E-4                  0.1632393921733861
1.153E-4                  0.16271617962308663
1.154E-4                  0.1621929670807722
1.1549999999999999E-4     0.16166975454625265
1.1559999999999999E-4     0.16114654201933792
1.157E-4                  0.16062332949983776
1.158E-4                  0.16010011698756224
1.159E-4                  0.1595769044823211
1.16E-4                   0.15905369198392427
1.1609999999999999E-4     0.15853047949218177
1.1619999999999999E-4     0.1580072670069033
1.163E-4                  0.15748405452789874
1.164E-4                  0.15696084205497804
1.165E-4                  0.1564376295879511
1.1659999999999999E-4     0.15592588282744121
1.1669999999999999E-4     0.15543905391086224
1.1679999999999999E-4     0.15495222500212527
1.169E-4                  0.15446539610107723
1.17E-4                   0.15397856720756498
1.171E-4                  0.15349173832143534
1.1719999999999999E-4     0.1530049094425353
1.1729999999999999E-4     0.15251808057071153
1.174E-4                  0.15203125170581108
1.175E-4                  0.15154442284768066
1.176E-4                  0.15105759399616722
1.177E-4                  0.1505707651511176
1.1779999999999999E-4     0.15008393631237882
1.1789999999999999E-4     0.14959710747979743
1.18E-4                   0.14911027865322052
1.181E-4                  0.14862344983249484
1.182E-4                  0.14813662101746736
1.1829999999999999E-4     0.1476497922079849
1.1839999999999999E-4     0.14716296340389423
1.185E-4                  0.1466761346050423
1.186E-4                  0.14618930581127587
1.187E-4                  0.14570247702244196
1.188E-4                  0.14521564823838726
1.1889999999999999E-4     0.144759208972876
1.1899999999999999E-4     0.14430590258471476
1.191E-4                  0.14385259620224486
1.192E-4                  0.1433992898253429
1.193E-4                  0.14294598345388532
1.1939999999999999E-4     0.14249267708774874
1.1949999999999999E-4     0.14203937072680964
1.196E-4                  0.1415860643709445
1.197E-4                  0.14113275802002995
1.198E-4                  0.1406794516739424
1.199E-4                  0.14022614533255853
1.1999999999999999E-4     0.13977283899575485
1.2009999999999999E-4     0.13931953266340777
1.202E-4                  0.13886622633539383
1.203E-4                  0.1384129200115897
1.204E-4                  0.13795961369187174
1.2049999999999999E-4     0.1375063073761166
1.2059999999999999E-4     0.13705300106420076
1.2069999999999999E-4     0.13659969475600076
1.208E-4                  0.13614638845139304
1.209E-4                  0.13569308215025422
1.21E-4                   0.1352397758524608
1.2109999999999999E-4     0.1348029435939984
1.2119999999999999E-4     0.1343827207883826
1.213E-4                  0.13396249798832202
1.214E-4                  0.13354227519371809
1.215E-4                  0.13312205240447245
1.216E-4                  0.13270182962048652
1.2169999999999999E-4     0.132281606841662
1.2179999999999999E-4     0.13186138406790024
1.219E-4                  0.13144116129910283
1.22E-4                   0.13102093853517136
1.2209999999999999E-4     0.13060071577600735
1.222E-4                  0.13018049302151227
1.223E-4                  0.12976027027158768
1.224E-4                  0.12934004752613507
1.225E-4                  0.1289198247850561
1.226E-4                  0.12849960204825217
1.227E-4                  0.12807937931562483
1.228E-4                  0.12765915658707563
1.229E-4                  0.12723893386250615
1.2299999999999998E-4     0.12681871114181795
1.2309999999999998E-4     0.12639848842491236
1.2319999999999999E-4     0.125978265711691
1.233E-4                  0.1255604479337568
1.234E-4                  0.12516713714508465
1.235E-4                  0.12477382635955374
1.236E-4                  0.12438051557708323
1.237E-4                  0.12398720479759218
1.238E-4                  0.12359389402099949
1.239E-4                  0.12320058324722431
1.24E-4                   0.12280727247618564
1.241E-4                  0.12241396170780251
1.2419999999999998E-4     0.12202065094199413
1.2429999999999999E-4     0.1216273401786793
1.244E-4                  0.12123402941777715
1.245E-4                  0.12084071865920673
1.246E-4                  0.12044740790288705
1.247E-4                  0.12005409714873716
1.248E-4                  0.11966078639667617
1.249E-4                  0.119267475646623
1.25E-4                   0.11887416489849677
1.251E-4                  0.11848085415221653
1.252E-4                  0.11808754340770126
1.2529999999999998E-4     0.11769423266487015
1.2539999999999999E-4     0.117300921923642
1.255E-4                  0.11690761118393596
1.256E-4                  0.11653525077304785
1.257E-4                  0.11617271437537835
1.258E-4                  0.1158101779817078
1.259E-4                  0.11544764159197367
1.26E-4                   0.11508510520611341
1.261E-4                  0.11472256882406451
1.262E-4                  0.11436003244576441
1.263E-4                  0.11399749607115062
1.2639999999999998E-4     0.11363495970016067
1.2649999999999998E-4     0.11327242333273183
1.266E-4                  0.11290988696880166
1.267E-4                  0.11254735060830769
1.268E-4                  0.11218481425118731
1.269E-4                  0.111822277897378
1.27E-4                   0.11145974154681727
1.271E-4                  0.1110972051994425
1.272E-4                  0.11073466885519122
1.273E-4                  0.11037213251400091
1.274E-4                  0.11000959617580898
1.2749999999999998E-4     0.10964705984055304
1.2759999999999998E-4     0.1092845235081703
1.277E-4                  0.10892198717859838
1.278E-4                  0.1085654475507491
1.279E-4                  0.10822494315103061
1.28E-4                   0.10788443875330028
1.281E-4                  0.10754393435750442
1.282E-4                  0.10720342996358935
1.283E-4                  0.10686292557150134
1.284E-4                  0.10652242118118675
1.285E-4                  0.1061819167925919
1.2859999999999998E-4     0.10584141240566311
1.2869999999999998E-4     0.10550090802034659
1.288E-4                  0.10516040363658871
1.289E-4                  0.10481989925433581
1.29E-4                   0.10447939487353419
1.291E-4                  0.10413889049413014
1.292E-4                  0.10379838611606997
1.293E-4                  0.10345788173930007
1.294E-4                  0.10311737736376664
1.295E-4                  0.1027768729894161
1.296E-4                  0.10243636861619466
1.2969999999999998E-4     0.1020958642440488
1.2979999999999998E-4     0.10175535987292461
1.2989999999999999E-4     0.10141485550276846
1.3E-4                    0.10107435113352678
1.301E-4                  0.10075564579577073
1.302E-4                  0.10044038371310461
1.303E-4                  0.10012512163215392
1.304E-4                  0.09980985955287906
1.305E-4                  0.09949459747524032
1.306E-4                  0.09917933539919813
1.307E-4                  0.09886407332471284
1.3079999999999998E-4     0.09854881125174485
1.3089999999999998E-4     0.0982335491802544
1.3099999999999999E-4     0.09791828711020195
1.311E-4                  0.09760302504154783
1.312E-4                  0.09728776297425241
1.313E-4                  0.0969725009082761
1.314E-4                  0.09665723884357921
1.315E-4                  0.0963419767801221
1.316E-4                  0.09602671471786518
1.317E-4                  0.0957114526567688
1.318E-4                  0.09539619059679327
1.3189999999999998E-4     0.09508092853789911
1.3199999999999998E-4     0.0947656664800465
1.3209999999999999E-4     0.09445040442319584
1.322E-4                  0.09413514236730755
1.323E-4                  0.09383155881196645
1.324E-4                  0.09354196371103529
1.325E-4                  0.09325236861362575
1.326E-4                  0.09296277351970306
1.327E-4                  0.09267317842923252
1.328E-4                  0.09238358334217939
1.329E-4                  0.09209398825850897
1.33E-4                   0.09180439317818649
1.3309999999999998E-4     0.09151479810117734
1.3319999999999999E-4     0.0912252030274466
1.333E-4                  0.09093560795695965
1.334E-4                  0.09064601288968178
1.335E-4                  0.09035641782557823
1.336E-4                  0.09006682276461425
1.337E-4                  0.08977722770675518
1.338E-4                  0.08948763265196623
1.339E-4                  0.08919803760021272
1.34E-4                   0.0889084425514599
1.341E-4                  0.08861884750567302
1.3419999999999998E-4     0.08832925246281749
1.3429999999999998E-4     0.08803965742285835
1.344E-4                  0.08775006238576102
1.345E-4                  0.0874607913090195
1.346E-4                  0.08717817645931922
1.347E-4                  0.08689556160664998
1.348E-4                  0.08661294675098462
1.349E-4                  0.08633033189229594
1.35E-4                   0.08604771703055673
1.351E-4                  0.08576510216573985
1.352E-4                  0.08548248729781807
1.3529999999999998E-4     0.08519987242676433
1.3539999999999998E-4     0.08491725755255125
1.355E-4                  0.08463464267515171
1.356E-4                  0.08435202779453858
1.357E-4                  0.08406941291068465
1.358E-4                  0.08378679802356274
1.359E-4                  0.08350418313314564
1.36E-4                   0.0832215682394062
1.361E-4                  0.08293895334231721
1.362E-4                  0.08265633844185148
1.363E-4                  0.08237372353798185
1.3639999999999998E-4     0.08209110863068124
1.3649999999999998E-4     0.08180849371992223
1.3659999999999999E-4     0.08152587880567776
1.367E-4                  0.08124326388792068
1.368E-4                  0.08099101717835111
1.369E-4                  0.08075601472789395
1.37E-4                   0.08052101228528474
1.371E-4                  0.08028600985050446
1.372E-4                  0.08005100742353412
1.373E-4                  0.07981600500435468
1.374E-4                  0.07958100259294716
1.3749999999999998E-4     0.07934600018929258
1.3759999999999998E-4     0.07911099779337182
1.3769999999999999E-4     0.0788759954051659
1.378E-4                  0.07864099302465583
1.379E-4                  0.07840599065182259
1.38E-4                   0.07817098828664719
1.381E-4                  0.07793598592911058
1.382E-4                  0.07770098357919374
1.383E-4                  0.07746598123687766
1.384E-4                  0.07723097890214335
1.385E-4                  0.07699597657497177
1.3859999999999998E-4     0.07676097425534402
1.3869999999999998E-4     0.07652597194324089
1.3879999999999999E-4     0.07629096963864346
1.389E-4                  0.07605596734153272
1.39E-4                   0.07581929342613813
1.391E-4                  0.07557699878412702
1.392E-4                  0.07533470412552683
1.393E-4                  0.07509240945031254
1.394E-4                  0.07485011475845907
1.395E-4                  0.07460782004994136
1.396E-4                  0.07436552532473444
1.3969999999999998E-4     0.07412323058281328
1.3979999999999998E-4     0.0738809358241527
1.3989999999999999E-4     0.07363864104872772
1.4E-4                    0.07339634625651331
1.401E-4                  0.07315405144748444
1.402E-4                  0.07291175662161606
1.403E-4                  0.07265174838393684
1.404E-4                  0.07237610455127932
1.405E-4                  0.07210046073948907
1.406E-4                  0.07182481694855115
1.407E-4                  0.07154917317845083
1.408E-4                  0.07127352942917317
1.4089999999999998E-4     0.0709978857007035
1.4099999999999998E-4     0.07073736477848724
1.411E-4                  0.0705108843994053
1.412E-4                  0.07028440400300165
1.413E-4                  0.07005792358926445
1.414E-4                  0.06983144315818184
1.415E-4                  0.06962139354954683
1.416E-4                  0.06941258216886537
1.417E-4                  0.06920320353396923
1.418E-4                  0.06896930982816796
1.419E-4                  0.06873541614084261
1.4199999999999998E-4     0.06850460810979923
1.4209999999999998E-4     0.06827761674967779
1.422E-4                  0.06805422906892993
1.423E-4                  0.06783931952580707
1.424E-4                  0.06762244523180577
1.425E-4                  0.0674027140168949
1.426E-4                  0.0671854754587926
1.427E-4                  0.06696927240570283
1.428E-4                  0.06675219063630752
1.429E-4                  0.06653507628689469
1.43E-4                   0.06631788664457748
1.4309999999999998E-4     0.06610431820746822
1.4319999999999998E-4     0.06589315732681582
1.433E-4                  0.06567966498735711
1.434E-4                  0.06546630284536403
1.435E-4                  0.06525453715463037
1.436E-4                  0.06504407201787332
1.437E-4                  0.06483493091652133
1.438E-4                  0.06462505710496214
1.439E-4                  0.06441525715093802
1.44E-4                   0.06420806079403067
1.441E-4                  0.06400100047420873
1.4419999999999998E-4     0.063794152557998
1.4429999999999998E-4     0.06358857059974805
1.4439999999999999E-4     0.06338356084901058
1.445E-4                  0.06317855109257474
1.446E-4                  0.06297424398783122
1.447E-4                  0.062771697191758
1.448E-4                  0.06256915040225108
1.449E-4                  0.06236660361929941
1.45E-4                   0.06216579025243678
1.451E-4                  0.06196520906977682
1.452E-4                  0.06176462788247043
1.4529999999999998E-4     0.061565235875392775
1.4539999999999998E-4     0.061367140134815694
1.4549999999999999E-4     0.061169044398247864
1.456E-4                  0.06097109164562915
1.457E-4                  0.06077490121337901
1.458E-4                  0.06057871077945222
1.459E-4                  0.060382520343838925
1.46E-4                   0.06018859765686817
1.461E-4                  0.05999578371790391
1.462E-4                  0.05980296977980433
1.463E-4                  0.05961015584255988
1.4639999999999998E-4     0.059417341906161096
1.4649999999999998E-4     0.059224527970598295
1.4659999999999999E-4     0.059031714035862
1.467E-4                  0.05884246267026877
1.468E-4                  0.05865376827839016
1.469E-4                  0.05846507388673619
1.47E-4                   0.05827637949529798
1.471E-4                  0.05808768510406665
1.472E-4                  0.05789899071303327
1.473E-4                  0.057710538122428816
1.474E-4                  0.05752601510909363
1.4749999999999998E-4     0.05734149209603655
1.4759999999999998E-4     0.05715696908324911
1.4769999999999999E-4     0.05697244607072304
1.478E-4                  0.05678792305844998
1.479E-4                  0.056603400046421594
1.48E-4                   0.05641987344637684
1.481E-4                  0.05623931805607389
1.482E-4                  0.05605876266628681
1.483E-4                  0.0558782072770078
1.484E-4                  0.05569765188822904
1.485E-4                  0.05551709649994278
1.4859999999999998E-4     0.055336541112141195
1.4869999999999998E-4     0.05515774499128291
1.4879999999999998E-4     0.054981149195088355
1.489E-4                  0.05480455339895769
1.49E-4                   0.05462795760288365
1.491E-4                  0.05445136180685887
1.492E-4                  0.05427476601087608
1.493E-4                  0.05409817021492801
1.494E-4                  0.053924016334619206
1.495E-4                  0.053751251148864206
1.496E-4                  0.05357848596363468
1.497E-4                  0.05340572077892377
1.4979999999999998E-4     0.05323295559472469
1.4989999999999998E-4     0.053060190411030494
1.5E-4                    0.05288742522783438
