% Model:              20230225_JW_4_05.mph
% Version:            COMSOL 5.6.0.401
% Date:               Feb 25 2023, 20:16
% Dimension:          1
% Nodes:              1501
% Expressions:        1
% Description:        点图
% X                       Height
0                         26.793165914871565
1.0E-7                    26.75368573578457
2.0E-7                    26.690961378149133
3.0E-7                    26.631299283208097
4.0E-7                    26.573626498154653
5.0E-7                    26.517916968686432
6.0E-7                    26.464247859258602
7.0E-7                    26.41323048263291
8.0E-7                    26.36456810313454
9.0E-7                    26.31507085956204
1.0E-6                    26.261686479152253
1.1E-6                    26.2057700375841
1.2E-6                    26.151902787209668
1.2999999999999998E-6     26.095763204068078
1.4E-6                    26.037915650171563
1.5E-6                    25.980913372690456
1.6E-6                    25.922278630715123
1.6999999999999998E-6     25.864005959971866
1.8E-6                    25.80454881465156
1.9E-6                    25.74526957833814
2.0E-6                    25.685533852632272
2.1E-6                    25.625552993937177
2.2E-6                    25.565448204301106
2.3E-6                    25.50504225827893
2.4E-6                    25.4446091535908
2.4999999999999998E-6     25.383996330046877
2.5999999999999997E-6     25.32336076585317
2.7E-6                    25.262594443914328
2.8E-6                    25.201797826181917
2.8999999999999998E-6     25.14099899097105
3.0E-6                    25.0801561082794
3.1E-6                    25.01927974354214
3.2E-6                    24.958244511240093
3.2999999999999997E-6     24.897289828520073
3.3999999999999996E-6     24.836517273929882
3.5E-6                    24.77563115077691
3.6E-6                    24.714600031687333
3.6999999999999997E-6     24.653726259096437
3.8E-6                    24.59297031440416
3.9E-6                    24.532155125593526
4.0E-6                    24.47131507340615
4.1E-6                    24.410479118220753
4.2E-6                    24.349643961103194
4.2999999999999995E-6     24.289168168819916
4.4E-6                    24.228703849737443
4.5E-6                    24.168241154261015
4.6E-6                    24.107778458784594
4.7E-6                    24.047315763308173
4.8E-6                    23.986861447244898
4.9E-6                    23.926421566426395
4.9999999999999996E-6     23.865981685607892
5.0999999999999995E-6     23.805541804789385
5.199999999999999E-6      23.74498550698672
5.3E-6                    23.684361550381865
5.4E-6                    23.623737593777015
5.5E-6                    23.56311363717216
5.6E-6                    23.50327556178425
5.7E-6                    23.44352714224882
5.7999999999999995E-6     23.383778722713394
5.899999999999999E-6      23.323958543576655
6.0E-6                    23.263769225240612
6.1E-6                    23.20357990690456
6.2E-6                    23.14339058856851
6.3E-6                    23.083322882868117
6.4E-6                    23.023417761951105
6.5E-6                    22.96351264103409
6.5999999999999995E-6     22.903607520117077
6.699999999999999E-6      22.84471208800108
6.799999999999999E-6      22.786263792746734
6.9E-6                    22.72781549749239
7.0E-6                    22.66936720223804
7.1E-6                    22.60767805763295
7.2E-6                    22.54584765268567
7.2999999999999996E-6     22.484017247738397
7.3999999999999995E-6     22.424002376026245
7.499999999999999E-6      22.370299104735246
7.6E-6                    22.316595833444246
7.699999999999999E-6      22.26289256215325
7.8E-6                    22.205752018093875
7.899999999999999E-6      22.14501308593625
8.0E-6                    22.08427415377862
8.1E-6                    22.023535221620993
8.2E-6                    21.962925423416273
8.3E-6                    21.902357822661973
8.4E-6                    21.841790221907672
8.5E-6                    21.78129221764899
8.599999999999999E-6      21.72441338916787
8.7E-6                    21.667534560686747
8.8E-6                    21.610655732205625
8.9E-6                    21.551782397931174
9.0E-6                    21.4918701456697
9.1E-6                    21.43195789340823
9.2E-6                    21.37429551562334
9.299999999999999E-6      21.317941568858835
9.4E-6                    21.26158762209432
9.499999999999999E-6      21.20329741950758
9.6E-6                    21.144814757022004
9.7E-6                    21.08661089969099
9.8E-6                    21.029620057131183
9.9E-6                    20.97262921457138
9.999999999999999E-6      20.91553612367747
1.01E-5                   20.858325008449096
1.0199999999999999E-5     20.801113423487188
1.03E-5                   20.7438681714823
1.0399999999999999E-5     20.686622919477415
1.05E-5                   20.629456842353438
1.06E-5                   20.57230953375327
1.07E-5                   20.515494173543555
1.08E-5                   20.458897371439555
1.0899999999999999E-5     20.402363311085914
1.1E-5                    20.345924309892833
1.1099999999999999E-5     20.28945679148489
1.12E-5                   20.23286942859699
1.13E-5                   20.17628206570908
1.14E-5                   20.120414578290962
1.15E-5                   20.064556699946095
1.1599999999999999E-5     20.008563605069018
1.17E-5                   19.95253269187411
1.1799999999999999E-5     19.89668444181383
1.19E-5                   19.840970622122473
1.2E-5                    19.785373170182368
1.21E-5                   19.729973291192742
1.22E-5                   19.67458467037701
1.2299999999999999E-5     19.619252906583775
1.24E-5                   19.563921142790537
1.2499999999999999E-5     19.50887295036995
1.26E-5                   19.453836605786055
1.2699999999999999E-5     19.3989933981582
1.28E-5                   19.34421303082525
1.29E-5                   19.289503718254384
1.3E-5                    19.23485274802573
1.31E-5                   19.18029972729116
1.3199999999999999E-5     19.12593371332882
1.33E-5                   19.071596301660026
1.3399999999999999E-5     19.017437028401893
1.35E-5                   18.963277755143757
1.3599999999999999E-5     18.90932050752926
1.37E-5                   18.855377776451856
1.38E-5                   18.801609502972244
1.3899999999999999E-5     18.747906551258428
1.4E-5                    18.69432420879928
1.4099999999999999E-5     18.64085222567946
1.42E-5                   18.58745021140913
1.4299999999999999E-5     18.534199087862333
1.44E-5                   18.480974805003147
1.45E-5                   18.427964586860597
1.4599999999999999E-5     18.37495436871804
1.47E-5                   18.322323577457773
1.4799999999999999E-5     18.2697321392265
1.49E-5                   18.217140700995227
1.4999999999999999E-5     18.164549262763956
1.51E-5                   18.112176994771495
1.52E-5                   18.06002809562607
1.53E-5                   18.007879196480644
1.5399999999999998E-5     17.955730297335222
1.55E-5                   17.903621359990204
1.56E-5                   17.85194547600457
1.57E-5                   17.800269592018935
1.5799999999999998E-5     17.7485937080333
1.59E-5                   17.696917824047663
1.6E-5                    17.645580701765457
1.61E-5                   17.594407647913815
1.62E-5                   17.54323459406217
1.63E-5                   17.492061540210532
1.64E-5                   17.441011707358765
1.6499999999999998E-5     17.390307286807687
1.66E-5                   17.33960286625661
1.67E-5                   17.28889844570553
1.68E-5                   17.238194025154453
1.69E-5                   17.187945614144795
1.7E-5                    17.137776313165112
1.71E-5                   17.087607012185426
1.7199999999999998E-5     17.037437711205744
1.73E-5                   16.987452542732484
1.74E-5                   16.937700406173786
1.75E-5                   16.88794826961509
1.76E-5                   16.83819613305639
1.77E-5                   16.788462903918212
1.78E-5                   16.739328301235915
1.7899999999999998E-5     16.690193698553617
1.8E-5                    16.64105909587132
1.81E-5                   16.591924493189023
1.82E-5                   16.543017445080817
1.8299999999999998E-5     16.494249957965813
1.84E-5                   16.445482470850802
1.85E-5                   16.396714983735798
1.8599999999999998E-5     16.34805316779241
1.87E-5                   16.299791111644005
1.88E-5                   16.251529055495602
1.89E-5                   16.2032669993472
1.8999999999999998E-5     16.155004943198794
1.91E-5                   16.107515450410336
1.92E-5                   16.060221156986685
1.9299999999999998E-5     16.01292686356303
1.94E-5                   15.965632570139377
1.95E-5                   15.918467773504942
1.96E-5                   15.871507643593388
1.9699999999999998E-5     15.824547513681836
1.98E-5                   15.77758738377028
1.99E-5                   15.730627253858728
1.9999999999999998E-5     15.683667123947174
2.01E-5                   15.636706994035618
2.02E-5                   15.589746864124066
2.03E-5                   15.542786734212514
2.0399999999999998E-5     15.496575678744463
2.05E-5                   15.450939050970277
2.06E-5                   15.405302423196094
2.07E-5                   15.359665795421911
2.0799999999999997E-5     15.314029167647725
2.09E-5                   15.268392539873542
2.1E-5                    15.222755912099357
2.1099999999999998E-5     15.177119284325173
2.12E-5                   15.131482656550986
2.13E-5                   15.085608555185472
2.14E-5                   15.03965292805339
2.1499999999999997E-5     14.993697300921315
2.16E-5                   14.947741673789235
2.17E-5                   14.90178604665716
2.1799999999999998E-5     14.855830419525082
2.19E-5                   14.809874792393003
2.2E-5                    14.763919165260926
2.21E-5                   14.717963538128853
2.2199999999999998E-5     14.675126836198263
2.23E-5                   14.632550741439026
2.24E-5                   14.58997464667979
2.2499999999999998E-5     14.547398551920555
2.26E-5                   14.504822457161316
2.27E-5                   14.46224636240208
2.28E-5                   14.419670267642845
2.2899999999999998E-5     14.377094172883611
2.3E-5                    14.334431377965398
2.31E-5                   14.290999749333315
2.3199999999999998E-5     14.24756812070123
2.33E-5                   14.204136492069141
2.34E-5                   14.160704863437052
2.35E-5                   14.117273234804966
2.3599999999999998E-5     14.073841606172884
2.37E-5                   14.030409977540796
2.38E-5                   13.98697834890871
2.3899999999999998E-5     13.942952408883603
2.4E-5                    13.89739667846172
2.41E-5                   13.851840948039834
2.42E-5                   13.806285217617955
2.4299999999999998E-5     13.76072948719607
2.44E-5                   13.715173756774185
2.45E-5                   13.669618026352301
2.4599999999999998E-5     13.624062295930418
2.4699999999999997E-5     13.578506565508537
2.48E-5                   13.534901346382313
2.49E-5                   13.493602069316221
2.4999999999999998E-5     13.452302792250128
2.51E-5                   13.411003515184037
2.52E-5                   13.369704238117947
2.53E-5                   13.328404961051856
2.5399999999999997E-5     13.292633868810832
2.55E-5                   13.257780956395363
2.56E-5                   13.222928043979895
2.5699999999999998E-5     13.185815559056284
2.58E-5                   13.142052125634326
2.59E-5                   13.09828869221237
2.6E-5                    13.058921083793434
2.6099999999999997E-5     13.020475813533835
2.62E-5                   12.982070996898335
2.63E-5                   12.943686832221418
2.6399999999999998E-5     12.903833674074518
2.65E-5                   12.864489926621683
2.66E-5                   12.825882969994874
2.67E-5                   12.785891640435858
2.6799999999999998E-5     12.746792617913874
2.69E-5                   12.708010112722942
2.7E-5                    12.669473095708101
2.7099999999999998E-5     12.630408459178414
2.7199999999999997E-5     12.591628050422274
2.73E-5                   12.55301622103306
2.74E-5                   12.514741045582984
2.7499999999999998E-5     12.475944938147116
2.76E-5                   12.4377026711431
2.77E-5                   12.399539154987707
2.7799999999999998E-5     12.361279752231852
2.7899999999999997E-5     12.32323392162856
2.8E-5                    12.285262350374126
2.81E-5                   12.247226258481277
2.8199999999999998E-5     12.209563921617132
2.83E-5                   12.171792530852493
2.84E-5                   12.134191390744077
2.8499999999999998E-5     12.096730559820662
2.8599999999999997E-5     12.059249986653569
2.87E-5                   12.022012497917439
2.88E-5                   11.984858262399062
2.8899999999999998E-5     11.947777853568297
2.9E-5                    11.910795067326454
2.91E-5                   11.873971236100129
2.9199999999999998E-5     11.83721048874293
2.9299999999999997E-5     11.800581456331235
2.94E-5                   11.764012327818685
2.95E-5                   11.7275847583372
2.9599999999999998E-5     11.691254625372832
2.97E-5                   11.654993256597221
2.98E-5                   11.618967093697908
2.99E-5                   11.582974478882184
2.9999999999999997E-5     11.54698186406646
3.01E-5                   11.511143083070671
3.02E-5                   11.47549005801309
3.0299999999999998E-5     11.439837032955513
3.04E-5                   11.404194331374704
3.05E-5                   11.368876198890725
3.06E-5                   11.333558066406747
3.07E-5                   11.298239933922767
3.0799999999999996E-5     11.263143497054985
3.09E-5                   11.228189604038961
3.1E-5                    11.19323571102294
3.11E-5                   11.158341323561647
3.12E-5                   11.123706528192496
3.13E-5                   11.089071732823351
3.14E-5                   11.054436937454202
3.15E-5                   11.02007495424645
3.1599999999999996E-5     10.985797098987353
3.17E-5                   10.951519243728251
3.18E-5                   10.917354320494672
3.1899999999999996E-5     10.883406545368183
3.2E-5                    10.849458770241693
3.21E-5                   10.8155109951152
3.22E-5                   10.781864668039868
3.23E-5                   10.748244567224642
3.24E-5                   10.714624466409418
3.25E-5                   10.681181624954169
3.26E-5                   10.647917617036766
3.2699999999999995E-5     10.614653609119367
3.28E-5                   10.581411269961045
3.29E-5                   10.548433821822565
3.2999999999999996E-5     10.515456373684083
3.31E-5                   10.482478925545603
3.32E-5                   10.44984816408511
3.3299999999999996E-5     10.417401268849767
3.34E-5                   10.384954373614422
3.35E-5                   10.352507478379081
3.36E-5                   10.320060583143738
3.37E-5                   10.287613687908394
3.38E-5                   10.255166792673053
3.39E-5                   10.223225963461713
3.4E-5                    10.191404537142946
3.4099999999999995E-5     10.159583110824181
3.42E-5                   10.127761684505415
3.43E-5                   10.09594025818665
3.4399999999999996E-5     10.064118831867885
3.45E-5                   10.032297405549118
3.46E-5                   10.001093442746471
3.4699999999999996E-5     9.969912038765194
3.48E-5                   9.938730634783917
3.49E-5                   9.907549230802639
3.5E-5                    9.876367826821363
3.51E-5                   9.845186422840085
3.52E-5                   9.814118441090553
3.53E-5                   9.783879023194316
3.54E-5                   9.753639605298073
3.5499999999999996E-5     9.723400187401836
3.56E-5                   9.693160769505592
3.57E-5                   9.662921351609352
3.5799999999999996E-5     9.632681933713114
3.59E-5                   9.602442515816872
3.6E-5                    9.57220309792063
3.6099999999999997E-5     9.541963680024391
3.62E-5                   9.51172426212815
3.63E-5                   9.48148484423191
3.64E-5                   9.45124542633567
3.65E-5                   9.421006008439429
3.6599999999999995E-5     9.391289968814382
3.67E-5                   9.362262870304416
3.68E-5                   9.333235771794454
3.6899999999999996E-5     9.30420867328449
3.7E-5                    9.275181574774525
3.71E-5                   9.24615447626456
3.7199999999999996E-5     9.217127377754597
3.73E-5                   9.188100279244633
3.74E-5                   9.15907318073467
3.75E-5                   9.130046082224707
3.76E-5                   9.101018983714741
3.77E-5                   9.071991885204778
3.78E-5                   9.042964786694814
3.79E-5                   9.01393768818485
3.7999999999999995E-5     8.985749891243422
3.81E-5                   8.957852365863724
3.82E-5                   8.92995484048403
3.8299999999999996E-5     8.902057315104335
3.84E-5                   8.874159789724638
3.85E-5                   8.846262264344942
3.8599999999999996E-5     8.818364738965247
3.87E-5                   8.79046721358555
3.88E-5                   8.762569688205856
3.89E-5                   8.73467216282616
3.9E-5                    8.706774637446465
3.9099999999999995E-5     8.678877112066768
3.92E-5                   8.65097958668707
3.93E-5                   8.623149647807379
3.9399999999999995E-5     8.596496021713794
3.95E-5                   8.569842395620208
3.96E-5                   8.543188769526623
3.9699999999999996E-5     8.516535143433039
3.98E-5                   8.489881517339454
3.99E-5                   8.463227891245866
3.9999999999999996E-5     8.436574265152283
4.01E-5                   8.409920639058697
4.02E-5                   8.383267012965112
4.03E-5                   8.356613386871526
4.04E-5                   8.32995976077794
4.0499999999999995E-5     8.303306134684357
4.06E-5                   8.27665250859077
4.07E-5                   8.250356679183547
4.0799999999999996E-5     8.224681593263282
4.09E-5                   8.199006507343018
4.1E-5                    8.173331421422754
4.1099999999999996E-5     8.14765633550249
4.12E-5                   8.121981249582225
4.13E-5                   8.096306163661962
4.14E-5                   8.070631077741698
4.15E-5                   8.044955991821436
4.1599999999999995E-5     8.019280905901171
4.17E-5                   7.993605819980907
4.18E-5                   7.96793073406064
4.1899999999999995E-5     7.942255648140379
4.2E-5                    7.916580562220115
4.21E-5                   7.891553602227701
4.2199999999999996E-5     7.866835933767945
4.23E-5                   7.842118265308188
4.24E-5                   7.817400596848433
4.2499999999999996E-5     7.79268292838868
4.26E-5                   7.767965259928924
4.27E-5                   7.743247591469165
4.28E-5                   7.71852992300941
4.29E-5                   7.693812254549657
4.2999999999999995E-5     7.669094586089904
4.31E-5                   7.644376917630147
4.32E-5                   7.619659249170391
4.3299999999999995E-5     7.594941580710637
4.34E-5                   7.5702239122508805
4.35E-5                   7.547239357597411
4.3599999999999996E-5     7.524275389242206
4.37E-5                   7.501311420886997
4.38E-5                   7.478347452531789
4.3899999999999996E-5     7.455383484176583
4.4E-5                    7.432419515821375
4.41E-5                   7.409455547466165
4.42E-5                   7.38649157911096
4.43E-5                   7.363527610755752
4.4399999999999995E-5     7.340563642400544
4.45E-5                   7.317599674045336
4.46E-5                   7.294635705690127
4.4699999999999996E-5     7.2716717373349224
4.48E-5                   7.248698753541753
4.49E-5                   7.225704690607849
4.4999999999999996E-5     7.202710627673946
4.51E-5                   7.179716564740042
4.52E-5                   7.156722501806138
4.5299999999999997E-5     7.133728438872236
4.54E-5                   7.11073437593833
4.5499999999999995E-5     7.087740313004427
4.56E-5                   7.064746250070523
4.57E-5                   7.041752187136619
4.5799999999999995E-5     7.018758124202717
4.59E-5                   6.995764061268811
4.6E-5                    6.9727699983349085
4.6099999999999996E-5     6.950755740146279
4.62E-5                   6.928761734907857
4.63E-5                   6.90676772966943
4.6399999999999996E-5     6.884773724431007
4.65E-5                   6.862779719192581
4.66E-5                   6.8407857139541575
4.67E-5                   6.818791708715732
4.68E-5                   6.796797703477308
4.6899999999999995E-5     6.774803698238884
4.7E-5                    6.752809693000458
4.71E-5                   6.730815687762033
4.7199999999999995E-5     6.709666931493778
4.73E-5                   6.688620612036815
4.74E-5                   6.667574292579852
4.7499999999999996E-5     6.6465279731228915
4.76E-5                   6.625481653665928
4.77E-5                   6.604435334208966
4.7799999999999996E-5     6.583389014752004
4.79E-5                   6.562342695295043
4.8E-5                    6.541296375838079
4.81E-5                   6.5203336974051425
4.82E-5                   6.4996677017403055
4.8299999999999995E-5     6.47900170607547
4.84E-5                   6.458335710410633
4.85E-5                   6.437669714745798
4.8599999999999995E-5     6.417003719080962
4.87E-5                   6.396337723416127
4.88E-5                   6.37567172775129
4.8899999999999996E-5     6.355292201710911
4.9E-5                    6.335326550577339
4.91E-5                   6.3153608994437676
4.9199999999999997E-5     6.295395248310197
4.93E-5                   6.275429597176624
4.9399999999999995E-5     6.2554639460430534
4.95E-5                   6.2354983787398774
4.96E-5                   6.215537747663293
4.9699999999999995E-5     6.195577116586712
4.98E-5                   6.175616485510129
4.99E-5                   6.1556558544335465
4.9999999999999996E-5     6.135695223356964
5.01E-5                   6.1160848498359925
5.02E-5                   6.0966873983544545
5.0299999999999996E-5     6.077289946872917
5.04E-5                   6.057892495391378
5.05E-5                   6.038495043909841
5.06E-5                   6.019155646469782
5.07E-5                   5.999825127964789
5.0799999999999995E-5     5.980494609459795
5.09E-5                   5.9611640909548
5.1E-5                    5.9420144888225455
5.1099999999999995E-5     5.9229915354475065
5.12E-5                   5.903968582072466
5.13E-5                   5.884945628697425
5.1399999999999996E-5     5.866195764198684
5.15E-5                   5.847543347387907
5.16E-5                   5.828890930577129
5.1699999999999996E-5     5.81023851376635
5.18E-5                   5.791697038786094
5.1899999999999994E-5     5.773169867161027
5.2E-5                    5.754642695535959
5.21E-5                   5.736126114867077
5.2199999999999995E-5     5.71790517230241
5.23E-5                   5.69968422973774
5.24E-5                   5.681463287173072
5.2499999999999995E-5     5.663267278143278
5.26E-5                   5.645182307264599
5.27E-5                   5.62709733638592
5.2799999999999996E-5     5.60901236550724
5.29E-5                   5.5910254613945725
5.3E-5                    5.57323572925272
5.3099999999999996E-5     5.555445997110866
5.32E-5                   5.537656264969013
5.3299999999999995E-5     5.519937920538709
5.34E-5                   5.502296619391724
5.35E-5                   5.484655318244741
5.3599999999999995E-5     5.467014017097757
5.37E-5                   5.449533417255485
5.38E-5                   5.432147304184343
5.3899999999999996E-5     5.414761191113199
5.4E-5                    5.397375078042056
5.41E-5                   5.3801460625152515
5.4199999999999996E-5     5.362961738232043
5.43E-5                   5.345777413948832
5.4399999999999994E-5     5.328593089665623
5.4499999999999997E-5     5.311566335642509
5.46E-5                   5.294551932772366
5.4699999999999995E-5     5.277537529902223
5.48E-5                   5.260545840310678
5.49E-5                   5.243829901805737
5.4999999999999995E-5     5.227113963300795
5.51E-5                   5.210398024795853
5.52E-5                   5.193693195939463
5.5299999999999996E-5     5.177026658156683
5.54E-5                   5.160360120373903
5.55E-5                   5.143693582591123
5.5599999999999996E-5     5.127180861509327
5.57E-5                   5.110925954601669
5.5799999999999994E-5     5.094671047694012
5.59E-5                   5.078416140786353
5.6E-5                    5.062135619485097
5.6099999999999995E-5     5.045831686456372
5.62E-5                   5.029527753427646
5.63E-5                   5.013223820398921
5.6399999999999995E-5     4.99721316946421
5.65E-5                   4.981346154374448
5.66E-5                   4.965479139284684
5.6699999999999996E-5     4.949612124194924
5.68E-5                   4.933692894414739
5.69E-5                   4.917762205982046
5.6999999999999996E-5     4.901831517549354
5.71E-5                   4.886013721560224
5.7199999999999994E-5     4.870401984143863
5.73E-5                   4.854790246727499
5.74E-5                   4.839207604469082
5.7499999999999995E-5     4.823719957489215
5.76E-5                   4.808232310509344
5.77E-5                   4.7927943451975805
5.7799999999999995E-5     4.777423066781731
5.79E-5                   4.762051788365879
5.8E-5                    4.746811664613564
5.8099999999999996E-5     4.731586088750345
5.82E-5                   4.716437346983454
5.8299999999999994E-5     4.701334499239678
5.8399999999999997E-5     4.686248357932012
5.85E-5                   4.671174346243425
5.8599999999999995E-5     4.656174965027153
5.87E-5                   4.641241060448205
5.88E-5                   4.626331723870472
5.8899999999999995E-5     4.611433391864951
5.9E-5                    4.596621538704467
5.91E-5                   4.5818255282223275
5.9199999999999996E-5     4.567092212116892
5.93E-5                   4.5523761967477645
5.94E-5                   4.537748003682307
5.9499999999999996E-5     4.523145609376936
5.96E-5                   4.508597399257059
5.9699999999999994E-5     4.494081280152383
5.98E-5                   4.4795998525110905
5.99E-5                   4.465193780205578
5.9999999999999995E-5     4.450830370468702
6.01E-5                   4.436506851686161
6.02E-5                   4.42219352570674
6.0299999999999995E-5     4.40798141349185
6.04E-5                   4.393782405944174
6.05E-5                   4.379648724209847
6.0599999999999996E-5     4.365550985710584
6.07E-5                   4.351550222055953
6.08E-5                   4.337549458401321
6.0899999999999996E-5     4.323548694746689
6.1E-5                    4.309649716909916
6.11E-5                   4.295822539338119
6.12E-5                   4.281995361766324
6.13E-5                   4.2681681841945265
6.14E-5                   4.254483900774813
6.149999999999999E-5      4.240815085338885
6.159999999999999E-5      4.227146269902954
6.17E-5                   4.213512612945278
6.18E-5                   4.200004868322938
6.19E-5                   4.1864971237005975
6.2E-5                    4.172989379078258
6.209999999999999E-5      4.159565817157239
6.22E-5                   4.146215648983995
6.23E-5                   4.132865480810749
6.24E-5                   4.119515312637505
6.25E-5                   4.106297369930006
6.26E-5                   4.093102726652116
6.269999999999999E-5      4.079908083374227
6.28E-5                   4.06673924433524
6.29E-5                   4.053699914654169
6.3E-5                    4.040660584973098
6.31E-5                   4.027621255292027
6.319999999999999E-5      4.014699225827971
6.33E-5                   4.001903208519194
6.34E-5                   3.9891071912104183
6.35E-5                   3.9763111739016415
6.36E-5                   3.963515156592865
6.37E-5                   3.950719139284089
6.379999999999999E-5      3.937923121975314
6.39E-5                   3.9251620222561248
6.4E-5                    3.912672283459061
6.41E-5                   3.9001825446619964
6.42E-5                   3.8876928058649325
6.429999999999999E-5      3.8752030670678694
6.44E-5                   3.8627133282708046
6.45E-5                   3.85022358947374
6.46E-5                   3.8377338506766763
6.47E-5                   3.8254589548945837
6.48E-5                   3.813257242312128
6.489999999999999E-5      3.8010555297296738
6.5E-5                    3.7888538171472175
6.51E-5                   3.7766521045647616
6.52E-5                   3.764450391982306
6.53E-5                   3.7522486793998495
6.539999999999999E-5      3.740154154418441
6.549999999999999E-5      3.7282361393208854
6.56E-5                   3.71631812422333
6.57E-5                   3.7044001091257743
6.58E-5                   3.6924820940282186
6.59E-5                   3.6805640789306624
6.599999999999999E-5      3.668646063833109
6.61E-5                   3.6567307564765166
6.62E-5                   3.645090961302109
6.63E-5                   3.6334511661277027
6.64E-5                   3.621811370953296
6.65E-5                   3.61017157577889
6.659999999999999E-5      3.598531780604484
6.67E-5                   3.586891985430078
6.68E-5                   3.575252190255671
6.69E-5                   3.5638702821896584
6.7E-5                    3.5526324049747435
6.709999999999999E-5      3.54139452775983
6.72E-5                   3.530156650544915
6.73E-5                   3.5189187733300007
6.74E-5                   3.5076808961150863
6.75E-5                   3.496443018900172
6.76E-5                   3.485205141685257
6.769999999999999E-5      3.473967264470344
6.78E-5                   3.462729387255429
6.79E-5                   3.4514915100405146
6.8E-5                    3.4402536328255997
6.81E-5                   3.4290157556106853
6.819999999999999E-5      3.417777878395772
6.829999999999999E-5      3.4065400011808573
6.84E-5                   3.3957721959958853
6.85E-5                   3.3850534722281704
6.86E-5                   3.3743347484604556
6.87E-5                   3.36361602469274
6.879999999999999E-5      3.3528973009250262
6.89E-5                   3.342178577157311
6.9E-5                    3.331459853389596
6.91E-5                   3.3207411296218803
6.92E-5                   3.3100224058541654
6.929999999999999E-5      3.2993036820864514
6.939999999999999E-5      3.2885849583187365
6.95E-5                   3.2778662345510208
6.96E-5                   3.267147510783306
6.97E-5                   3.2564287870155906
6.98E-5                   3.2457928178104747
6.989999999999999E-5      3.235562966666531
7.0E-5                    3.2253331155225875
7.01E-5                   3.2151032643786435
7.02E-5                   3.204873413234699
7.03E-5                   3.194643562090755
7.04E-5                   3.1844137109468114
7.049999999999999E-5      3.1741838598028687
7.06E-5                   3.163954008658925
7.07E-5                   3.1537241575149793
7.08E-5                   3.1434943063710357
7.09E-5                   3.1332644552270916
7.099999999999999E-5      3.1230346040831494
7.11E-5                   3.112804752939205
7.12E-5                   3.102574901795261
7.13E-5                   3.0925555001813394
7.14E-5                   3.0828115702794325
7.15E-5                   3.0730676403775257
7.159999999999999E-5      3.0633237104756206
7.17E-5                   3.0535797805737133
7.18E-5                   3.043835850671807
7.19E-5                   3.0340919207699
7.2E-5                    3.024347990867993
7.209999999999999E-5      3.014604060966088
7.219999999999999E-5      3.004860131064181
7.23E-5                   2.995116201162274
7.24E-5                   2.985372271260367
7.25E-5                   2.97562834135846
7.26E-5                   2.9658844114565532
7.269999999999999E-5      2.9561404815546477
7.28E-5                   2.9466963486196622
7.29E-5                   2.9373825981185684
7.3E-5                    2.928068847617475
7.31E-5                   2.9187550971163816
7.319999999999999E-5      2.909441346615289
7.329999999999999E-5      2.9001275961141957
7.34E-5                   2.8908138456131023
7.35E-5                   2.8815000951120084
7.36E-5                   2.872186344610915
7.37E-5                   2.8628725941098216
7.379999999999999E-5      2.8535588436087296
7.39E-5                   2.8442450931076357
7.4E-5                    2.834931342606543
7.41E-5                   2.825617592105449
7.42E-5                   2.8163038416043555
7.429999999999999E-5      2.8074241156250537
7.439999999999999E-5      2.798562130908203
7.45E-5                   2.789700146191352
7.46E-5                   2.7808381614745015
7.47E-5                   2.7719761767576507
7.48E-5                   2.7631141920408004
7.489999999999999E-5      2.7542522073239506
7.5E-5                    2.7453902226071003
7.51E-5                   2.7365282378902496
7.52E-5                   2.7276662531733993
7.53E-5                   2.7188042684565485
7.54E-5                   2.709942283739698
7.549999999999999E-5      2.701080299022848
7.56E-5                   2.6922183143059972
7.57E-5                   2.6834448413829066
7.58E-5                   2.6749770366435817
7.59E-5                   2.6665092319042563
7.599999999999999E-5      2.6580414271649326
7.609999999999999E-5      2.6495736224256077
7.62E-5                   2.6411058176862823
7.63E-5                   2.6326380129469578
7.64E-5                   2.624170208207633
7.65E-5                   2.615702403468308
7.659999999999999E-5      2.6072345987289838
7.67E-5                   2.598766793989659
7.68E-5                   2.5902989892503334
7.69E-5                   2.5818311845110085
7.7E-5                    2.5733633797716835
7.709999999999999E-5      2.5648955750323594
7.719999999999999E-5      2.5566153886409233
7.73E-5                   2.5485317609886815
7.74E-5                   2.540448133336441
7.75E-5                   2.5323645056841992
7.76E-5                   2.5242808780319583
7.769999999999999E-5      2.5161972503797183
7.78E-5                   2.5081136227274765
7.79E-5                   2.5000299950752356
7.8E-5                    2.4919463674229942
7.81E-5                   2.4838627397707533
7.819999999999999E-5      2.4757791121185133
7.829999999999999E-5      2.4676954844662715
7.84E-5                   2.45961185681403
7.85E-5                   2.4515282291617893
7.86E-5                   2.443444601509548
7.87E-5                   2.4356864613818963
7.879999999999999E-5      2.428035558264223
7.89E-5                   2.4203846551465484
7.9E-5                    2.412733752028875
7.91E-5                   2.405082848911201
7.92E-5                   2.3974319457935263
7.93E-5                   2.389781042675852
7.939999999999999E-5      2.382130139558179
7.95E-5                   2.374479236440505
7.96E-5                   2.36682833332283
7.97E-5                   2.359177430205156
7.98E-5                   2.351526527087482
7.989999999999999E-5      2.343875623969809
7.999999999999999E-5      2.3362247208521345
8.01E-5                   2.3285770676186375
8.02E-5                   2.321129289969479
8.03E-5                   2.3136815123203207
8.04E-5                   2.3062337346711614
8.049999999999999E-5      2.298785957022004
8.06E-5                   2.291338179372845
8.07E-5                   2.2838904017236863
8.08E-5                   2.276442624074528
8.09E-5                   2.268994846425369
8.099999999999999E-5      2.2615470687762107
8.109999999999999E-5      2.2540992911270528
8.12E-5                   2.2466515134778935
8.13E-5                   2.239203735828735
8.14E-5                   2.2317559581795763
8.15E-5                   2.224308180530417
8.159999999999999E-5      2.21703476448195
8.17E-5                   2.2102101141522303
8.18E-5                   2.2033854638225114
8.19E-5                   2.1965608134927925
8.2E-5                    2.1897361631630736
8.209999999999999E-5      2.182911512833355
8.219999999999999E-5      2.1760868625036363
8.23E-5                   2.169262212173917
8.24E-5                   2.1624375618441976
8.25E-5                   2.1556129115144786
8.26E-5                   2.1487882611847597
8.269999999999999E-5      2.1419636108550413
8.28E-5                   2.1351389605253224
8.29E-5                   2.128314310195603
8.3E-5                    2.1214896598658837
8.31E-5                   2.1146957693054795
8.319999999999999E-5      2.1079277006795403
8.329999999999999E-5      2.1011596320535992
8.34E-5                   2.0943915634276586
8.35E-5                   2.0876234948017185
8.36E-5                   2.080855426175778
8.37E-5                   2.0740873575498364
8.379999999999999E-5      2.067319288923897
8.389999999999999E-5      2.060551220297957
8.4E-5                    2.053783151672016
8.41E-5                   2.0470150830460754
8.42E-5                   2.040247014420135
8.43E-5                   2.033478945794194
8.439999999999999E-5      2.0268010623492634
8.45E-5                   2.0203538570672075
8.46E-5                   2.0139066517851516
8.47E-5                   2.007459446503096
8.48E-5                   2.0010122412210403
8.489999999999999E-5      1.9945650359389855
8.499999999999999E-5      1.9881178306569296
8.51E-5                   1.981670625374874
8.52E-5                   1.9752234200928178
8.53E-5                   1.9687762148107621
8.54E-5                   1.9623290095287065
8.549999999999999E-5      1.9558818042466513
8.56E-5                   1.9496565059053548
8.57E-5                   1.943466496640722
8.58E-5                   1.93727648737609
8.59E-5                   1.9310864781114576
8.599999999999999E-5      1.9248964688468257
8.609999999999999E-5      1.918706459582193
8.62E-5                   1.9125164503175607
8.63E-5                   1.9063264410529286
8.64E-5                   1.9001364317882956
8.65E-5                   1.8939895885025404
8.659999999999999E-5      1.8878920608047236
8.669999999999999E-5      1.8817945331069061
8.68E-5                   1.8756970054090887
8.69E-5                   1.869599477711271
8.7E-5                    1.8635019500134533
8.709999999999999E-5      1.8574044223156365
8.719999999999999E-5      1.851306894617819
8.73E-5                   1.8453330966881696
8.74E-5                   1.839455199385861
8.75E-5                   1.8335773020835517
8.76E-5                   1.827699404781243
8.769999999999999E-5      1.8218215074789348
8.779999999999999E-5      1.8159436101766255
8.79E-5                   1.8100657128743165
8.8E-5                    1.8042284484773636
8.81E-5                   1.7984133412677148
8.82E-5                   1.7925982340580657
8.829999999999999E-5      1.7867831268484176
8.84E-5                   1.7809680196387687
8.85E-5                   1.7751529124291199
8.86E-5                   1.7694047047757642
8.87E-5                   1.7637479343037754
8.879999999999999E-5      1.7580911638317875
8.889999999999999E-5      1.752434393359799
8.9E-5                    1.7467776228878105
8.91E-5                   1.741120852415822
8.92E-5                   1.735531336767662
8.93E-5                   1.729956547699187
8.939999999999999E-5      1.7243817586307124
8.95E-5                   1.7188069695622374
8.96E-5                   1.7132321804937625
8.97E-5                   1.7076796484706815
8.98E-5                   1.7022068533740933
8.989999999999999E-5      1.6967340582775057
8.999999999999999E-5      1.6912612631809174
9.01E-5                   1.6857884680843291
9.02E-5                   1.680315672987741
9.03E-5                   1.674904584242393
9.04E-5                   1.66953195014834
9.049999999999999E-5      1.6641593160542882
9.059999999999999E-5      1.6587866819602353
9.07E-5                   1.6534140478661823
9.08E-5                   1.6480427527618875
9.09E-5                   1.6427662826962957
9.099999999999999E-5      1.6374898126307047
9.109999999999999E-5      1.6322133425651129
9.12E-5                   1.6269368724995208
9.13E-5                   1.6216604024339292
9.14E-5                   1.6164218819702219
9.15E-5                   1.6112375726024368
9.159999999999999E-5      1.6060532632346523
9.169999999999999E-5      1.6008689538668672
9.18E-5                   1.595684644499082
9.19E-5                   1.5905003351312974
9.2E-5                    1.5853934939165335
9.21E-5                   1.5803048680912324
9.219999999999999E-5      1.5752162422659328
9.23E-5                   1.570127616440632
9.24E-5                   1.565038990615331
9.25E-5                   1.559968981270388
9.26E-5                   1.5549700815471363
9.269999999999999E-5      1.5499711818238857
9.279999999999999E-5      1.5449722821006342
9.29E-5                   1.5399733823773827
9.3E-5                    1.5349744826541314
9.31E-5                   1.530029488292733
9.32E-5                   1.5251196392368314
9.329999999999999E-5      1.52020979018093
9.34E-5                   1.5152999411250283
9.35E-5                   1.5103900920691264
9.36E-5                   1.5054805293118738
9.37E-5                   1.5006605415434229
9.379999999999999E-5      1.4958405537749724
9.389999999999999E-5      1.4910205660065214
9.4E-5                    1.4862005782380703
9.41E-5                   1.4813805904696193
9.42E-5                   1.4765943287241794
9.43E-5                   1.4718584376972645
9.439999999999999E-5      1.4671225466703504
9.449999999999999E-5      1.4623866556434355
9.46E-5                   1.4576507646165204
9.47E-5                   1.4529148735896058
9.48E-5                   1.4482482040200526
9.489999999999999E-5      1.4435989599506787
9.499999999999999E-5      1.438949715881304
9.51E-5                   1.4343004718119294
9.52E-5                   1.4296512277425548
9.53E-5                   1.4250263884388996
9.54E-5                   1.42050118812725
9.549999999999999E-5      1.4159759878156015
9.559999999999999E-5      1.4114507875039524
9.57E-5                   1.4069255871923034
9.58E-5                   1.402400386880654
9.59E-5                   1.3978751865690047
9.6E-5                    1.3933499862573557
9.609999999999999E-5      1.3888247859457072
9.62E-5                   1.3842995856340579
9.63E-5                   1.3797743853224085
9.64E-5                   1.3752491850107593
9.65E-5                   1.37088390465919
9.659999999999999E-5      1.3665198412141908
9.669999999999999E-5      1.3621557777691908
9.68E-5                   1.357791714324191
9.69E-5                   1.3534276508791914
9.7E-5                    1.349063587434191
9.71E-5                   1.3446995239891915
9.719999999999999E-5      1.3403354605441922
9.73E-5                   1.3359713970991924
9.74E-5                   1.3316073336541925
9.75E-5                   1.3272432702091927
9.76E-5                   1.323001398805902
9.769999999999999E-5      1.3187923713430094
9.779999999999999E-5      1.3145833438801156
9.79E-5                   1.3103743164172221
9.8E-5                    1.3061652889543287
9.81E-5                   1.3019562614914353
9.82E-5                   1.2977472340285414
9.829999999999999E-5      1.2935382065656487
9.839999999999999E-5      1.289329179102755
9.85E-5                   1.2851201516398616
9.86E-5                   1.280911124176968
9.87E-5                   1.2767892251700521
9.879999999999999E-5      1.2727294266601543
9.889999999999999E-5      1.2686696281502559
9.9E-5                    1.2646098296403574
9.91E-5                   1.260550031130459
9.92E-5                   1.2564902326205603
9.93E-5                   1.252430434110662
9.939999999999999E-5      1.2483706356007642
9.949999999999999E-5      1.2443108370908655
9.96E-5                   1.240251038580967
9.97E-5                   1.2361912400710684
9.98E-5                   1.2321863919246174
9.989999999999999E-5      1.2282713663597362
9.999999999999999E-5      1.2243563407948548
1.001E-4                  1.2204413152299731
1.002E-4                  1.2165262896650915
1.003E-4                  1.21261126410021
1.004E-4                  1.2086962385353284
1.0049999999999999E-4     1.2047812129704474
1.0059999999999999E-4     1.2008661874055657
1.007E-4                  1.196951161840684
1.008E-4                  1.1930361362758026
1.009E-4                  1.1891569499689696
1.01E-4                   1.185446407977343
1.0109999999999999E-4     1.181735865985717
1.012E-4                  1.1780253239940899
1.013E-4                  1.1743147820024635
1.014E-4                  1.170604240010837
1.015E-4                  1.1668936980192104
1.0159999999999999E-4     1.163183156027584
1.0169999999999999E-4     1.1594726140359575
1.018E-4                  1.155762072044331
1.019E-4                  1.1520515300527039
1.02E-4                   1.1483409880610775
1.021E-4                  1.144630446069451
1.0219999999999999E-4     1.1409199040778246
1.0229999999999999E-4     1.137209362086198
1.024E-4                  1.1334988200945715
1.025E-4                  1.1297882781029447
1.026E-4                  1.126077736111318
1.0269999999999999E-4     1.1223671941196918
1.0279999999999999E-4     1.1186566521280654
1.029E-4                  1.1149461101364384
1.03E-4                   1.1112355681448118
1.031E-4                  1.1075250261531855
1.032E-4                  1.104013612566935
1.0329999999999999E-4     1.1005627998571539
1.0339999999999999E-4     1.097111987147372
1.035E-4                  1.0936611744375906
1.036E-4                  1.090210361727809
1.037E-4                  1.0867595490180275
1.0379999999999999E-4     1.0833087363082463
1.0389999999999999E-4     1.0798579235984647
1.04E-4                   1.0764071108886832
1.041E-4                  1.0729562981789016
1.042E-4                  1.0695054854691202
1.043E-4                  1.0660546727593383
1.0439999999999999E-4     1.0626038600495573
1.0449999999999999E-4     1.0591530473397757
1.046E-4                  1.055702234629994
1.047E-4                  1.0522514219202126
1.048E-4                  1.0488006092104312
1.049E-4                  1.045349796500649
1.0499999999999999E-4     1.0418989837908685
1.051E-4                  1.0384481710810867
1.052E-4                  1.0349973583713052
1.053E-4                  1.0315465456615236
1.054E-4                  1.0281815479780658
1.0549999999999999E-4     1.024970384239278
1.0559999999999999E-4     1.0217592205004904
1.057E-4                  1.0185480567617022
1.058E-4                  1.0153368930229143
1.059E-4                  1.0121257292841264
1.06E-4                   1.0089145655453384
1.0609999999999999E-4     1.0057034018065507
1.0619999999999999E-4     1.0024922380677628
1.063E-4                  0.999281074328975
1.064E-4                  0.9960699105901869
1.065E-4                  0.9928587468513989
1.0659999999999999E-4     0.9896475831126113
1.0669999999999999E-4     0.9864364193738234
1.068E-4                  0.9832252556350354
1.069E-4                  0.9800140918962473
1.07E-4                   0.9768029281574594
1.071E-4                  0.9735917644186716
1.0719999999999999E-4     0.9703806006798837
1.0729999999999999E-4     0.967169436941096
1.074E-4                  0.9639582732023081
1.075E-4                  0.96074710946352
1.076E-4                  0.957535945724732
1.0769999999999999E-4     0.954540290398299
1.0779999999999999E-4     0.951556098047487
1.079E-4                  0.9485719056966752
1.08E-4                   0.9455877133458633
1.081E-4                  0.9426035209950515
1.082E-4                  0.9396193286442396
1.0829999999999999E-4     0.9366351362934282
1.0839999999999999E-4     0.9336509439426164
1.085E-4                  0.9306667515918043
1.086E-4                  0.9276825592409925
1.087E-4                  0.9246983668901806
1.0879999999999999E-4     0.9217141745393691
1.0889999999999999E-4     0.9187299821885574
1.0899999999999999E-4     0.9157457898377455
1.091E-4                  0.9127615974869336
1.092E-4                  0.9097774051361217
1.093E-4                  0.90679321278531
1.0939999999999999E-4     0.9038090204344984
1.0949999999999999E-4     0.9008248280836865
1.096E-4                  0.8978406357328746
1.097E-4                  0.8948564433820627
1.098E-4                  0.891872251031251
1.099E-4                  0.8889986986157475
1.0999999999999999E-4     0.8862190520280776
1.1009999999999999E-4     0.883439405440407
1.102E-4                  0.8806597588527366
1.103E-4                  0.8778801122650663
1.104E-4                  0.8751004656773957
1.1049999999999999E-4     0.8723208190897256
1.1059999999999999E-4     0.8695411725020551
1.107E-4                  0.8667615259143848
1.108E-4                  0.8639818793267143
1.109E-4                  0.8612022327390438
1.11E-4                   0.8584225861513733
1.1109999999999999E-4     0.8556429395637034
1.1119999999999999E-4     0.8528632929760328
1.113E-4                  0.8500836463883624
1.114E-4                  0.8473039998006919
1.115E-4                  0.8445243532130216
1.1159999999999999E-4     0.8417447066253514
1.1169999999999999E-4     0.8389650600376809
1.118E-4                  0.8361854134500106
1.119E-4                  0.8334057668623401
1.12E-4                   0.8306261202746696
1.121E-4                  0.8278727552266898
1.1219999999999999E-4     0.8252917370257128
1.1229999999999999E-4     0.8227107188247357
1.124E-4                  0.8201297006237585
1.125E-4                  0.8175486824227812
1.126E-4                  0.8149676642218039
1.1269999999999999E-4     0.812386646020827
1.1279999999999999E-4     0.8098056278198499
1.1289999999999999E-4     0.8072246096188725
1.13E-4                   0.8046435914178953
1.131E-4                  0.8020625732169181
1.132E-4                  0.7994815550159408
1.1329999999999999E-4     0.796900536814964
1.1339999999999999E-4     0.7943195186139866
1.135E-4                  0.7917385004130093
1.136E-4                  0.7891574822120322
1.137E-4                  0.7865764640110551
1.138E-4                  0.7839954458100777
1.1389999999999999E-4     0.7814144276091007
1.1399999999999999E-4     0.7788334094081234
1.141E-4                  0.7762523912071462
1.142E-4                  0.7736713730061691
1.143E-4                  0.7710903548051918
1.1439999999999999E-4     0.768636799980513
1.1449999999999999E-4     0.7662319031330813
1.146E-4                  0.7638270062856496
1.147E-4                  0.7614221094382179
1.148E-4                  0.759017212590786
1.149E-4                  0.7566123157433543
1.1499999999999999E-4     0.7542074188959229
1.1509999999999999E-4     0.7518025220484912
1.152E-4                  0.7493976252010593
1.153E-4                  0.7469927283536275
1.154E-4                  0.7445878315061958
1.1549999999999999E-4     0.7421829346587644
1.1559999999999999E-4     0.7397780378113327
1.157E-4                  0.7373731409639008
1.158E-4                  0.7349682441164692
1.159E-4                  0.7325633472690374
1.16E-4                   0.7301584504216058
1.1609999999999999E-4     0.7277535535741743
1.1619999999999999E-4     0.7253486567267424
1.163E-4                  0.7229437598793107
1.164E-4                  0.720538863031879
1.165E-4                  0.7181339661844472
1.1659999999999999E-4     0.7157827909055013
1.1669999999999999E-4     0.7135483660369202
1.1679999999999999E-4     0.7113139411683392
1.169E-4                  0.7090795162997581
1.17E-4                   0.7068450914311771
1.171E-4                  0.7046106665625961
1.1719999999999999E-4     0.7023762416940155
1.1729999999999999E-4     0.7001418168254343
1.174E-4                  0.6979073919568534
1.175E-4                  0.6956729670882723
1.176E-4                  0.6934385422196911
1.177E-4                  0.6912041173511101
1.1779999999999999E-4     0.6889696924825295
1.1789999999999999E-4     0.6867352676139484
1.18E-4                   0.6845008427453674
1.181E-4                  0.6822664178767863
1.182E-4                  0.6800319930082054
1.1829999999999999E-4     0.6777975681396247
1.1839999999999999E-4     0.6755631432710435
1.185E-4                  0.6733287184024626
1.186E-4                  0.6710942935338815
1.187E-4                  0.6688598686653004
1.188E-4                  0.6666254437967195
1.1889999999999999E-4     0.6645335726361579
1.1899999999999999E-4     0.6624563974152586
1.191E-4                  0.6603792221943596
1.192E-4                  0.6583020469734606
1.193E-4                  0.6562248717525615
1.1939999999999999E-4     0.6541476965316627
1.1949999999999999E-4     0.6520705213107637
1.196E-4                  0.6499933460898645
1.197E-4                  0.6479161708689655
1.198E-4                  0.6458389956480665
1.199E-4                  0.6437618204271673
1.1999999999999999E-4     0.6416846452062686
1.2009999999999999E-4     0.6396074699853695
1.202E-4                  0.6375302947644704
1.203E-4                  0.6354531195435714
1.204E-4                  0.6333759443226723
1.2049999999999999E-4     0.6312987691017734
1.2059999999999999E-4     0.6292215938808745
1.2069999999999999E-4     0.6271444186599753
1.208E-4                  0.6250672434390762
1.209E-4                  0.6229900682181772
1.21E-4                   0.6209128929972781
1.2109999999999999E-4     0.6189042948841772
1.2119999999999999E-4     0.6169648375624919
1.213E-4                  0.6150253802408063
1.214E-4                  0.6130859229191209
1.215E-4                  0.6111464655974356
1.216E-4                  0.6092070082757503
1.2169999999999999E-4     0.6072675509540651
1.2179999999999999E-4     0.6053280936323796
1.219E-4                  0.6033886363106943
1.22E-4                   0.6014491789890088
1.2209999999999999E-4     0.5995097216673237
1.222E-4                  0.5975702643456384
1.223E-4                  0.595630807023953
1.224E-4                  0.5936913497022674
1.225E-4                  0.5917518923805822
1.226E-4                  0.5898124350588968
1.227E-4                  0.5878729777372114
1.228E-4                  0.585933520415526
1.229E-4                  0.5839940630938406
1.2299999999999998E-4     0.5820546057721557
1.2309999999999998E-4     0.5801151484504703
1.2319999999999999E-4     0.578175691128785
1.233E-4                  0.5762498139579849
1.234E-4                  0.5744623226574763
1.235E-4                  0.5726748313569677
1.236E-4                  0.5708873400564591
1.237E-4                  0.5690998487559507
1.238E-4                  0.567312357455442
1.239E-4                  0.5655248661549335
1.24E-4                   0.5637373748544249
1.241E-4                  0.5619498835539163
1.2419999999999998E-4     0.5601623922534081
1.2429999999999999E-4     0.5583749009528997
1.244E-4                  0.5565874096523911
1.245E-4                  0.5547999183518825
1.246E-4                  0.553012427051374
1.247E-4                  0.5512249357508653
1.248E-4                  0.5494374444503568
1.249E-4                  0.5476499531498483
1.25E-4                   0.5458624618493396
1.251E-4                  0.5440749705488311
1.252E-4                  0.5422874792483225
1.2529999999999998E-4     0.5404999879478144
1.2539999999999999E-4     0.5387124966473058
1.255E-4                  0.5369250053467973
1.256E-4                  0.5352038295659097
1.257E-4                  0.5335137504017375
1.258E-4                  0.5318236712375654
1.259E-4                  0.5301335920733931
1.26E-4                   0.5284435129092209
1.261E-4                  0.5267534337450488
1.262E-4                  0.5250633545808766
1.263E-4                  0.5233732754167044
1.2639999999999998E-4     0.5216831962525328
1.2649999999999998E-4     0.5199931170883605
1.266E-4                  0.5183030379241882
1.267E-4                  0.5166129587600161
1.268E-4                  0.5149228795958439
1.269E-4                  0.5132328004316717
1.27E-4                   0.5115427212674997
1.271E-4                  0.5098526421033274
1.272E-4                  0.5081625629391552
1.273E-4                  0.506472483774983
1.274E-4                  0.5047824046108107
1.2749999999999998E-4     0.503092325446639
1.2759999999999998E-4     0.5014022462824669
1.277E-4                  0.49971216711829464
1.278E-4                  0.49806446012117406
1.279E-4                  0.49653005667180133
1.28E-4                   0.49499565322242844
1.281E-4                  0.49346124977305567
1.282E-4                  0.49192684632368283
1.283E-4                  0.49039244287431005
1.284E-4                  0.4888580394249373
1.285E-4                  0.48732363597556433
1.2859999999999998E-4     0.485789232526192
1.2869999999999998E-4     0.4842548290768191
1.288E-4                  0.48272042562744644
1.289E-4                  0.4811860221780736
1.29E-4                   0.4796516187287007
1.291E-4                  0.4781172152793279
1.292E-4                  0.47658281182995504
1.293E-4                  0.4750484083805822
1.294E-4                  0.4735140049312094
1.295E-4                  0.4719796014818366
1.296E-4                  0.47044519803246376
1.2969999999999998E-4     0.4689107945830914
1.2979999999999998E-4     0.46737639113371854
1.2989999999999999E-4     0.4658419876843457
1.3E-4                    0.4643075842349729
1.301E-4                  0.4628307255660095
1.302E-4                  0.4613629563498821
1.303E-4                  0.45989518713375477
1.304E-4                  0.45842741791762726
1.305E-4                  0.45695964870149985
1.306E-4                  0.4554918794853725
1.307E-4                  0.4540241102692451
1.3079999999999998E-4     0.4525563410531181
1.3089999999999998E-4     0.45108857183699064
1.3099999999999999E-4     0.4496208026208632
1.311E-4                  0.44815303340473583
1.312E-4                  0.4466852641886085
1.313E-4                  0.445217494972481
1.314E-4                  0.44374972575635363
1.315E-4                  0.4422819565402262
1.316E-4                  0.4408141873240988
1.317E-4                  0.43934641810797137
1.318E-4                  0.43787864889184397
1.3189999999999998E-4     0.43641087967571696
1.3199999999999998E-4     0.43494311045958955
1.3209999999999999E-4     0.43347534124346215
1.322E-4                  0.4320075720273347
1.323E-4                  0.43059847008482827
1.324E-4                  0.42925963952502094
1.325E-4                  0.42792080896521373
1.326E-4                  0.4265819784054065
1.327E-4                  0.4252431478455992
1.328E-4                  0.4239043172857919
1.329E-4                  0.42256548672598465
1.33E-4                   0.4212266561661774
1.3309999999999998E-4     0.4198878256063705
1.3319999999999999E-4     0.4185489950465632
1.333E-4                  0.4172101644867559
1.334E-4                  0.4158713339269486
1.335E-4                  0.4145325033671413
1.336E-4                  0.4131936728073341
1.337E-4                  0.41185484224752683
1.338E-4                  0.41051601168771945
1.339E-4                  0.40917718112791235
1.34E-4                   0.40783835056810497
1.341E-4                  0.40649952000829775
1.3419999999999998E-4     0.4051606894484908
1.3429999999999998E-4     0.4038218588886835
1.344E-4                  0.4024830283288763
1.345E-4                  0.4011494060358879
1.346E-4                  0.3999227959418396
1.347E-4                  0.3986961858477913
1.348E-4                  0.397469575753743
1.349E-4                  0.39624296565969475
1.35E-4                   0.39501635556564646
1.351E-4                  0.3937897454715981
1.352E-4                  0.39256313537754983
1.3529999999999998E-4     0.3913365252835018
1.3539999999999998E-4     0.3901099151894535
1.355E-4                  0.3888833050954052
1.356E-4                  0.38765669500135697
1.357E-4                  0.38643008490730857
1.358E-4                  0.3852034748132603
1.359E-4                  0.38397686471921194
1.36E-4                   0.38275025462516366
1.361E-4                  0.3815236445311154
1.362E-4                  0.3802970344370671
1.363E-4                  0.37907042434301874
1.3639999999999998E-4     0.37784381424897073
1.3649999999999998E-4     0.3766172041549224
1.3659999999999999E-4     0.37539059406087416
1.367E-4                  0.3741639839668258
1.368E-4                  0.3729230324089878
1.369E-4                  0.3716739372094786
1.37E-4                   0.37042484200996945
1.371E-4                  0.3691757468104603
1.372E-4                  0.3679266516109511
1.373E-4                  0.366677556411442
1.374E-4                  0.36542846121193284
1.3749999999999998E-4     0.364179366012424
1.3759999999999998E-4     0.36293027081291485
1.3769999999999999E-4     0.3616811756134057
1.378E-4                  0.3604320804138965
1.379E-4                  0.3591829852143873
1.38E-4                   0.35793389001487813
1.381E-4                  0.35668479481536897
1.382E-4                  0.3554356996158598
1.383E-4                  0.3541866044163507
1.384E-4                  0.35293750921684147
1.385E-4                  0.35168841401733225
1.3859999999999998E-4     0.35043931881782353
1.3869999999999998E-4     0.34919022361831437
1.3879999999999999E-4     0.3479411284188052
1.389E-4                  0.34669203321929604
1.39E-4                   0.3454920844171931
1.391E-4                  0.34445738678118215
1.392E-4                  0.34342268914517127
1.393E-4                  0.3423879915091603
1.394E-4                  0.34135329387314933
1.395E-4                  0.3403185962371384
1.396E-4                  0.3392838986011275
1.3969999999999998E-4     0.3382492009651168
1.3979999999999998E-4     0.3372145033291059
1.3989999999999999E-4     0.336179805693095
1.4E-4                    0.3351451080570841
1.401E-4                  0.33411041042107303
1.402E-4                  0.33307571278506215
1.403E-4                  0.332039473389217
1.404E-4                  0.3310018730825506
1.405E-4                  0.3299642727758841
1.406E-4                  0.32892667246921764
1.407E-4                  0.32788907216255114
1.408E-4                  0.3268514718558847
1.4089999999999998E-4     0.3258138715492185
1.4099999999999998E-4     0.3247700175686644
1.411E-4                  0.3237120869167154
1.412E-4                  0.32265415626476635
1.413E-4                  0.3215962256128172
1.414E-4                  0.32053829496086805
1.415E-4                  0.3195379339836788
1.416E-4                  0.31854191143483024
1.417E-4                  0.3175449805941326
1.418E-4                  0.31650879650092795
1.419E-4                  0.31547261240772323
1.4199999999999998E-4     0.31444577289805914
1.4209999999999998E-4     0.3134304919035153
1.422E-4                  0.312417388754846
1.423E-4                  0.31140940921824345
1.424E-4                  0.31040600064004015
1.425E-4                  0.30940923847733026
1.426E-4                  0.30841511668672444
1.427E-4                  0.3074220918170247
1.428E-4                  0.30642814562017634
1.429E-4                  0.3054364871000232
1.43E-4                   0.3044501068187888
1.4309999999999998E-4     0.3034690896002105
1.4319999999999998E-4     0.30249163795812173
1.433E-4                  0.30151668171242857
1.434E-4                  0.30054278832611114
1.435E-4                  0.2995720790432534
1.436E-4                  0.2986051307191844
1.437E-4                  0.2976420111232925
1.438E-4                  0.2966826271995437
1.439E-4                  0.29572455607363685
1.44E-4                   0.29476986113428155
1.441E-4                  0.2938179557689054
1.4419999999999998E-4     0.29287040602781367
1.4429999999999998E-4     0.291927658704933
1.4439999999999999E-4     0.29098708208029755
1.445E-4                  0.29004650545566213
1.446E-4                  0.28910883505077667
1.447E-4                  0.2881784453455118
1.448E-4                  0.28724805564024686
1.449E-4                  0.286317665934982
1.45E-4                   0.28539669743381996
1.451E-4                  0.28447699089191586
1.452E-4                  0.2835572843500116
1.4529999999999998E-4     0.28264205759637573
1.4539999999999998E-4     0.2817317140124407
1.4549999999999999E-4     0.28082137042850575
1.456E-4                  0.2799118191900956
1.457E-4                  0.2790120341175174
1.458E-4                  0.27811224904493914
1.459E-4                  0.2772124639723608
1.46E-4                   0.27632231829840753
1.461E-4                  0.27543688551523526
1.462E-4                  0.27455145273206305
1.463E-4                  0.2736660199488908
1.4639999999999998E-4     0.2727805871657188
1.4649999999999998E-4     0.2718951543825465
1.4659999999999999E-4     0.27100972159937425
1.467E-4                  0.270141033178796
1.468E-4                  0.2692749625789636
1.469E-4                  0.26840889197913126
1.47E-4                   0.2675428213792988
1.471E-4                  0.26667675077946634
1.472E-4                  0.26581068017963394
1.473E-4                  0.2649457006995563
1.474E-4                  0.2640984533736359
1.4749999999999998E-4     0.2632512060477158
1.4759999999999998E-4     0.26240395872179545
1.4769999999999999E-4     0.2615567113958751
1.478E-4                  0.2607094640699547
1.479E-4                  0.2598622167440343
1.48E-4                   0.25901958888968685
1.481E-4                  0.25819073587999375
1.482E-4                  0.25736188287030065
1.483E-4                  0.2565330298606076
1.484E-4                  0.2557041768509145
1.485E-4                  0.25487532384122147
1.4859999999999998E-4     0.25404647083152854
1.4869999999999998E-4     0.2532256730231489
1.4879999999999998E-4     0.2524149499004375
1.489E-4                  0.2516042267777262
1.49E-4                   0.2507935036550148
1.491E-4                  0.2499827805323035
1.492E-4                  0.24917205740959214
1.493E-4                  0.24836133428688079
1.494E-4                  0.24756178465415268
1.495E-4                  0.2467685892785906
1.496E-4                  0.2459753939030286
1.497E-4                  0.24518219852746653
1.4979999999999998E-4     0.24438900315190473
1.4989999999999998E-4     0.2435958077763427
1.5E-4                    0.24280261240078066
