% Model:              20230225_JW_4_05.mph
% Version:            COMSOL 5.6.0.401
% Date:               Feb 25 2023, 20:19
% Dimension:          1
% Nodes:              1501
% Expressions:        1
% Description:        点图
% X                       Height
0                         1.526759660050797
1.0E-7                    1.5264511121252244
2.0E-7                    1.5242196280971059
3.0E-7                    1.5183193890763742
4.0E-7                    1.5162742341926985
5.0E-7                    1.5310152697435473
6.0E-7                    1.5545830711906865
7.0E-7                    1.566582577049519
8.0E-7                    1.57041413598613
9.0E-7                    1.583552193587391
1.0E-6                    1.5933613880547772
1.1E-6                    1.5982285787918382
1.2E-6                    1.6070178612642798
1.2999999999999998E-6     1.6113984184175603
1.4E-6                    1.6172642196489033
1.5E-6                    1.6206914692731944
1.6E-6                    1.6240185831494331
1.6999999999999998E-6     1.6267909884262652
1.8E-6                    1.6284663945668374
1.9E-6                    1.6301733892116306
2.0E-6                    1.6307857673977562
2.1E-6                    1.6312856077321622
2.2E-6                    1.6310820027908055
2.3E-6                    1.630511204444385
2.4E-6                    1.629629525736684
2.4999999999999998E-6     1.6283258990374714
2.5999999999999997E-6     1.6267208868038077
2.7E-6                    1.6248680288847928
2.8E-6                    1.6225652808573465
2.8999999999999998E-6     1.62020566520877
3.0E-6                    1.6174861161447254
3.1E-6                    1.6146986428747447
3.2E-6                    1.611588595730918
3.2999999999999997E-6     1.6083980360084797
3.3999999999999996E-6     1.6050253353661432
3.5E-6                    1.6015229084141525
3.6E-6                    1.5978548339931282
3.6999999999999997E-6     1.5940903306103906
3.8E-6                    1.590253645392911
3.9E-6                    1.5862806384509525
4.0E-6                    1.5822504731617042
4.1E-6                    1.578101768411339
4.2E-6                    1.573930056325041
4.2999999999999995E-6     1.5696713838313077
4.4E-6                    1.5653932224507263
4.5E-6                    1.5609670320673665
4.6E-6                    1.5565409448350256
4.7E-6                    1.5521149594637687
4.8E-6                    1.5476599492270333
4.9E-6                    1.543154863458668
4.9999999999999996E-6     1.5386498751586386
5.0999999999999995E-6     1.534144982970916
5.199999999999999E-6      1.5295875227289075
5.3E-6                    1.524999555718462
5.4E-6                    1.5204116883932437
5.5E-6                    1.515823919428248
5.6E-6                    1.5112130280294067
5.7E-6                    1.5065995845273066
5.7999999999999995E-6     1.5019862366171506
5.899999999999999E-6      1.4973768501362175
6.0E-6                    1.4927874513048642
6.1E-6                    1.4881981468940393
6.2E-6                    1.4836089355892008
6.3E-6                    1.4790003883747826
6.4E-6                    1.4743659609752093
6.5E-6                    1.4697316260826965
6.5999999999999995E-6     1.4650973824200622
6.699999999999999E-6      1.460506724261822
6.799999999999999E-6      1.45593541691936
6.9E-6                    1.45136419737166
7.0E-6                    1.4467930643866422
7.1E-6                    1.4422826662605102
7.2E-6                    1.4377749983524144
7.2999999999999996E-6     1.4332674159178165
7.3999999999999995E-6     1.4287244117988576
7.499999999999999E-6      1.424058058279686
7.6E-6                    1.4193917897674162
7.699999999999999E-6      1.4147256051172503
7.8E-6                    1.4102714701309518
7.899999999999999E-6      1.4060393183120516
8.0E-6                    1.4018072457450903
8.1E-6                    1.3975752512953454
8.2E-6                    1.3930214941439396
8.3E-6                    1.3883626503600368
8.4E-6                    1.383703887820265
8.5E-6                    1.3790404002355137
8.599999999999999E-6      1.3741271201991845
8.7E-6                    1.3692139059006332
8.8E-6                    1.3643007566249155
8.9E-6                    1.3605400833490424
9.0E-6                    1.3573797668173986
9.1E-6                    1.3542195291864292
9.2E-6                    1.3500901604466042
9.299999999999999E-6      1.345397213318543
9.4E-6                    1.340704336092165
9.499999999999999E-6      1.3358386747593263
9.6E-6                    1.3309558838817868
9.7E-6                    1.3264067998085174
9.8E-6                    1.3233094510293235
9.9E-6                    1.32021219399634
9.999999999999999E-6      1.3161693131965224
1.01E-5                   1.311034863008633
1.0199999999999999E-5     1.3059148877661158
1.03E-5                   1.301828947722699
1.0399999999999999E-5     1.2977430670412917
1.05E-5                   1.294151694783305
1.06E-5                   1.2906776121344052
1.07E-5                   1.2863680727427782
1.08E-5                   1.2815084542143735
1.0899999999999999E-5     1.2771794498316515
1.1E-5                    1.2736543773187394
1.1099999999999999E-5     1.270005801684739
1.12E-5                   1.2658379528325168
1.13E-5                   1.2616701595527626
1.14E-5                   1.257462282297155
1.15E-5                   1.253253915388014
1.1599999999999999E-5     1.2494786825855755
1.17E-5                   1.2458246477322084
1.1799999999999999E-5     1.2418254244207796
1.19E-5                   1.2375721556784123
1.2E-5                    1.2334980858563325
1.21E-5                   1.2297282516247614
1.22E-5                   1.2259283865631891
1.2299999999999999E-5     1.221976610225883
1.24E-5                   1.2180248854439313
1.2499999999999999E-5     1.2140977496170193
1.26E-5                   1.2101716842118082
1.2699999999999999E-5     1.2063598885618838
1.28E-5                   1.2025853133493158
1.29E-5                   1.1987295222361571
1.3E-5                    1.19480704450428
1.31E-5                   1.190947564050186
1.3199999999999999E-5     1.18720832819974
1.33E-5                   1.1834584820243628
1.3399999999999999E-5     1.1796422824277144
1.35E-5                   1.1758261274784598
1.3599999999999999E-5     1.1720743530704907
1.37E-5                   1.1683272460923135
1.38E-5                   1.164602310050123
1.3899999999999999E-5     1.160885704880987
1.4E-5                    1.1571648646316834
1.4099999999999999E-5     1.153440149459323
1.42E-5                   1.14973696255465
1.4299999999999999E-5     1.1460801582447802
1.44E-5                   1.1424221334563216
1.45E-5                   1.138754062351696
1.4599999999999999E-5     1.1350860308314359
1.47E-5                   1.1314650538262878
1.4799999999999999E-5     1.1278489943055727
1.49E-5                   1.124232975511548
1.4999999999999999E-5     1.1206169968595896
1.51E-5                   1.1170246360762162
1.52E-5                   1.113456344134021
1.53E-5                   1.1098880904321125
1.5399999999999998E-5     1.1063198744149367
1.55E-5                   1.1027560196787332
1.56E-5                   1.0992390616684429
1.57E-5                   1.095722140953529
1.5799999999999998E-5     1.0922052570019658
1.59E-5                   1.0886884092810705
1.6E-5                    1.0852031435367724
1.61E-5                   1.0817331921699778
1.62E-5                   1.0782632763847118
1.63E-5                   1.0747933956695963
1.64E-5                   1.0713355321483065
1.6499999999999998E-5     1.0679112924280014
1.66E-5                   1.064487086434021
1.67E-5                   1.0610629136797958
1.68E-5                   1.0576387736781925
1.69E-5                   1.0542614629639198
1.7E-5                    1.0508923036658842
1.71E-5                   1.0475231769034115
1.7199999999999998E-5     1.044154082206179
1.73E-5                   1.0408013773845786
1.74E-5                   1.037469406382605
1.75E-5                   1.0341374663387763
1.76E-5                   1.030805556807773
1.77E-5                   1.0274753889844168
1.78E-5                   1.0241994432872619
1.7899999999999998E-5     1.0209235275066268
1.8E-5                    1.0176476412113455
1.81E-5                   1.0143717839697943
1.82E-5                   1.011121657050953
1.8299999999999998E-5     1.0078873219689612
1.84E-5                   1.0046530153986635
1.85E-5                   1.001418736931698
1.8599999999999998E-5     0.9981925822111437
1.87E-5                   0.9949970827252951
1.88E-5                   0.9918016103644494
1.89E-5                   0.9886061647326692
1.8999999999999998E-5     0.9854107454336235
1.91E-5                   0.9822700342903282
1.92E-5                   0.9791431659407699
1.9299999999999998E-5     0.9760163238657545
1.94E-5                   0.9728895076934606
1.95E-5                   0.9697710981402728
1.96E-5                   0.9666659600736156
1.9699999999999998E-5     0.963560847102914
1.98E-5                   0.9604557588667292
1.99E-5                   0.9573506950032841
1.9999999999999998E-5     0.9542456551504626
2.01E-5                   0.9511406389458149
2.02E-5                   0.9480356460265617
2.03E-5                   0.9449306760295941
2.0399999999999998E-5     0.9418871368389536
2.05E-5                   0.9388907115080365
2.06E-5                   0.9358943090076991
2.07E-5                   0.9328979290169638
2.0799999999999997E-5     0.9299015712145693
2.09E-5                   0.9269052352789735
2.1E-5                    0.9239089208883555
2.1099999999999998E-5     0.9209126277206197
2.12E-5                   0.9179163554533959
2.13E-5                   0.9149992484739217
2.14E-5                   0.9121093336586341
2.1499999999999997E-5     0.9092194401449472
2.16E-5                   0.9063295676411156
2.17E-5                   0.9034397158551495
2.1799999999999998E-5     0.9005498844948165
2.19E-5                   0.897660073267644
2.2E-5                    0.8947702818809209
2.21E-5                   0.8918805100417007
2.2199999999999998E-5     0.8890634904294898
2.23E-5                   0.8862525673996362
2.24E-5                   0.8834416633668598
2.2499999999999998E-5     0.8806307780635181
2.26E-5                   0.8778199112217594
2.27E-5                   0.8750090625735278
2.28E-5                   0.8721982318505622
2.2899999999999998E-5     0.8693874187844008
2.3E-5                    0.8665787603258119
2.31E-5                   0.8637890718547409
2.3199999999999998E-5     0.860999401284793
2.33E-5                   0.8582097483418341
2.34E-5                   0.855420112751529
2.35E-5                   0.8526304942393433
2.3599999999999998E-5     0.8498408925305458
2.37E-5                   0.8470513073502093
2.38E-5                   0.8442617384232132
2.3899999999999998E-5     0.8414986226601231
2.4E-5                    0.8388035742464901
2.41E-5                   0.8361085426917251
2.42E-5                   0.8334135278189077
2.4299999999999998E-5     0.8307185294509792
2.44E-5                   0.8280235474107455
2.45E-5                   0.8253285815208757
2.4599999999999998E-5     0.8226336316039055
2.4699999999999997E-5     0.8199386974822358
2.48E-5                   0.8176829357854416
2.49E-5                   0.8159463665979055
2.4999999999999998E-5     0.8142098060919589
2.51E-5                   0.8124732541378851
2.52E-5                   0.810736710605916
2.53E-5                   0.8090001753662313
2.5399999999999997E-5     0.8067807244847425
2.55E-5                   0.8044810795707816
2.56E-5                   0.802181449962809
2.5699999999999998E-5     0.7993555575742884
2.58E-5                   0.794980617203826
2.59E-5                   0.7906057100810975
2.6E-5                    0.7872268350793917
2.6099999999999997E-5     0.7840569387898219
2.62E-5                   0.7821641379195352
2.63E-5                   0.7809233298805187
2.6399999999999998E-5     0.7781807078815536
2.65E-5                   0.7749602456706213
2.66E-5                   0.7714867955014993
2.67E-5                   0.7695140167564045
2.6799999999999998E-5     0.7672608622981217
2.69E-5                   0.7642986478380296
2.7E-5                    0.7618107528579076
2.7099999999999998E-5     0.7595247897995607
2.7199999999999997E-5     0.7568806206004441
2.73E-5                   0.7544372799790758
2.74E-5                   0.7519823182864132
2.7499999999999998E-5     0.7493845339314948
2.76E-5                   0.7471183462924026
2.77E-5                   0.7446125739413095
2.7799999999999998E-5     0.7421654060439451
2.7899999999999997E-5     0.7397901392728748
2.8E-5                    0.7373774415628422
2.81E-5                   0.7349646543394559
2.8199999999999998E-5     0.7325849395401322
2.83E-5                   0.7302337680195776
2.84E-5                   0.7278443938608026
2.8499999999999998E-5     0.725515017654527
2.8599999999999997E-5     0.7231595397417159
2.87E-5                   0.7208018264497489
2.88E-5                   0.7184980803008426
2.8899999999999998E-5     0.7161838119778723
2.9E-5                    0.7138556228880732
2.91E-5                   0.7115520081596869
2.9199999999999998E-5     0.709258116564935
2.9299999999999997E-5     0.7069801455048785
2.94E-5                   0.7047011371759602
2.95E-5                   0.7024196680147492
2.9599999999999998E-5     0.7001569942836234
2.97E-5                   0.6979075869994252
2.98E-5                   0.6956639440960776
2.99E-5                   0.693421131344103
2.9999999999999997E-5     0.6911783277051453
3.01E-5                   0.6889492848323914
3.02E-5                   0.686736856209262
3.0299999999999998E-5     0.6845244362724934
3.04E-5                   0.6823127858771014
3.05E-5                   0.6801250692963539
3.06E-5                   0.6779373612365761
3.07E-5                   0.6757496615729925
3.0799999999999996E-5     0.6735738727210098
3.09E-5                   0.6714057451455313
3.1E-5                    0.6692376257720617
3.11E-5                   0.6670753734540635
3.12E-5                   0.6649386888368564
3.13E-5                   0.6628020121544197
3.14E-5                   0.6606653432895954
3.15E-5                   0.6585394659517252
3.1599999999999996E-5     0.6564169217794456
3.17E-5                   0.6542943852359877
3.18E-5                   0.6521825397685709
3.1899999999999996E-5     0.6500912443708838
3.2E-5                    0.6479999564004161
3.21E-5                   0.6459086757477385
3.22E-5                   0.6438345715914189
3.23E-5                   0.6417619683840755
3.24E-5                   0.6396893722806558
3.25E-5                   0.6376279215643874
3.26E-5                   0.6355777151505834
3.2699999999999995E-5     0.633527515666933
3.28E-5                   0.6314793293600766
3.29E-5                   0.6294556765654925
3.2999999999999996E-5     0.6274320305047196
3.31E-5                   0.6254083910790219
3.32E-5                   0.6234023611850598
3.3299999999999996E-5     0.6214056736559259
3.34E-5                   0.6194089926278928
3.35E-5                   0.6174123180070079
3.36E-5                   0.6154156496992826
3.37E-5                   0.613418987610694
3.38E-5                   0.6114223316471844
3.39E-5                   0.6094667058812288
3.4E-5                    0.6075207655610857
3.4099999999999995E-5     0.6055748312348587
3.42E-5                   0.6036289028148046
3.43E-5                   0.6016829802131505
3.4399999999999996E-5     0.5997370633420912
3.45E-5                   0.5977911521137916
3.46E-5                   0.5958813528870224
3.4699999999999996E-5     0.5939728786102653
3.48E-5                   0.592064410070663
3.49E-5                   0.590155947186042
3.5E-5                    0.5882474898742004
3.51E-5                   0.5863390380529075
3.52E-5                   0.5844378823898198
3.53E-5                   0.5825899919863881
3.54E-5                   0.5807421069691192
3.5499999999999996E-5     0.5788942272636206
3.56E-5                   0.5770463527954747
3.57E-5                   0.5751984834902393
3.5799999999999996E-5     0.5733506192734489
3.59E-5                   0.5715027600706132
3.6E-5                    0.5696549058072186
3.6099999999999997E-5     0.5678070564087284
3.62E-5                   0.5659592118005815
3.63E-5                   0.564111371908195
3.64E-5                   0.5622635366569627
3.65E-5                   0.5604157059722554
3.6599999999999995E-5     0.5586036829144747
3.67E-5                   0.556838793439882
3.68E-5                   0.555073908661551
3.6899999999999996E-5     0.5533090285143456
3.7E-5                    0.5515441529331099
3.71E-5                   0.549779281852669
3.7199999999999996E-5     0.5480144152078291
3.73E-5                   0.5462495529333764
3.74E-5                   0.544484694964079
3.75E-5                   0.5427198412346862
3.76E-5                   0.5409549916799284
3.77E-5                   0.5391901462345183
3.78E-5                   0.5374253048331495
3.79E-5                   0.5356604674104986
3.7999999999999995E-5     0.5339515232568752
3.81E-5                   0.5322619126651271
3.82E-5                   0.5305723063678545
3.8299999999999996E-5     0.5288827043083026
3.84E-5                   0.5271931064296999
3.85E-5                   0.5255035126752591
3.8599999999999996E-5     0.5238139229881776
3.87E-5                   0.5221243373116364
3.88E-5                   0.520434755588802
3.89E-5                   0.5187451777628254
3.9E-5                    0.5170556037768418
3.9099999999999995E-5     0.5153660335739721
3.92E-5                   0.5136764670973222
3.93E-5                   0.5119903560405694
3.9399999999999995E-5     0.5103643247735807
3.95E-5                   0.508738297072522
3.96E-5                   0.5071122728870111
3.9699999999999996E-5     0.5054862521666534
3.98E-5                   0.5038602348610411
3.99E-5                   0.5022342209197543
3.9999999999999996E-5     0.5006082102923608
4.01E-5                   0.498982202928416
4.02E-5                   0.49735619877746384
4.03E-5                   0.49573019778903565
4.04E-5                   0.49410419991265103
4.0499999999999995E-5     0.4924782050978183
4.06E-5                   0.49085221329403333
4.07E-5                   0.48925866064150475
4.0799999999999996E-5     0.48772138491137734
4.09E-5                   0.4861841124601649
4.1E-5                    0.4846468432448224
4.1099999999999996E-5     0.4831095772222948
4.12E-5                   0.48157231434951736
4.13E-5                   0.4800350545834153
4.14E-5                   0.47849779788090413
4.15E-5                   0.4769605441988892
4.1599999999999995E-5     0.475423293494267
4.17E-5                   0.4738860457239237
4.18E-5                   0.4723488008447362
4.1899999999999995E-5     0.4708115588135724
4.2E-5                    0.4692743195872906
4.21E-5                   0.467772974669406
4.2199999999999996E-5     0.4662887603090986
4.23E-5                   0.46480454871155064
4.24E-5                   0.46332033983854115
4.2499999999999996E-5     0.4618361336518409
4.26E-5                   0.4603519301132127
4.27E-5                   0.45886772918441143
4.28E-5                   0.45738353082718436
4.29E-5                   0.4558993350032703
4.2999999999999995E-5     0.4544151416744012
4.31E-5                   0.45293095080230056
4.32E-5                   0.45144676234868475
4.3299999999999995E-5     0.4499625762752627
4.34E-5                   0.44847839254373534
4.35E-5                   0.44705632496107395
4.3599999999999996E-5     0.4456349975541839
4.37E-5                   0.44421367248769367
4.38E-5                   0.4427923497272012
4.3899999999999996E-5     0.4413710292382984
4.4E-5                    0.43994971098657015
4.41E-5                   0.4385283949375953
4.42E-5                   0.4371070810569468
4.43E-5                   0.43568576931019054
4.4399999999999995E-5     0.4342644596628873
4.45E-5                   0.4328431520805913
4.46E-5                   0.4314218465288505
4.4699999999999996E-5     0.43000054297320744
4.48E-5                   0.4285865397440094
4.49E-5                   0.42718960315890636
4.4999999999999996E-5     0.42579266891988155
4.51E-5                   0.424395736996502
4.52E-5                   0.42299880735832973
4.5299999999999997E-5     0.42160187997492093
4.54E-5                   0.4202049548158257
4.5499999999999995E-5     0.41880803185058896
4.56E-5                   0.41741111104874956
4.57E-5                   0.4160141923798411
4.5799999999999995E-5     0.414617275813392
4.59E-5                   0.4132203613189248
4.6E-5                    0.4118234488659569
4.6099999999999996E-5     0.41057103351052543
4.62E-5                   0.40932160642016346
4.63E-5                   0.4080721807960537
4.6399999999999996E-5     0.40682275661477324
4.65E-5                   0.4055733338528964
4.66E-5                   0.40432391248699384
4.67E-5                   0.4030744924936333
4.68E-5                   0.4018250738493789
4.6899999999999995E-5     0.40057565653079197
4.7E-5                    0.3993262405144305
4.71E-5                   0.3980768257768496
4.7199999999999995E-5     0.3968382928647548
4.73E-5                   0.39560108052721
4.74E-5                   0.3943638701503002
4.7499999999999996E-5     0.39312666170968535
4.76E-5                   0.3918894551810211
4.77E-5                   0.3906522505399596
4.7799999999999996E-5     0.3894150477621491
4.79E-5                   0.38817784682323375
4.8E-5                    0.38694064769885417
4.81E-5                   0.38568950563529364
4.82E-5                   0.3843889018339046
4.8299999999999995E-5     0.38308829943832506
4.84E-5                   0.3817876984259759
4.85E-5                   0.38048709877427495
4.8599999999999995E-5     0.3791865004606371
4.87E-5                   0.3778859034624741
4.88E-5                   0.3765853077571943
4.8899999999999996E-5     0.3753532740025597
4.9E-5                    0.37422029413081254
4.91E-5                   0.3730873156158649
4.9199999999999997E-5     0.37195433843862563
4.93E-5                   0.37082136258000087
4.9399999999999995E-5     0.36968838802089465
4.95E-5                   0.3685543443935366
4.96E-5                   0.36735727632807624
4.9699999999999995E-5     0.3661602098399424
4.98E-5                   0.3649631449089319
4.99E-5                   0.3637660815148392
4.9999999999999996E-5     0.3625690196374556
5.01E-5                   0.3613760822635554
5.02E-5                   0.36018565227766586
5.0299999999999996E-5     0.35899522317063576
5.04E-5                   0.3578047949246073
5.05E-5                   0.35661436752172104
5.06E-5                   0.3555093840818708
5.07E-5                   0.3544174700477649
5.0799999999999995E-5     0.35332555755727624
5.09E-5                   0.35223364659245054
5.1E-5                    0.35109447746967665
5.1099999999999995E-5     0.3499222257553952
5.12E-5                   0.34874997499839683
5.13E-5                   0.34757772518182395
5.1399999999999996E-5     0.3464602309366472
5.15E-5                   0.34536227613699705
5.16E-5                   0.3442643224124932
5.1699999999999996E-5     0.3431663697470803
5.18E-5                   0.3420708894845568
5.1899999999999994E-5     0.34097572908859336
5.2E-5                    0.33988056993196575
5.21E-5                   0.3387847336948649
5.2199999999999995E-5     0.33766996415230643
5.23E-5                   0.3365551953997349
5.24E-5                   0.3354404274224618
5.2499999999999995E-5     0.3343384683203529
5.26E-5                   0.3332935494673378
5.27E-5                   0.33224863182549197
5.2799999999999996E-5     0.33120371537998533
5.29E-5                   0.33014646805789505
5.3E-5                    0.3290644269636296
5.3099999999999996E-5     0.3279823866656373
5.32E-5                   0.32690034714992344
5.3299999999999995E-5     0.3258375522337314
5.34E-5                   0.32479552664704
5.35E-5                   0.3237535020492673
5.3599999999999995E-5     0.32271147842706477
5.37E-5                   0.3216782093379492
5.38E-5                   0.3206500879397363
5.3899999999999996E-5     0.3196219674122759
5.4E-5                    0.31859384774226923
5.41E-5                   0.31755905641037047
5.4199999999999996E-5     0.31652236769711756
5.43E-5                   0.3154856797889393
5.4399999999999994E-5     0.3144489926736177
5.4499999999999997E-5     0.3134524243042815
5.46E-5                   0.31245900146690303
5.4699999999999995E-5     0.3114655795046751
5.48E-5                   0.3104708328270751
5.49E-5                   0.3094599937233913
5.4999999999999995E-5     0.3084491553395052
5.51E-5                   0.3074383176639764
5.52E-5                   0.3064355304834625
5.5299999999999996E-5     0.30546048892288014
5.54E-5                   0.3044854481921468
5.55E-5                   0.30351040827998493
5.5599999999999996E-5     0.30253412450712913
5.57E-5                   0.30155575524675116
5.5799999999999994E-5     0.3005773866559569
5.59E-5                   0.2995990187239011
5.6E-5                    0.29863135757601245
5.6099999999999995E-5     0.2976734826405887
5.62E-5                   0.29671560845681016
5.63E-5                   0.295757735014462
5.6399999999999995E-5     0.2948056403494528
5.65E-5                   0.29385637616488275
5.66E-5                   0.29290711262258573
5.6699999999999996E-5     0.2919578497122214
5.68E-5                   0.29101153516864464
5.69E-5                   0.2900658682047985
5.6999999999999996E-5     0.28912020192869875
5.71E-5                   0.2881934259902545
5.7199999999999994E-5     0.28730112925558055
5.73E-5                   0.2864088330474838
5.74E-5                   0.28550399452724207
5.7499999999999995E-5     0.28455820448655084
5.76E-5                   0.2836124151569873
5.77E-5                   0.28268367324300836
5.7799999999999995E-5     0.28177781346926
5.79E-5                   0.28087195426866884
5.8E-5                    0.27998721261906917
5.8099999999999996E-5     0.2791048138016819
5.82E-5                   0.2781841119689533
5.8299999999999994E-5     0.2772405316420815
5.8399999999999997E-5     0.2763406596322959
5.85E-5                   0.2754725217371585
5.8599999999999995E-5     0.2745950073912579
5.87E-5                   0.2737092669462312
5.88E-5                   0.27280575139451607
5.8899999999999995E-5     0.271894274185021
5.9E-5                    0.27103357295667135
5.91E-5                   0.2701817027535449
5.9199999999999996E-5     0.2692956798033785
5.93E-5                   0.2684120040157266
5.94E-5                   0.2675402402526005
5.9499999999999996E-5     0.26667479909615505
5.96E-5                   0.2658226368576826
5.9699999999999994E-5     0.2649630981226104
5.98E-5                   0.2640955849078716
5.99E-5                   0.26324102430611945
5.9999999999999995E-5     0.2623937971278555
6.01E-5                   0.2615451933426829
6.02E-5                   0.26069623819392423
6.0299999999999995E-5     0.25985291606716515
6.04E-5                   0.2590107468078328
6.05E-5                   0.2581755540889653
6.0599999999999996E-5     0.25734157280089137
6.07E-5                   0.2565108589057955
6.08E-5                   0.25568014541828166
6.0899999999999996E-5     0.2548494323317038
6.1E-5                    0.25402633187996454
6.11E-5                   0.2532086015987711
6.12E-5                   0.2523908717836425
6.13E-5                   0.2515731424281045
6.14E-5                   0.25076195369105125
6.149999999999999E-5      0.2499514733152551
6.159999999999999E-5      0.24914099333345466
6.17E-5                   0.2483330019830514
6.18E-5                   0.24753392213523176
6.19E-5                   0.24673484270460297
6.2E-5                    0.24593576368515635
6.209999999999999E-5      0.245141290341801
6.22E-5                   0.24435083244620012
6.23E-5                   0.24356037493689103
6.24E-5                   0.2427699178080967
6.25E-5                   0.2419875021815195
6.26E-5                   0.24120650385608636
6.269999999999999E-5      0.24042550590084663
6.28E-5                   0.23964611681606235
6.29E-5                   0.23887480105999556
6.3E-5                    0.23810348567612066
6.31E-5                   0.23733217065904794
6.319999999999999E-5      0.2365676076474118
6.33E-5                   0.23581029808115356
6.34E-5                   0.2350529888627975
6.35E-5                   0.23429567998726533
6.36E-5                   0.23353837144947875
6.37E-5                   0.23278106324435896
6.379999999999999E-5      0.23202375536682715
6.39E-5                   0.23126860118666015
6.4E-5                    0.23053018221649785
6.41E-5                   0.22979176357559744
6.42E-5                   0.2290533452592334
6.429999999999999E-5      0.22831492726268043
6.44E-5                   0.22757650958121228
6.45E-5                   0.226838092210103
6.46E-5                   0.22609967514462626
6.47E-5                   0.22537374142422867
6.48E-5                   0.22465206018136766
6.489999999999999E-5      0.22393037924278789
6.5E-5                    0.22320869860409306
6.51E-5                   0.22248701826088693
6.52E-5                   0.22176533820877273
6.53E-5                   0.22104365844335372
6.539999999999999E-5      0.2203284174084358
6.549999999999999E-5      0.21962377909680114
6.56E-5                   0.21891914107165245
6.57E-5                   0.21821450332888914
6.58E-5                   0.21750986586441046
6.59E-5                   0.2168052286741153
6.599999999999999E-5      0.21610059175390267
6.61E-5                   0.21539611789369834
6.62E-5                   0.21470820856294
6.63E-5                   0.21402029949608845
6.64E-5                   0.21333239068933532
6.65E-5                   0.2126444821388724
6.659999999999999E-5      0.21195657384089112
6.67E-5                   0.21126866579158257
6.68E-5                   0.21058075798713805
6.69E-5                   0.20990819932751784
6.7E-5                    0.20924421333284357
6.709999999999999E-5      0.20858022758572728
6.72E-5                   0.2079162420827402
6.73E-5                   0.2072522568204537
6.74E-5                   0.20658827179543884
6.75E-5                   0.20592428700426682
6.76E-5                   0.20526030244350832
6.769999999999999E-5      0.20459631810973422
6.78E-5                   0.20393233399951494
6.79E-5                   0.203268350109421
6.8E-5                    0.20260436643602278
6.81E-5                   0.2019403829758904
6.819999999999999E-5      0.20127639972559405
6.829999999999999E-5      0.20061241668170343
6.84E-5                   0.1999763694220382
6.85E-5                   0.19934323920181385
6.86E-5                   0.19871010919362622
6.87E-5                   0.19807697939450483
6.879999999999999E-5      0.1974438498014791
6.89E-5                   0.196810720411578
6.9E-5                    0.19617759122183084
6.91E-5                   0.19554446222926655
6.92E-5                   0.19491133343091402
6.929999999999999E-5      0.19427820482380226
6.939999999999999E-5      0.19364507640495968
6.95E-5                   0.19301194817141493
6.96E-5                   0.19237882012019658
6.97E-5                   0.19174569224833293
6.98E-5                   0.1911176054256728
6.989999999999999E-5      0.19051425687828885
7.0E-5                    0.18991090852856346
7.01E-5                   0.18930756037392577
7.02E-5                   0.18870421241180452
7.03E-5                   0.1881008646396286
7.04E-5                   0.1874975170548266
7.049999999999999E-5      0.1868941696548272
7.06E-5                   0.18629082243705875
7.07E-5                   0.18568747539894975
7.08E-5                   0.18508412853792858
7.09E-5                   0.18448078185142336
7.099999999999999E-5      0.1838774353368624
7.11E-5                   0.18327408899167358
7.12E-5                   0.18267074281328496
7.13E-5                   0.18207913611571783
7.14E-5                   0.18150289596912828
7.15E-5                   0.1809266559803752
7.159999999999999E-5      0.18035041614722055
7.17E-5                   0.17977417646742602
7.18E-5                   0.17919793693875344
7.19E-5                   0.17862169755896457
7.2E-5                    0.17804545832582094
7.209999999999999E-5      0.17746921923708434
7.219999999999999E-5      0.17689298029051598
7.23E-5                   0.1763167414838774
7.24E-5                   0.1757405028149301
7.25E-5                   0.17516426428143517
7.26E-5                   0.17458802588115405
7.269999999999999E-5      0.17401178761184788
7.28E-5                   0.1734551444025696
7.29E-5                   0.17290702322155166
7.3E-5                    0.17235890218656638
7.31E-5                   0.1718107812956871
7.319999999999999E-5      0.17126266054698708
7.329999999999999E-5      0.17071453993853963
7.34E-5                   0.17016641946841793
7.35E-5                   0.16961829913469503
7.36E-5                   0.1690701789354442
7.37E-5                   0.16852205886873833
7.379999999999999E-5      0.1679739389326505
7.39E-5                   0.16742581912525353
7.4E-5                    0.16687769944462033
7.41E-5                   0.16632957988882383
7.42E-5                   0.16578146045593664
7.429999999999999E-5      0.1652570505437769
7.439999999999999E-5      0.16473360990309516
7.45E-5                   0.1642101693826833
7.46E-5                   0.16368672898086048
7.47E-5                   0.16316328869594574
7.48E-5                   0.1626398485262581
7.489999999999999E-5      0.1621164084701166
7.5E-5                    0.16159296852584004
7.51E-5                   0.16106952869174734
7.52E-5                   0.1605460889661575
7.53E-5                   0.16002264934738916
7.54E-5                   0.1594992098337612
7.549999999999999E-5      0.15897577042359232
7.56E-5                   0.15845233111520118
7.57E-5                   0.15793435046130627
7.58E-5                   0.15743522057950088
7.59E-5                   0.15693609080440019
7.599999999999999E-5      0.15643696113455277
7.609999999999999E-5      0.15593783156850677
7.62E-5                   0.15543870210481048
7.63E-5                   0.15493957274201237
7.64E-5                   0.1544404434786606
7.65E-5                   0.15394131431330335
7.659999999999999E-5      0.15344218524448897
7.67E-5                   0.15294305627076535
7.68E-5                   0.15244392739068072
7.69E-5                   0.15194479860278323
7.7E-5                    0.15144566990562086
7.709999999999999E-5      0.15094654129774174
7.719999999999999E-5      0.1504593783373406
7.73E-5                   0.14998475121354413
7.74E-5                   0.1495101241850732
7.75E-5                   0.14903549725067416
7.76E-5                   0.14856087040909347
7.769999999999999E-5      0.1480862436590774
7.78E-5                   0.147611616999372
7.79E-5                   0.14713699042872375
7.8E-5                    0.14666236394587862
7.81E-5                   0.146187737549583
7.819999999999999E-5      0.14571311123858294
7.829999999999999E-5      0.14523848501162454
7.84E-5                   0.1447638588674539
7.85E-5                   0.14428923280481717
7.86E-5                   0.14381460682246033
7.87E-5                   0.1433546840110146
7.879999999999999E-5      0.14289960544146763
7.89E-5                   0.1424445269463975
7.9E-5                    0.1419894485246988
7.91E-5                   0.14153437017526582
7.92E-5                   0.1410792918969931
7.93E-5                   0.14062421368877492
7.939999999999999E-5      0.1401691355495058
7.95E-5                   0.13971405747807988
7.96E-5                   0.13925897947339158
7.97E-5                   0.13880390153433528
7.98E-5                   0.13834882365980505
7.989999999999999E-5      0.1378937458486955
7.999999999999999E-5      0.13743866809990052
8.01E-5                   0.13698397545915064
8.02E-5                   0.13655296418085655
8.03E-5                   0.13612195297892135
8.04E-5                   0.13569094185242087
8.049999999999999E-5      0.13525993080043114
8.06E-5                   0.134828919822028
8.07E-5                   0.13439790891628728
8.08E-5                   0.13396689808228493
8.09E-5                   0.13353588731909674
8.099999999999999E-5      0.13310487662579867
8.109999999999999E-5      0.13267386600146636
8.12E-5                   0.13224285544517567
8.13E-5                   0.13181184495600243
8.14E-5                   0.13138083453302232
8.15E-5                   0.1309498241753112
8.159999999999999E-5      0.13052425425811412
8.17E-5                   0.13011268664750283
8.18E-5                   0.1297011190923647
8.19E-5                   0.12928955159185465
8.2E-5                    0.12887798414512783
8.209999999999999E-5      0.1284664167513393
8.219999999999999E-5      0.12805484940964393
8.23E-5                   0.12764328211919676
8.24E-5                   0.1272317148791528
8.25E-5                   0.12682014768866706
8.26E-5                   0.12640858054689447
8.269999999999999E-5      0.12599701345299
8.28E-5                   0.12558544640610853
8.29E-5                   0.12517387940540506
8.3E-5                    0.12476231245003436
8.31E-5                   0.12435215944577131
8.319999999999999E-5      0.1239431934245756
8.329999999999999E-5      0.12353422745379086
8.34E-5                   0.12312526153266792
8.35E-5                   0.12271629566045769
8.36E-5                   0.122307329836411
8.37E-5                   0.12189836405977864
8.379999999999999E-5      0.12148939832981138
8.389999999999999E-5      0.12108043264576003
8.4E-5                    0.12067146700687538
8.41E-5                   0.12026250141240816
8.42E-5                   0.11985353586160921
8.43E-5                   0.11944457035372918
8.439999999999999E-5      0.11904885244629354
8.45E-5                   0.11868701955356166
8.46E-5                   0.11832518670239321
8.47E-5                   0.11796335389221778
8.48E-5                   0.11760152112246518
8.489999999999999E-5      0.11723968839256507
8.499999999999999E-5      0.11687785570194709
8.51E-5                   0.11651602305004088
8.52E-5                   0.11615419043627613
8.53E-5                   0.11579235786008256
8.54E-5                   0.11543052532088975
8.549999999999999E-5      0.11506869281812744
8.56E-5                   0.11470803994909838
8.57E-5                   0.11434757471059043
8.58E-5                   0.1139871095153193
8.59E-5                   0.113626644362696
8.599999999999999E-5      0.11326617925213146
8.609999999999999E-5      0.1129057141830366
8.62E-5                   0.11254524915482242
8.63E-5                   0.11218478416689978
8.64E-5                   0.11182431921867961
8.65E-5                   0.11145845282914851
8.659999999999999E-5      0.11108641547847954
8.669999999999999E-5      0.11071437816394973
8.68E-5                   0.11034234088502187
8.69E-5                   0.10997030364115869
8.7E-5                    0.10959826643182295
8.709999999999999E-5      0.10922622925647738
8.719999999999999E-5      0.10885419211458465
8.73E-5                   0.10850506737620086
8.74E-5                   0.10817370161848971
8.75E-5                   0.10784233589103756
8.76E-5                   0.10751097019337212
8.769999999999999E-5      0.10717960452502112
8.779999999999999E-5      0.1068482388855122
8.79E-5                   0.10651687327437308
8.8E-5                    0.10617410477836442
8.81E-5                   0.10582511829402996
8.82E-5                   0.10547613184944139
8.829999999999999E-5      0.1051271454441135
8.84E-5                   0.10477815907756108
8.85E-5                   0.10442917274929901
8.86E-5                   0.10408515828814137
8.87E-5                   0.10374793926493163
8.879999999999999E-5      0.10341072026241523
8.889999999999999E-5      0.1030735012801711
8.9E-5                    0.10273628231777839
8.91E-5                   0.10239906337481605
8.92E-5                   0.10207778003811817
8.93E-5                   0.10175998610171341
8.939999999999999E-5      0.10144219220073526
8.95E-5                   0.10112439833476647
8.96E-5                   0.10080660450338995
8.97E-5                   0.10048570965112454
8.98E-5                   0.1001537051484028
8.989999999999999E-5      0.09982170066825811
8.999999999999999E-5      0.09948969621029881
9.01E-5                   0.09915769177413333
9.02E-5                   0.09882568735937006
9.03E-5                   0.09850704582613468
9.04E-5                   0.098196731891316
9.049999999999999E-5      0.09788641798274436
9.059999999999999E-5      0.09757610410005257
9.07E-5                   0.09726579024287373
9.08E-5                   0.09695545222091165
9.09E-5                   0.09664340113356575
9.099999999999999E-5      0.09633135007178627
9.109999999999999E-5      0.0960192990352188
9.12E-5                   0.09570724802350902
9.13E-5                   0.09539519703630259
9.14E-5                   0.09508526355223884
9.15E-5                   0.09477835491320084
9.159999999999999E-5      0.0944714462940647
9.169999999999999E-5      0.09416453769450207
9.18E-5                   0.0938576291141847
9.19E-5                   0.09355072055278432
9.2E-5                    0.09325242322592997
9.21E-5                   0.09295615071222241
9.219999999999999E-5      0.09265987822312881
9.23E-5                   0.09236360575833116
9.24E-5                   0.09206733331751156
9.25E-5                   0.09177080322418223
9.26E-5                   0.09147328890171869
9.269999999999999E-5      0.09117577459678546
9.279999999999999E-5      0.09087826030908751
9.29E-5                   0.09058074603833
9.3E-5                    0.0902832317842181
9.31E-5                   0.08999243270927607
9.32E-5                   0.08970601181772933
9.329999999999999E-5      0.08941959094763692
9.34E-5                   0.08913317009871445
9.35E-5                   0.08884674927067769
9.36E-5                   0.08856033228577823
9.37E-5                   0.08827511128624202
9.379999999999999E-5      0.08798989030369853
9.389999999999999E-5      0.08770466933788186
9.4E-5                    0.08741944838852622
9.41E-5                   0.08713422745536578
9.42E-5                   0.0868518762235108
9.43E-5                   0.08657381096107229
9.439999999999999E-5      0.08629574571660477
9.449999999999999E-5      0.08601768048985467
9.46E-5                   0.0857396152805685
9.47E-5                   0.08546155008849274
9.48E-5                   0.08518705874838156
9.489999999999999E-5      0.084913467085985
9.499999999999999E-5      0.08463987543979021
9.51E-5                   0.08436628380955732
9.52E-5                   0.08409269219504645
9.53E-5                   0.08382049654606327
9.54E-5                   0.08355400025259051
9.549999999999999E-5      0.08328750397472094
9.559999999999999E-5      0.0830210077122339
9.57E-5                   0.08275451146490888
9.58E-5                   0.08248801523252532
9.59E-5                   0.08222151901486259
9.6E-5                    0.08195502281170021
9.609999999999999E-5      0.08168852662281753
9.62E-5                   0.08142203044799395
9.63E-5                   0.08115553428700895
9.64E-5                   0.08088903813964192
9.65E-5                   0.0806323707678522
9.659999999999999E-5      0.08037577820193471
9.669999999999999E-5      0.08011918564999725
9.68E-5                   0.07986259311184142
9.69E-5                   0.0796060005872688
9.7E-5                    0.079349408076081
9.71E-5                   0.07909281557807957
9.719999999999999E-5      0.0788362230930661
9.73E-5                   0.0785796306208421
9.74E-5                   0.0783230381612092
9.75E-5                   0.07806644571396894
9.76E-5                   0.07781670694044529
9.769999999999999E-5      0.07756881037218229
9.779999999999999E-5      0.07732091381670378
9.79E-5                   0.07707301727383245
9.8E-5                    0.076825120743391
9.81E-5                   0.07657722422520209
9.82E-5                   0.0763293277190884
9.829999999999999E-5      0.07608143122487258
9.839999999999999E-5      0.0758335347423773
9.85E-5                   0.07558563827142523
9.86E-5                   0.07533774181183901
9.87E-5                   0.07509523142835486
9.879999999999999E-5      0.07485655995485313
9.889999999999999E-5      0.07461788849266299
9.9E-5                    0.07437921704162476
9.91E-5                   0.07414054560157872
9.92E-5                   0.07390187417236511
9.93E-5                   0.07366320275382428
9.939999999999999E-5      0.07342453134579649
9.949999999999999E-5      0.07318585994812198
9.96E-5                   0.07294718856064104
9.97E-5                   0.07270851718319399
9.98E-5                   0.07247292499399234
9.989999999999999E-5      0.07224236608011493
9.999999999999999E-5      0.07201180717644316
1.001E-4                  0.07178124828283439
1.002E-4                  0.07155068939914591
1.003E-4                  0.071320130525235
1.004E-4                  0.071089571660959
1.0049999999999999E-4     0.07085901280617526
1.0059999999999999E-4     0.07062845396074102
1.007E-4                  0.07039789512451358
1.008E-4                  0.07016733629735034
1.009E-4                  0.069938942331416
1.01E-4                   0.06972073524935209
1.0109999999999999E-4     0.06950252817642379
1.012E-4                  0.06928432111250923
1.013E-4                  0.06906611405748678
1.014E-4                  0.06884790701123462
1.015E-4                  0.0686296999736311
1.0159999999999999E-4     0.06841149294455445
1.0169999999999999E-4     0.06819328592388293
1.018E-4                  0.06797507891149478
1.019E-4                  0.06775687190726827
1.02E-4                   0.0675386649110817
1.021E-4                  0.06732045792281327
1.0219999999999999E-4     0.06710225094234133
1.0229999999999999E-4     0.066884043969544
1.024E-4                  0.06666583700429969
1.025E-4                  0.06644763004648656
1.026E-4                  0.06622942309598287
1.0269999999999999E-4     0.06601121615266696
1.0279999999999999E-4     0.06579300921641701
1.029E-4                  0.0655748022871113
1.03E-4                   0.06535659536462805
1.031E-4                  0.06513838844884558
1.032E-4                  0.06493174240465006
1.0329999999999999E-4     0.06472861469344518
1.0339999999999999E-4     0.06452548698973458
1.035E-4                  0.06432235929342046
1.036E-4                  0.064119231604405
1.037E-4                  0.06391610392259035
1.0379999999999999E-4     0.06371297624787868
1.0389999999999999E-4     0.06350984858017208
1.04E-4                   0.06330672091937277
1.041E-4                  0.0631035932653829
1.042E-4                  0.06290046561810463
1.043E-4                  0.06269733797744009
1.0439999999999999E-4     0.06249421034329148
1.0449999999999999E-4     0.06229108271556089
1.046E-4                  0.062087955094150535
1.047E-4                  0.061884827478962505
1.048E-4                  0.06168169986989903
1.049E-4                  0.061478572266862215
1.0499999999999999E-4     0.06127544466975425
1.051E-4                  0.061072317078477246
1.052E-4                  0.06086918949293338
1.053E-4                  0.06066606191302479
1.054E-4                  0.06046809125147574
1.0549999999999999E-4     0.06027936499396122
1.0559999999999999E-4     0.060090638742953686
1.057E-4                  0.0599019124983744
1.058E-4                  0.05971318626014468
1.059E-4                  0.0595244600281858
1.06E-4                   0.059335733802418994
1.0609999999999999E-4     0.05914700758276562
1.0619999999999999E-4     0.05895828136914686
1.063E-4                  0.058769555161484015
1.064E-4                  0.05858082895969837
1.065E-4                  0.05839210276371119
1.0659999999999999E-4     0.0582033765734438
1.0669999999999999E-4     0.05801465038881738
1.068E-4                  0.05782592420975324
1.069E-4                  0.057637198036172684
1.07E-4                   0.05744847186799694
1.071E-4                  0.0572597457051473
1.0719999999999999E-4     0.05707101954754508
1.0729999999999999E-4     0.05688229339511146
1.074E-4                  0.05669356724776775
1.075E-4                  0.05650484110543526
1.076E-4                  0.0563161149680352
1.0769999999999999E-4     0.056139653317256635
1.0779999999999999E-4     0.055963844023597144
1.079E-4                  0.05578803473447025
1.08E-4                   0.05561222544981251
1.081E-4                  0.0554364161695605
1.082E-4                  0.05526060689365077
1.0829999999999999E-4     0.05508479762201991
1.0839999999999999E-4     0.05490898835460447
1.085E-4                  0.05473317909134098
1.086E-4                  0.05455736983216604
1.087E-4                  0.05438156057701622
1.0879999999999999E-4     0.054205751325828076
1.0889999999999999E-4     0.05402994207853814
1.0899999999999999E-4     0.053854132835083
1.091E-4                  0.05367832359539923
1.092E-4                  0.05350251435942336
1.093E-4                  0.05332670512709199
1.0939999999999999E-4     0.053150895898341675
1.0949999999999999E-4     0.052975086673108955
1.096E-4                  0.05279927745133039
1.097E-4                  0.052623468232942554
1.098E-4                  0.052447659017882016
1.099E-4                  0.05227868560719196
1.0999999999999999E-4     0.052115514098063725
1.1009999999999999E-4     0.05195234259322748
1.102E-4                  0.05178917109263237
1.103E-4                  0.051625999596227524
1.104E-4                  0.05146282810396205
1.1049999999999999E-4     0.0512996566157851
1.1059999999999999E-4     0.05113648513164575
1.107E-4                  0.05097331365149314
1.108E-4                  0.050810142175276386
1.109E-4                  0.05064697070294462
1.11E-4                   0.050483799234446965
1.1109999999999999E-4     0.05032062776973256
1.1119999999999999E-4     0.05015745630875045
1.113E-4                  0.049994284851449834
1.114E-4                  0.049831113397779785
1.115E-4                  0.04966794194768945
1.1159999999999999E-4     0.04950477050112795
1.1169999999999999E-4     0.04934159905804439
1.118E-4                  0.04917842761838788
1.119E-4                  0.049015256182107544
1.12E-4                   0.04885208474915253
1.121E-4                  0.048690379279450594
1.1219999999999999E-4     0.04853828716058891
1.1229999999999999E-4     0.04838619504469106
1.124E-4                  0.04823410293171604
1.125E-4                  0.04808201082162269
1.126E-4                  0.04792991871436994
1.1269999999999999E-4     0.04777782660991671
1.1279999999999999E-4     0.047625734508221856
1.1289999999999999E-4     0.04747364240924431
1.13E-4                   0.047321550312942974
1.131E-4                  0.04716945821927673
1.132E-4                  0.0470173661282045
1.1329999999999999E-4     0.046865274039685205
1.1339999999999999E-4     0.04671318195367769
1.135E-4                  0.0465610898701409
1.136E-4                  0.04640899778903373
1.137E-4                  0.046256905710315065
1.138E-4                  0.04610481363394383
1.1389999999999999E-4     0.04595272155987893
1.1399999999999999E-4     0.04580062948807923
1.141E-4                  0.04564853741850365
1.142E-4                  0.0454964453511111
1.143E-4                  0.045344353285860464
1.1439999999999999E-4     0.04520011840298133
1.1449999999999999E-4     0.045058882929392904
1.146E-4                  0.04491764745850154
1.147E-4                  0.044776411990274295
1.148E-4                  0.04463517652467821
1.149E-4                  0.04449394106168032
1.1499999999999999E-4     0.0443527056012477
1.1509999999999999E-4     0.04421147014334734
1.152E-4                  0.044070234687946304
1.153E-4                  0.04392899923501163
1.154E-4                  0.04378776378451039
1.1549999999999999E-4     0.043646528336409605
1.1559999999999999E-4     0.0435052928906763
1.157E-4                  0.04336405744727752
1.158E-4                  0.04322282200618035
1.159E-4                  0.04308158656735177
1.16E-4                   0.04294035113075886
1.1609999999999999E-4     0.04279911569636867
1.1619999999999999E-4     0.042657880264148205
1.163E-4                  0.042516644834064525
1.164E-4                  0.04237540940608467
1.165E-4                  0.042234173980175684
1.1659999999999999E-4     0.042096029714036136
1.1669999999999999E-4     0.041964603309139085
1.1679999999999999E-4     0.04183317690626004
1.169E-4                  0.04170175050537246
1.17E-4                   0.04157032410644978
1.171E-4                  0.041438897709465475
1.1719999999999999E-4     0.04130747131439298
1.1729999999999999E-4     0.04117604492120573
1.174E-4                  0.04104461852987718
1.175E-4                  0.040913192140380784
1.176E-4                  0.04078176575269
1.177E-4                  0.04065033936677826
1.1779999999999999E-4     0.040518912982619046
1.1789999999999999E-4     0.04038748660018576
1.18E-4                   0.04025606021945187
1.181E-4                  0.04012463384039083
1.182E-4                  0.039993207462976105
1.1829999999999999E-4     0.03986178108718113
1.1839999999999999E-4     0.03973035471297934
1.185E-4                  0.039598928340344175
1.186E-4                  0.039467501969249114
1.187E-4                  0.03933607559966758
1.188E-4                  0.03920464923157304
1.1889999999999999E-4     0.03908141746057635
1.1899999999999999E-4     0.038959030476531466
1.191E-4                  0.03883664349408293
1.192E-4                  0.03871425651320933
1.193E-4                  0.03859186953388922
1.1939999999999999E-4     0.038469482556101206
1.1949999999999999E-4     0.0383470955798238
1.196E-4                  0.0382247086050356
1.197E-4                  0.03810232163171518
1.198E-4                  0.0379799346598411
1.199E-4                  0.03785754768939193
1.1999999999999999E-4     0.03773516072034626
1.2009999999999999E-4     0.037612773752682634
1.202E-4                  0.0374903867863796
1.203E-4                  0.03736799982141578
1.204E-4                  0.0372456128577697
1.2049999999999999E-4     0.03712322589541997
1.2059999999999999E-4     0.03700083893434513
1.2069999999999999E-4     0.036878451974523746
1.208E-4                  0.03675606501593438
1.209E-4                  0.036633678058555635
1.21E-4                   0.036511291102366054
1.2109999999999999E-4     0.03639334101340997
1.2119999999999999E-4     0.03627986426163753
1.213E-4                  0.03616638751131408
1.214E-4                  0.036052910762422515
1.215E-4                  0.03593943401494576
1.216E-4                  0.03582595726886674
1.2169999999999999E-4     0.035712480524168394
1.2179999999999999E-4     0.03559900378083364
1.219E-4                  0.03548552703884539
1.22E-4                   0.03537205029818658
1.2209999999999999E-4     0.035258573558840156
1.222E-4                  0.03514509682078901
1.223E-4                  0.03503162008401608
1.224E-4                  0.03491814334850427
1.225E-4                  0.03480466661423654
1.226E-4                  0.0346911898811958
1.227E-4                  0.03457771314936498
1.228E-4                  0.034464236418727
1.229E-4                  0.03435075968926479
1.2299999999999998E-4     0.034237282960961304
1.2309999999999998E-4     0.034123806233799396
1.2319999999999999E-4     0.03401032950776203
1.233E-4                  0.03389751585490575
1.234E-4                  0.0337914591092674
1.235E-4                  0.03368540236453606
1.236E-4                  0.033579345620697754
1.237E-4                  0.033473288877738476
1.238E-4                  0.03336723213564423
1.239E-4                  0.03326117539440101
1.24E-4                   0.03315511865399483
1.241E-4                  0.03304906191441166
1.2419999999999998E-4     0.03294300517563754
1.2429999999999999E-4     0.03283694843765843
1.244E-4                  0.03273089170046035
1.245E-4                  0.032624834964029285
1.246E-4                  0.03251877822835126
1.247E-4                  0.03241272149341225
1.248E-4                  0.03230666475919825
1.249E-4                  0.032200608025695285
1.25E-4                   0.03209455129288933
1.251E-4                  0.03198849456076641
1.252E-4                  0.03188243782931249
1.2529999999999998E-4     0.03177638109851365
1.2539999999999999E-4     0.03167032436835578
1.255E-4                  0.031564267638824924
1.256E-4                  0.03146357888510478
1.257E-4                  0.031365407278668996
1.258E-4                  0.031267235673236145
1.259E-4                  0.03116906406879529
1.26E-4                   0.031070892465335457
1.261E-4                  0.03097272086284569
1.262E-4                  0.03087454926131504
1.263E-4                  0.030776377660732532
1.2639999999999998E-4     0.030678206061087246
1.2649999999999998E-4     0.03058003446236816
1.266E-4                  0.030481862864564342
1.267E-4                  0.03038369126766484
1.268E-4                  0.030285519671658687
1.269E-4                  0.030187348076534923
1.27E-4                   0.030089176482282588
1.271E-4                  0.029991004888890737
1.272E-4                  0.029892833296348377
1.273E-4                  0.0297946617046446
1.274E-4                  0.029696490113768393
1.2749999999999998E-4     0.029598318523708856
1.2759999999999998E-4     0.029500146934454963
1.277E-4                  0.02940197534599578
1.278E-4                  0.029305652105314245
1.279E-4                  0.029214271361456608
1.28E-4                   0.029122890618230556
1.281E-4                  0.02903150987562701
1.282E-4                  0.028940129133636888
1.283E-4                  0.028848748392251097
1.284E-4                  0.02875736765146054
1.285E-4                  0.028665986911256144
1.2859999999999998E-4     0.02857460617162884
1.2869999999999998E-4     0.02848322543256949
1.288E-4                  0.028391844694069048
1.289E-4                  0.0283004639561184
1.29E-4                   0.028209083218708467
1.291E-4                  0.02811770248183017
1.292E-4                  0.028026321745474425
1.293E-4                  0.027934941009632123
1.294E-4                  0.02784356027429419
1.295E-4                  0.027752179539451544
1.296E-4                  0.027660798805095095
1.2969999999999998E-4     0.027569418071215768
1.2979999999999998E-4     0.027478037337804437
1.2989999999999999E-4     0.027386656604852042
1.3E-4                    0.027295275872349485
1.301E-4                  0.02720859682089226
1.302E-4                  0.027122660421120683
1.303E-4                  0.027036724021759044
1.304E-4                  0.02695078762280014
1.305E-4                  0.026864851224236756
1.306E-4                  0.026778914826061692
1.307E-4                  0.02669297842826774
1.3079999999999998E-4     0.026607042030847704
1.3089999999999998E-4     0.026521105633794336
1.3099999999999999E-4     0.02643516923710045
1.311E-4                  0.026349232840758848
1.312E-4                  0.026263296444762305
1.313E-4                  0.026177360049103628
1.314E-4                  0.0260914236537756
1.315E-4                  0.02600548725877101
1.316E-4                  0.025919550864082656
1.317E-4                  0.025833614469703333
1.318E-4                  0.025747678075625828
1.3189999999999998E-4     0.025661741681842952
1.3199999999999998E-4     0.025575805288347457
1.3209999999999999E-4     0.02548986889513216
1.322E-4                  0.02540393250218985
1.323E-4                  0.02532198952991675
1.324E-4                  0.02524482985841493
1.325E-4                  0.025167670187787688
1.326E-4                  0.02509051051802944
1.327E-4                  0.025013350849134603
1.328E-4                  0.024936191181097606
1.329E-4                  0.02485903151391286
1.33E-4                   0.02478187184757478
1.3309999999999998E-4     0.02470471218207782
1.3319999999999999E-4     0.024627552517416346
1.333E-4                  0.0245503928535848
1.334E-4                  0.024473233190577606
1.335E-4                  0.024396073528389184
1.336E-4                  0.024318913867013948
1.337E-4                  0.024241754206446312
1.338E-4                  0.024164594546680705
1.339E-4                  0.024087434887711544
1.34E-4                   0.024010275229533248
1.341E-4                  0.023933115572140232
1.3419999999999998E-4     0.023855955915526944
1.3429999999999998E-4     0.02377879625968776
1.344E-4                  0.023701636604617108
1.345E-4                  0.023624474668712623
1.346E-4                  0.023547265853851855
1.347E-4                  0.02347005703850761
1.348E-4                  0.023392848222674685
1.349E-4                  0.02331563940634786
1.35E-4                   0.023238430589521908
1.351E-4                  0.023161221772191622
1.352E-4                  0.023084012954351783
1.3529999999999998E-4     0.0230068041359972
1.3539999999999998E-4     0.022929595317122603
1.355E-4                  0.0228523864977228
1.356E-4                  0.022775177677792587
1.357E-4                  0.02269796885732673
1.358E-4                  0.022620760036320024
1.359E-4                  0.02254355121476724
1.36E-4                   0.022466342392663173
1.361E-4                  0.022389133570002603
1.362E-4                  0.022311924746780308
1.363E-4                  0.02223471592299108
1.3639999999999998E-4     0.022157507098629715
1.3649999999999998E-4     0.02208029827369096
1.3659999999999999E-4     0.022003089448169616
1.367E-4                  0.021925880622060464
1.368E-4                  0.02185754520745455
1.369E-4                  0.021794248462800727
1.37E-4                   0.02173095171948115
1.371E-4                  0.02166765497749288
1.372E-4                  0.021604358236832964
1.373E-4                  0.02154106149749845
1.374E-4                  0.021477764759486394
1.3749999999999998E-4     0.021414468022793853
1.3759999999999998E-4     0.021351171287417852
1.3769999999999999E-4     0.021287874553355457
1.378E-4                  0.021224577820603715
1.379E-4                  0.021161281089159673
1.38E-4                   0.021097984359020393
1.381E-4                  0.021034687630182913
1.382E-4                  0.02097139090264429
1.383E-4                  0.02090809417640157
1.384E-4                  0.020844797451451805
1.385E-4                  0.020781500727792036
1.3859999999999998E-4     0.02071820400541935
1.3869999999999998E-4     0.02065490728433075
1.3879999999999999E-4     0.020591610564523306
1.389E-4                  0.020528313845994066
1.39E-4                   0.02046576827330918
1.391E-4                  0.02040574836847408
1.392E-4                  0.020345728461510882
1.393E-4                  0.020285708552416255
1.394E-4                  0.02022568864118684
1.395E-4                  0.020165668727819296
1.396E-4                  0.020105648812310275
1.3969999999999998E-4     0.020045628894656463
1.3979999999999998E-4     0.019985608974854456
1.3989999999999999E-4     0.01992558905290095
1.4E-4                    0.019865569128792587
1.401E-4                  0.019805549202526022
1.402E-4                  0.019745529274097916
1.403E-4                  0.0196737873400379
1.404E-4                  0.019591698399688703
1.405E-4                  0.01950960946225776
1.406E-4                  0.01942752052774027
1.407E-4                  0.019345431596131425
1.408E-4                  0.01926334266742643
1.4089999999999998E-4     0.019181253741620493
1.4099999999999998E-4     0.019103508865195722
1.411E-4                  0.019035542196865568
1.412E-4                  0.018967575529376505
1.413E-4                  0.018899608862725983
1.414E-4                  0.01883164219691146
1.415E-4                  0.01878433719582927
1.416E-4                  0.0187385892445023
1.417E-4                  0.018692488723790344
1.418E-4                  0.018631151602297728
1.419E-4                  0.01856981448897953
1.4199999999999998E-4     0.018503268271535984
1.4209999999999998E-4     0.018430278791548536
1.422E-4                  0.018362855598910502
1.423E-4                  0.018308527688578727
1.424E-4                  0.0182554061173095
1.425E-4                  0.018204038637744523
1.426E-4                  0.018142722810105705
1.427E-4                  0.01807728922590501
1.428E-4                  0.018019045580320046
1.429E-4                  0.017961815476155916
1.43E-4                   0.01790692386432559
1.4309999999999998E-4     0.017848184020153222
1.4319999999999998E-4     0.017786885713285006
1.433E-4                  0.01773050817002386
1.434E-4                  0.017674588259812805
1.435E-4                  0.017618279657624844
1.436E-4                  0.01756084605407697
1.437E-4                  0.017502267180232126
1.438E-4                  0.01744638015277979
1.439E-4                  0.0173910799961605
1.44E-4                   0.017334673527052282
1.441E-4                  0.01727840341078692
1.4419999999999998E-4     0.017222346201520196
1.4429999999999998E-4     0.017166890876878556
1.4439999999999999E-4     0.01711170760226063
1.445E-4                  0.01705652432609766
1.446E-4                  0.017001442651270196
1.447E-4                  0.016946615513561303
1.448E-4                  0.01689178837710412
1.449E-4                  0.01683696124189676
1.45E-4                   0.016782820308451005
1.451E-4                  0.01672877129045146
1.452E-4                  0.01667472227204334
1.4529999999999998E-4     0.01662089960562552
1.4539999999999998E-4     0.01656732367343607
1.4549999999999999E-4     0.016513747741365055
1.456E-4                  0.01646022499650107
1.457E-4                  0.016407357816910093
1.458E-4                  0.016354490637842247
1.459E-4                  0.016301623459295787
1.46E-4                   0.01624926831309443
1.461E-4                  0.016197163509218203
1.462E-4                  0.016145058705163452
1.463E-4                  0.016092953900928533
1.4639999999999998E-4     0.016040849096511812
1.4649999999999998E-4     0.015988744291911636
1.4659999999999999E-4     0.015936639487126352
1.467E-4                  0.015885577608541847
1.468E-4                  0.01583467878186978
1.469E-4                  0.015783779955594747
1.47E-4                   0.015732881129715215
1.471E-4                  0.01568198230422963
1.472E-4                  0.015631083479136453
1.473E-4                  0.015580245219474922
1.474E-4                  0.015530391222761048
1.4749999999999998E-4     0.01548053722588257
1.4759999999999998E-4     0.015430683228838006
1.4769999999999999E-4     0.015380829231625936
1.478E-4                  0.015330975234244919
1.479E-4                  0.015281121236693496
1.48E-4                   0.015231554110834305
1.481E-4                  0.015182842410954562
1.482E-4                  0.015134130711395698
1.483E-4                  0.015085419012156353
1.484E-4                  0.015036707313235174
1.485E-4                  0.0149879956146308
1.4859999999999998E-4     0.014939283916341894
1.4869999999999998E-4     0.01489102067395125
1.4879999999999998E-4     0.014843318317504729
1.489E-4                  0.014795615960961867
1.49E-4                   0.014747913604321396
1.491E-4                  0.014700211247582046
1.492E-4                  0.01465250889074256
1.493E-4                  0.014604806533801662
1.494E-4                  0.014557792269057585
1.495E-4                  0.014511169316005346
1.496E-4                  0.0144645463631765
1.497E-4                  0.014417923410569862
1.4979999999999998E-4     0.014371300458184251
1.4989999999999998E-4     0.01432467750601847
1.5E-4                    0.014278054554071329
