% Model:              20230225_JW_4_05.mph
% Version:            COMSOL 5.6.0.401
% Date:               Feb 25 2023, 20:17
% Dimension:          1
% Nodes:              1501
% Expressions:        1
% Description:        点图
% X                       Height
0                         19.25528099952407
1.0E-7                    19.257704594219394
2.0E-7                    19.255076300083385
3.0E-7                    19.237776879618057
4.0E-7                    19.214738018810802
5.0E-7                    19.192431824720895
6.0E-7                    19.168947961429485
7.0E-7                    19.145658004318786
8.0E-7                    19.122702291332843
9.0E-7                    19.09821192466617
1.0E-6                    19.07133952367775
1.1E-6                    19.041252678137315
1.2E-6                    19.010106564491075
1.2999999999999998E-6     18.978255456776807
1.4E-6                    18.944479394581535
1.5E-6                    18.909567295919878
1.6E-6                    18.87392914956248
1.6999999999999998E-6     18.83696365175501
1.8E-6                    18.799325440678896
1.9E-6                    18.76054249992325
2.0E-6                    18.72138387839725
2.1E-6                    18.681165592596646
2.2E-6                    18.6407305457936
2.3E-6                    18.59946060771796
2.4E-6                    18.557721727028053
2.4999999999999998E-6     18.515666257934413
2.5999999999999997E-6     18.473012318561324
2.7E-6                    18.43016813941323
2.8E-6                    18.386767762042254
2.8999999999999998E-6     18.34329245270052
3.0E-6                    18.29934841123407
3.1E-6                    18.255336751449093
3.2E-6                    18.211002537084614
3.2999999999999997E-6     18.166547816923934
3.3999999999999996E-6     18.121820248918564
3.5E-6                    18.076991062198402
3.6E-6                    18.032031934664495
3.6999999999999997E-6     17.986970907315758
3.8E-6                    17.94183377215882
3.9E-6                    17.896502530156933
4.0E-6                    17.851089749894577
4.1E-6                    17.805752426150917
4.2E-6                    17.760430202001746
4.2999999999999995E-6     17.714734109648116
4.4E-6                    17.669046073923674
4.5E-6                    17.623533146041375
4.6E-6                    17.578020450964146
4.7E-6                    17.53250797710912
4.8E-6                    17.486957318330383
4.9E-6                    17.441340686408935
4.9999999999999996E-6     17.395724197904457
5.0999999999999995E-6     17.35010784029376
5.199999999999999E-6      17.304546584207074
5.3E-6                    17.259017440434953
5.4E-6                    17.213488454656876
5.5E-6                    17.16795961596408
5.6E-6                    17.122426560795983
5.7E-6                    17.07689314224385
5.7999999999999995E-6     17.031359846595738
5.899999999999999E-6      16.985860863061752
6.0E-6                    16.940537869607514
6.1E-6                    16.895214898777947
6.2E-6                    16.849891941375063
6.3E-6                    16.804718824865468
6.4E-6                    16.75974633126934
6.5E-6                    16.71477425584811
6.5999999999999995E-6     16.66980258681672
6.699999999999999E-6      16.624480265141756
6.799999999999999E-6      16.579002140816204
6.9E-6                    16.53352353552844
7.0E-6                    16.48804444306573
7.1E-6                    16.44426263489803
7.2E-6                    16.400555963719075
7.2999999999999996E-6     16.356850449360653
7.3999999999999995E-6     16.31255134462136
7.499999999999999E-6      16.26618431695613
7.6E-6                    16.219815969026854
7.699999999999999E-6      16.173446295338753
7.8E-6                    16.12878853647094
7.899999999999999E-6      16.085924369908238
8.0E-6                    16.043060713578278
8.1E-6                    16.000197563333572
8.2E-6                    15.956811281021148
8.3E-6                    15.913254707919318
8.4E-6                    15.86969897868499
8.5E-6                    15.826118400248346
8.599999999999999E-6      15.781202857962622
8.7E-6                    15.736286572551185
8.8E-6                    15.691369540471234
8.9E-6                    15.647962942237472
9.0E-6                    15.605344393152865
9.1E-6                    15.562727062006738
9.2E-6                    15.519292439698201
9.299999999999999E-6      15.475381310216902
9.4E-6                    15.431469286292488
9.499999999999999E-6      15.388642173956917
9.6E-6                    15.34592357245703
9.7E-6                    15.303117934104785
9.8E-6                    15.25993092846359
9.9E-6                    15.216743689126558
9.999999999999999E-6      15.173761534749934
1.01E-5                   15.131016420292255
1.0199999999999999E-5     15.088275835181975
1.03E-5                   15.045850697139707
1.0399999999999999E-5     15.003425677702266
1.05E-5                   14.960932856577697
1.06E-5                   14.918423959529633
1.07E-5                   14.876066724917568
1.08E-5                   14.833809465617739
1.0899999999999999E-5     14.791630864738636
1.1E-5                    14.74957121887555
1.1099999999999999E-5     14.707554566606683
1.12E-5                   14.665718950473096
1.13E-5                   14.62388353933318
1.14E-5                   14.582065199672824
1.15E-5                   14.54024703641338
1.1599999999999999E-5     14.498707277789553
1.17E-5                   14.457245506331507
1.1799999999999999E-5     14.41582178490658
1.19E-5                   14.374426042648002
1.2E-5                    14.333103391300495
1.21E-5                   14.29190480997587
1.22E-5                   14.250745954709869
1.2299999999999999E-5     14.209787539460203
1.24E-5                   14.168829188050447
1.2499999999999999E-5     14.127971796721997
1.26E-5                   14.087118687112504
1.2699999999999999E-5     14.046448653568858
1.28E-5                   14.005838207377316
1.29E-5                   13.965323728331024
1.3E-5                    13.924888086464428
1.31E-5                   13.8845059393044
1.3199999999999999E-5     13.844225841078295
1.33E-5                   13.803977465017754
1.3399999999999999E-5     13.763926452210235
1.35E-5                   13.723875493120797
1.3599999999999999E-5     13.683966223429715
1.37E-5                   13.644067188258694
1.38E-5                   13.604322471774557
1.3899999999999999E-5     13.564635561800158
1.4E-5                    13.525044119463624
1.4099999999999999E-5     13.485540049768678
1.42E-5                   13.446094947439095
1.4299999999999999E-5     13.406776938454277
1.44E-5                   13.367481636805572
1.45E-5                   13.328367164930118
1.4599999999999999E-5     13.289252746987312
1.47E-5                   13.25040221034396
1.4799999999999999E-5     13.211579083273522
1.49E-5                   13.172755997078044
1.4999999999999999E-5     13.13393294685428
1.51E-5                   13.095306950348109
1.52E-5                   13.056881799223975
1.53E-5                   13.01845669925701
1.5399999999999998E-5     12.980031645728944
1.55E-5                   12.94163760587808
1.56E-5                   12.903579243036416
1.57E-5                   12.865520924386244
1.5799999999999998E-5     12.827462645399475
1.59E-5                   12.789404401514297
1.6E-5                    12.751620746118272
1.61E-5                   12.713970110567018
1.62E-5                   12.676319521080545
1.63E-5                   12.638668973278099
1.64E-5                   12.601119654860918
1.6499999999999998E-5     12.563854037070746
1.66E-5                   12.526588458501658
1.67E-5                   12.489322914930876
1.68E-5                   12.45205740210662
1.69E-5                   12.415123760522503
1.7E-5                    12.378247733950948
1.71E-5                   12.341371750719858
1.7199999999999998E-5     12.304495806802914
1.73E-5                   12.267800463884118
1.74E-5                   12.231333673655111
1.75E-5                   12.194866915585207
1.76E-5                   12.158400185691066
1.77E-5                   12.12194447638439
1.78E-5                   12.085836961996678
1.7899999999999998E-5     12.049729498793281
1.8E-5                    12.013622083133074
1.81E-5                   11.977514711351166
1.82E-5                   11.941674866812509
1.8299999999999998E-5     11.90599908982234
1.84E-5                   11.870323319889634
1.85E-5                   11.834647553286532
1.8599999999999998E-5     11.799052991194685
1.87E-5                   11.763765693370363
1.88E-5                   11.728478496632492
1.89E-5                   11.6931913975064
1.8999999999999998E-5     11.657904392495285
1.91E-5                   11.622810956428065
1.92E-5                   11.587766310629327
1.9299999999999998E-5     11.552721546477333
1.94E-5                   11.517676660888773
1.95E-5                   11.482960673453778
1.96E-5                   11.448764741651587
1.9699999999999998E-5     11.414568924688341
1.98E-5                   11.38037321937243
1.99E-5                   11.346177622493908
1.9999999999999998E-5     11.311982130824644
2.01E-5                   11.277786741118447
2.02E-5                   11.24359145011124
2.03E-5                   11.20939625452114
2.0399999999999998E-5     11.175515736915568
2.05E-5                   11.141876445479781
2.06E-5                   11.108237108770053
2.07E-5                   11.074597724060379
2.0799999999999997E-5     11.040958288611666
2.09E-5                   11.00731879967189
2.1E-5                    10.97367925447618
2.1099999999999998E-5     10.940039650246971
2.12E-5                   10.90639998419412
2.13E-5                   10.87354887927513
2.14E-5                   10.840968655503957
2.1499999999999997E-5     10.808388601674578
2.16E-5                   10.775808714623668
2.17E-5                   10.743228991171069
2.1799999999999998E-5     10.710649428119883
2.19E-5                   10.678070022256623
2.2E-5                    10.645490770351342
2.21E-5                   10.61291166915775
2.2199999999999998E-5     10.580486850255454
2.23E-5                   10.5480747520532
2.24E-5                   10.515662481385018
2.2499999999999998E-5     10.483250036243518
2.26E-5                   10.4508374146144
2.27E-5                   10.418424614476558
2.28E-5                   10.386011633802156
2.2899999999999998E-5     10.35359847055671
2.3E-5                    10.321350355443968
2.31E-5                   10.290567551174538
2.3199999999999998E-5     10.259785026713123
2.33E-5                   10.229002780207153
2.34E-5                   10.198220809793323
2.35E-5                   10.167439113597649
2.3599999999999998E-5     10.136657689735523
2.37E-5                   10.10587653631175
2.38E-5                   10.075095651420611
2.3899999999999998E-5     10.044373920919933
2.4E-5                    10.01380360052853
2.41E-5                   9.983232858742229
2.42E-5                   9.952661687822896
2.4299999999999998E-5     9.922090080023212
2.44E-5                   9.89151802758714
2.45E-5                   9.860945522750443
2.4599999999999998E-5     9.830372557741166
2.4699999999999997E-5     9.799799124780142
2.48E-5                   9.768880701862164
2.49E-5                   9.737555118987075
2.4999999999999998E-5     9.706229896812877
2.51E-5                   9.67490503514035
2.52E-5                   9.643580533764835
2.53E-5                   9.612256392476255
2.5399999999999997E-5     9.581995626568732
2.55E-5                   9.551910931024512
2.56E-5                   9.521825683210569
2.5699999999999998E-5     9.492460929700794
2.58E-5                   9.46521870898551
2.59E-5                   9.437977074531899
2.6E-5                    9.408040804660304
2.6099999999999997E-5     9.377538910003851
2.62E-5                   9.348121488292755
2.63E-5                   9.319257728595442
2.6399999999999998E-5     9.291017959972006
2.65E-5                   9.26218642211948
2.66E-5                   9.232665542403682
2.67E-5                   9.204846419628879
2.6799999999999998E-5     9.176470745374015
2.69E-5                   9.147678514523069
2.7E-5                    9.119312893100153
2.7099999999999998E-5     9.090934145403125
2.7199999999999997E-5     9.062941070221362
2.73E-5                   9.034762345298377
2.74E-5                   9.006496422051656
2.7499999999999998E-5     8.9787369397545
2.76E-5                   8.95082083295962
2.77E-5                   8.922948041054124
2.7799999999999998E-5     8.895265728228507
2.7899999999999997E-5     8.867578223572432
2.8E-5                    8.839969357833766
2.81E-5                   8.812523367520628
2.8199999999999998E-5     8.785021017533495
2.83E-5                   8.757696188288524
2.84E-5                   8.730416880675119
2.8499999999999998E-5     8.703187833435818
2.8599999999999997E-5     8.676097162305274
2.87E-5                   8.649039725343707
2.88E-5                   8.62210275484537
2.8899999999999998E-5     8.595232919527382
2.9E-5                    8.568451862292246
2.91E-5                   8.541752209460048
2.9199999999999998E-5     8.5150855707992
2.9299999999999997E-5     8.488569620134562
2.94E-5                   8.46208859802886
2.95E-5                   8.435690083922939
2.9599999999999998E-5     8.409371425148446
2.97E-5                   8.38310913149005
2.98E-5                   8.357017808178854
2.99E-5                   8.330950879487093
2.9999999999999997E-5     8.304883959967356
3.01E-5                   8.278934392949678
3.02E-5                   8.253126531881728
3.0299999999999998E-5     8.227318682388368
3.04E-5                   8.201518706229578
3.05E-5                   8.175965952650522
3.06E-5                   8.150413210293602
3.07E-5                   8.124860477966575
3.0799999999999996E-5     8.099459143421361
3.09E-5                   8.074155157769958
3.1E-5                    8.048851181770468
3.11E-5                   8.023596158651097
3.12E-5                   7.998554664545212
3.13E-5                   7.973513180906979
3.14E-5                   7.948471706617759
3.15E-5                   7.9236153779698135
3.1599999999999996E-5     7.8988161511465975
3.17E-5                   7.874016934091319
3.18E-5                   7.849303932706665
3.1899999999999996E-5     7.824756700386026
3.2E-5                    7.800209475842389
3.21E-5                   7.77566225803066
3.22E-5                   7.751346181247738
3.23E-5                   7.727050225939522
3.24E-5                   7.702754282417517
3.25E-5                   7.678573276915413
3.26E-5                   7.65450822496257
3.2699999999999995E-5     7.630443176323203
3.28E-5                   7.6063983568724165
3.29E-5                   7.582600811977512
3.2999999999999996E-5     7.558803284015454
3.31E-5                   7.535005772015828
3.32E-5                   7.511432319099
3.3299999999999996E-5     7.487977695269611
3.34E-5                   7.46452307568593
3.35E-5                   7.441068459443631
3.36E-5                   7.41761384563661
3.37E-5                   7.394159233357
3.38E-5                   7.370704621695202
3.39E-5                   7.3476366345493656
3.4E-5                    7.3246598810906605
3.4099999999999995E-5     7.301683140337493
3.42E-5                   7.278706411438406
3.43E-5                   7.255729693540275
3.4399999999999996E-5     7.232752985788318
3.45E-5                   7.209776287326118
3.46E-5                   7.187239695405016
3.4699999999999996E-5     7.164719187202034
3.48E-5                   7.142198683037515
3.49E-5                   7.119678182115451
3.5E-5                    7.097157683638401
3.51E-5                   7.074637186807517
3.52E-5                   7.052200936342758
3.53E-5                   7.030380116461376
3.54E-5                   7.0085593070900964
3.5499999999999996E-5     6.986738507505413
3.56E-5                   6.964917716982533
3.57E-5                   6.943096934795401
3.5799999999999996E-5     6.921276160216698
3.59E-5                   6.899455392517867
3.6E-5                    6.877634630969103
3.6099999999999997E-5     6.855813874839391
3.62E-5                   6.833993123396493
3.63E-5                   6.812172375906975
3.64E-5                   6.790351631636216
3.65E-5                   6.768530889848411
3.6599999999999995E-5     6.7470865997773455
3.67E-5                   6.726137851047024
3.68E-5                   6.705189111167321
3.6899999999999996E-5     6.684240379514078
3.7E-5                    6.663291655462113
3.71E-5                   6.642342938385239
3.7199999999999996E-5     6.6213942276562685
3.73E-5                   6.600445522647015
3.74E-5                   6.579496822728318
3.75E-5                   6.558548127270041
3.76E-5                   6.537599435641078
3.77E-5                   6.516650747209374
3.78E-5                   6.4957020613419285
3.79E-5                   6.4747533774047925
3.7999999999999995E-5     6.45444317807056
3.81E-5                   6.434353806923743
3.82E-5                   6.414264445907189
3.8299999999999996E-5     6.3941750944573315
3.84E-5                   6.374085752009753
3.85E-5                   6.353996417999217
3.8599999999999996E-5     6.333907091859652
3.87E-5                   6.313817773024165
3.88E-5                   6.293728460925056
3.89E-5                   6.2736391549938215
3.9E-5                    6.253549854661159
3.9099999999999995E-5     6.2334605593569785
3.92E-5                   6.213371268510405
3.93E-5                   6.193327510273279
3.9399999999999995E-5     6.174076162787965
3.95E-5                   6.154824818835038
3.96E-5                   6.135573477941587
3.9699999999999996E-5     6.116322139634083
3.98E-5                   6.09707080343838
3.99E-5                   6.07781946887973
3.9999999999999996E-5     6.058568135482783
4.01E-5                   6.039316802771596
4.02E-5                   6.0200654702696355
4.03E-5                   6.000814137499785
4.04E-5                   5.981562803984348
4.0499999999999995E-5     5.962311469245059
4.06E-5                   5.943060132803087
4.07E-5                   5.924094768175922
4.0799999999999996E-5     5.905625549381023
4.09E-5                   5.8871563429973675
4.1E-5                    5.868687148589389
4.1099999999999996E-5     5.850217965720952
4.12E-5                   5.831748793955349
4.13E-5                   5.813279632855308
4.14E-5                   5.794810481982996
4.15E-5                   5.776341340900025
4.1599999999999995E-5     5.757872209167461
4.17E-5                   5.739403086345819
4.18E-5                   5.720933971995075
4.1899999999999995E-5     5.7024648656746715
4.2E-5                    5.683995766943517
4.21E-5                   5.6660558027204075
4.2199999999999996E-5     5.648368340581531
4.23E-5                   5.630680874054373
4.24E-5                   5.612993402742149
4.2499999999999996E-5     5.595305926247696
4.26E-5                   5.577618444173481
4.27E-5                   5.559930956121603
4.28E-5                   5.542243461693801
4.29E-5                   5.5245559604914565
4.2999999999999995E-5     5.506868452115595
4.31E-5                   5.489180936166889
4.32E-5                   5.471493412245672
4.3299999999999995E-5     5.453805879951933
4.34E-5                   5.4361183388853185
4.35E-5                   5.419099289927287
4.3599999999999996E-5     5.402088200343713
4.37E-5                   5.385077129449319
4.38E-5                   5.368066076993616
4.3899999999999996E-5     5.351055042725777
4.4E-5                    5.334044026394632
4.41E-5                   5.317033027748678
4.42E-5                   5.300022046536079
4.43E-5                   5.283011082504662
4.4399999999999995E-5     5.266000135401927
4.45E-5                   5.24898920497505
4.46E-5                   5.231978290970876
4.4699999999999996E-5     5.21496739313593
4.48E-5                   5.198227645150349
4.49E-5                   5.182121832775285
4.4999999999999996E-5     5.166016000838644
4.51E-5                   5.149910148980904
4.52E-5                   5.133804276842382
4.5299999999999997E-5     5.117698384063242
4.54E-5                   5.101592470283487
4.5499999999999995E-5     5.085486535142976
4.56E-5                   5.069380578281412
4.57E-5                   5.0532745993383665
4.5799999999999995E-5     5.037168597953258
4.59E-5                   5.021062573765369
4.6E-5                    5.004956526413856
4.6099999999999996E-5     4.989140385181338
4.62E-5                   4.97333025949676
4.63E-5                   4.957520156598275
4.6399999999999996E-5     4.9417100762088415
4.65E-5                   4.9259000180510615
4.66E-5                   4.910089981847193
4.67E-5                   4.894279967319147
4.68E-5                   4.878469974188481
4.6899999999999995E-5     4.86266000217642
4.7E-5                    4.846850051003841
4.71E-5                   4.831040120391284
4.7199999999999995E-5     4.815759239419923
4.73E-5                   4.800542461727547
4.74E-5                   4.785325671604517
4.7499999999999996E-5     4.7701088688338675
4.76E-5                   4.754892053198532
4.77E-5                   4.739675224481343
4.7799999999999996E-5     4.7244583824650395
4.79E-5                   4.709241526932257
4.8E-5                    4.6940246576655404
4.81E-5                   4.6789194110573815
4.82E-5                   4.664210154567861
4.8299999999999995E-5     4.649500913967979
4.84E-5                   4.634791689012755
4.85E-5                   4.6200824794569755
4.8599999999999995E-5     4.6053732850551965
4.87E-5                   4.590664105561743
4.88E-5                   4.575954940730706
4.8899999999999996E-5     4.561313312614406
4.9E-5                    4.546769235547907
4.91E-5                   4.5322251505057745
4.9199999999999997E-5     4.517681057314711
4.93E-5                   4.503136955801327
4.9399999999999995E-5     4.488592845792144
4.95E-5                   4.474055341698926
4.96E-5                   4.459907327885108
4.9699999999999995E-5     4.4457593231621475
4.98E-5                   4.431611327303707
4.99E-5                   4.417463340083286
4.9999999999999996E-5     4.403315361274218
5.01E-5                   4.389215372190877
5.02E-5                   4.375144551416243
5.0299999999999996E-5     4.36107372894195
5.04E-5                   4.3470029046040475
5.05E-5                   4.332932078238479
5.06E-5                   4.319085983381396
5.07E-5                   4.305274262050426
5.0799999999999995E-5     4.291462543023066
5.09E-5                   4.277650826106314
5.1E-5                    4.2639183918124886
5.1099999999999995E-5     4.250241459615415
5.12E-5                   4.236564529830358
5.13E-5                   4.222887602290662
5.1399999999999996E-5     4.209387028587742
5.15E-5                   4.195949384293935
5.16E-5                   4.182511740604544
5.1699999999999996E-5     4.169074097357553
5.18E-5                   4.155786779307903
5.1899999999999994E-5     4.142518843136525
5.2E-5                    4.1292509078551
5.21E-5                   4.115986913724817
5.2199999999999995E-5     4.102832915371378
5.23E-5                   4.089678920421015
5.24E-5                   4.07652492872299
5.2499999999999995E-5     4.063410262596429
5.26E-5                   4.050470713775832
5.27E-5                   4.03753116271143
5.2799999999999996E-5     4.02459160925868
5.29E-5                   4.011688964617178
5.3E-5                    3.9988605369678725
5.3099999999999996E-5     3.9860321156900476
5.32E-5                   3.9732037006395573
5.3299999999999995E-5     3.960462534495497
5.34E-5                   3.947815520468726
5.35E-5                   3.9351685010246538
5.3599999999999995E-5     3.9225214760339884
5.37E-5                   3.909969423728566
5.38E-5                   3.897473222295807
5.3899999999999996E-5     3.8849770305155675
5.4E-5                    3.8724808482479043
5.41E-5                   3.8600852029812853
5.4199999999999996E-5     3.8477181485547503
5.43E-5                   3.8353510846026664
5.4399999999999994E-5     3.822984011011368
5.4499999999999997E-5     3.8108003510011144
5.46E-5                   3.7986310824858465
5.4699999999999995E-5     3.7864618285759986
5.48E-5                   3.7742981443004133
5.49E-5                   3.762201900723744
5.4999999999999995E-5     3.75010564116004
5.51E-5                   3.73800936551125
5.52E-5                   3.7259694342792513
5.5299999999999996E-5     3.7141237659823196
5.54E-5                   3.702278120363574
5.55E-5                   3.6904324972882776
5.5599999999999996E-5     3.678590712790716
5.57E-5                   3.666755313207981
5.5799999999999994E-5     3.654919886755475
5.59E-5                   3.6430844333510453
5.6E-5                    3.6314078542917128
5.6099999999999995E-5     3.619876532067189
5.62E-5                   3.6083452443783255
5.63E-5                   3.596813991094017
5.6399999999999995E-5     3.58525918531255
5.65E-5                   3.573692795844653
5.66E-5                   3.5621263613057423
5.6699999999999996E-5     3.5505598816308406
5.68E-5                   3.5392295826602385
5.69E-5                   3.527951158681996
5.6999999999999996E-5     3.5166727770664457
5.71E-5                   3.505401583850555
5.7199999999999994E-5     3.4941434262325406
5.73E-5                   3.4828852365623004
5.74E-5                   3.471657142106299
5.7499999999999995E-5     3.460527414279399
5.76E-5                   3.4493977084361633
5.77E-5                   3.4383108164234244
5.7799999999999995E-5     3.4272813594258413
5.79E-5                   3.4162518880982375
5.8E-5                    3.405306553516084
5.8099999999999996E-5     3.3943705615558724
5.82E-5                   3.3834610861029746
5.8299999999999994E-5     3.3725674421132092
5.8399999999999997E-5     3.3617389256334307
5.85E-5                   3.3509576980139713
5.8599999999999995E-5     3.3401850277837126
5.87E-5                   3.329419866328796
5.88E-5                   3.3187112520730997
5.8899999999999995E-5     3.3080279634356957
5.9E-5                    3.2973802903266503
5.91E-5                   3.286739495244742
5.9199999999999996E-5     3.276176975599833
5.93E-5                   3.265621605737795
5.94E-5                   3.255102549300964
5.9499999999999996E-5     3.244607044670926
5.96E-5                   3.234160994775816
5.9699999999999994E-5     3.2237448057138622
5.98E-5                   3.213360902329684
5.99E-5                   3.203009509835212
5.9999999999999995E-5     3.1926765208621646
6.01E-5                   3.1824004198864126
6.02E-5                   3.1721388566198327
6.0299999999999995E-5     3.161930417130785
6.04E-5                   3.151730950492661
6.05E-5                   3.1415823058261765
6.0599999999999996E-5     3.1314606371571205
6.07E-5                   3.1214117487319633
6.08E-5                   3.1113628609651216
6.0899999999999996E-5     3.1013139737889217
6.1E-5                    3.0913350828129573
6.11E-5                   3.0814055676754664
6.12E-5                   3.0714760529973275
6.13E-5                   3.061546538713847
6.14E-5                   3.051724708655663
6.149999999999999E-5      3.041914535811258
6.159999999999999E-5      3.032104363588783
6.17E-5                   3.022318704481282
6.18E-5                   3.012620832189557
6.19E-5                   3.002922960344623
6.2E-5                    2.9932250888861085
6.209999999999999E-5      2.983588692265614
6.22E-5                   2.9740058920666206
6.23E-5                   2.9644230924516637
6.24E-5                   2.95484029336231
6.25E-5                   2.9453526070571465
6.26E-5                   2.9358816809335737
6.269999999999999E-5      2.92641075521168
6.28E-5                   2.916958252798476
6.29E-5                   2.907598214196931
6.3E-5                    2.8982381761403597
6.31E-5                   2.8888781385743965
6.319999999999999E-5      2.879602990998713
6.33E-5                   2.870419038245131
6.34E-5                   2.861235085959197
6.35E-5                   2.852051134089566
6.36E-5                   2.8428671825848855
6.37E-5                   2.8336832313937834
6.379999999999999E-5      2.82449928046488
6.39E-5                   2.8153403632233958
6.4E-5                    2.8063759932518106
6.41E-5                   2.7974116238464144
6.42E-5                   2.78844725495955
6.429999999999999E-5      2.779482886543551
6.44E-5                   2.770518518550732
6.45E-5                   2.7615541509334007
6.46E-5                   2.752589783643852
6.47E-5                   2.7437791940944902
6.48E-5                   2.735020987126358
6.489999999999999E-5      2.7262627806401984
6.5E-5                    2.7175045745915694
6.51E-5                   2.7087463689360196
6.52E-5                   2.699988163629086
6.53E-5                   2.691229958626299
6.539999999999999E-5      2.6825495311186853
6.549999999999999E-5      2.6739971826957554
6.56E-5                   2.6654448346621535
6.57E-5                   2.656892486976529
6.58E-5                   2.648340139597526
6.59E-5                   2.639787792483777
6.599999999999999E-5      2.6312354455939055
6.61E-5                   2.6226850331974445
6.62E-5                   2.614331436966148
6.63E-5                   2.605977841266499
6.64E-5                   2.5976242460599095
6.65E-5                   2.5892706513077863
6.659999999999999E-5      2.5809170569715265
6.67E-5                   2.572563463012516
6.68E-5                   2.5642098693921347
6.69E-5                   2.5560419670434844
6.7E-5                    2.5479777741017813
6.709999999999999E-5      2.539913581494845
6.72E-5                   2.5318493891880447
6.73E-5                   2.5237851971467418
6.74E-5                   2.515721005336293
6.75E-5                   2.5076568137220456
6.76E-5                   2.4995926222693408
6.769999999999999E-5      2.4915284309435135
6.78E-5                   2.483464239709888
6.79E-5                   2.4754000485337855
6.8E-5                    2.4673358573805193
6.81E-5                   2.4592716662153964
6.819999999999999E-5      2.451207475003718
6.829999999999999E-5      2.4431432837107727
6.84E-5                   2.4354161971793897
6.85E-5                   2.4277243091895313
6.86E-5                   2.420032421768082
6.87E-5                   2.4123405348850495
6.879999999999999E-5      2.4046486485104324
6.89E-5                   2.396956762614223
6.9E-5                    2.389264877166411
6.91E-5                   2.381572992136977
6.92E-5                   2.3738811074958965
6.929999999999999E-5      2.366189223213142
6.939999999999999E-5      2.3584973392586757
6.95E-5                   2.350805455602456
6.96E-5                   2.3431135722144365
6.97E-5                   2.335421689064565
6.98E-5                   2.3277898098971286
6.989999999999999E-5      2.320452399559634
7.0E-5                    2.3131149895380525
7.01E-5                   2.30577757980627
7.02E-5                   2.2984401703381643
7.03E-5                   2.291102761107609
7.04E-5                   2.2837653520884715
7.049999999999999E-5      2.27642794325462
7.06E-5                   2.2690905345799113
7.07E-5                   2.2617531260382018
7.08E-5                   2.2544157176033424
7.09E-5                   2.247078309249182
7.099999999999999E-5      2.239740900949562
7.11E-5                   2.2324034926783205
7.12E-5                   2.2250660844092915
7.13E-5                   2.2178764441388643
7.14E-5                   2.210880227786615
7.15E-5                   2.2038840118456715
7.159999999999999E-5      2.1968877962936197
7.17E-5                   2.1898915811080366
7.18E-5                   2.1828953662664987
7.19E-5                   2.1758991517465778
7.2E-5                    2.168902937525843
7.209999999999999E-5      2.161906723581858
7.219999999999999E-5      2.154910509892185
7.23E-5                   2.1479142964343803
7.24E-5                   2.140918083185999
7.25E-5                   2.1339218701245914
7.26E-5                   2.1269256572277047
7.269999999999999E-5      2.119929444472884
7.28E-5                   2.113157808534252
7.29E-5                   2.1064838417853413
7.3E-5                    2.099809875276368
7.31E-5                   2.0931359089875605
7.319999999999999E-5      2.086461942899143
7.329999999999999E-5      2.0797879769913346
7.34E-5                   2.073114011244355
7.35E-5                   2.0664400456384184
7.36E-5                   2.059766080153739
7.37E-5                   2.053092114770525
7.379999999999999E-5      2.0464181494689844
7.39E-5                   2.039744184229321
7.4E-5                    2.0330702190317362
7.41E-5                   2.0263962538564297
7.42E-5                   2.0197222886835977
7.429999999999999E-5      2.013345012393758
7.439999999999999E-5      2.0069798638934078
7.45E-5                   2.00061471566456
7.46E-5                   1.9942495676903824
7.47E-5                   1.9878844199540429
7.48E-5                   1.9815192724387047
7.489999999999999E-5      1.9751541251275306
7.5E-5                    1.9687889780036776
7.51E-5                   1.9624238310503042
7.52E-5                   1.956058684250566
7.53E-5                   1.9496935375876163
7.54E-5                   1.943328391044605
7.549999999999999E-5      1.9369632446046814
7.56E-5                   1.9305980982509918
7.57E-5                   1.924299375043317
7.58E-5                   1.9182300386351607
7.59E-5                   1.9121607024717322
7.599999999999999E-5      1.9060913665382697
7.609999999999999E-5      1.9000220308200069
7.62E-5                   1.8939526953021761
7.63E-5                   1.8878833599700087
7.64E-5                   1.8818140248087338
7.65E-5                   1.875744689803579
7.659999999999999E-5      1.8696753549397709
7.67E-5                   1.8636060202025309
7.68E-5                   1.857536685577083
7.69E-5                   1.851467351048647
7.7E-5                    1.8453980166024415
7.709999999999999E-5      1.8393286822236852
7.719999999999999E-5      1.8333957034741961
7.73E-5                   1.8276055780247487
7.74E-5                   1.8218154526916464
7.75E-5                   1.8160253274618485
7.76E-5                   1.8102352023223123
7.769999999999999E-5      1.8044450772599951
7.78E-5                   1.7986549522618498
7.79E-5                   1.7928648273148307
7.8E-5                    1.7870747024058904
7.81E-5                   1.78128457752198
7.819999999999999E-5      1.775494452650049
7.829999999999999E-5      1.769704327777044
7.84E-5                   1.7639142028899133
7.85E-5                   1.7581240779756027
7.86E-5                   1.7523339530210569
7.87E-5                   1.7467447613535956
7.879999999999999E-5      1.7412217705933453
7.89E-5                   1.7356987801082202
7.9E-5                    1.730175789887895
7.91E-5                   1.7246527999220438
7.92E-5                   1.7191298102003378
7.93E-5                   1.7136068207124475
7.939999999999999E-5      1.7080838314480444
7.95E-5                   1.7025608423967953
7.96E-5                   1.6970378535483681
7.97E-5                   1.69151486489243
7.98E-5                   1.6859918764186457
7.989999999999999E-5      1.6804688881166807
7.999999999999999E-5      1.6749458999761968
8.01E-5                   1.669427163136933
8.02E-5                   1.6641698822128597
8.03E-5                   1.6589126013452065
8.04E-5                   1.653655320522779
8.049999999999999E-5      1.6483980397343845
8.06E-5                   1.6431407589688258
8.07E-5                   1.6378834782149079
8.08E-5                   1.6326261974614336
8.09E-5                   1.6273689166972047
8.099999999999999E-5      1.622111635911023
8.109999999999999E-5      1.616854355091688
8.12E-5                   1.6115970742279988
8.13E-5                   1.606339793308755
8.14E-5                   1.6010825123227537
8.15E-5                   1.5958252312587922
8.159999999999999E-5      1.59062765461309
8.17E-5                   1.5855837432967776
8.18E-5                   1.5805398319991972
8.19E-5                   1.5754959207141108
8.2E-5                    1.5704520094352796
8.209999999999999E-5      1.565408098156465
8.219999999999999E-5      1.5603641868714258
8.23E-5                   1.5553202755739233
8.24E-5                   1.5502763642577158
8.25E-5                   1.5452324529165629
8.26E-5                   1.5401885415442222
8.269999999999999E-5      1.5351446301344527
8.28E-5                   1.5301007186810105
8.29E-5                   1.5250568071776527
8.3E-5                    1.5200128956181351
8.31E-5                   1.5151306069341237
8.319999999999999E-5      1.5103839961420504
8.329999999999999E-5      1.5056373855198868
8.34E-5                   1.5008907750590832
8.35E-5                   1.4961441647510885
8.36E-5                   1.4913975545873517
8.37E-5                   1.4866509445593201
8.379999999999999E-5      1.481904334658442
8.389999999999999E-5      1.4771577248761631
8.4E-5                    1.4724111152039299
8.41E-5                   1.4676645056331878
8.42E-5                   1.4629178961553817
8.43E-5                   1.4581712867619572
8.439999999999999E-5      1.453455528129093
8.45E-5                   1.4488186802705114
8.46E-5                   1.4441818324222764
8.47E-5                   1.4395449845778507
8.48E-5                   1.4349081367306953
8.489999999999999E-5      1.4302712888742712
8.499999999999999E-5      1.4256344410020387
8.51E-5                   1.4209975931074579
8.52E-5                   1.4163607451839875
8.53E-5                   1.4117238972250876
8.54E-5                   1.407087049224217
8.549999999999999E-5      1.4024502011748334
8.56E-5                   1.3979754713166848
8.57E-5                   1.3935265227011568
8.58E-5                   1.3890775742464572
8.59E-5                   1.3846286259470468
8.599999999999999E-5      1.3801796777973878
8.609999999999999E-5      1.3757307297919386
8.62E-5                   1.3712817819251604
8.63E-5                   1.3668328341915121
8.64E-5                   1.3623838865854538
8.65E-5                   1.3579892323608136
8.659999999999999E-5      1.3536566062409447
8.669999999999999E-5      1.3493239800682095
8.68E-5                   1.3449913538366554
8.69E-5                   1.3406587275403294
8.7E-5                    1.3363261011732768
8.709999999999999E-5      1.3319934747295443
8.719999999999999E-5      1.3276608482031762
8.73E-5                   1.3233676115462807
8.74E-5                   1.3191049054294584
8.75E-5                   1.3148421994889667
8.76E-5                   1.3105794937203021
8.769999999999999E-5      1.30631678811896
8.779999999999999E-5      1.3020540826804343
8.79E-5                   1.2977913774002212
8.8E-5                    1.2936131547596912
8.81E-5                   1.2894810005020139
8.82E-5                   1.2853488461468763
8.829999999999999E-5      1.2812166916891934
8.84E-5                   1.2770845371238795
8.85E-5                   1.27295238244585
8.86E-5                   1.2688431029845686
8.87E-5                   1.2647650892480529
8.879999999999999E-5      1.2606870757041269
8.889999999999999E-5      1.2566090623485404
8.9E-5                    1.2525310491770458
8.91E-5                   1.2484530361853947
8.92E-5                   1.2444469590487899
8.93E-5                   1.2404566333806855
8.939999999999999E-5      1.2364663076215903
8.95E-5                   1.2324759817672837
8.96E-5                   1.2284856558135469
8.97E-5                   1.2245092983920538
8.98E-5                   1.220582984321778
8.989999999999999E-5      1.21665667039384
8.999999999999999E-5      1.2127303566042371
9.01E-5                   1.2088040429489697
9.02E-5                   1.2048777294240367
9.03E-5                   1.200997232929297
9.04E-5                   1.1971452889715486
9.049999999999999E-5      1.1932933449772651
9.059999999999999E-5      1.1894414009427168
9.07E-5                   1.1855894568641752
9.08E-5                   1.1817384348407827
9.09E-5                   1.1779527146348994
9.099999999999999E-5      1.1741669945114384
9.109999999999999E-5      1.1703812744668212
9.12E-5                   1.16659555449747
9.13E-5                   1.1628098345998066
9.14E-5                   1.1590528769860702
9.15E-5                   1.155337006291898
9.159999999999999E-5      1.1516211356047412
9.169999999999999E-5      1.1479052649212342
9.18E-5                   1.1441893942380126
9.19E-5                   1.1404735235517107
9.2E-5                    1.1368108455801267
9.21E-5                   1.1331606750599545
9.219999999999999E-5      1.12951050458079
9.23E-5                   1.1258603341394282
9.24E-5                   1.1222101637326662
9.25E-5                   1.1185734642606373
9.26E-5                   1.1149882198100667
9.269999999999999E-5      1.1114029753874095
9.279999999999999E-5      1.107817730989654
9.29E-5                   1.104232486613789
9.3E-5                    1.1006472422568039
9.31E-5                   1.0971018717119891
9.32E-5                   1.0935824981737472
9.329999999999999E-5      1.0900631246593508
9.34E-5                   1.086543751165913
9.35E-5                   1.0830243776905495
9.36E-5                   1.0795051983380979
9.37E-5                   1.0760467499885307
9.379999999999999E-5      1.0725883016725763
9.389999999999999E-5      1.0691298533875384
9.4E-5                    1.0656714051307228
9.41E-5                   1.0622129568994347
9.42E-5                   1.0587801801102703
9.43E-5                   1.0553857442934258
9.439999999999999E-5      1.0519913084941244
9.449999999999999E-5      1.0485968727097776
9.46E-5                   1.0452024369378003
9.47E-5                   1.0418080011756043
9.48E-5                   1.0384610108806112
9.489999999999999E-5      1.0351259643234691
9.499999999999999E-5      1.0317909177965991
9.51E-5                   1.0284558712975764
9.52E-5                   1.025120824823977
9.53E-5                   1.021803515538811
9.54E-5                   1.0185586230045405
9.549999999999999E-5      1.0153137304921478
9.559999999999999E-5      1.012068837999387
9.57E-5                   1.0088239455240116
9.58E-5                   1.005579053063776
9.59E-5                   1.0023341606164342
9.6E-5                    0.9990892681797394
9.609999999999999E-5      0.9958443757514459
9.62E-5                   0.9925994833293069
9.63E-5                   0.9893545909110757
9.64E-5                   0.9861096984945059
9.65E-5                   0.982979395883032
9.659999999999999E-5      0.9798499652713155
9.669999999999999E-5      0.9767205346894777
9.68E-5                   0.9735911041355073
9.69E-5                   0.9704616736073937
9.7E-5                    0.9673322431031244
9.71E-5                   0.9642028126206893
9.719999999999999E-5      0.9610733821580763
9.73E-5                   0.9579439517132732
9.74E-5                   0.9548145212842689
9.75E-5                   0.9516850908690521
9.76E-5                   0.9486430806151173
9.769999999999999E-5      0.9456245680028684
9.779999999999999E-5      0.9426060554117447
9.79E-5                   0.9395875428399412
9.8E-5                    0.9365690302856533
9.81E-5                   0.9335505177470762
9.82E-5                   0.9305320052224051
9.829999999999999E-5      0.9275134927098353
9.839999999999999E-5      0.9244949802075608
9.85E-5                   0.9214764677137774
9.86E-5                   0.9184579552266798
9.87E-5                   0.9155023001015871
9.879999999999999E-5      0.9125914463521198
9.889999999999999E-5      0.9096805926228838
9.9E-5                    0.9067697389122591
9.91E-5                   0.9038588852186245
9.92E-5                   0.9009480315403595
9.93E-5                   0.898037177875843
9.939999999999999E-5      0.8951263242234554
9.949999999999999E-5      0.8922154705815739
9.96E-5                   0.8893046169485791
9.97E-5                   0.8863937633228491
9.98E-5                   0.88352200453169
9.989999999999999E-5      0.8807141506753609
9.999999999999999E-5      0.8779062968403964
1.001E-4                  0.875098443025346
1.002E-4                  0.872290589228759
1.003E-4                  0.8694827354491838
1.004E-4                  0.8666748816851695
1.0049999999999999E-4     0.8638670279352649
1.0059999999999999E-4     0.8610591741980188
1.007E-4                  0.8582513204719792
1.008E-4                  0.8554434667556957
1.009E-4                  0.8526614397756209
1.01E-4                   0.8500009424117835
1.0109999999999999E-4     0.8473404450625148
1.012E-4                  0.844679947726577
1.013E-4                  0.8420194504027335
1.014E-4                  0.8393589530897472
1.015E-4                  0.8366984557863808
1.0159999999999999E-4     0.8340379584913977
1.0169999999999999E-4     0.8313774612035598
1.018E-4                  0.8287169639216301
1.019E-4                  0.8260564666443716
1.02E-4                   0.8233959693705466
1.021E-4                  0.8207354720989183
1.0219999999999999E-4     0.8180749748282491
1.0229999999999999E-4     0.8154144775573013
1.024E-4                  0.812753980284838
1.025E-4                  0.8100934830096214
1.026E-4                  0.8074329857304141
1.0269999999999999E-4     0.8047724884459788
1.0279999999999999E-4     0.802111991155078
1.029E-4                  0.7994514938564737
1.03E-4                   0.7967909965489289
1.031E-4                  0.7941304992312056
1.032E-4                  0.7916123841975277
1.0329999999999999E-4     0.7891376004833885
1.0339999999999999E-4     0.786662816796424
1.035E-4                  0.7841880331356407
1.036E-4                  0.7817132495000458
1.037E-4                  0.779238465888646
1.0379999999999999E-4     0.7767636823004481
1.0389999999999999E-4     0.7742888987344585
1.04E-4                   0.7718141151896843
1.041E-4                  0.769339331665132
1.042E-4                  0.7668645481598082
1.043E-4                  0.7643897646727198
1.0439999999999999E-4     0.7619149812028738
1.0449999999999999E-4     0.7594401977492756
1.046E-4                  0.7569654143109328
1.047E-4                  0.7544906308868516
1.048E-4                  0.7520158474760389
1.049E-4                  0.7495410640775009
1.0499999999999999E-4     0.7470662806902446
1.051E-4                  0.7445914973132757
1.052E-4                  0.7421167139456011
1.053E-4                  0.7396419305862273
1.054E-4                  0.7372290403411743
1.0549999999999999E-4     0.7349271010812277
1.0559999999999999E-4     0.7326251618330322
1.057E-4                  0.7303232225957855
1.058E-4                  0.7280212833686849
1.059E-4                  0.7257193441509278
1.06E-4                   0.7234174049417119
1.0609999999999999E-4     0.7211154657402348
1.0619999999999999E-4     0.718813526545693
1.063E-4                  0.7165115873572847
1.064E-4                  0.7142096481742065
1.065E-4                  0.7119077089956566
1.0659999999999999E-4     0.7096057698208321
1.0669999999999999E-4     0.7073038306489298
1.068E-4                  0.7050018914791473
1.069E-4                  0.7026999523106819
1.07E-4                   0.7003980131427312
1.071E-4                  0.6980960739744919
1.0719999999999999E-4     0.695794134805162
1.0729999999999999E-4     0.6934921956339379
1.074E-4                  0.6911902564600172
1.075E-4                  0.6888883172825974
1.076E-4                  0.6865863781008751
1.0769999999999999E-4     0.6844372840854673
1.0779999999999999E-4     0.6822963199792238
1.079E-4                  0.6801553558884027
1.08E-4                   0.6780143918123633
1.081E-4                  0.6758734277504652
1.082E-4                  0.6737324637020676
1.0829999999999999E-4     0.6715914996665303
1.0839999999999999E-4     0.6694505356432117
1.085E-4                  0.6673095716314715
1.086E-4                  0.6651686076306693
1.087E-4                  0.6630276436401641
1.0879999999999999E-4     0.6608866796593156
1.0889999999999999E-4     0.6587457156874825
1.0899999999999999E-4     0.6566047517240239
1.091E-4                  0.6544637877682997
1.092E-4                  0.6523228238196689
1.093E-4                  0.6501818598774906
1.0939999999999999E-4     0.6480408959411242
1.0949999999999999E-4     0.6458999320099287
1.096E-4                  0.6437589680832636
1.097E-4                  0.6416180041604874
1.098E-4                  0.6394770402409603
1.099E-4                  0.637416929182133
1.0999999999999999E-4     0.6354254421278388
1.1009999999999999E-4     0.6334339550823933
1.102E-4                  0.6314424680452742
1.103E-4                  0.6294509810159594
1.104E-4                  0.6274594939939272
1.1049999999999999E-4     0.625468006978655
1.1059999999999999E-4     0.6234765199696205
1.107E-4                  0.6214850329663018
1.108E-4                  0.6194935459681766
1.109E-4                  0.6175020589747225
1.11E-4                   0.6155105719854176
1.1109999999999999E-4     0.61351908499974
1.1119999999999999E-4     0.6115275980171664
1.113E-4                  0.6095361110371755
1.114E-4                  0.6075446240592447
1.115E-4                  0.6055531370828519
1.1159999999999999E-4     0.6035616501074748
1.1169999999999999E-4     0.6015701631325909
1.118E-4                  0.5995786761576782
1.119E-4                  0.5975871891822144
1.12E-4                   0.5955957022056773
1.121E-4                  0.5936226069190489
1.1219999999999999E-4     0.591770119107653
1.1229999999999999E-4     0.5899176313045194
1.124E-4                  0.5880651435092348
1.125E-4                  0.5862126557213857
1.126E-4                  0.5843601679405591
1.1269999999999999E-4     0.5825076801663416
1.1279999999999999E-4     0.5806551923983189
1.1289999999999999E-4     0.5788027046360781
1.13E-4                   0.5769502168792054
1.131E-4                  0.5750977291272878
1.132E-4                  0.5732452413799116
1.1329999999999999E-4     0.5713927536366633
1.1339999999999999E-4     0.569540265897129
1.135E-4                  0.5676877781608958
1.136E-4                  0.5658352904275499
1.137E-4                  0.5639828026966779
1.138E-4                  0.5621303149678663
1.1389999999999999E-4     0.5602778272407015
1.1399999999999999E-4     0.5584253395147698
1.141E-4                  0.556572851789658
1.142E-4                  0.5547203640649523
1.143E-4                  0.5528678763402394
1.1439999999999999E-4     0.5511093197717691
1.1449999999999999E-4     0.5493866205699819
1.146E-4                  0.5476639213765293
1.147E-4                  0.5459412221910734
1.148E-4                  0.5442185230132757
1.149E-4                  0.5424958238427979
1.1499999999999999E-4     0.5407731246793019
1.1509999999999999E-4     0.5390504255224493
1.152E-4                  0.5373277263719014
1.153E-4                  0.5356050272273205
1.154E-4                  0.5338823280883678
1.1549999999999999E-4     0.5321596289547056
1.1559999999999999E-4     0.5304369298259948
1.157E-4                  0.5287142307018974
1.158E-4                  0.5269915315820753
1.159E-4                  0.5252688324661899
1.16E-4                   0.5235461333539032
1.1609999999999999E-4     0.5218234342448768
1.1619999999999999E-4     0.5201007351387716
1.163E-4                  0.5183780360352501
1.164E-4                  0.5166553369339738
1.165E-4                  0.5149326378346043
1.1659999999999999E-4     0.51324767336196
1.1669999999999999E-4     0.5116447156730144
1.1679999999999999E-4     0.5100417579852586
1.169E-4                  0.5084388002984237
1.17E-4                   0.5068358426122402
1.171E-4                  0.5052328849264393
1.1719999999999999E-4     0.5036299272407514
1.1729999999999999E-4     0.5020269695549074
1.174E-4                  0.5004240118686382
1.175E-4                  0.49882105418167433
1.176E-4                  0.4972180964937468
1.177E-4                  0.49561513880458635
1.1779999999999999E-4     0.49401218111392403
1.1789999999999999E-4     0.49240922342149007
1.18E-4                   0.49080626572701536
1.181E-4                  0.4892033080302309
1.182E-4                  0.48760035033086735
1.1829999999999999E-4     0.4859973926286558
1.1839999999999999E-4     0.48439443492332634
1.185E-4                  0.48279147721461024
1.186E-4                  0.481188519502238
1.187E-4                  0.47958556178594053
1.188E-4                  0.4779826040654488
1.1889999999999999E-4     0.47648179139049507
1.1899999999999999E-4     0.4749915089142469
1.191E-4                  0.47350122644816833
1.192E-4                  0.47201094399204385
1.193E-4                  0.47052066154565775
1.1939999999999999E-4     0.46903037910879447
1.1949999999999999E-4     0.467540096681238
1.196E-4                  0.46604981426277303
1.197E-4                  0.4645595318531837
1.198E-4                  0.4630692494522545
1.199E-4                  0.4615789670597696
1.1999999999999999E-4     0.4600886846755136
1.2009999999999999E-4     0.45859840229927057
1.202E-4                  0.4571081199308248
1.203E-4                  0.45561783756996077
1.204E-4                  0.4541275552164628
1.2049999999999999E-4     0.4526372728701154
1.2059999999999999E-4     0.4511469905307024
1.2069999999999999E-4     0.44965670819800846
1.208E-4                  0.44816642587181776
1.209E-4                  0.4466761435519147
1.21E-4                   0.44518586123808357
1.2109999999999999E-4     0.4437471819632782
1.2119999999999999E-4     0.44236052988152935
1.213E-4                  0.4409738777952487
1.214E-4                  0.43958722570425673
1.215E-4                  0.43820057360837333
1.216E-4                  0.4368139215074186
1.2169999999999999E-4     0.43542726940121296
1.2179999999999999E-4     0.4340406172895761
1.219E-4                  0.43265396517232824
1.22E-4                   0.43126731304928945
1.2209999999999999E-4     0.4298806609202803
1.222E-4                  0.4284940087851203
1.223E-4                  0.42710735664362975
1.224E-4                  0.4257207044956286
1.225E-4                  0.42433405234093735
1.226E-4                  0.4229474001793759
1.227E-4                  0.4215607480107642
1.228E-4                  0.4201740958349226
1.229E-4                  0.418787443651671
1.2299999999999998E-4     0.41740079146083
1.2309999999999998E-4     0.416014139262219
1.2319999999999999E-4     0.4146274870556583
1.233E-4                  0.4132494724720021
1.234E-4                  0.4119594779791348
1.235E-4                  0.41066948349657517
1.236E-4                  0.40937948902419113
1.237E-4                  0.4080894945618501
1.238E-4                  0.40679950010941957
1.239E-4                  0.4055095056667674
1.24E-4                   0.404219511233761
1.241E-4                  0.4029295168102682
1.2419999999999998E-4     0.4016395223961568
1.2429999999999999E-4     0.4003495279912937
1.244E-4                  0.3990595335955469
1.245E-4                  0.39776953920878405
1.246E-4                  0.39647954483087267
1.247E-4                  0.39518955046168047
1.248E-4                  0.3938995561010749
1.249E-4                  0.39260956174892375
1.25E-4                   0.3913195674050944
1.251E-4                  0.39002957306945457
1.252E-4                  0.38873957874187187
1.2529999999999998E-4     0.3874495844222142
1.2539999999999999E-4     0.38615959011034856
1.255E-4                  0.3848695958061428
1.256E-4                  0.3836421171354799
1.257E-4                  0.3824439532370895
1.258E-4                  0.38124578933528286
1.259E-4                  0.38004762542993487
1.26E-4                   0.3788494615209203
1.261E-4                  0.3776512976081141
1.262E-4                  0.376453133691391
1.263E-4                  0.3752549697706259
1.2639999999999998E-4     0.3740568058456939
1.2649999999999998E-4     0.3728586419164694
1.266E-4                  0.37166047798282736
1.267E-4                  0.3704623140446428
1.268E-4                  0.3692641501017903
1.269E-4                  0.368065986154145
1.27E-4                   0.36686782220158154
1.271E-4                  0.365669658243975
1.272E-4                  0.3644714942812
1.273E-4                  0.36327333031313136
1.274E-4                  0.3620751663396442
1.2749999999999998E-4     0.3608770023606133
1.2759999999999998E-4     0.35967883837591325
1.277E-4                  0.35848067438541886
1.278E-4                  0.35730417501557066
1.279E-4                  0.3561856070460939
1.28E-4                   0.35506703907715
1.281E-4                  0.35394847110866035
1.282E-4                  0.35282990314054596
1.283E-4                  0.35171133517272823
1.284E-4                  0.35059276720512816
1.285E-4                  0.349474199237667
1.2859999999999998E-4     0.34835563127026625
1.2869999999999998E-4     0.3472370633028465
1.288E-4                  0.3461184953353293
1.289E-4                  0.3449999273676358
1.29E-4                   0.3438813593996871
1.291E-4                  0.3427627914314045
1.292E-4                  0.34164422346270923
1.293E-4                  0.34052565549352226
1.294E-4                  0.33940708752376497
1.295E-4                  0.33828851955335865
1.296E-4                  0.33716995158222424
1.2969999999999998E-4     0.33605138361028325
1.2979999999999998E-4     0.33493281563745647
1.2989999999999999E-4     0.3338142476636653
1.3E-4                    0.33269567968883074
1.301E-4                  0.331651106806269
1.302E-4                  0.3306182217893618
1.303E-4                  0.32958533678646484
1.304E-4                  0.32855245179749315
1.305E-4                  0.32751956682236216
1.306E-4                  0.3264866818609872
1.307E-4                  0.3254537969132833
1.3079999999999998E-4     0.3244209119791661
1.3089999999999998E-4     0.3233880270585503
1.3099999999999999E-4     0.32235514215135136
1.311E-4                  0.3213222572574846
1.312E-4                  0.3202893723768651
1.313E-4                  0.3192564875094083
1.314E-4                  0.31822360265502947
1.315E-4                  0.3171907178136436
1.316E-4                  0.31615783298516614
1.317E-4                  0.31512494816951225
1.318E-4                  0.3140920633665973
1.3189999999999998E-4     0.3130591785763366
1.3199999999999998E-4     0.31202629379864494
1.3209999999999999E-4     0.3109934090334378
1.322E-4                  0.30996052428063053
1.323E-4                  0.3089553265773514
1.324E-4                  0.307983292259974
1.325E-4                  0.30701125791562817
1.326E-4                  0.30603922354425883
1.327E-4                  0.30506718914581116
1.328E-4                  0.3040951547202304
1.329E-4                  0.30312312026746163
1.33E-4                   0.3021510857874497
1.3309999999999998E-4     0.3011790512801403
1.3319999999999999E-4     0.30020701674547773
1.333E-4                  0.2992349821834075
1.334E-4                  0.29826294759387467
1.335E-4                  0.2972909129768244
1.336E-4                  0.2963188783322017
1.337E-4                  0.2953468436599517
1.338E-4                  0.29437480896001944
1.339E-4                  0.29340277423235017
1.34E-4                   0.2924307394768888
1.341E-4                  0.2914587046935806
1.3419999999999998E-4     0.29048666988237093
1.3429999999999998E-4     0.28951463504320424
1.344E-4                  0.2885426001760259
1.345E-4                  0.2875743731352608
1.346E-4                  0.2866843845848121
1.347E-4                  0.28579439607901796
1.348E-4                  0.2849044076178387
1.349E-4                  0.28401441920123494
1.35E-4                   0.2831244308291674
1.351E-4                  0.28223444250159613
1.352E-4                  0.281344454218482
1.3529999999999998E-4     0.28045446597978557
1.3539999999999998E-4     0.2795644777854669
1.355E-4                  0.2786744896354867
1.356E-4                  0.27778450152980544
1.357E-4                  0.27689451346838373
1.358E-4                  0.27600452545118204
1.359E-4                  0.2751145374781608
1.36E-4                   0.2742245495492805
1.361E-4                  0.27333456166450165
1.362E-4                  0.2724445738237848
1.363E-4                  0.2715545860270904
1.3639999999999998E-4     0.27066459827437905
1.3649999999999998E-4     0.26977461056561103
1.3659999999999999E-4     0.26888462290074683
1.367E-4                  0.2679946352797471
1.368E-4                  0.26713597081236146
1.369E-4                  0.2662950927745711
1.37E-4                   0.26545421466349767
1.371E-4                  0.26461333647906965
1.372E-4                  0.2637724582212158
1.373E-4                  0.2629315798898648
1.374E-4                  0.26209070148494523
1.3749999999999998E-4     0.2612498230063861
1.3759999999999998E-4     0.26040894445411567
1.3769999999999999E-4     0.25956806582806263
1.378E-4                  0.25872718712815584
1.379E-4                  0.2578863083543239
1.38E-4                   0.2570454295064955
1.381E-4                  0.2562045505845993
1.382E-4                  0.2553636715885641
1.383E-4                  0.2545227925183184
1.384E-4                  0.2536819133737909
1.385E-4                  0.2528410341549104
1.3859999999999998E-4     0.2520001548616058
1.3869999999999998E-4     0.2511592754938053
1.3879999999999999E-4     0.2503183960514378
1.389E-4                  0.24947751653443206
1.39E-4                   0.24864265162959087
1.391E-4                  0.24782801068504726
1.392E-4                  0.24701336981286706
1.393E-4                  0.24619872901303777
1.394E-4                  0.24538408828554714
1.395E-4                  0.24456944763038255
1.396E-4                  0.2437548070475317
1.3969999999999998E-4     0.24294016653698247
1.3979999999999998E-4     0.24212552609872187
1.3989999999999999E-4     0.24131088573273773
1.4E-4                    0.24049624543901765
1.401E-4                  0.23968160521754928
1.402E-4                  0.23886696506832011
1.403E-4                  0.23809267753294844
1.404E-4                  0.23735400911855983
1.405E-4                  0.2366153406138199
1.406E-4                  0.23587667201870235
1.407E-4                  0.23513800333318108
1.408E-4                  0.23439933455722972
1.4089999999999998E-4     0.23366066569082233
1.4099999999999998E-4     0.23291759889369867
1.411E-4                  0.23216463282211464
1.412E-4                  0.2314116668271925
1.413E-4                  0.23065870090890028
1.414E-4                  0.22990573506720605
1.415E-4                  0.22915304550406368
1.416E-4                  0.22840037676223646
1.417E-4                  0.2276484270124563
1.418E-4                  0.2269275493955163
1.419E-4                  0.22620667168227945
1.4199999999999998E-4     0.22548054007189755
1.4209999999999998E-4     0.2247479100133307
1.422E-4                  0.2240187591947314
1.423E-4                  0.22329779324211166
1.424E-4                  0.22257739480715794
1.425E-4                  0.2218578217988687
1.426E-4                  0.2211395312075887
1.427E-4                  0.22042181617012416
1.428E-4                  0.21971412270832552
1.429E-4                  0.2190067600064865
1.43E-4                   0.21830016057226534
1.4309999999999998E-4     0.2175951839621142
1.4319999999999998E-4     0.21689128617668071
1.433E-4                  0.21619151459555142
1.434E-4                  0.2154932453989792
1.435E-4                  0.21479920279872913
1.436E-4                  0.21410610272662914
1.437E-4                  0.2134139621989576
1.438E-4                  0.2127252526146696
1.439E-4                  0.2120378754677172
1.44E-4                   0.21135484801296736
1.441E-4                  0.21067273280876325
1.4419999999999998E-4     0.20999204200537885
1.4429999999999998E-4     0.20931570802001925
1.4439999999999999E-4     0.20864134331591228
1.445E-4                  0.2079669786086255
1.446E-4                  0.20729474918358
1.447E-4                  0.20662786910431116
1.448E-4                  0.2059609890281226
1.449E-4                  0.20529410895499478
1.45E-4                   0.20463336211049124
1.451E-4                  0.20397343680209676
1.452E-4                  0.20331351149107485
1.4529999999999998E-4     0.20265724874598817
1.4539999999999998E-4     0.20200497836605444
1.4549999999999999E-4     0.20135270798905064
1.456E-4                  0.20070094403240316
1.457E-4                  0.2000554219949443
1.458E-4                  0.19940989995495456
1.459E-4                  0.19876437791241647
1.46E-4                   0.19812607465094745
1.461E-4                  0.1974913007948832
1.462E-4                  0.19685652694014877
1.463E-4                  0.19622175308672735
1.4639999999999998E-4     0.19558697923460244
1.4649999999999998E-4     0.1949522053837568
1.4659999999999999E-4     0.19431743153417386
1.467E-4                  0.19369454584876822
1.468E-4                  0.19307351876318063
1.469E-4                  0.19245249167682973
1.47E-4                   0.19183146458969982
1.471E-4                  0.1912104375017752
1.472E-4                  0.1905894104130402
1.473E-4                  0.18996916749825507
1.474E-4                  0.18936166847158856
1.4749999999999998E-4     0.18875416944576817
1.4759999999999998E-4     0.18814667042077865
1.4769999999999999E-4     0.1875391713966056
1.478E-4                  0.1869316723732343
1.479E-4                  0.18632417335064996
1.48E-4                   0.18572000194065164
1.481E-4                  0.18512575316693208
1.482E-4                  0.18453150439288837
1.483E-4                  0.18393725561850666
1.484E-4                  0.18334300684377317
1.485E-4                  0.18274875806867413
1.4859999999999998E-4     0.182154509293196
1.4869999999999998E-4     0.18156598153379108
1.4879999999999998E-4     0.18098460908211497
1.489E-4                  0.18040323663085944
1.49E-4                   0.17982186418001164
1.491E-4                  0.17924049172955864
1.492E-4                  0.17865911927948752
1.493E-4                  0.1780777468297855
1.494E-4                  0.17750448278907044
1.495E-4                  0.17693582992305687
1.496E-4                  0.1763671770570306
1.497E-4                  0.17579852419097958
1.4979999999999998E-4     0.17522987132489193
1.4989999999999998E-4     0.17466121845875524
1.5E-4                    0.1740925655925575
