% Model:              20230225_JW_4_05.mph
% Version:            COMSOL 5.6.0.401
% Date:               Feb 25 2023, 20:18
% Dimension:          1
% Nodes:              1501
% Expressions:        1
% Description:        点图
% X                       Height
0                         12.049033652649538
1.0E-7                    12.051613346280625
2.0E-7                    12.063884143439974
3.0E-7                    12.08531721970874
4.0E-7                    12.099554382580067
5.0E-7                    12.10398995649668
6.0E-7                    12.10898074576587
7.0E-7                    12.113940310732776
8.0E-7                    12.115514729277313
9.0E-7                    12.114682363935527
1.0E-6                    12.109528732649178
1.1E-6                    12.104678730812678
1.2E-6                    12.096979743148657
1.2999999999999998E-6     12.085895987099251
1.4E-6                    12.075405014003351
1.5E-6                    12.061245944743243
1.6E-6                    12.046658382581645
1.6999999999999998E-6     12.030180536540708
1.8E-6                    12.012564339628476
1.9E-6                    11.993844325024138
2.0E-6                    11.973532075138651
2.1E-6                    11.952923342604663
2.2E-6                    11.93056734456163
2.3E-6                    11.90777739012339
2.4E-6                    11.884200156978578
2.4999999999999998E-6     11.859735531599368
2.5999999999999997E-6     11.834785299364121
2.7E-6                    11.809117833270458
2.8E-6                    11.782711602559646
2.8999999999999998E-6     11.756207845423424
3.0E-6                    11.728854266071137
3.1E-6                    11.701382335221039
3.2E-6                    11.673345450414933
3.2999999999999997E-6     11.645119237539024
3.3999999999999996E-6     11.616463660847321
3.5E-6                    11.58759746601912
3.6E-6                    11.558462134888975
3.6999999999999997E-6     11.529091259700886
3.8E-6                    11.499544131754162
3.9E-6                    11.469794439635631
4.0E-6                    11.43996008727848
4.1E-6                    11.409868549217698
4.2E-6                    11.379727368178138
4.2999999999999995E-6     11.349454348473015
4.4E-6                    11.319149141803946
4.5E-6                    11.28859348882672
4.6E-6                    11.258038347331016
4.7E-6                    11.22748370110008
4.8E-6                    11.196895681161998
4.9E-6                    11.166249778002168
4.9999999999999996E-6     11.135604282362717
5.0999999999999995E-6     11.10495918036913
5.199999999999999E-6      11.07429845072622
5.3E-6                    11.043628884371776
5.4E-6                    11.012959792775522
5.5E-6                    10.982291161458816
5.6E-6                    10.951626711197532
5.7E-6                    10.920963011300248
5.7999999999999995E-6     10.890299617048298
5.899999999999999E-6      10.859645065723312
6.0E-6                    10.829034897653367
6.1E-6                    10.79842520321249
6.2E-6                    10.767815969096786
6.3E-6                    10.73729406026339
6.4E-6                    10.70688855509437
6.5E-6                    10.676483222594573
6.5999999999999995E-6     10.646078051908363
6.699999999999999E-6      10.61572650455391
6.799999999999999E-6      10.585399206983645
6.9E-6                    10.5550725427341
7.0E-6                    10.524746496946417
7.1E-6                    10.494579931741105
7.2E-6                    10.46442015960341
7.2999999999999996E-6     10.434260232642233
7.3999999999999995E-6     10.404194279357768
7.499999999999999E-6      10.374456296685931
7.6E-6                    10.344719571158402
7.699999999999999E-6      10.314984085087604
7.8E-6                    10.284699061894479
7.899999999999999E-6      10.253837245581728
8.0E-6                    10.22297471244911
8.1E-6                    10.192111454784612
8.2E-6                    10.162995634849963
8.3E-6                    10.134451690832615
8.4E-6                    10.105908552827334
8.5E-6                    10.077361343808983
8.599999999999999E-6      10.048561388835731
8.7E-6                    10.019761659340812
8.8E-6                    9.990962135077181
8.9E-6                    9.96152727172385
9.0E-6                    9.931761399419026
9.1E-6                    9.901995522091127
9.2E-6                    9.873354787012847
9.299999999999999E-6      9.845368982501613
9.4E-6                    9.817383891793675
9.499999999999999E-6      9.788483028073829
9.6E-6                    9.759490970867075
9.7E-6                    9.730547951355568
9.8E-6                    9.701819107922352
9.9E-6                    9.673090692082232
9.999999999999999E-6      9.644638632197598
1.01E-5                   9.61650530177505
1.0199999999999999E-5     9.588369203723808
1.03E-5                   9.560025076200843
1.0399999999999999E-5     9.531681133773736
1.05E-5                   9.503707933229501
1.06E-5                   9.475822936492843
1.07E-5                   9.447897915337531
1.08E-5                   9.419946408298218
1.0899999999999999E-5     9.39207993165065
1.1E-5                    9.364342492588534
1.1099999999999999E-5     9.336619513561255
1.12E-5                   9.308955969738458
1.13E-5                   9.281292512861087
1.14E-5                   9.253849520707403
1.15E-5                   9.226409758876956
1.1599999999999999E-5     9.198999775869066
1.17E-5                   9.17159820991343
1.1799999999999999E-5     9.144306230040323
1.19E-5                   9.117094992609573
1.2E-5                    9.089947237962816
1.21E-5                   9.06290711306629
1.22E-5                   9.035874506380479
1.2299999999999999E-5     9.008879067118686
1.24E-5                   8.98188379777079
1.2499999999999999E-5     8.955130638291287
1.26E-5                   8.928387787629381
1.2699999999999999E-5     8.901697230274497
1.28E-5                   8.875023798159344
1.29E-5                   8.848436857730057
1.3E-5                    8.821920977104634
1.31E-5                   8.795465730989104
1.3199999999999999E-5     8.769126087656245
1.33E-5                   8.742798081504604
1.3399999999999999E-5     8.71654165707875
1.35E-5                   8.690285398575108
1.3599999999999999E-5     8.664212788883539
1.37E-5                   8.638153531116139
1.38E-5                   8.612178367030682
1.3899999999999999E-5     8.586234791960756
1.4E-5                    8.560364829973913
1.4099999999999999E-5     8.534562240381339
1.42E-5                   8.508812187557673
1.4299999999999999E-5     8.48317525455773
1.44E-5                   8.457551235648184
1.45E-5                   8.4320291332653
1.4599999999999999E-5     8.406507181316991
1.47E-5                   8.381190004287838
1.4799999999999999E-5     8.355894202540778
1.49E-5                   8.330598547015589
1.4999999999999999E-5     8.305303031636843
1.51E-5                   8.280146025103688
1.52E-5                   8.255130188623541
1.53E-5                   8.23011449633304
1.5399999999999998E-5     8.205098942464526
1.55E-5                   8.180108264831343
1.56E-5                   8.155385863671652
1.57E-5                   8.13066360386428
1.5799999999999998E-5     8.105941479834897
1.59E-5                   8.081219485975168
1.6E-5                    8.056685192235589
1.61E-5                   8.032241879705204
1.62E-5                   8.007798699882875
1.63E-5                   7.9833556473951885
1.64E-5                   7.958988042630487
1.6499999999999998E-5     7.934831717395267
1.66E-5                   7.910675519723436
1.67E-5                   7.8865194444894655
1.68E-5                   7.86236348653863
1.69E-5                   7.838448360272756
1.7E-5                    7.814575120919747
1.71E-5                   7.7907020041855235
1.7199999999999998E-5     7.766829005050982
1.73E-5                   7.743078908336791
1.74E-5                   7.719484326441059
1.75E-5                   7.695889859221774
1.76E-5                   7.672295501986982
1.77E-5                   7.648710101804764
1.78E-5                   7.62540506998903
1.7899999999999998E-5     7.6021001575333225
1.8E-5                    7.578795359751713
1.81E-5                   7.555490671934497
1.82E-5                   7.532342184567397
1.8299999999999998E-5     7.509289535781316
1.84E-5                   7.486236987702151
1.85E-5                   7.463184536047375
1.8599999999999998E-5     7.44020334947583
1.87E-5                   7.417491520868405
1.88E-5                   7.394779807113348
1.89E-5                   7.372068203861311
1.8999999999999998E-5     7.3493567067423395
1.91E-5                   7.326753986269608
1.92E-5                   7.304178813801836
1.9299999999999998E-5     7.281603726102922
1.94E-5                   7.259028719091772
1.95E-5                   7.236639314316481
1.96E-5                   7.214543220716478
1.9699999999999998E-5     7.192447224109679
1.98E-5                   7.170351320767032
1.99E-5                   7.148255506942914
1.9999999999999998E-5     7.126159778875275
2.01E-5                   7.10406413278578
2.02E-5                   7.081968564879954
2.03E-5                   7.059873071347313
2.0399999999999998E-5     7.038088400655099
2.05E-5                   7.016542122159717
2.06E-5                   6.994995938864041
2.07E-5                   6.97344984722096
2.0799999999999997E-5     6.951903843668379
2.09E-5                   6.93035792462934
2.1E-5                    6.908812086512158
2.1099999999999998E-5     6.887266325710538
2.12E-5                   6.865720638603717
2.13E-5                   6.844696744414628
2.14E-5                   6.8238520489997745
2.1499999999999997E-5     6.803007442613536
2.16E-5                   6.782162922075115
2.17E-5                   6.761318484191304
2.1799999999999998E-5     6.7404741257565846
2.19E-5                   6.719629843553227
2.2E-5                    6.698785634351408
2.21E-5                   6.677941494909311
2.2199999999999998E-5     6.657319110283616
2.23E-5                   6.636715336942788
2.24E-5                   6.61611164910839
2.2499999999999998E-5     6.595508043558055
2.26E-5                   6.574904517057292
2.27E-5                   6.554301066359608
2.28E-5                   6.533697688206599
2.2899999999999998E-5     6.513094379328066
2.3E-5                    6.492523756775557
2.31E-5                   6.472242452035508
2.3199999999999998E-5     6.451961183291328
2.33E-5                   6.431679948146862
2.34E-5                   6.411398744197883
2.35E-5                   6.391117569032147
2.3599999999999998E-5     6.370836420229477
2.37E-5                   6.350555295361817
2.38E-5                   6.330274191993319
2.3899999999999998E-5     6.31066925322946
2.4E-5                    6.292804877695103
2.41E-5                   6.274940688863048
2.42E-5                   6.25707668392424
2.4299999999999998E-5     6.2392128600603645
2.44E-5                   6.221349214443918
2.45E-5                   6.203485744238288
2.4599999999999998E-5     6.185622446597802
2.4699999999999997E-5     6.1677593186678275
2.48E-5                   6.149275096673912
2.49E-5                   6.130056404230303
2.4999999999999998E-5     6.110837645143978
2.51E-5                   6.091618814115916
2.52E-5                   6.072399905831495
2.53E-5                   6.05318091496072
2.5399999999999997E-5     6.031898716046516
2.55E-5                   6.010273908327346
2.56E-5                   5.9886491674282665
2.5699999999999998E-5     5.967883889893836
2.58E-5                   5.949648195538135
2.59E-5                   5.931412439621146
2.6E-5                    5.913210337090059
2.6099999999999997E-5     5.8950154392986445
2.62E-5                   5.875281427163068
2.63E-5                   5.854761740122698
2.6399999999999998E-5     5.836414877441225
2.65E-5                   5.818437432944526
2.66E-5                   5.8004941985919
2.67E-5                   5.781247639275011
2.6799999999999998E-5     5.7633361421676055
2.69E-5                   5.744977910116888
2.7E-5                    5.726646567156068
2.7099999999999998E-5     5.708805700021597
2.7199999999999997E-5     5.690552887551489
2.73E-5                   5.672521857808111
2.74E-5                   5.654905030315575
2.7499999999999998E-5     5.636840141909496
2.76E-5                   5.619041834009461
2.77E-5                   5.601383191257963
2.7799999999999998E-5     5.583686077528127
2.7899999999999997E-5     5.5660347352567685
2.8E-5                    5.5485490659663546
2.81E-5                   5.530987750489695
2.8199999999999998E-5     5.513559247977633
2.83E-5                   5.49617945554544
2.84E-5                   5.478821235105925
2.8499999999999998E-5     5.461557857782384
2.8599999999999997E-5     5.444321746381947
2.87E-5                   5.427146922549276
2.88E-5                   5.410053071120507
2.8899999999999998E-5     5.392996789493875
2.9E-5                    5.3759901875510705
2.91E-5                   5.359052527247355
2.9199999999999998E-5     5.342142514121979
2.9299999999999997E-5     5.325320671030387
2.94E-5                   5.308522468344589
2.95E-5                   5.291780092153884
2.9599999999999998E-5     5.275095982348829
2.97E-5                   5.258452998075591
2.98E-5                   5.241914096256262
2.99E-5                   5.225390071738478
2.9999999999999997E-5     5.208866082242214
3.01E-5                   5.1924217659098835
3.02E-5                   5.17607364927336
3.0299999999999998E-5     5.159725565876602
3.04E-5                   5.143382670230929
3.05E-5                   5.127201911223074
3.06E-5                   5.111021185690709
3.07E-5                   5.094840492207394
3.0799999999999996E-5     5.078761386056653
3.09E-5                   5.062747610571712
3.1E-5                    5.046733867177251
3.11E-5                   5.030750509267114
3.12E-5                   5.014899604189532
3.13E-5                   4.99904872913578
3.14E-5                   4.98319788276783
3.15E-5                   4.967475121568459
3.1599999999999996E-5     4.951791881291873
3.17E-5                   4.936108671750229
3.18E-5                   4.920479603608244
3.1899999999999996E-5     4.904954611517242
3.2E-5                    4.889429646700556
3.21E-5                   4.873904707897169
3.22E-5                   4.858529463672881
3.23E-5                   4.8431672708145665
3.24E-5                   4.827805106965227
3.25E-5                   4.812522562834354
3.26E-5                   4.797320343840313
3.2699999999999995E-5     4.782118149974209
3.28E-5                   4.766927614356076
3.29E-5                   4.75187932929569
3.2999999999999996E-5     4.736831072341211
3.31E-5                   4.721782842363609
3.32E-5                   4.706891750935528
3.3299999999999996E-5     4.692084010384467
3.34E-5                   4.6772762946762185
3.35E-5                   4.662468602718349
3.36E-5                   4.647660933416618
3.37E-5                   4.632853285674997
3.38E-5                   4.618045658395689
3.39E-5                   4.603480859276286
3.4E-5                    4.588973374807099
3.4099999999999995E-5     4.574465915625522
3.42E-5                   4.559958480716235
3.43E-5                   4.545451069062289
3.4399999999999996E-5     4.530943679645125
3.45E-5                   4.51643631144458
3.46E-5                   4.502223744240547
3.4699999999999996E-5     4.48802197060806
3.48E-5                   4.4738202199581405
3.49E-5                   4.459618491334356
3.5E-5                    4.445416783778822
3.51E-5                   4.431215096332214
3.52E-5                   4.417066182937204
3.53E-5                   4.40330267202
3.54E-5                   4.389539183754833
3.5499999999999996E-5     4.37577571727924
3.56E-5                   4.362012271729496
3.57E-5                   4.348248846240636
3.5799999999999996E-5     4.334485439946457
3.59E-5                   4.320722051979539
3.6E-5                    4.306958681471244
3.6099999999999997E-5     4.293195327551739
3.62E-5                   4.279431989350004
3.63E-5                   4.265668665993837
3.64E-5                   4.251905356609873
3.65E-5                   4.23814206032359
3.6599999999999995E-5     4.224623373678582
3.67E-5                   4.211426679152688
3.68E-5                   4.198230007265694
3.6899999999999996E-5     4.185033357264554
3.7E-5                    4.171836728395186
3.71E-5                   4.158640119902496
3.7199999999999996E-5     4.145443531030384
3.73E-5                   4.132246961021747
3.74E-5                   4.119050409118489
3.75E-5                   4.105853874561539
3.76E-5                   4.092657356590847
3.77E-5                   4.079460854445402
3.78E-5                   4.066264367363239
3.79E-5                   4.053067894581442
3.7999999999999995E-5     4.040282272628944
3.81E-5                   4.027638756438987
3.82E-5                   4.014995258482102
3.8299999999999996E-5     4.002351778092505
3.84E-5                   3.9897083146035954
3.85E-5                   3.977064867347974
3.8599999999999996E-5     3.9644214356574445
3.87E-5                   3.9517780188630205
3.88E-5                   3.939134616294938
3.89E-5                   3.9264912272826566
3.9E-5                    3.913847851154869
3.9099999999999995E-5     3.9012044872395104
3.92E-5                   3.888561134863761
3.93E-5                   3.875945817801391
3.9399999999999995E-5     3.8638182677792723
3.95E-5                   3.851690734710937
3.96E-5                   3.839563218021414
3.9699999999999996E-5     3.8274357171350806
3.98E-5                   3.8153082314756706
3.99E-5                   3.8031807604662835
3.9999999999999996E-5     3.791053303529391
4.01E-5                   3.778925860086833
4.02E-5                   3.7667984295598367
4.03E-5                   3.7546710113690103
4.04E-5                   3.742543604934355
4.0499999999999995E-5     3.7304162096752744
4.06E-5                   3.718288825010568
4.07E-5                   3.706355398104837
4.0799999999999996E-5     3.694758465214666
4.09E-5                   3.6831615464185363
4.1E-5                    3.6715646411982603
4.1099999999999996E-5     3.659967749035123
4.12E-5                   3.6483708694098884
4.13E-5                   3.6367740018028027
4.14E-5                   3.625177145693601
4.15E-5                   3.6135803005615066
4.1599999999999995E-5     3.601983465885244
4.17E-5                   3.590386641143037
4.18E-5                   3.5787898258126156
4.1899999999999995E-5     3.567193019371223
4.2E-5                    3.555596221295616
4.21E-5                   3.544345696907987
4.2199999999999996E-5     3.533260426783413
4.23E-5                   3.5221751703998994
4.24E-5                   3.5110899273153606
4.2499999999999996E-5     3.500004697087301
4.26E-5                   3.4889194792728135
4.27E-5                   3.4778342734285888
4.28E-5                   3.4667490791109192
4.29E-5                   3.455663895875695
4.2999999999999995E-5     3.4445787232784166
4.31E-5                   3.43349356087419
4.32E-5                   3.4224084082177395
4.3299999999999995E-5     3.411323264863406
4.34E-5                   3.400238130365148
4.35E-5                   3.389428456487922
4.3599999999999996E-5     3.3786220630174206
4.37E-5                   3.367815677677392
4.38E-5                   3.357009300068668
4.3899999999999996E-5     3.3462029297917435
4.4E-5                    3.3353965664467786
4.41E-5                   3.324590209633602
4.42E-5                   3.313783858951717
4.43E-5                   3.3029775140002946
4.4399999999999995E-5     3.292171174378189
4.45E-5                   3.2813648396839343
4.46E-5                   3.270558509515748
4.4699999999999996E-5     3.259752183471537
4.48E-5                   3.249151596304183
4.49E-5                   3.2390320492424687
4.4999999999999996E-5     3.2289125114852184
4.51E-5                   3.21879298272041
4.52E-5                   3.208673462635793
4.5299999999999997E-5     3.198553950918892
4.54E-5                   3.188434447257002
4.5499999999999995E-5     3.1783149513372013
4.56E-5                   3.168195462846341
4.57E-5                   3.15807598147106
4.5799999999999995E-5     3.1479565068977773
4.59E-5                   3.1378370388126933
4.6E-5                    3.1277175769018024
4.6099999999999996E-5     3.1179981178813136
4.62E-5                   3.108286936265021
4.63E-5                   3.098575763634607
4.6399999999999996E-5     3.088864599628944
4.65E-5                   3.079153443886644
4.66E-5                   3.0694422960460703
4.67E-5                   3.059731155745332
4.68E-5                   3.0500200226222876
4.6899999999999995E-5     3.040308896314554
4.7E-5                    3.030597776459499
4.71E-5                   3.020886662694252
4.7199999999999995E-5     3.0112356668841675
4.73E-5                   3.001591964009129
4.74E-5                   2.9919482688648773
4.7499999999999996E-5     2.982304581186464
4.76E-5                   2.9726609007087554
4.77E-5                   2.963017227166437
4.7799999999999996E-5     2.9533735602940157
4.79E-5                   2.9437298998258146
4.8E-5                    2.934086245495984
4.81E-5                   2.9245435059705898
4.82E-5                   2.915358705617167
4.8299999999999995E-5     2.9061739103873148
4.84E-5                   2.896989120022186
4.85E-5                   2.887804334262793
4.8599999999999995E-5     2.8786195528499983
4.87E-5                   2.869434775524527
4.88E-5                   2.8602500020269632
4.8899999999999996E-5     2.851095789959709
4.9E-5                    2.841985733032977
4.91E-5                   2.832875684249442
4.9199999999999997E-5     2.823765643359857
4.93E-5                   2.8146556101148095
4.9399999999999995E-5     2.8055455842647308
4.95E-5                   2.7964393176998534
4.96E-5                   2.7875539951938073
4.9699999999999995E-5     2.778668675516124
4.98E-5                   2.7697833584444296
4.99E-5                   2.7608980437562387
4.9999999999999996E-5     2.75201273122896
5.01E-5                   2.7432081661823147
5.02E-5                   2.734452693286946
5.0299999999999996E-5     2.725697228181755
5.04E-5                   2.7169417706369723
5.05E-5                   2.708186320422698
5.06E-5                   2.6994608963043603
5.07E-5                   2.69074006675793
5.0799999999999995E-5     2.682019240148109
5.09E-5                   2.673298416270652
5.1E-5                    2.664720455255624
5.1099999999999995E-5     2.656242506855021
5.12E-5                   2.647764563457552
5.13E-5                   2.6392866248513402
5.1399999999999996E-5     2.6308172400659635
5.15E-5                   2.622350911627986
5.16E-5                   2.6138845888738245
5.1699999999999996E-5     2.6054182716123577
5.18E-5                   2.5970822015215753
5.1899999999999994E-5     2.5887629250739446
5.2E-5                    2.5804436502546317
5.21E-5                   2.5721283362156018
5.2199999999999995E-5     2.5639235481720344
5.23E-5                   2.555718767145176
5.24E-5                   2.547513992947202
5.2499999999999995E-5     2.539319293733155
5.26E-5                   2.531169436139627
5.27E-5                   2.5230195800168063
5.2799999999999996E-5     2.5148697251994414
5.29E-5                   2.5067707623811524
5.3E-5                    2.4987741244502346
5.3099999999999996E-5     2.490777492286074
5.32E-5                   2.4827808657148833
5.3299999999999995E-5     2.4748106005831274
5.34E-5                   2.4668687825773357
5.35E-5                   2.458926966751796
5.3599999999999995E-5     2.4509851529494555
5.37E-5                   2.4431205573401114
5.38E-5                   2.435301366475853
5.3899999999999996E-5     2.427482180262226
5.4E-5                    2.4196629985425098
5.41E-5                   2.4119105876073084
5.4199999999999996E-5     2.404177173036855
5.43E-5                   2.3964437607064784
5.4399999999999994E-5     2.388710350466128
5.4499999999999997E-5     2.381063005908888
5.46E-5                   2.3734224117375597
5.4699999999999995E-5     2.365781821792413
5.48E-5                   2.3581490822478255
5.49E-5                   2.350611604202724
5.4999999999999995E-5     2.3430741284095666
5.51E-5                   2.335536654727032
5.52E-5                   2.32801572832693
5.5299999999999996E-5     2.3205518308642166
5.54E-5                   2.3130879370561135
5.55E-5                   2.305624046771406
5.5599999999999996E-5     2.2982056955308248
5.57E-5                   2.290863670254649
5.5799999999999994E-5     2.2835216478240135
5.59E-5                   2.2761796281080113
5.6E-5                    2.268858930056482
5.6099999999999995E-5     2.2615577200952193
5.62E-5                   2.2542565122708322
5.63E-5                   2.24695530645932
5.6399999999999995E-5     2.2397625131610948
5.65E-5                   2.232622818156641
5.66E-5                   2.22548312728711
5.6699999999999996E-5     2.218343440436203
5.68E-5                   2.2112310326180378
5.69E-5                   2.2041246114356787
5.6999999999999996E-5     2.1970181908911424
5.71E-5                   2.1899364825135073
5.7199999999999994E-5     2.1828998821498917
5.73E-5                   2.1758632854940783
5.74E-5                   2.168852494011679
5.7499999999999995E-5     2.161925947179062
5.76E-5                   2.154999402762639
5.77E-5                   2.148064470045163
5.7799999999999995E-5     2.1411182759963863
5.79E-5                   2.134172082693037
5.8E-5                    2.127332312966667
5.8099999999999996E-5     2.1205043532193253
5.82E-5                   2.113678752317435
5.8299999999999994E-5     2.106854556215538
5.8399999999999997E-5     2.1000670411141904
5.85E-5                   2.093306164548282
5.8599999999999995E-5     2.086561593853205
5.87E-5                   2.079831323285537
5.88E-5                   2.073127862375419
5.8899999999999995E-5     2.066436415179686
5.9E-5                    2.0597766957873573
5.91E-5                   2.0531228765583402
5.9199999999999996E-5     2.0465053764934913
5.93E-5                   2.0398947581732867
5.94E-5                   2.0333190569048036
5.9499999999999996E-5     2.0267569838423527
5.96E-5                   2.0202235330646143
5.9699999999999994E-5     2.013703304723298
5.98E-5                   2.007197370192417
5.99E-5                   2.000726005690469
5.9999999999999995E-5     1.9942742132879672
6.01E-5                   1.9878425731731344
6.02E-5                   1.9814160844750928
6.0299999999999995E-5     1.9750306859966185
6.04E-5                   1.968651838651449
6.05E-5                   1.962309223255908
6.0599999999999996E-5     1.9559813263867647
6.07E-5                   1.9496931350436746
6.08E-5                   1.9434049451468662
6.0899999999999996E-5     1.9371167566164433
6.1E-5                    1.9308758933643098
6.11E-5                   1.9246684146021849
6.12E-5                   1.9184609378317816
6.13E-5                   1.912253462975838
6.14E-5                   1.906109414547177
6.149999999999999E-5      1.899972233208836
6.159999999999999E-5      1.8938350532987815
6.17E-5                   1.8877140024522665
6.18E-5                   1.8816507110585985
6.19E-5                   1.8755874214278596
6.2E-5                    1.869524133488166
6.209999999999999E-5      1.8634984640310792
6.22E-5                   1.8575055919479877
6.23E-5                   1.8515127213223128
6.24E-5                   1.8455198520847627
6.25E-5                   1.8395871361036638
6.26E-5                   1.8336650210440815
6.269999999999999E-5      1.8277429075000373
6.28E-5                   1.821832424788822
6.29E-5                   1.815980310459539
6.3E-5                    1.8101281975759267
6.31E-5                   1.8042760860734024
6.319999999999999E-5      1.7984768914920832
6.33E-5                   1.7927345440049898
6.34E-5                   1.786992197941151
6.35E-5                   1.7812498532396686
6.36E-5                   1.7755075098396296
6.37E-5                   1.769765167680108
6.379999999999999E-5      1.7640228267001647
6.39E-5                   1.7582962474473955
6.4E-5                    1.7526921525482337
6.41E-5                   1.7470880590699114
6.42E-5                   1.7414839669558015
6.429999999999999E-5      1.735879876149267
6.44E-5                   1.7302757865936556
6.45E-5                   1.7246716982323038
6.46E-5                   1.7190676110085374
6.47E-5                   1.7135594935961862
6.48E-5                   1.7080840678477494
6.489999999999999E-5      1.7026086433734675
6.5E-5                    1.697133220120584
6.51E-5                   1.6916577980363336
6.52E-5                   1.6861823770679407
6.53E-5                   1.6807069571626172
6.539999999999999E-5      1.6752803293749738
6.549999999999999E-5      1.6699340489015255
6.56E-5                   1.6645877696136842
6.57E-5                   1.659241491462342
6.58E-5                   1.65389521439838
6.59E-5                   1.6485489383726726
6.599999999999999E-5      1.6432026633360817
6.61E-5                   1.6378576049906561
6.62E-5                   1.6326362501729776
6.63E-5                   1.6274148965155644
6.64E-5                   1.6221935439726862
6.65E-5                   1.616972192498605
6.659999999999999E-5      1.6117508420475757
6.67E-5                   1.6065294925738418
6.68E-5                   1.6013081440316403
6.69E-5                   1.596203030409497
6.7E-5                    1.5911628349334321
6.709999999999999E-5      1.5861226404893536
6.72E-5                   1.5810824470361207
6.73E-5                   1.5760422545325872
6.74E-5                   1.5710020629375998
6.75E-5                   1.5659618722099973
6.76E-5                   1.560921682308612
6.769999999999999E-5      1.5558814931922689
6.78E-5                   1.5508413048197855
6.79E-5                   1.5458011171499726
6.8E-5                    1.5407609301416354
6.81E-5                   1.5357207437535703
6.819999999999999E-5      1.5306805579445684
6.829999999999999E-5      1.5256403726734136
6.84E-5                   1.5208110235798977
6.85E-5                   1.516003689450908
6.86E-5                   1.5111963563912243
6.87E-5                   1.5063890243652451
6.879999999999999E-5      1.5015816933373618
6.89E-5                   1.4967743632719581
6.9E-5                    1.4919670341334155
6.91E-5                   1.4871597058861068
6.92E-5                   1.4823523784944
6.929999999999999E-5      1.4775450519226598
6.939999999999999E-5      1.47273772613524
6.95E-5                   1.467930401096493
6.96E-5                   1.463123076770765
6.97E-5                   1.458315753122396
6.98E-5                   1.4535463382399083
6.989999999999999E-5      1.448962958275193
7.0E-5                    1.4443795791777259
7.01E-5                   1.4397962009165433
7.02E-5                   1.4352128234606767
7.03E-5                   1.4306294467791518
7.04E-5                   1.4260460708409912
7.049999999999999E-5      1.4214626956152119
7.06E-5                   1.4168793210708266
7.07E-5                   1.412295947176843
7.08E-5                   1.4077125739022662
7.09E-5                   1.4031292012160956
7.099999999999999E-5      1.3985458290873267
7.11E-5                   1.3939624574849503
7.12E-5                   1.389379086377953
7.13E-5                   1.3848861999660884
7.14E-5                   1.3805117552168666
7.15E-5                   1.3761373112387405
7.159999999999999E-5      1.3717628680050082
7.17E-5                   1.367388425488965
7.18E-5                   1.363013983663902
7.19E-5                   1.3586395425031081
7.2E-5                    1.354265101979867
7.209999999999999E-5      1.3498906620674604
7.219999999999999E-5      1.345516222739165
7.23E-5                   1.3411417839682542
7.24E-5                   1.336767345728
7.25E-5                   1.3323929079916688
7.26E-5                   1.3280184707325244
7.269999999999999E-5      1.3236440339238278
7.28E-5                   1.319415011392857
7.29E-5                   1.3152492303426664
7.3E-5                    1.3110834499523896
7.31E-5                   1.306917670198708
7.319999999999999E-5      1.3027518910583011
7.329999999999999E-5      1.2985861125078442
7.34E-5                   1.2944203345240102
7.35E-5                   1.2902545570834694
7.36E-5                   1.286088780162889
7.37E-5                   1.2819230037389342
7.379999999999999E-5      1.2777572277882676
7.39E-5                   1.2735914522875464
7.4E-5                    1.2694256772134282
7.41E-5                   1.2652599025425675
7.42E-5                   1.261094128251615
7.429999999999999E-5      1.2571075391763062
7.439999999999999E-5      1.2531282750652304
7.45E-5                   1.24914901151132
7.46E-5                   1.245169748494473
7.47E-5                   1.2411904859945828
7.48E-5                   1.2372112239915427
7.489999999999999E-5      1.2332319624652426
7.5E-5                    1.2292527013955707
7.51E-5                   1.2252734407624122
7.52E-5                   1.2212941805456514
7.53E-5                   1.2173149207251697
7.54E-5                   1.213335661280846
7.549999999999999E-5      1.209356402192559
7.56E-5                   1.2053771434401823
7.57E-5                   1.2014404073426808
7.58E-5                   1.197650519075076
7.59E-5                   1.1938606313157234
7.599999999999999E-5      1.1900707440471463
7.609999999999999E-5      1.1862808572518637
7.62E-5                   1.1824909709123945
7.63E-5                   1.1787010850112558
7.64E-5                   1.1749111995309627
7.65E-5                   1.171121314454028
7.659999999999999E-5      1.167331429762964
7.67E-5                   1.1635415454402793
7.68E-5                   1.1597516614684833
7.69E-5                   1.1559617778300824
7.7E-5                    1.1521718945075805
7.709999999999999E-5      1.1483820114834826
7.719999999999999E-5      1.1446786821962016
7.73E-5                   1.14106603120898
7.74E-5                   1.1374533806504803
7.75E-5                   1.1338407305054956
7.76E-5                   1.130228080758819
7.769999999999999E-5      1.1266154313952408
7.78E-5                   1.1230027823995494
7.79E-5                   1.1193901337565337
7.8E-5                    1.1157774854509797
7.81E-5                   1.1121648374676734
7.819999999999999E-5      1.1085521897913981
7.829999999999999E-5      1.1049395424069364
7.84E-5                   1.1013268952990696
7.85E-5                   1.0977142484525777
7.86E-5                   1.0941016018522391
7.87E-5                   1.090602970269395
7.879999999999999E-5      1.0871419030080278
7.89E-5                   1.0836808360999215
7.9E-5                    1.080219769532029
7.91E-5                   1.0767587032913022
7.92E-5                   1.0732976373646903
7.93E-5                   1.0698365717391434
7.939999999999999E-5      1.0663755064016096
7.95E-5                   1.0629144413390346
7.96E-5                   1.0594533765383662
7.97E-5                   1.0559923119865482
7.98E-5                   1.0525312476705246
7.989999999999999E-5      1.0490701835772394
7.999999999999999E-5      1.0456091196936328
8.01E-5                   1.0421512768157353
8.02E-5                   1.0388915216210328
8.03E-5                   1.0356317667990877
8.04E-5                   1.0323720123384128
8.049999999999999E-5      1.0291122582275207
8.06E-5                   1.025852504454922
8.07E-5                   1.0225927510091286
8.08E-5                   1.0193329978786498
8.09E-5                   1.016073245051995
8.099999999999999E-5      1.0128134925176724
8.109999999999999E-5      1.0095537402641883
8.12E-5                   1.0062939882800497
8.13E-5                   1.0030342365537623
8.14E-5                   0.999774485073831
8.15E-5                   0.9965147338287595
8.159999999999999E-5      0.9932765189228672
8.17E-5                   0.9900937331203398
8.18E-5                   0.9869109475171806
8.19E-5                   0.9837281621034806
8.2E-5                    0.9805453768693313
8.209999999999999E-5      0.9773625918048231
8.219999999999999E-5      0.9741798069000447
8.23E-5                   0.9709970221450857
8.24E-5                   0.9678142375300341
8.25E-5                   0.964631453044978
8.26E-5                   0.9614486686800037
8.269999999999999E-5      0.9582658844251986
8.28E-5                   0.9550831002706472
8.29E-5                   0.9519003162064353
8.3E-5                    0.948717532222647
8.31E-5                   0.9456455001146697
8.319999999999999E-5      0.9426664410963281
8.329999999999999E-5      0.939687382259621
8.34E-5                   0.9367083235966908
8.35E-5                   0.9337292650996788
8.36E-5                   0.9307502067607268
8.37E-5                   0.9277711485719752
8.379999999999999E-5      0.924792090525565
8.389999999999999E-5      0.921813032613635
8.4E-5                    0.9188339748283249
8.41E-5                   0.9158549171617736
8.42E-5                   0.9128758596061198
8.43E-5                   0.9098968021535019
8.439999999999999E-5      0.9069566178754437
8.45E-5                   0.9041158644428082
8.46E-5                   0.9012751112687815
8.47E-5                   0.8984343583448071
8.48E-5                   0.8955936056623286
8.489999999999999E-5      0.892752853212789
8.499999999999999E-5      0.8899121009876299
8.51E-5                   0.887071348978293
8.52E-5                   0.8842305971762198
8.53E-5                   0.8813898455728512
8.54E-5                   0.8785490941596276
8.549999999999999E-5      0.8757083429279887
8.56E-5                   0.8728932836950914
8.57E-5                   0.8700823103026928
8.58E-5                   0.8672713370635659
8.59E-5                   0.8644603639711446
8.599999999999999E-5      0.8616493910188641
8.609999999999999E-5      0.8588384182001568
8.62E-5                   0.8560274455084571
8.63E-5                   0.8532164729371975
8.64E-5                   0.8504055004798111
8.65E-5                   0.8476542154314339
8.659999999999999E-5      0.8449711211269455
8.669999999999999E-5      0.8422880269637049
8.68E-5                   0.8396049329353135
8.69E-5                   0.8369218390353714
8.7E-5                    0.8342387452574795
8.709999999999999E-5      0.8315556515952377
8.719999999999999E-5      0.8288725580422449
8.73E-5                   0.8261979189505319
8.74E-5                   0.8235298328465788
8.75E-5                   0.8208617469305192
8.76E-5                   0.8181936611961665
8.769999999999999E-5      0.8155255756373332
8.779999999999999E-5      0.8128574902478319
8.79E-5                   0.8101894050214743
8.8E-5                    0.8075748663004892
8.81E-5                   0.8049895265806891
8.82E-5                   0.8024041869361711
8.829999999999999E-5      0.7998188473616572
8.84E-5                   0.7972335078518676
8.85E-5                   0.7946481684015237
8.86E-5                   0.7920846206786322
8.87E-5                   0.7895508575936256
8.879999999999999E-5      0.7870170946908647
8.889999999999999E-5      0.7844833319648324
8.9E-5                    0.7819495694100137
8.91E-5                   0.7794158070208919
8.92E-5                   0.776905742525074
8.93E-5                   0.774400867133185
8.939999999999999E-5      0.7718959918145704
8.95E-5                   0.7693911165644425
8.96E-5                   0.7668862413780136
8.97E-5                   0.7643955052647727
8.98E-5                   0.7619554229472775
8.989999999999999E-5      0.7595153407590952
8.999999999999999E-5      0.7570752586953946
9.01E-5                   0.7546351767513454
9.02E-5                   0.7521950949221162
9.03E-5                   0.74977175755142
9.04E-5                   0.7473588551651285
9.049999999999999E-5      0.7449459528843546
9.059999999999999E-5      0.7425330507047104
9.07E-5                   0.7401201486218086
9.08E-5                   0.7377079886129486
9.09E-5                   0.7353483746067826
9.099999999999999E-5      0.732988760683388
9.109999999999999E-5      0.7306291468385077
9.12E-5                   0.7282695330678861
9.13E-5                   0.7259099193672665
9.14E-5                   0.7235661164628518
9.15E-5                   0.7212448993287731
9.159999999999999E-5      0.7189236823131139
9.169999999999999E-5      0.7166024654118776
9.18E-5                   0.7142812486210683
9.19E-5                   0.7119600319366894
9.2E-5                    0.7096723360396431
9.21E-5                   0.7073925220599844
9.219999999999999E-5      0.7051127081411088
9.23E-5                   0.7028328942792437
9.24E-5                   0.7005530804706169
9.25E-5                   0.6982821828043363
9.26E-5                   0.6960453421434168
9.269999999999999E-5      0.6938085015893938
9.279999999999999E-5      0.6915716611386518
9.29E-5                   0.6893348207875758
9.3E-5                    0.6870979805325512
9.31E-5                   0.6848839647085455
9.32E-5                   0.6826848300042885
9.329999999999999E-5      0.6804856953624456
9.34E-5                   0.6782865607796462
9.35E-5                   0.6760874262525212
9.36E-5                   0.673888423503147
9.37E-5                   0.6717306340997307
9.379999999999999E-5      0.669572844782285
9.389999999999999E-5      0.6674150555475659
9.4E-5                    0.6652572663923302
9.41E-5                   0.6630994773133346
9.42E-5                   0.6609567103829393
9.43E-5                   0.6588363793950291
9.439999999999999E-5      0.656716048474566
9.449999999999999E-5      0.6545957176185173
9.46E-5                   0.6524753868238522
9.47E-5                   0.6503550560875391
9.48E-5                   0.6482656325641376
9.489999999999999E-5      0.6461839895372656
9.499999999999999E-5      0.6441023465759841
9.51E-5                   0.6420207036773964
9.52E-5                   0.6399390608386053
9.53E-5                   0.6378683530390584
9.54E-5                   0.6358422902975434
9.549999999999999E-5      0.633816227624112
9.559999999999999E-5      0.6317901650161054
9.57E-5                   0.6297641024708647
9.58E-5                   0.6277380399857313
9.59E-5                   0.6257119775580458
9.6E-5                    0.6236859151851498
9.609999999999999E-5      0.6216598528643839
9.62E-5                   0.6196337905930885
9.63E-5                   0.6176077283686049
9.64E-5                   0.6155816661882736
9.65E-5                   0.6136273082969605
9.659999999999999E-5      0.6116734961017782
9.669999999999999E-5      0.6097196839689236
9.68E-5                   0.6077658718960106
9.69E-5                   0.6058120598806533
9.7E-5                    0.6038582479204657
9.71E-5                   0.6019044360130611
9.719999999999999E-5      0.5999506241560539
9.73E-5                   0.5979968123470573
9.74E-5                   0.5960430005836846
9.75E-5                   0.5940891888635498
9.76E-5                   0.5921900568086625
9.769999999999999E-5      0.5903056221201665
9.779999999999999E-5      0.5884211874879519
9.79E-5                   0.5865367529098768
9.8E-5                    0.5846523183837987
9.81E-5                   0.5827678839075751
9.82E-5                   0.5808834494790637
9.829999999999999E-5      0.5789990150961222
9.839999999999999E-5      0.5771145807566075
9.85E-5                   0.5752301464583773
9.86E-5                   0.5733457121992891
9.87E-5                   0.5715003737779002
9.879999999999999E-5      0.5696829007982176
9.889999999999999E-5      0.5678654278691123
9.9E-5                    0.5660479549886666
9.91E-5                   0.5642304821549621
9.92E-5                   0.5624130093660811
9.93E-5                   0.560595536620105
9.939999999999999E-5      0.5587780639151161
9.949999999999999E-5      0.5569605912491955
9.96E-5                   0.5551431186204251
9.97E-5                   0.5533256460268866
9.98E-5                   0.5515327445307194
9.989999999999999E-5      0.5497800072586894
9.999999999999999E-5      0.548027270031675
1.001E-4                  0.546274532847951
1.002E-4                  0.5445217957057924
1.003E-4                  0.5427690586034736
1.004E-4                  0.541016321539269
1.0049999999999999E-4     0.539263584511454
1.0059999999999999E-4     0.5375108475183019
1.007E-4                  0.535758110558088
1.008E-4                  0.5340053736290865
1.009E-4                  0.5322687103610447
1.01E-4                   0.5306076828072372
1.0109999999999999E-4     0.5289466552944989
1.012E-4                  0.5272856278213645
1.013E-4                  0.5256246003863684
1.014E-4                  0.5239635729880463
1.015E-4                  0.5223025456249331
1.0159999999999999E-4     0.5206415182955638
1.0169999999999999E-4     0.5189804909984732
1.018E-4                  0.5173194637321961
1.019E-4                  0.5156584364952672
1.02E-4                   0.5139974092862218
1.021E-4                  0.5123363821035946
1.0219999999999999E-4     0.5106753549459202
1.0229999999999999E-4     0.5090143278117336
1.024E-4                  0.507353300699569
1.025E-4                  0.5056922736079618
1.026E-4                  0.5040312465354462
1.0269999999999999E-4     0.5023702194805572
1.0279999999999999E-4     0.500709192441829
1.029E-4                  0.4990481654177966
1.03E-4                   0.49738713840699417
1.031E-4                  0.4957261114079568
1.032E-4                  0.49415404980126165
1.0329999999999999E-4     0.492609063126996
1.0339999999999999E-4     0.49106407649580286
1.035E-4                  0.4895190899065033
1.036E-4                  0.4879741033579177
1.037E-4                  0.4864291168488662
1.0379999999999999E-4     0.48488413037816963
1.0389999999999999E-4     0.4833391439446478
1.04E-4                   0.4817941575471211
1.041E-4                  0.48024917118441
1.042E-4                  0.4787041848553346
1.043E-4                  0.4771591985587155
1.0439999999999999E-4     0.47561421229337275
1.0449999999999999E-4     0.47406922605812635
1.046E-4                  0.47252423985179676
1.047E-4                  0.4709792536732039
1.048E-4                  0.4694342675211683
1.049E-4                  0.4678892813945097
1.0499999999999999E-4     0.46634429529204874
1.051E-4                  0.464799309212605
1.052E-4                  0.4632543231549988
1.053E-4                  0.46170933711805007
1.054E-4                  0.4602030632568312
1.0549999999999999E-4     0.4587661857038044
1.0559999999999999E-4     0.45732930818079426
1.057E-4                  0.45589243068685226
1.058E-4                  0.4544555532210288
1.059E-4                  0.4530186757823747
1.06E-4                   0.4515817983699406
1.0609999999999999E-4     0.45014492098277753
1.0619999999999999E-4     0.4487080436199357
1.063E-4                  0.4472711662804661
1.064E-4                  0.44583428896341915
1.065E-4                  0.4443974116678457
1.0659999999999999E-4     0.4429605343927964
1.0669999999999999E-4     0.44152365713732167
1.068E-4                  0.44008677990047224
1.069E-4                  0.4386499026812987
1.07E-4                   0.43721302547885166
1.071E-4                  0.4357761482921816
1.0719999999999999E-4     0.4343392711203394
1.0729999999999999E-4     0.43290239396237506
1.074E-4                  0.4314655168173394
1.075E-4                  0.43002863968428306
1.076E-4                  0.4285917625622563
1.0769999999999999E-4     0.4272498035188076
1.0779999999999999E-4     0.42591289322961706
1.079E-4                  0.4245759829656504
1.08E-4                   0.42323907272614514
1.081E-4                  0.4219021625103379
1.082E-4                  0.4205652523174658
1.0829999999999999E-4     0.4192283421467661
1.0839999999999999E-4     0.41789143199747514
1.085E-4                  0.4165545218688306
1.086E-4                  0.41521761176006905
1.087E-4                  0.41388070167042756
1.0879999999999999E-4     0.41254379159914334
1.0889999999999999E-4     0.41120688154545293
1.0899999999999999E-4     0.4098699715085935
1.091E-4                  0.40853306148780183
1.092E-4                  0.407196151482315
1.093E-4                  0.4058592414913698
1.0939999999999999E-4     0.40452233151420347
1.0949999999999999E-4     0.40318542155005244
1.096E-4                  0.4018485115981538
1.097E-4                  0.4005116016577444
1.098E-4                  0.39917469172806114
1.099E-4                  0.39788875228117515
1.0999999999999999E-4     0.39664607412562247
1.1009999999999999E-4     0.3954033959904812
1.102E-4                  0.39416071787513624
1.103E-4                  0.3929180397789724
1.104E-4                  0.3916753617013747
1.1049999999999999E-4     0.39043268364172795
1.1059999999999999E-4     0.38919000559941697
1.107E-4                  0.3879473275738264
1.108E-4                  0.3867046495643413
1.109E-4                  0.38546197157034645
1.11E-4                   0.3842192935912268
1.1109999999999999E-4     0.3829766156263671
1.1119999999999999E-4     0.38173393767515196
1.113E-4                  0.38049125973696635
1.114E-4                  0.379248581811195
1.115E-4                  0.3780059038972228
1.1159999999999999E-4     0.3767632259944345
1.1169999999999999E-4     0.3755205481022148
1.118E-4                  0.3742778702199484
1.119E-4                  0.3730351923470202
1.12E-4                   0.37179251448281514
1.121E-4                  0.3705611907702383
1.1219999999999999E-4     0.3694043243075686
1.1229999999999999E-4     0.3682474578609705
1.124E-4                  0.3670905914299503
1.125E-4                  0.3659337250140137
1.126E-4                  0.36477685861266657
1.1269999999999999E-4     0.36361999222541475
1.1279999999999999E-4     0.3624631258517639
1.1289999999999999E-4     0.3613062594912197
1.13E-4                   0.3601493931432882
1.131E-4                  0.35899252680747507
1.132E-4                  0.357835660483286
1.1329999999999999E-4     0.3566787941702271
1.1339999999999999E-4     0.3555219278678037
1.135E-4                  0.35436506157552167
1.136E-4                  0.353208195292887
1.137E-4                  0.3520513290194052
1.138E-4                  0.3508944627545821
1.1389999999999999E-4     0.34973759649792363
1.1399999999999999E-4     0.3485807302489352
1.141E-4                  0.3474238640071228
1.142E-4                  0.346266997771992
1.143E-4                  0.3451101315430485
1.1439999999999999E-4     0.3440124494588162
1.1449999999999999E-4     0.3429373603903592
1.146E-4                  0.341862271335061
1.147E-4                  0.3407871822925235
1.148E-4                  0.3397120932623493
1.149E-4                  0.33863700424414034
1.1499999999999999E-4     0.33756191523749923
1.1509999999999999E-4     0.3364868262420278
1.152E-4                  0.33541173725732826
1.153E-4                  0.33433664828300297
1.154E-4                  0.3332615593186541
1.1549999999999999E-4     0.33218647036388405
1.1559999999999999E-4     0.3311113814182948
1.157E-4                  0.3300362924814884
1.158E-4                  0.32896120355306746
1.159E-4                  0.32788611463263384
1.16E-4                   0.32681102571979
1.1609999999999999E-4     0.325735936814138
1.1619999999999999E-4     0.3246608479152799
1.163E-4                  0.323585759022818
1.164E-4                  0.3225106701363544
1.165E-4                  0.32143558125549143
1.1659999999999999E-4     0.32038400989642335
1.1669999999999999E-4     0.3193835479940892
1.1679999999999999E-4     0.3183830861021433
1.169E-4                  0.31738262422026475
1.17E-4                   0.3163821623481328
1.171E-4                  0.3153817004854265
1.1719999999999999E-4     0.3143812386318252
1.1729999999999999E-4     0.3133807767870077
1.174E-4                  0.31238031495065355
1.175E-4                  0.31137985312244154
1.176E-4                  0.310379391302051
1.177E-4                  0.30937892948916124
1.1779999999999999E-4     0.30837846768345123
1.1789999999999999E-4     0.30737800588459996
1.18E-4                   0.3063775440922868
1.181E-4                  0.30537708230619076
1.182E-4                  0.3043766205259911
1.1829999999999999E-4     0.3033761587513671
1.1839999999999999E-4     0.3023756969819973
1.185E-4                  0.3013752352175614
1.186E-4                  0.3003747734577381
1.187E-4                  0.2993743117022069
1.188E-4                  0.29837384995064686
1.1889999999999999E-4     0.29743628468902594
1.1899999999999999E-4     0.29650520346856635
1.191E-4                  0.2955741222560959
1.192E-4                  0.2946430410513583
1.193E-4                  0.29371195985409654
1.1939999999999999E-4     0.29278087866405433
1.1949999999999999E-4     0.29184979748097484
1.196E-4                  0.2909187163046014
1.197E-4                  0.2899876351346775
1.198E-4                  0.28905655397094665
1.199E-4                  0.288125472813152
1.1999999999999999E-4     0.28719439166103716
1.2009999999999999E-4     0.2862633105143452
1.202E-4                  0.28533222937281966
1.203E-4                  0.28440114823620394
1.204E-4                  0.2834700671042414
1.2049999999999999E-4     0.28253898597667537
1.2059999999999999E-4     0.2816079048532492
1.2069999999999999E-4     0.28067682373370617
1.208E-4                  0.2797457426177899
1.209E-4                  0.27881466150524353
1.21E-4                   0.27788358039581046
1.2109999999999999E-4     0.27698600314764166
1.2119999999999999E-4     0.2761222051560246
1.213E-4                  0.27525840717173244
1.214E-4                  0.2743946091945566
1.215E-4                  0.27353081122428835
1.216E-4                  0.2726670132607191
1.2169999999999999E-4     0.2718032153036402
1.2179999999999999E-4     0.2709394173528428
1.219E-4                  0.27007561940811836
1.22E-4                   0.2692118214692581
1.2209999999999999E-4     0.26834802353605364
1.222E-4                  0.267484225608296
1.223E-4                  0.2666204276857766
1.224E-4                  0.2657566297682867
1.225E-4                  0.2648928318556178
1.226E-4                  0.2640290339475611
1.227E-4                  0.2631652360439079
1.228E-4                  0.26230143814444956
1.229E-4                  0.2614376402489775
1.2299999999999998E-4     0.26057384235728304
1.2309999999999998E-4     0.2597100444691572
1.2319999999999999E-4     0.25884624658439154
1.233E-4                  0.25798742268861785
1.234E-4                  0.25717928522598504
1.235E-4                  0.2563711477675462
1.236E-4                  0.25556301031313583
1.237E-4                  0.2547548728625882
1.238E-4                  0.25394673541573787
1.239E-4                  0.25313859797241933
1.24E-4                   0.252330460532467
1.241E-4                  0.25152232309571526
1.2419999999999998E-4     0.2507141856619989
1.2429999999999999E-4     0.2499060482311518
1.244E-4                  0.24909791080300864
1.245E-4                  0.248289773377404
1.246E-4                  0.24748163595417214
1.247E-4                  0.2466734985331475
1.248E-4                  0.24586536111416477
1.249E-4                  0.24505722369705812
1.25E-4                   0.24424908628166217
1.251E-4                  0.2434409488678113
1.252E-4                  0.24263281145533985
1.2529999999999998E-4     0.24182467404408262
1.2539999999999999E-4     0.2410165366338735
1.255E-4                  0.24020839922454718
1.256E-4                  0.239443903437149
1.257E-4                  0.23869987204666548
1.258E-4                  0.2379558406621741
1.259E-4                  0.23721180928354
1.26E-4                   0.23646777791062804
1.261E-4                  0.2357237465433031
1.262E-4                  0.23497971518143035
1.263E-4                  0.2342356838248746
1.2639999999999998E-4     0.233491652473501
1.2649999999999998E-4     0.2327476211271742
1.266E-4                  0.2320035897857593
1.267E-4                  0.23125955844912127
1.268E-4                  0.23051552711712509
1.269E-4                  0.22977149578963563
1.27E-4                   0.22902746446651795
1.271E-4                  0.22828343314763694
1.272E-4                  0.2275394018328576
1.273E-4                  0.22679537052204485
1.274E-4                  0.22605133921506362
1.2749999999999998E-4     0.22530730791177914
1.2759999999999998E-4     0.22456327661205594
1.277E-4                  0.22381924531575906
1.278E-4                  0.223086581840732
1.279E-4                  0.22238431601307737
1.28E-4                   0.22168205018666876
1.281E-4                  0.22097978436139776
1.282E-4                  0.220277518537156
1.283E-4                  0.21957525271383516
1.284E-4                  0.21887298689132684
1.285E-4                  0.21817072106952276
1.2859999999999998E-4     0.21746845524831473
1.2869999999999998E-4     0.216766189427594
1.288E-4                  0.2160639236072525
1.289E-4                  0.21536165778718178
1.29E-4                   0.2146593919672734
1.291E-4                  0.21395712614741919
1.292E-4                  0.2132548603275108
1.293E-4                  0.21255259450743966
1.294E-4                  0.21185032868709763
1.295E-4                  0.21114806286637627
1.296E-4                  0.21044579704516728
1.2969999999999998E-4     0.2097435312233624
1.2979999999999998E-4     0.20904126540085297
1.2989999999999999E-4     0.2083389995775308
1.3E-4                    0.2076367337532876
1.301E-4                  0.20698609186917116
1.302E-4                  0.20634360421959033
1.303E-4                  0.20570111657480744
1.304E-4                  0.20505862893473778
1.305E-4                  0.2044161412992966
1.306E-4                  0.20377365366839909
1.307E-4                  0.20313116604196046
1.3079999999999998E-4     0.20248867841989612
1.3089999999999998E-4     0.20184619080212102
1.3099999999999999E-4     0.20120370318855038
1.311E-4                  0.20056121557909964
1.312E-4                  0.19991872797368387
1.313E-4                  0.19927624037221836
1.314E-4                  0.1986337527746183
1.315E-4                  0.19799126518079893
1.316E-4                  0.19734877759067548
1.317E-4                  0.1967062900041632
1.318E-4                  0.1960638024211772
1.3189999999999998E-4     0.19542131484163303
1.3199999999999998E-4     0.1947788272654454
1.3209999999999999E-4     0.19413633969252989
1.322E-4                  0.19349385212280157
1.323E-4                  0.19286897514191828
1.324E-4                  0.19226519203879852
1.325E-4                  0.1916614089365386
1.326E-4                  0.1910576258350639
1.327E-4                  0.19045384273429972
1.328E-4                  0.18985005963417148
1.329E-4                  0.18924627653460455
1.33E-4                   0.18864249343552428
1.3309999999999998E-4     0.18803871033685618
1.3319999999999999E-4     0.18743492723852534
1.333E-4                  0.1868311441404572
1.334E-4                  0.18622736104257717
1.335E-4                  0.1856235779448106
1.336E-4                  0.18501979484708292
1.337E-4                  0.18441601174931935
1.338E-4                  0.18381222865144536
1.339E-4                  0.1832084455533863
1.34E-4                   0.1826046624550675
1.341E-4                  0.18200087935641437
1.3419999999999998E-4     0.18139709625735237
1.3429999999999998E-4     0.18079331315780656
1.344E-4                  0.18018953005770247
1.345E-4                  0.17958737521995152
1.346E-4                  0.17901867565811344
1.347E-4                  0.17844997609718108
1.348E-4                  0.17788127653710498
1.349E-4                  0.17731257697783587
1.35E-4                   0.17674387741932437
1.351E-4                  0.17617517786152118
1.352E-4                  0.17560647830437698
1.3529999999999998E-4     0.17503777874784252
1.3539999999999998E-4     0.17446907919186824
1.355E-4                  0.17390037963640487
1.356E-4                  0.17333168008140312
1.357E-4                  0.1727629805268136
1.358E-4                  0.17219428097258702
1.359E-4                  0.17162558141867404
1.36E-4                   0.17105688186502527
1.361E-4                  0.1704881823115914
1.362E-4                  0.16991948275832305
1.363E-4                  0.169350783205171
1.3639999999999998E-4     0.1687820836520859
1.3649999999999998E-4     0.1682133840990183
1.3659999999999999E-4     0.16764468454591883
1.367E-4                  0.16707598499273824
1.368E-4                  0.16655370093021651
1.369E-4                  0.16605777339620328
1.37E-4                   0.16556184586849723
1.371E-4                  0.16506591834704343
1.372E-4                  0.16456999083178653
1.373E-4                  0.1640740633226714
1.374E-4                  0.16357813581964287
1.3749999999999998E-4     0.1630822083226459
1.3759999999999998E-4     0.16258628083162496
1.3769999999999999E-4     0.16209035334652513
1.378E-4                  0.16159442586729117
1.379E-4                  0.16109849839386786
1.38E-4                   0.1606025709262001
1.381E-4                  0.16010664346423262
1.382E-4                  0.15961071600791032
1.383E-4                  0.15911478855717798
1.384E-4                  0.1586188611119804
1.385E-4                  0.15812293367226243
1.3859999999999998E-4     0.15762700623796905
1.3869999999999998E-4     0.15713107880904476
1.3879999999999999E-4     0.15663515138543443
1.389E-4                  0.1561392239670831
1.39E-4                   0.1556372756292227
1.391E-4                  0.15511508236352073
1.392E-4                  0.15459288907999655
1.393E-4                  0.15407069577860713
1.394E-4                  0.1535485024593095
1.395E-4                  0.15302630912206078
1.396E-4                  0.15250411576681802
1.3969999999999998E-4     0.1519819223935384
1.3979999999999998E-4     0.15145972900217874
1.3989999999999999E-4     0.1509375355926962
1.4E-4                    0.15041534216504784
1.401E-4                  0.1498931487191908
1.402E-4                  0.1493709552550821
1.403E-4                  0.14885937511519107
1.404E-4                  0.14835716338555094
1.405E-4                  0.14785495168349683
1.406E-4                  0.14735274000901089
1.407E-4                  0.14685052836207518
1.408E-4                  0.14634831674267193
1.4089999999999998E-4     0.14584610515078342
1.4099999999999998E-4     0.14535960297781453
1.411E-4                  0.1449084617415723
1.412E-4                  0.14445732044813256
1.413E-4                  0.14400617909745622
1.414E-4                  0.1435550376895042
1.415E-4                  0.14307684169545049
1.416E-4                  0.14259660696125756
1.417E-4                  0.14211685357335127
1.418E-4                  0.14165789872313778
1.419E-4                  0.14119894382450135
1.4199999999999998E-4     0.14074698884089612
1.4209999999999998E-4     0.14030369224216635
1.422E-4                  0.13985531740118823
1.423E-4                  0.13939499553589785
1.424E-4                  0.1389385815662233
1.425E-4                  0.13848784968606295
1.426E-4                  0.1380420793518225
1.427E-4                  0.13759837108546646
1.428E-4                  0.13715310535760752
1.429E-4                  0.1367091727678138
1.43E-4                   0.13626831610550863
1.4309999999999998E-4     0.1358281994272675
1.4319999999999998E-4     0.13538857477027924
1.433E-4                  0.13495220273738096
1.434E-4                  0.13451646130217168
1.435E-4                  0.13408179852139618
1.436E-4                  0.1336485979017866
1.437E-4                  0.13321688572508658
1.438E-4                  0.13278762363706936
1.439E-4                  0.13235906198892092
1.44E-4                   0.1319311319003285
1.441E-4                  0.13150474114155922
1.4419999999999998E-4     0.13108075387016643
1.4429999999999998E-4     0.13065876584249
1.4439999999999999E-4     0.1302376814902769
1.445E-4                  0.12981659715019622
1.446E-4                  0.129396817695267
1.447E-4                  0.12898030722300044
1.448E-4                  0.12856379674040852
1.449E-4                  0.12814728624746827
1.45E-4                   0.12773509252995166
1.451E-4                  0.12732347704894365
1.452E-4                  0.1269118615771805
1.4529999999999998E-4     0.12650220088398317
1.4539999999999998E-4     0.12609467097507723
1.4549999999999999E-4     0.1256871410605007
1.456E-4                  0.12527997514664904
1.457E-4                  0.12487729584450563
1.458E-4                  0.12447461654649808
1.459E-4                  0.12407193725260535
1.46E-4                   0.12367352306768528
1.461E-4                  0.12327719417638022
1.462E-4                  0.12288086528462029
1.463E-4                  0.1224845363923855
1.4639999999999998E-4     0.12208820749965628
1.4649999999999998E-4     0.1216918786064124
1.4659999999999999E-4     0.12129554971263422
1.467E-4                  0.12090675303324572
1.468E-4                  0.12051913394425155
1.469E-4                  0.12013151485604945
1.47E-4                   0.11974389576862068
1.471E-4                  0.11935627668194668
1.472E-4                  0.11896865759600878
1.473E-4                  0.11858152589426625
1.474E-4                  0.11820231482593913
1.4749999999999998E-4     0.11782310375805595
1.4759999999999998E-4     0.11744389269059909
1.4769999999999999E-4     0.11706468162355119
1.478E-4                  0.11668547055689481
1.479E-4                  0.11630625949061257
1.48E-4                   0.11592911947971243
1.481E-4                  0.11555815516702675
1.482E-4                  0.11518719085450105
1.483E-4                  0.11481622654211905
1.484E-4                  0.11444526222986448
1.485E-4                  0.11407429791772095
1.4859999999999998E-4     0.11370333360567231
1.4869999999999998E-4     0.11333596749339685
1.4879999999999998E-4     0.11297310167029447
1.489E-4                  0.11261023584790224
1.49E-4                   0.11224737002620494
1.491E-4                  0.11188450420518724
1.492E-4                  0.11152163838483384
1.493E-4                  0.11115877256512946
1.494E-4                  0.11080091882912273
1.495E-4                  0.1104459154170362
1.496E-4                  0.1100909120049125
1.497E-4                  0.10973590859273744
1.4979999999999998E-4     0.10938090518049673
1.4989999999999998E-4     0.10902590176817599
1.5E-4                    0.10867089835576095
