% Model:              20230225_JW_4_05.mph
% Version:            COMSOL 5.6.0.401
% Date:               Feb 25 2023, 20:16
% Dimension:          1
% Nodes:              1501
% Expressions:        1
% Description:        点图
% X                       Height
0                         23.00793622129949
1.0E-7                    22.996915506937942
2.0E-7                    22.965780495314483
3.0E-7                    22.925270366248604
4.0E-7                    22.88623338016081
5.0E-7                    22.846860711926706
6.0E-7                    22.80827919317134
7.0E-7                    22.771205194758
8.0E-7                    22.735256332608277
9.0E-7                    22.69840252359588
1.0E-6                    22.658563839931777
1.1E-6                    22.615682589495815
1.2E-6                    22.572816181814336
1.2999999999999998E-6     22.529307313179373
1.4E-6                    22.483351971189332
1.5E-6                    22.437514033149462
1.6E-6                    22.390485039888517
1.6999999999999998E-6     22.342876506834315
1.8E-6                    22.294323248562485
1.9E-6                    22.245476232013505
2.0E-6                    22.19595673374152
2.1E-6                    22.146080244527028
2.2E-6                    22.095626409142938
2.3E-6                    22.044980068553876
2.4E-6                    21.993894519964922
2.4999999999999998E-6     21.94252968778426
2.5999999999999997E-6     21.891022421870257
2.7E-6                    21.839124151069694
2.8E-6                    21.787079348312165
2.8999999999999998E-6     21.735012057606554
3.0E-6                    21.68259715896892
3.1E-6                    21.63014541891555
3.2E-6                    21.57751849931812
3.2999999999999997E-6     21.524830717899707
3.3999999999999996E-6     21.472005095134087
3.5E-6                    21.41915605527487
3.6E-6                    21.36627694392094
3.6999999999999997E-6     21.313287569990646
3.8E-6                    21.26021588274924
3.9E-6                    21.207177629741107
4.0E-6                    21.15415306042123
4.1E-6                    21.101039228318108
4.2E-6                    21.04790870013925
4.2999999999999995E-6     20.994771980086103
4.4E-6                    20.94165123393977
4.5E-6                    20.888679145122623
4.6E-6                    20.835707498106725
4.7E-6                    20.78273630109065
4.8E-6                    20.729724057722546
4.9E-6                    20.67664030647023
4.9999999999999996E-6     20.62355633801263
5.0999999999999995E-6     20.570472162692308
5.199999999999999E-6      20.51748872820008
5.3E-6                    20.46456419726024
5.4E-6                    20.411640011379905
5.5E-6                    20.358716177964418
5.6E-6                    20.305787663304923
5.7E-6                    20.252858346678906
5.7999999999999995E-6     20.199928780498244
5.899999999999999E-6      20.147078527456404
6.0E-6                    20.09463752048204
6.1E-6                    20.042196714382293
6.2E-6                    19.98975611534083
6.3E-6                    19.93720148946496
6.4E-6                    19.88449438321083
6.5E-6                    19.831787545204403
6.5999999999999995E-6     19.779080984890708
6.699999999999999E-6      19.726898239206932
6.799999999999999E-6      19.674946801891732
6.9E-6                    19.622994686095538
7.0E-6                    19.571041897264884
7.1E-6                    19.518727129459386
7.2E-6                    19.466399096210026
7.2999999999999996E-6     19.414073614917523
7.3999999999999995E-6     19.361948742929282
7.499999999999999E-6      19.3105125107852
7.6E-6                    19.259074842570183
7.699999999999999E-6      19.207635743933423
7.8E-6                    19.15667914153491
7.899999999999999E-6      19.106230807835747
8.0E-6                    19.05578518800223
8.1E-6                    19.005342268214672
8.2E-6                    18.953409922368508
8.3E-6                    18.90098933608354
8.4E-6                    18.848567645605236
8.5E-6                    18.79617102313861
8.599999999999999E-6      18.745133671084105
8.7E-6                    18.694096565953405
8.8E-6                    18.643059707513586
8.9E-6                    18.592140332377596
9.0E-6                    18.541282200701737
9.1E-6                    18.490424241592823
9.2E-6                    18.439694262049375
9.299999999999999E-6      18.389038437612438
9.4E-6                    18.338382372030768
9.499999999999999E-6      18.288181239385025
9.6E-6                    18.238025655190217
9.7E-6                    18.18782627548762
9.8E-6                    18.13743493689454
9.9E-6                    18.087043453901185
9.999999999999999E-6      18.036924296030996
1.01E-5                   17.987119660763646
1.0199999999999999E-5     17.93731340883084
1.03E-5                   17.887385519098356
1.0399999999999999E-5     17.83745766232125
1.05E-5                   17.787659743328174
1.06E-5                   17.737892630762058
1.07E-5                   17.688316384480345
1.08E-5                   17.63886584304405
1.0899999999999999E-5     17.58948689501677
1.1E-5                    17.54021632625443
1.1099999999999999E-5     17.490969713978888
1.12E-5                   17.44182393263914
1.13E-5                   17.392678249450125
1.14E-5                   17.34376881856925
1.15E-5                   17.29486250206549
1.1599999999999999E-5     17.2461239876349
1.17E-5                   17.197432469629238
1.1799999999999999E-5     17.148808270826123
1.19E-5                   17.10023358234295
1.2E-5                    17.05176432168106
1.21E-5                   17.00347406834314
1.22E-5                   16.955208432429096
1.2299999999999999E-5     16.907066983103693
1.24E-5                   16.85892554952602
1.2499999999999999E-5     16.810986739811824
1.26E-5                   16.76305643180148
1.2699999999999999E-5     16.715293325926027
1.28E-5                   16.667584614614793
1.29E-5                   16.619978809236542
1.3E-5                    16.57245752567311
1.31E-5                   16.525003616584915
1.3199999999999999E-5     16.477678281372647
1.33E-5                   16.43038408466794
1.3399999999999999E-5     16.38328375809856
1.35E-5                   16.336183452644388
1.3599999999999999E-5     16.289264117295513
1.37E-5                   16.242357810999025
1.38E-5                   16.195603044947113
1.3899999999999999E-5     16.148905019577445
1.4E-5                    16.10232420410815
1.4099999999999999E-5     16.05585065121289
1.42E-5                   16.009438843705915
1.4299999999999999E-5     15.963160144398389
1.44E-5                   15.916905964227224
1.45E-5                   15.870847230260154
1.4599999999999999E-5     15.824788514510816
1.47E-5                   15.779055463830638
1.4799999999999999E-5     15.733356202950057
1.49E-5                   15.687656960359536
1.4999999999999999E-5     15.641957739830472
1.51E-5                   15.59646623829813
1.52E-5                   15.551186422790874
1.53E-5                   15.505906619837795
1.5399999999999998E-5     15.460626833079486
1.55E-5                   15.415382913325303
1.56E-5                   15.370527474389464
1.57E-5                   15.325672049965245
1.5799999999999998E-5     15.280816643544194
1.59E-5                   15.235961258644936
1.6E-5                    15.191406472173083
1.61E-5                   15.146997268660543
1.62E-5                   15.102588074690571
1.63E-5                   15.058178893634143
1.64E-5                   15.013886489732519
1.6499999999999998E-5     14.969921405351934
1.66E-5                   14.925956338529893
1.67E-5                   14.881991292525035
1.68E-5                   14.838026270619471
1.69E-5                   14.794433218931054
1.7E-5                    14.75090469829237
1.71E-5                   14.70737618390534
1.7199999999999998E-5     14.66384767887734
1.73E-5                   14.620519281307132
1.74E-5                   14.577444132030214
1.75E-5                   14.534369000309919
1.76E-5                   14.491293889192061
1.77E-5                   14.448232005519731
1.78E-5                   14.405588182435375
1.7899999999999998E-5     14.362944369681438
1.8E-5                    14.320300570109742
1.81E-5                   14.277656786590066
1.82E-5                   14.23530546461679
1.8299999999999998E-5     14.193133492531299
1.84E-5                   14.150961508938686
1.85E-5                   14.108789516648171
1.8599999999999998E-5     14.066698825987666
1.87E-5                   14.024915776917936
1.88E-5                   13.983132816752757
1.89E-5                   13.941349948208844
1.8999999999999998E-5     13.899567174018085
1.91E-5                   13.858233734148282
1.92E-5                   13.817013647706398
1.9299999999999998E-5     13.775793382478307
1.94E-5                   13.734572940905363
1.95E-5                   13.693624127096847
1.96E-5                   13.653104926017319
1.9699999999999998E-5     13.612585855483191
1.98E-5                   13.572066917876144
1.99E-5                   13.531548115590653
1.9999999999999998E-5     13.491029451033882
2.01E-5                   13.450510926625512
2.02E-5                   13.409992544797655
2.03E-5                   13.369474307994679
2.0399999999999998E-5     13.329414043431479
2.05E-5                   13.289704810301709
2.06E-5                   13.24999547213579
2.07E-5                   13.210286031145928
2.0799999999999997E-5     13.170576489555938
2.09E-5                   13.130866849601182
2.1E-5                    13.091157113528471
2.1099999999999998E-5     13.051447283595987
2.12E-5                   13.011737362073195
2.13E-5                   12.972526027693874
2.14E-5                   12.933486025007632
2.1499999999999997E-5     12.894446190557929
2.16E-5                   12.855406526431402
2.17E-5                   12.816367034727294
2.1799999999999998E-5     12.777327717557327
2.19E-5                   12.73828857704553
2.2E-5                    12.69924961532816
2.21E-5                   12.66021083455351
2.2199999999999998E-5     12.622256747221787
2.23E-5                   12.584393123635694
2.24E-5                   12.546529333937137
2.2499999999999998E-5     12.508665380019071
2.26E-5                   12.470801263780785
2.27E-5                   12.432936987127887
2.28E-5                   12.395072551972218
2.2899999999999998E-5     12.357207960231847
2.3E-5                    12.319466082133086
2.31E-5                   12.282813790419501
2.3199999999999998E-5     12.246161666750428
2.33E-5                   12.209509711897676
2.34E-5                   12.172857926640116
2.35E-5                   12.136206311763646
2.3599999999999998E-5     12.099554868061087
2.37E-5                   12.06290359633216
2.38E-5                   12.026252497383402
2.3899999999999998E-5     11.98918284111532
2.4E-5                    11.951035513976336
2.41E-5                   11.912888353092752
2.42E-5                   11.87474136549547
2.4299999999999998E-5     11.836594558241865
2.44E-5                   11.798447938415213
2.45E-5                   11.76030151312421
2.4599999999999998E-5     11.722155289502398
2.4699999999999997E-5     11.684009274707643
2.48E-5                   11.646693438077397
2.49E-5                   11.610358741149762
2.4999999999999998E-5     11.574023877875497
2.51E-5                   11.537688848324056
2.52E-5                   11.501353652565797
2.53E-5                   11.465018290671962
2.5399999999999997E-5     11.431578539678124
2.55E-5                   11.398619885886742
2.56E-5                   11.365661392269105
2.5699999999999998E-5     11.33231672636998
2.58E-5                   11.297835057345411
2.59E-5                   11.26335353678402
2.6E-5                    11.228009407609818
2.6099999999999997E-5     11.192483931765747
2.62E-5                   11.15887126481165
2.63E-5                   11.126235702899269
2.6399999999999998E-5     11.091646005549393
2.65E-5                   11.057256263767497
2.66E-5                   11.023426164359776
2.67E-5                   10.989679435763282
2.6799999999999998E-5     10.955669669260931
2.69E-5                   10.922228835633495
2.7E-5                    10.88849778420203
2.7099999999999998E-5     10.854898639387606
2.7199999999999997E-5     10.821495740446569
2.73E-5                   10.788206835254156
2.74E-5                   10.754771038699708
2.7499999999999998E-5     10.721614390898937
2.76E-5                   10.68857547039832
2.77E-5                   10.655504083939881
2.7799999999999998E-5     10.622575328845299
2.7899999999999997E-5     10.589747604198703
2.8E-5                    10.556890739623523
2.81E-5                   10.524253011114604
2.8199999999999998E-5     10.491637939320935
2.83E-5                   10.459108844269382
2.84E-5                   10.426696565939306
2.8499999999999998E-5     10.394340498585679
2.8599999999999997E-5     10.362093122431338
2.87E-5                   10.32995024711081
2.88E-5                   10.297912311016828
2.8899999999999998E-5     10.265951701025708
2.9E-5                    10.234093350387427
2.91E-5                   10.202341320542102
2.9199999999999998E-5     10.17063206719985
2.9299999999999997E-5     10.139079170737524
2.94E-5                   10.107571369486212
2.95E-5                   10.076170131891942
2.9599999999999998E-5     10.044858185211156
2.97E-5                   10.013609251729145
2.98E-5                   9.982564023020165
2.99E-5                   9.951547853427774
2.9999999999999997E-5     9.920531689378036
3.01E-5                   9.889651418430832
3.02E-5                   9.858935235913577
3.0299999999999998E-5     9.828219056993108
3.04E-5                   9.797511979693653
3.05E-5                   9.76709091746155
3.06E-5                   9.736669858318553
3.07E-5                   9.706248803186261
3.0799999999999996E-5     9.676012637640422
3.09E-5                   9.645895351564379
3.1E-5                    9.615778069928087
3.11E-5                   9.585715839553599
3.12E-5                   9.555893749472434
3.13E-5                   9.526071661443401
3.14E-5                   9.496249576328731
3.15E-5                   9.466653070386936
3.1599999999999996E-5     9.437126130608354
3.17E-5                   9.407599196450061
3.18E-5                   9.378172799359142
3.1899999999999996E-5     9.348939706662096
3.2E-5                    9.319706614170743
3.21E-5                   9.290473522689245
3.22E-5                   9.261506684397544
3.23E-5                   9.232563017097336
3.24E-5                   9.203619357638884
3.25E-5                   9.174819590901045
3.26E-5                   9.146164985776009
3.2699999999999995E-5     9.117510377901779
3.28E-5                   9.088877536304352
3.29E-5                   9.060510806966313
3.2999999999999996E-5     9.032144088190327
3.31E-5                   9.003777380716555
3.32E-5                   8.9756889588618
3.3299999999999996E-5     8.94774812111884
3.34E-5                   8.919807282563417
3.35E-5                   8.891866443895282
3.36E-5                   8.863925605815686
3.37E-5                   8.835984769027332
3.38E-5                   8.808043934234394
3.39E-5                   8.780553975589449
3.4E-5                    8.753170400540899
3.4099999999999995E-5     8.725786829128632
3.42E-5                   8.698403262004021
3.43E-5                   8.671019699819745
3.4399999999999996E-5     8.64363614322976
3.45E-5                   8.616252592889287
3.46E-5                   8.589392217439565
3.4699999999999996E-5     8.562550954765326
3.48E-5                   8.535709691564112
3.49E-5                   8.508868428453548
3.5E-5                    8.482027166052447
3.51E-5                   8.455185904980793
3.52E-5                   8.428444066694214
3.53E-5                   8.402428512010339
3.54E-5                   8.376412958986926
3.5499999999999996E-5     8.350397408178022
3.56E-5                   8.324381860138674
3.57E-5                   8.298366315424932
3.5799999999999996E-5     8.272350774593837
3.59E-5                   8.246335238203411
3.6E-5                    8.220319706812647
3.6099999999999997E-5     8.194304180981495
3.62E-5                   8.168288661270873
3.63E-5                   8.142273148242625
3.64E-5                   8.116257642459546
3.65E-5                   8.090242144485346
3.6599999999999995E-5     8.06467446762361
3.67E-5                   8.039696262072145
3.68E-5                   8.014718053117058
3.6899999999999996E-5     7.989739841241211
3.7E-5                    7.964761626928287
3.71E-5                   7.939783410662806
3.7199999999999996E-5     7.914805192930112
3.73E-5                   7.889826974216347
3.74E-5                   7.864848755008478
3.75E-5                   7.839870535794261
3.76E-5                   7.81489231706224
3.77E-5                   7.789914099301758
3.78E-5                   7.764935883002926
3.79E-5                   7.739957668656622
3.7999999999999995E-5     7.715723598298809
3.81E-5                   7.691746890137611
3.82E-5                   7.667770183846528
3.8299999999999996E-5     7.643793479854782
3.84E-5                   7.619816778592224
3.85E-5                   7.595840080489373
3.8599999999999996E-5     7.571863385977374
3.87E-5                   7.547886695488003
3.88E-5                   7.523910009453664
3.89E-5                   7.499933328307388
3.9E-5                    7.475956652482809
3.9099999999999995E-5     7.451979982414177
3.92E-5                   7.428003318536339
3.93E-5                   7.404082570886084
3.9399999999999995E-5     7.381134905846267
3.95E-5                   7.358187236796909
3.96E-5                   7.335239564107673
3.9699999999999996E-5     7.31229188814876
3.98E-5                   7.289344209290893
3.99E-5                   7.266396527905315
3.9999999999999996E-5     7.243448844363791
4.01E-5                   7.220501159038594
4.02E-5                   7.197553472302507
4.03E-5                   7.1746057845288185
4.04E-5                   7.151658096091307
4.0499999999999995E-5     7.128710407364259
4.06E-5                   7.105762718722437
4.07E-5                   7.083141197093597
4.0799999999999996E-5     7.061085545569792
4.09E-5                   7.039029896800414
4.1E-5                    7.0169742511130835
4.1099999999999996E-5     6.994918608835829
4.12E-5                   6.972862970297081
4.13E-5                   6.950807335825665
4.14E-5                   6.928751705750809
4.15E-5                   6.906696080402122
4.1599999999999995E-5     6.88464046010961
4.17E-5                   6.862584845203656
4.18E-5                   6.840529236015023
4.1899999999999995E-5     6.81847363287485
4.2E-5                    6.796418036114647
4.21E-5                   6.774954883423503
4.2199999999999996E-5     6.75377444608514
4.23E-5                   6.7325940064015075
4.24E-5                   6.7114135646850945
4.2499999999999996E-5     6.690233121248782
4.26E-5                   6.669052676405826
4.27E-5                   6.647872230469884
4.28E-5                   6.626691783754986
4.29E-5                   6.605511336575539
4.2999999999999995E-5     6.584330889246327
4.31E-5                   6.563150442082501
4.32E-5                   6.541969995399583
4.3299999999999995E-5     6.520789549513464
4.34E-5                   6.499609104740383
4.35E-5                   6.479558606603855
4.3599999999999996E-5     6.45952152756812
4.37E-5                   6.439484446065478
4.38E-5                   6.419447362285753
4.3899999999999996E-5     6.399410276418935
4.4E-5                    6.379373188655171
4.41E-5                   6.3593360991847625
4.42E-5                   6.33929900819818
4.43E-5                   6.319261915886042
4.4399999999999995E-5     6.299224822439127
4.45E-5                   6.279187728048361
4.46E-5                   6.259150632904832
4.4699999999999996E-5     6.239113537199773
4.48E-5                   6.219250054686624
4.49E-5                   6.199792505236062
4.4999999999999996E-5     6.180334962906529
4.51E-5                   6.160877427977961
4.52E-5                   6.141419900730615
4.5299999999999997E-5     6.121962381445051
4.54E-5                   6.102504870402137
4.5499999999999995E-5     6.083047367883043
4.56E-5                   6.063589874169241
4.57E-5                   6.044132389542497
4.5799999999999995E-5     6.024674914284875
4.59E-5                   6.005217448678718
4.6E-5                    5.985759993006665
4.6099999999999996E-5     5.966811694955281
4.62E-5                   5.947873917904298
4.63E-5                   5.928936137641251
4.6399999999999996E-5     5.909998354371742
4.65E-5                   5.891060568301537
4.66E-5                   5.87212277963658
4.67E-5                   5.85318498858299
4.68E-5                   5.83424719534705
4.6899999999999995E-5     5.815309400135213
4.7E-5                    5.796371603154095
4.71E-5                   5.7774338046104825
4.7199999999999995E-5     5.7592451186397104
4.73E-5                   5.74114721940204
4.74E-5                   5.723049321094661
4.7499999999999996E-5     5.704951423892688
4.76E-5                   5.686853527971389
4.77E-5                   5.668755633506179
4.7799999999999996E-5     5.650657740672629
4.79E-5                   5.632559849646449
4.8E-5                    5.6144619606034984
4.81E-5                   5.5964550439034895
4.82E-5                   5.578770808979363
4.8299999999999995E-5     5.56108657564538
4.84E-5                   5.543402344079728
4.85E-5                   5.525718114460724
4.8599999999999995E-5     5.508033886966813
4.87E-5                   5.490349661776562
4.88E-5                   5.472665439068663
4.8899999999999996E-5     5.455157261335964
4.9E-5                    5.43790341810446
4.91E-5                   5.4206495719132635
4.9199999999999997E-5     5.403395722905764
4.93E-5                   5.386141871225459
4.9399999999999995E-5     5.368888017015967
4.95E-5                   5.3516379708139965
4.96E-5                   5.334612295682547
4.9699999999999995E-5     5.317586626448504
4.98E-5                   5.300560963275208
4.99E-5                   5.283535306326091
4.9999999999999996E-5     5.266509655764684
5.01E-5                   5.249656050095046
5.02E-5                   5.232907023028559
5.0299999999999996E-5     5.216157989929148
5.04E-5                   5.199408950931926
5.05E-5                   5.182659906172112
5.06E-5                   5.166096190146079
5.07E-5                   5.149560826721709
5.0799999999999995E-5     5.133025471417067
5.09E-5                   5.116490124372933
5.1E-5                    5.100054665945267
5.1099999999999995E-5     5.083689123839691
5.12E-5                   5.067323574798128
5.13E-5                   5.050958018955088
5.1399999999999996E-5     5.034845243415669
5.15E-5                   5.018822675700322
5.16E-5                   5.002800114355789
5.1699999999999996E-5     4.986777559503042
5.18E-5                   4.9708750433694116
5.1899999999999994E-5     4.954987999033672
5.2E-5                    4.939100950663316
5.21E-5                   4.923220584203534
5.2199999999999995E-5     4.9075268472191675
5.23E-5                   4.891833114050601
5.24E-5                   4.876139384813192
5.2499999999999995E-5     4.860484736486364
5.26E-5                   4.8450041117029725
5.27E-5                   4.8295234841163435
5.2799999999999996E-5     4.814042853837882
5.29E-5                   4.798613492095228
5.3E-5                    4.783287217209945
5.3099999999999996E-5     4.767960946239946
5.32E-5                   4.75263467929513
5.3299999999999995E-5     4.737411678108932
5.34E-5                   4.722300117115242
5.35E-5                   4.707188551819673
5.3599999999999995E-5     4.692076982323858
5.37E-5                   4.677065874054576
5.38E-5                   4.662113840621926
5.3899999999999996E-5     4.6471618139975535
5.4E-5                    4.632209794284707
5.41E-5                   4.617410467038628
5.4199999999999996E-5     4.60265456934713
5.43E-5                   4.587898663517588
5.4399999999999994E-5     4.573142749644551
5.4499999999999997E-5     4.558546163084794
5.46E-5                   4.543962077214085
5.4699999999999995E-5     4.529378003341766
5.48E-5                   4.514806990637391
5.49E-5                   4.500394398744781
5.4999999999999995E-5     4.485981793148415
5.51E-5                   4.471569173939655
5.52E-5                   4.457201169687098
5.5299999999999996E-5     4.4429869908362765
5.54E-5                   4.4287728314192885
5.55E-5                   4.414558691514966
5.5599999999999996E-5     4.400389538833512
5.57E-5                   4.386295748716928
5.5799999999999994E-5     4.372201937685757
5.59E-5                   4.358108105833894
5.6E-5                    4.344151950931894
5.6099999999999995E-5     4.330321670548227
5.62E-5                   4.316491420236193
5.63E-5                   4.302661200050221
5.6399999999999995E-5     4.288846678194677
5.65E-5                   4.275039808335617
5.66E-5                   4.261232906862892
5.6699999999999996E-5     4.247425973881128
5.68E-5                   4.233869787692313
5.69E-5                   4.220368667583624
5.6999999999999996E-5     4.206867585924627
5.71E-5                   4.193371396082708
5.7199999999999994E-5     4.1798840596872395
5.73E-5                   4.166396697361267
5.74E-5                   4.1529605354403545
5.7499999999999995E-5     4.13969162964522
5.76E-5                   4.126422745040116
5.77E-5                   4.113178595463401
5.7799999999999995E-5     4.0999676146296915
5.79E-5                   4.086756619469298
5.8E-5                    4.073681479349072
5.8099999999999996E-5     4.060621419076493
5.82E-5                   4.047594929003167
5.8299999999999994E-5     4.034588482579147
5.8399999999999997E-5     4.021641086340164
5.85E-5                   4.008736567204698
5.8599999999999995E-5     3.995856680456176
5.87E-5                   3.982998404523769
5.88E-5                   3.970201164302513
5.8899999999999995E-5     3.957431260950874
5.9E-5                    3.9447004490938222
5.91E-5                   3.9319772251391663
5.9199999999999996E-5     3.9193460179595014
5.93E-5                   3.906724730781502
5.94E-5                   3.8941538157517424
5.9499999999999996E-5     3.881608245965946
5.96E-5                   3.869115900856526
5.9699999999999994E-5     3.856659369923162
5.98E-5                   3.844241558786778
5.99E-5                   3.831866417673771
5.9999999999999995E-5     3.8195154322746507
6.01E-5                   3.807227385341692
6.02E-5                   3.7949554217524826
6.0299999999999995E-5     3.782747118189946
6.04E-5                   3.770550211771616
6.05E-5                   3.7584193012038902
6.0599999999999996E-5     3.746318663054315
6.07E-5                   3.734299697978911
6.08E-5                   3.722280732930653
6.0899999999999996E-5     3.7102617679616445
6.1E-5                    3.698329659148998
6.11E-5                   3.686458819278483
6.12E-5                   3.674587979704624
6.13E-5                   3.662717140477119
6.14E-5                   3.6509703643380282
6.149999999999999E-5      3.6392370178369715
6.159999999999999E-5      3.6275036714867297
6.17E-5                   3.61580038547532
6.18E-5                   3.6042047534132053
6.19E-5                   3.5926091215499354
6.2E-5                    3.5810134899318977
6.209999999999999E-5      3.569490095097382
6.22E-5                   3.558029679008963
6.23E-5                   3.5465692630815497
6.24E-5                   3.535108847360111
6.25E-5                   3.5237628546714768
6.26E-5                   3.512437024561325
6.269999999999999E-5      3.5011111946404574
6.28E-5                   3.4898073322107694
6.29E-5                   3.4786137218280415
6.3E-5                    3.467420111596197
6.31E-5                   3.456226501557044
6.319999999999999E-5      3.445134176926494
6.33E-5                   3.434150660096698
6.34E-5                   3.4231671433891893
6.35E-5                   3.41218362684346
6.36E-5                   3.401200110499014
6.37E-5                   3.390216594395369
6.379999999999999E-5      3.3792330785720526
6.39E-5                   3.3682795054626347
6.4E-5                    3.357558628847519
6.41E-5                   3.3468377522427
6.42E-5                   3.3361168756848225
6.429999999999999E-5      3.3253959992105417
6.44E-5                   3.314675122856519
6.45E-5                   3.303954246659429
6.46E-5                   3.293233370655955
6.47E-5                   3.2826964541017585
6.48E-5                   3.2722222007369437
6.489999999999999E-5      3.261747947497176
6.5E-5                    3.2512736944166503
6.51E-5                   3.2407994415295724
6.52E-5                   3.2303251888701556
6.53E-5                   3.219850936472624
6.539999999999999E-5      3.2094694184695087
6.549999999999999E-5      3.199240609283919
6.56E-5                   3.1890118000747263
6.57E-5                   3.1787829908737133
6.58E-5                   3.1685541817126683
6.59E-5                   3.1583253726233904
6.599999999999999E-5      3.1480965636376874
6.61E-5                   3.1378700653212226
6.62E-5                   3.127878663570104
6.63E-5                   3.1178872619604032
6.64E-5                   3.1078958605218094
6.65E-5                   3.0979044592840177
6.659999999999999E-5      3.0879130582767336
6.67E-5                   3.077921657529662
6.68E-5                   3.0679302570725215
6.69E-5                   3.0581609578623796
6.7E-5                    3.0485157028342265
6.709999999999999E-5      3.0388704478031516
6.72E-5                   3.029225192795783
6.73E-5                   3.019579937838761
6.74E-5                   3.0099346829587255
6.75E-5                   3.000289428182328
6.76E-5                   2.9906441735362193
6.769999999999999E-5      2.9809989190470634
6.78E-5                   2.9713536647415246
6.79E-5                   2.9617084106462723
6.8E-5                    2.9520631567879856
6.81E-5                   2.942417903193349
6.819999999999999E-5      2.9327726498890487
6.829999999999999E-5      2.9231273969017777
6.84E-5                   2.9138851238405064
6.85E-5                   2.9046849268159893
6.86E-5                   2.8954847297046915
6.87E-5                   2.8862845325296815
6.879999999999999E-5      2.8770843353140343
6.89E-5                   2.8678841380808255
6.9E-5                    2.8586839408531386
6.91E-5                   2.8494837436540617
6.92E-5                   2.840283546506686
6.929999999999999E-5      2.83108334943411
6.939999999999999E-5      2.821883152459433
6.95E-5                   2.8126829556057604
6.96E-5                   2.8034827588962044
6.97E-5                   2.794282562353878
6.98E-5                   2.785153798387941
6.989999999999999E-5      2.776375588940546
7.0E-5                    2.7675973794394113
7.01E-5                   2.7588191699046254
7.02E-5                   2.7500409603562757
7.03E-5                   2.7412627508144554
7.04E-5                   2.7324845412992635
7.049999999999999E-5      2.7237063318308006
7.06E-5                   2.71492812242917
7.07E-5                   2.7061499131144786
7.08E-5                   2.69737170390684
7.09E-5                   2.6885934948263692
7.099999999999999E-5      2.6798152858931843
7.11E-5                   2.6710370771274077
7.12E-5                   2.662258868549165
7.13E-5                   2.653659267381893
7.14E-5                   2.6452934573649776
7.15E-5                   2.6369276473131555
7.159999999999999E-5      2.628561837243669
7.17E-5                   2.62019602717376
7.18E-5                   2.6118302171206764
7.19E-5                   2.603464407101668
7.2E-5                    2.5950985971339877
7.209999999999999E-5      2.586732787234891
7.219999999999999E-5      2.578366977421635
7.23E-5                   2.570001167711482
7.24E-5                   2.561635358121694
7.25E-5                   2.553269548669539
7.26E-5                   2.5449037393722866
7.269999999999999E-5      2.536537930247208
7.28E-5                   2.528435230327865
7.29E-5                   2.5204469571259795
7.3E-5                    2.5124586838589673
7.31E-5                   2.504470410542035
7.319999999999999E-5      2.4964821371903936
7.329999999999999E-5      2.488493863819251
7.34E-5                   2.480505590443822
7.35E-5                   2.4725173170793227
7.36E-5                   2.464529043740971
7.37E-5                   2.4565407704439894
7.379999999999999E-5      2.4485524972035986
7.39E-5                   2.440564224035023
7.4E-5                    2.4325759509534923
7.41E-5                   2.4245876779742344
7.42E-5                   2.416599405112482
7.429999999999999E-5      2.4089743143340496
7.439999999999999E-5      2.4013640690736957
7.45E-5                   2.393753823852913
7.46E-5                   2.3861435786846377
7.47E-5                   2.3785333335818084
7.48E-5                   2.370923088557367
7.489999999999999E-5      2.363312843624256
7.5E-5                    2.3557025987954163
7.51E-5                   2.3480923540837955
7.52E-5                   2.34048210950234
7.53E-5                   2.3328718650639995
7.54E-5                   2.3252616207817236
7.549999999999999E-5      2.3176513766684663
7.56E-5                   2.310041132737178
7.57E-5                   2.3025087647119102
7.58E-5                   2.295245334004812
7.59E-5                   2.2879819031274926
7.599999999999999E-5      2.2807184720913347
7.609999999999999E-5      2.2734550409077188
7.62E-5                   2.2661916095880326
7.63E-5                   2.2589281781436616
7.64E-5                   2.2516647465859925
7.65E-5                   2.2444013149264173
7.659999999999999E-5      2.2371378831763256
7.67E-5                   2.229874451347109
7.68E-5                   2.2226110194501634
7.69E-5                   2.215347587496883
7.7E-5                    2.2080841554986645
7.709999999999999E-5      2.2008207234669084
7.719999999999999E-5      2.1937190216801055
7.73E-5                   2.1867867570991435
7.74E-5                   2.1798544927558265
7.75E-5                   2.1729222286601093
7.76E-5                   2.1659899648219443
7.769999999999999E-5      2.1590577012512866
7.78E-5                   2.152125437958089
7.79E-5                   2.145193174952311
7.8E-5                    2.1382609122439087
7.81E-5                   2.1313286498428408
7.819999999999999E-5      2.1243963877590666
7.829999999999999E-5      2.117464126002545
7.84E-5                   2.1105318645832383
7.85E-5                   2.1035996035111078
7.86E-5                   2.096667342796116
7.87E-5                   2.0899946010411856
7.879999999999999E-5      2.083407361453299
7.89E-5                   2.076820121437232
7.9E-5                    2.070232881001086
7.91E-5                   2.063645640152964
7.92E-5                   2.0570583989009688
7.93E-5                   2.050471157253204
7.939999999999999E-5      2.0438839152177763
7.95E-5                   2.03729667280279
7.96E-5                   2.030709430016353
7.97E-5                   2.024122186866575
7.98E-5                   2.017534943361563
7.989999999999999E-5      2.0109476995094298
7.999999999999999E-5      2.0043604553182846
8.01E-5                   1.9977772049324043
8.02E-5                   1.9914396035291468
8.03E-5                   1.9851020027143598
8.04E-5                   1.9787644024963003
8.049999999999999E-5      1.972426802883225
8.06E-5                   1.9660892038833928
8.07E-5                   1.9597516055050628
8.08E-5                   1.9534140077564943
8.09E-5                   1.9470764106459475
8.099999999999999E-5      1.9407388141816833
8.109999999999999E-5      1.934401218371961
8.12E-5                   1.9280636232250432
8.13E-5                   1.9217260287491915
8.14E-5                   1.9153884349526682
8.15E-5                   1.9090508418437366
8.159999999999999E-5      1.9028209616051848
8.17E-5                   1.8968683070564962
8.18E-5                   1.890915651970708
8.19E-5                   1.8849629963530325
8.2E-5                    1.8790103402086824
8.209999999999999E-5      1.8730576835428725
8.219999999999999E-5      1.8671050263608142
8.23E-5                   1.861152368667723
8.24E-5                   1.855199710468814
8.25E-5                   1.8492470517693025
8.26E-5                   1.843294392574404
8.269999999999999E-5      1.8373417328893364
8.28E-5                   1.8313890727193147
8.29E-5                   1.8254364120695576
8.3E-5                    1.819483750945282
8.31E-5                   1.8136523979171053
8.319999999999999E-5      1.807922880304942
8.329999999999999E-5      1.8021933633446088
8.34E-5                   1.7964638470420589
8.35E-5                   1.7907343314032445
8.36E-5                   1.7850048164341188
8.37E-5                   1.7792753021406347
8.379999999999999E-5      1.7735457885287458
8.389999999999999E-5      1.7678162756044054
8.4E-5                    1.7620867633735664
8.41E-5                   1.756357251842185
8.42E-5                   1.7506277410162143
8.43E-5                   1.7448982309016097
8.439999999999999E-5      1.7392175296846606
8.45E-5                   1.7336616713742201
8.46E-5                   1.7281058126417375
8.47E-5                   1.7225499534926088
8.48E-5                   1.7169940939322288
8.489999999999999E-5      1.7114382339659964
8.499999999999999E-5      1.7058823735993052
8.51E-5                   1.7003265128375533
8.52E-5                   1.6947706516861385
8.53E-5                   1.689214790150459
8.54E-5                   1.6836589282359133
8.549999999999999E-5      1.6781030659479017
8.56E-5                   1.672764149372451
8.57E-5                   1.6674597332185073
8.58E-5                   1.662155317366842
8.59E-5                   1.6568509018214281
8.599999999999999E-5      1.6515464865862397
8.609999999999999E-5      1.6462420716652484
8.62E-5                   1.6409376570624283
8.63E-5                   1.6356332427817526
8.64E-5                   1.6303288288271958
8.65E-5                   1.6250646638575819
8.659999999999999E-5      1.6198464814828275
8.669999999999999E-5      1.6146282989167267
8.68E-5                   1.6094101161640577
8.69E-5                   1.6041919332295966
8.7E-5                    1.5989737501181214
8.709999999999999E-5      1.59375556683441
8.719999999999999E-5      1.5885373833832397
8.73E-5                   1.5834052440987543
8.74E-5                   1.5783397962077765
8.75E-5                   1.5732743484212453
8.76E-5                   1.568208900742507
8.769999999999999E-5      1.563143453174911
8.779999999999999E-5      1.558078005721803
8.79E-5                   1.5530125583865322
8.8E-5                    1.5480087474438875
8.81E-5                   1.5430385468599297
8.82E-5                   1.5380683462565736
8.829999999999999E-5      1.533098145637815
8.84E-5                   1.5281279450076515
8.85E-5                   1.52315774437008
8.86E-5                   1.518231569831187
8.87E-5                   1.513365569414026
8.879999999999999E-5      1.5084995689865919
8.889999999999999E-5      1.5036335685520923
8.9E-5                    1.4987675681137376
8.91E-5                   1.493901567674737
8.92E-5                   1.4891077555635979
8.93E-5                   1.4843297503536639
8.939999999999999E-5      1.479551745199225
8.95E-5                   1.4747737401035674
8.96E-5                   1.4699957350699768
8.97E-5                   1.4652350597144082
8.98E-5                   1.4605364685203364
8.989999999999999E-5      1.4558378772815859
8.999999999999999E-5      1.4511392860012056
9.01E-5                   1.4464406946822441
9.02E-5                   1.4417421033277513
9.03E-5                   1.4370994163712805
9.04E-5                   1.432491568418984
9.049999999999999E-5      1.427883720525674
9.059999999999999E-5      1.4232758726942352
9.07E-5                   1.418668024927554
9.08E-5                   1.4140612621906903
9.09E-5                   1.4095313346943994
9.099999999999999E-5      1.405001407161925
9.109999999999999E-5      1.4004714795960047
9.12E-5                   1.3959415519993787
9.13E-5                   1.3914116243747867
9.14E-5                   1.3869161099849705
9.15E-5                   1.382469755038696
9.159999999999999E-5      1.3780234001332472
9.169999999999999E-5      1.3735770452712197
9.18E-5                   1.3691306904552116
9.19E-5                   1.3646843356878207
9.2E-5                    1.360301809941944
9.21E-5                   1.355934292539238
9.219999999999999E-5      1.3515667751201013
9.23E-5                   1.3471992576869884
9.24E-5                   1.3428317402423557
9.25E-5                   1.3384804650486544
9.26E-5                   1.3341912306447565
9.269999999999999E-5      1.3299019962636622
9.279999999999999E-5      1.3256127619076936
9.29E-5                   1.3213235275791748
9.3E-5                    1.3170342932804289
9.31E-5                   1.3127916929804977
9.32E-5                   1.3085794971716396
9.329999999999999E-5      1.3043673013585453
9.34E-5                   1.3001551055434253
9.35E-5                   1.2959429097284927
9.36E-5                   1.2917309540304358
9.37E-5                   1.287594123568244
9.379999999999999E-5      1.2834572931179395
9.389999999999999E-5      1.2793204626815984
9.4E-5                    1.275183632261299
9.41E-5                   1.2710468018591197
9.42E-5                   1.2669396932641577
9.43E-5                   1.26287697496031
9.439999999999999E-5      1.2588142566579001
9.449999999999999E-5      1.254751538358913
9.46E-5                   1.2506888200653343
9.47E-5                   1.2466261017791498
9.48E-5                   1.2426216366080889
9.489999999999999E-5      1.2386318358204345
9.499999999999999E-5      1.2346420350411913
9.51E-5                   1.2306522342722281
9.52E-5                   1.226662433515412
9.53E-5                   1.2226936868641556
9.54E-5                   1.218810899186599
9.549999999999999E-5      1.2149281115107866
9.559999999999999E-5      1.211045323838445
9.57E-5                   1.2071625361713012
9.58E-5                   1.203279748511082
9.59E-5                   1.1993969608595139
9.6E-5                    1.1955141732183245
9.609999999999999E-5      1.1916313855892404
9.62E-5                   1.1877485979739884
9.63E-5                   1.1838658103742956
9.64E-5                   1.179983022791889
9.65E-5                   1.176237477361813
9.659999999999999E-5      1.172492976268396
9.669999999999999E-5      1.168748475172826
9.68E-5                   1.165003974076651
9.69E-5                   1.1612594729814176
9.7E-5                    1.1575149718886735
9.71E-5                   1.1537704707999659
9.719999999999999E-5      1.1500259697168422
9.73E-5                   1.1462814686408491
9.74E-5                   1.1425369675735342
9.75E-5                   1.1387924665164453
9.76E-5                   1.13515263007261
9.769999999999999E-5      1.1315409263783043
9.779999999999999E-5      1.1279292226853856
9.79E-5                   1.1243175189952417
9.8E-5                    1.1207058153092615
9.81E-5                   1.1170941116288322
9.82E-5                   1.113482407955342
9.829999999999999E-5      1.1098707042901794
9.839999999999999E-5      1.1062590006347317
9.85E-5                   1.1026472969903878
9.86E-5                   1.0990355933585356
9.87E-5                   1.0954989212790966
9.879999999999999E-5      1.0920157276627667
9.889999999999999E-5      1.0885325340449052
9.9E-5                    1.0850493404267594
9.91E-5                   1.0815661468095745
9.92E-5                   1.078082953194598
9.93E-5                   1.074599759583075
9.939999999999999E-5      1.0711165659762534
9.949999999999999E-5      1.0676333723753781
9.96E-5                   1.064150178781696
9.97E-5                   1.0606669851964532
9.98E-5                   1.057230716935348
9.989999999999999E-5      1.0538711534084293
9.999999999999999E-5      1.050511589881343
1.001E-4                  1.0471520263552054
1.002E-4                  1.0437924628311335
1.003E-4                  1.0404328993102436
1.004E-4                  1.0370733357936521
1.0049999999999999E-4     1.0337137722824759
1.0059999999999999E-4     1.0303542087778312
1.007E-4                  1.026994645280834
1.008E-4                  1.0236350817926019
1.009E-4                  1.0203063601077582
1.01E-4                   1.0171227667980476
1.0109999999999999E-4     1.0139391734882972
1.012E-4                  1.0107555801794568
1.013E-4                  1.0075719868724795
1.014E-4                  1.0043883935683149
1.015E-4                  1.0012048002679153
1.0159999999999999E-4     0.9980212069722321
1.0169999999999999E-4     0.9948376136822159
1.018E-4                  0.9916540203988179
1.019E-4                  0.9884704271229897
1.02E-4                   0.9852868338556829
1.021E-4                  0.9821032405978486
1.0219999999999999E-4     0.9789196473504386
1.0229999999999999E-4     0.9757360541144036
1.024E-4                  0.9725524608906954
1.025E-4                  0.9693688676802655
1.026E-4                  0.9661852744840652
1.0269999999999999E-4     0.9630016813030463
1.0279999999999999E-4     0.9598180881381605
1.029E-4                  0.9566344949903584
1.03E-4                   0.953450901860592
1.031E-4                  0.9502673087498131
1.032E-4                  0.9472542899967209
1.0329999999999999E-4     0.9442931822341613
1.0339999999999999E-4     0.9413320744604993
1.035E-4                  0.9383709666764994
1.036E-4                  0.9354098588829257
1.037E-4                  0.9324487510805425
1.0379999999999999E-4     0.9294876432701139
1.0389999999999999E-4     0.9265265354524036
1.04E-4                   0.9235654276281757
1.041E-4                  0.9206043197981945
1.042E-4                  0.9176432119632243
1.043E-4                  0.9146821041240291
1.0439999999999999E-4     0.9117209962813736
1.0449999999999999E-4     0.908759888436021
1.046E-4                  0.9057987805887362
1.047E-4                  0.9028376727402831
1.048E-4                  0.8998765648914264
1.049E-4                  0.8969154570429295
1.0499999999999999E-4     0.8939543491955584
1.051E-4                  0.8909932413500754
1.052E-4                  0.8880321335072456
1.053E-4                  0.8850710256678337
1.054E-4                  0.8821837821138538
1.0549999999999999E-4     0.8794289493305578
1.0559999999999999E-4     0.8766741165458619
1.057E-4                  0.8739192837603831
1.058E-4                  0.8711644509747384
1.059E-4                  0.8684096181895447
1.06E-4                   0.8656547854054186
1.0609999999999999E-4     0.8628999526229777
1.0619999999999999E-4     0.8601451198428376
1.063E-4                  0.8573902870656164
1.064E-4                  0.8546354542919303
1.065E-4                  0.8518806215223964
1.0659999999999999E-4     0.8491257887576324
1.0669999999999999E-4     0.846370955998254
1.068E-4                  0.8436161232448787
1.069E-4                  0.8408612904981235
1.07E-4                   0.8381064577586055
1.071E-4                  0.835351625026941
1.0719999999999999E-4     0.8325967923037484
1.0729999999999999E-4     0.8298419595896436
1.074E-4                  0.8270871268852434
1.075E-4                  0.8243322941911656
1.076E-4                  0.8215774615080267
1.0769999999999999E-4     0.8190064564142558
1.0779999999999999E-4     0.8164452291743192
1.079E-4                  0.8138840019284362
1.08E-4                   0.8113227746771003
1.081E-4                  0.8087615474208045
1.082E-4                  0.8062003201600421
1.0829999999999999E-4     0.8036390928953071
1.0839999999999999E-4     0.8010778656270916
1.085E-4                  0.7985166383558895
1.086E-4                  0.795955411082194
1.087E-4                  0.7933941838064983
1.0879999999999999E-4     0.7908329565292961
1.0889999999999999E-4     0.7882717292510801
1.0899999999999999E-4     0.7857105019723439
1.091E-4                  0.7831492746935811
1.092E-4                  0.7805880474152844
1.093E-4                  0.7780268201379477
1.0939999999999999E-4     0.7754655928620644
1.0949999999999999E-4     0.7729043655881273
1.096E-4                  0.7703431383166301
1.097E-4                  0.7677819110480663
1.098E-4                  0.765220683782929
1.099E-4                  0.7627553604445739
1.0999999999999999E-4     0.7603714357187762
1.1009999999999999E-4     0.757987510991594
1.102E-4                  0.755603586263429
1.103E-4                  0.7532196615346819
1.104E-4                  0.7508357368057529
1.1049999999999999E-4     0.7484518120770443
1.1059999999999999E-4     0.7460678873489556
1.107E-4                  0.7436839626218882
1.108E-4                  0.741300037896243
1.109E-4                  0.7389161131724208
1.11E-4                   0.7365321884508227
1.1109999999999999E-4     0.73414826373185
1.1119999999999999E-4     0.7317643390159025
1.113E-4                  0.7293804143033823
1.114E-4                  0.7269964895946894
1.115E-4                  0.7246125648902251
1.1159999999999999E-4     0.7222286401903909
1.1169999999999999E-4     0.7198447154955869
1.118E-4                  0.7174607908062143
1.119E-4                  0.7150768661226743
1.12E-4                   0.7126929414453673
1.121E-4                  0.710331270944746
1.1219999999999999E-4     0.7081155369501362
1.1229999999999999E-4     0.705899802952766
1.124E-4                  0.7036840689529542
1.125E-4                  0.70146833495102
1.126E-4                  0.6992526009472818
1.1269999999999999E-4     0.6970368669420587
1.1279999999999999E-4     0.6948211329356689
1.1289999999999999E-4     0.6926053989284313
1.13E-4                   0.6903896649206648
1.131E-4                  0.6881739309126879
1.132E-4                  0.6859581969048193
1.1329999999999999E-4     0.6837424628973784
1.1339999999999999E-4     0.6815267288906829
1.135E-4                  0.6793109948850523
1.136E-4                  0.677095260880805
1.137E-4                  0.6748795268782601
1.138E-4                  0.6726637928777359
1.1389999999999999E-4     0.6704480588795517
1.1399999999999999E-4     0.668232324884026
1.141E-4                  0.6660165908914772
1.142E-4                  0.6638008569022245
1.143E-4                  0.6615851229165867
1.1439999999999999E-4     0.6594804507303852
1.1449999999999999E-4     0.6574181753656696
1.146E-4                  0.6553558999977368
1.147E-4                  0.6532936246268461
1.148E-4                  0.6512313492532571
1.149E-4                  0.6491690738772291
1.1499999999999999E-4     0.6471067984990224
1.1509999999999999E-4     0.6450445231188952
1.152E-4                  0.6429822477371077
1.153E-4                  0.6409199723539191
1.154E-4                  0.6388576969695892
1.1549999999999999E-4     0.6367954215843773
1.1559999999999999E-4     0.634733146198543
1.157E-4                  0.6326708708123456
1.158E-4                  0.6306085954260447
1.159E-4                  0.6285463200398997
1.16E-4                   0.6264840446541704
1.1609999999999999E-4     0.6244217692691164
1.1619999999999999E-4     0.6223594938849967
1.163E-4                  0.6202972185020708
1.164E-4                  0.6182349431205987
1.165E-4                  0.6161726677408395
1.1659999999999999E-4     0.6141559240747416
1.1669999999999999E-4     0.6122381322132755
1.1679999999999999E-4     0.6103203403544064
1.169E-4                  0.6084025484983415
1.17E-4                   0.6064847566452888
1.171E-4                  0.6045669647954552
1.1719999999999999E-4     0.6026491729490489
1.1729999999999999E-4     0.6007313811062768
1.174E-4                  0.5988135892673466
1.175E-4                  0.596895797432466
1.176E-4                  0.5949780056018423
1.177E-4                  0.5930602137756832
1.1779999999999999E-4     0.5911424219541963
1.1789999999999999E-4     0.5892246301375891
1.18E-4                   0.5873068383260687
1.181E-4                  0.585389046519843
1.182E-4                  0.5834712547191194
1.1829999999999999E-4     0.581553462924106
1.1839999999999999E-4     0.5796356711350094
1.185E-4                  0.5777178793520378
1.186E-4                  0.5758000875753982
1.187E-4                  0.5738822958052986
1.188E-4                  0.5719645040419464
1.1889999999999999E-4     0.5701692335703072
1.1899999999999999E-4     0.5683865938774655
1.191E-4                  0.5666039541766732
1.192E-4                  0.564821314468096
1.193E-4                  0.5630386747518994
1.1939999999999999E-4     0.5612560350282497
1.1949999999999999E-4     0.559473395297312
1.196E-4                  0.5576907555592523
1.197E-4                  0.5559081158142365
1.198E-4                  0.5541254760624298
1.199E-4                  0.5523428363039985
1.1999999999999999E-4     0.5505601965391083
1.2009999999999999E-4     0.5487775567679246
1.202E-4                  0.5469949169906132
1.203E-4                  0.5452122772073401
1.204E-4                  0.5434296374182706
1.2049999999999999E-4     0.5416469976235713
1.2059999999999999E-4     0.5398643578234069
1.2069999999999999E-4     0.5380817180179437
1.208E-4                  0.5362990782073476
1.209E-4                  0.5345164383917838
1.21E-4                   0.5327337985714184
1.2109999999999999E-4     0.531011371108113
1.2119999999999999E-4     0.5293496509398226
1.213E-4                  0.527687930780449
1.214E-4                  0.5260262106301304
1.215E-4                  0.5243644904890048
1.216E-4                  0.52270277035721
1.2169999999999999E-4     0.5210410502348843
1.2179999999999999E-4     0.5193793301221651
1.219E-4                  0.5177176100191905
1.22E-4                   0.5160558899260985
1.2209999999999999E-4     0.5143941698430273
1.222E-4                  0.5127324497701143
1.223E-4                  0.511070729707498
1.224E-4                  0.5094090096553157
1.225E-4                  0.5077472896137059
1.226E-4                  0.5060855695828063
1.227E-4                  0.504423849562755
1.228E-4                  0.5027621295536897
1.229E-4                  0.5011004095557485
1.2299999999999998E-4     0.49943868956907006
1.2309999999999998E-4     0.49777696959379086
1.2319999999999999E-4     0.4961152496300498
1.233E-4                  0.4944645142734235
1.234E-4                  0.4929257152863687
1.235E-4                  0.4913869162880246
1.236E-4                  0.489848117278494
1.237E-4                  0.4883093182578795
1.238E-4                  0.48677051922628434
1.239E-4                  0.4852317201838107
1.24E-4                   0.48369292113056206
1.241E-4                  0.48215412206664077
1.2419999999999998E-4     0.4806153229921503
1.2429999999999999E-4     0.47907652390719246
1.244E-4                  0.47753772481187073
1.245E-4                  0.47599892570628777
1.246E-4                  0.4744601265905463
1.247E-4                  0.4729213274647493
1.248E-4                  0.4713825283289997
1.249E-4                  0.46984372918340006
1.25E-4                   0.46830493002805323
1.251E-4                  0.4667661308630623
1.252E-4                  0.46522733168852975
1.2529999999999998E-4     0.4636885325045592
1.2539999999999999E-4     0.4621497333112523
1.255E-4                  0.46061093410871246
1.256E-4                  0.4591383886423958
1.257E-4                  0.45769691083172204
1.258E-4                  0.456255433030074
1.259E-4                  0.45481395523754636
1.26E-4                   0.45337247745423315
1.261E-4                  0.4519309996802289
1.262E-4                  0.4504895219156279
1.263E-4                  0.44904804416052474
1.2639999999999998E-4     0.4476065664150138
1.2649999999999998E-4     0.446165088679189
1.266E-4                  0.44472361095314494
1.267E-4                  0.443282133236976
1.268E-4                  0.44184065553077656
1.269E-4                  0.440399177834641
1.27E-4                   0.4389577001486638
1.271E-4                  0.4375162224729391
1.272E-4                  0.43607474480756137
1.273E-4                  0.434633267152625
1.274E-4                  0.43319178950822446
1.2749999999999998E-4     0.4317503118744543
1.2759999999999998E-4     0.4303088342514081
1.277E-4                  0.4288673566391808
1.278E-4                  0.427456657769029
1.279E-4                  0.426128261499305
1.28E-4                   0.4247998652269985
1.281E-4                  0.4234714689521724
1.282E-4                  0.4221430726748894
1.283E-4                  0.4208146763952121
1.284E-4                  0.41948628011320294
1.285E-4                  0.4181578838289248
1.2859999999999998E-4     0.41682948754244076
1.2869999999999998E-4     0.41550109125381257
1.288E-4                  0.41417269496310316
1.289E-4                  0.4128442986703754
1.29E-4                   0.41151590237569174
1.291E-4                  0.41018750607911497
1.292E-4                  0.4088591097807078
1.293E-4                  0.4075307134805327
1.294E-4                  0.40620231717865246
1.295E-4                  0.4048739208751296
1.296E-4                  0.40354552457002696
1.2969999999999998E-4     0.4022171282634074
1.2979999999999998E-4     0.4008887319553328
1.2989999999999999E-4     0.39956033564586635
1.3E-4                    0.39823193933507056
1.301E-4                  0.3969744788186095
1.302E-4                  0.39572822291372484
1.303E-4                  0.3944819669967612
1.304E-4                  0.39323571106778027
1.305E-4                  0.3919894551268449
1.306E-4                  0.39074319917401723
1.307E-4                  0.3894969432093597
1.3079999999999998E-4     0.3882506872329347
1.3089999999999998E-4     0.3870044312448042
1.3099999999999999E-4     0.3857581752450307
1.311E-4                  0.38451191923367656
1.312E-4                  0.3832656632108042
1.313E-4                  0.3820194071764756
1.314E-4                  0.3807731511307536
1.315E-4                  0.3795268950737002
1.316E-4                  0.37828063900537784
1.317E-4                  0.3770343829258488
1.318E-4                  0.3757881268351754
1.3189999999999998E-4     0.3745418707334204
1.3199999999999998E-4     0.37329561462064537
1.3209999999999999E-4     0.372049358496913
1.322E-4                  0.37080310236228575
1.323E-4                  0.3695970799959082
1.324E-4                  0.36843924947907103
1.325E-4                  0.3672814189929311
1.326E-4                  0.36612358853753246
1.327E-4                  0.3649657581129191
1.328E-4                  0.3638079277191351
1.329E-4                  0.36265009735622467
1.33E-4                   0.3614922670242318
1.3309999999999998E-4     0.3603344367232009
1.3319999999999999E-4     0.3591766064531755
1.333E-4                  0.3580187762141999
1.334E-4                  0.3568609460063181
1.335E-4                  0.35570311582957437
1.336E-4                  0.3545452856840128
1.337E-4                  0.35338745556967727
1.338E-4                  0.35222962548661196
1.339E-4                  0.35107179543486106
1.34E-4                   0.3499139654144684
1.341E-4                  0.3487561354254783
1.3419999999999998E-4     0.3475983054679351
1.3429999999999998E-4     0.3464404755418821
1.344E-4                  0.34528264564736383
1.345E-4                  0.3441295109834672
1.346E-4                  0.3430728467034888
1.347E-4                  0.34201618236740183
1.348E-4                  0.3409595179752361
1.349E-4                  0.33990285352702143
1.35E-4                   0.3388461890227878
1.351E-4                  0.33778952446256477
1.352E-4                  0.33673285984638235
1.3529999999999998E-4     0.3356761951742706
1.3539999999999998E-4     0.3346195304462587
1.355E-4                  0.33356286566237686
1.356E-4                  0.33250620082265475
1.357E-4                  0.3314495359271224
1.358E-4                  0.3303928709758095
1.359E-4                  0.3293362059687458
1.36E-4                   0.3282795409059614
1.361E-4                  0.3272228757874859
1.362E-4                  0.32616621061334916
1.363E-4                  0.32510954538358106
1.3639999999999998E-4     0.32405288009821165
1.3649999999999998E-4     0.32299621475727025
1.3659999999999999E-4     0.321939549360787
1.367E-4                  0.32088288390879166
1.368E-4                  0.31983660151048
1.369E-4                  0.31879621512340034
1.37E-4                   0.3177558288432401
1.371E-4                  0.3167154426700515
1.372E-4                  0.3156750566038861
1.373E-4                  0.314634670644796
1.374E-4                  0.31359428479283297
1.3749999999999998E-4     0.3125538990480494
1.3759999999999998E-4     0.3115135134104965
1.3769999999999999E-4     0.31047312788022646
1.378E-4                  0.30943274245729113
1.379E-4                  0.30839235714174257
1.38E-4                   0.30735197193363256
1.381E-4                  0.30631158683301296
1.382E-4                  0.3052712018399357
1.383E-4                  0.3042308169544527
1.384E-4                  0.30319043217661573
1.385E-4                  0.3021500475064767
1.3859999999999998E-4     0.301109662944088
1.3869999999999998E-4     0.30006927848950066
1.3879999999999999E-4     0.29902889414276695
1.389E-4                  0.2979885099039387
1.39E-4                   0.2969725542388884
1.391E-4                  0.2960387374876092
1.392E-4                  0.29510492064333427
1.393E-4                  0.2941711037060752
1.394E-4                  0.2932372866758436
1.395E-4                  0.2923034695526508
1.396E-4                  0.2913696523365085
1.3969999999999998E-4     0.29043583502742853
1.3979999999999998E-4     0.2895020176254218
1.3989999999999999E-4     0.28856820013050005
1.4E-4                    0.2876343825426749
1.401E-4                  0.28670056486195794
1.402E-4                  0.28576674708836064
1.403E-4                  0.28486214303166185
1.404E-4                  0.2839833260991806
1.405E-4                  0.28310450933282977
1.406E-4                  0.28222569273262504
1.407E-4                  0.2813468762985823
1.408E-4                  0.28046806003071734
1.4089999999999998E-4     0.2795892439290461
1.4099999999999998E-4     0.2787003092789924
1.411E-4                  0.2777885979235513
1.412E-4                  0.2768768864146956
1.413E-4                  0.27596517475245264
1.414E-4                  0.27505346293684985
1.415E-4                  0.2741792247740475
1.416E-4                  0.2733078107013596
1.417E-4                  0.2724362567531815
1.418E-4                  0.27155865415323927
1.419E-4                  0.2706810515657097
1.4199999999999998E-4     0.2698046115036371
1.4209999999999998E-4     0.2689296093050256
1.422E-4                  0.26805860604913995
1.423E-4                  0.2671970110399457
1.424E-4                  0.26633622504271826
1.425E-4                  0.2654766150983864
1.426E-4                  0.26462065246527966
1.427E-4                  0.26376622595727195
1.428E-4                  0.2629155959023057
1.429E-4                  0.26206660217139166
1.43E-4                   0.2612213840087611
1.4309999999999998E-4     0.260378829485907
1.4319999999999998E-4     0.2595380458519897
1.433E-4                  0.25870107769451856
1.434E-4                  0.25786552128307416
1.435E-4                  0.25703396508603416
1.436E-4                  0.2562045479140098
1.437E-4                  0.25537730827299115
1.438E-4                  0.2545534871589055
1.439E-4                  0.2537310128292818
1.44E-4                   0.2529130612169715
1.441E-4                  0.25209671721763866
1.4419999999999998E-4     0.2512828833647188
1.4429999999999998E-4     0.2504737212437982
1.4439999999999999E-4     0.24966667074255347
1.445E-4                  0.248859620236259
1.446E-4                  0.2480551444871436
1.447E-4                  0.2472571190662901
1.448E-4                  0.24645909364884228
1.449E-4                  0.245661068234815
1.45E-4                   0.24487054242549391
1.451E-4                  0.24408102117764224
1.452E-4                  0.24329149992816515
1.4529999999999998E-4     0.24250620354673696
1.4539999999999998E-4     0.24172551246217902
1.4549999999999999E-4     0.2409448213780102
1.456E-4                  0.24016475959878103
1.457E-4                  0.23939245440137888
1.458E-4                  0.2386201492046544
1.459E-4                  0.23784784400862116
1.46E-4                   0.2370840542779751
1.461E-4                  0.23632442792450065
1.462E-4                  0.2355648015705486
1.463E-4                  0.23480517521613184
1.4639999999999998E-4     0.2340455488612635
1.4649999999999998E-4     0.2332859225059561
1.4659999999999999E-4     0.23252629615022274
1.467E-4                  0.231780944905987
1.468E-4                  0.23103782543927207
1.469E-4                  0.23029470597310608
1.47E-4                   0.22955158650750104
1.471E-4                  0.22880846704246915
1.472E-4                  0.22806534757802238
1.473E-4                  0.22732316549399456
1.474E-4                  0.2265962170848011
1.4749999999999998E-4     0.2258692686751582
1.4759999999999998E-4     0.22514232026507683
1.4769999999999999E-4     0.22441537185456847
1.478E-4                  0.22368842344364445
1.479E-4                  0.22296147503231606
1.48E-4                   0.22223850229778094
1.481E-4                  0.2215273846716192
1.482E-4                  0.2208162670458646
1.483E-4                  0.22010514942052795
1.484E-4                  0.21939403179561964
1.485E-4                  0.21868291417115043
1.4859999999999998E-4     0.21797179654713097
1.4869999999999998E-4     0.21726754940954082
1.4879999999999998E-4     0.21657189522738657
1.489E-4                  0.21587624104495523
1.49E-4                   0.2151805868622568
1.491E-4                  0.21448493267930105
1.492E-4                  0.21378927849609797
1.493E-4                  0.2130936243126575
1.494E-4                  0.21240762750755493
1.495E-4                  0.21172712276166109
1.496E-4                  0.21104661801599967
1.497E-4                  0.21036611327058005
1.4979999999999998E-4     0.20968560852541168
1.4989999999999998E-4     0.20900510378050338
1.5E-4                    0.20832459903586478
