% Model:              20230225_JW_4_05.mph
% Version:            COMSOL 5.6.0.401
% Date:               Feb 25 2023, 20:18
% Dimension:          1
% Nodes:              1501
% Expressions:        1
% Description:        点图
% X                       Height
0                         8.757665516203316
1.0E-7                    8.757789834977821
2.0E-7                    8.762782108421087
3.0E-7                    8.781768004063691
4.0E-7                    8.808302817529896
5.0E-7                    8.82657044680022
6.0E-7                    8.840283601047934
7.0E-7                    8.856826660559605
8.0E-7                    8.86887867540093
9.0E-7                    8.874839304409752
1.0E-6                    8.880466266803339
1.1E-6                    8.88503252639053
1.2E-6                    8.885919961633084
1.2999999999999998E-6     8.88462088326803
1.4E-6                    8.882189853954555
1.5E-6                    8.877801992261006
1.6E-6                    8.871391095419986
1.6999999999999998E-6     8.86392365794641
1.8E-6                    8.854576190647148
1.9E-6                    8.844412722830924
2.0E-6                    8.832594434957548
2.1E-6                    8.820063197132187
2.2E-6                    8.806197205893524
2.3E-6                    8.791498759076745
2.4E-6                    8.776010611850765
2.4999999999999998E-6     8.759655146353735
2.5999999999999997E-6     8.742672121711449
2.7E-6                    8.72504095398844
2.8E-6                    8.706480265571475
2.8999999999999998E-6     8.687802936758482
3.0E-6                    8.668330655063812
3.1E-6                    8.648708414527206
3.2E-6                    8.628371193699117
3.2999999999999997E-6     8.607856174110683
3.3999999999999996E-6     8.586938219869825
3.5E-6                    8.565763082865558
3.6E-6                    8.544259313725355
3.6999999999999997E-6     8.522514742694474
3.8E-6                    8.500590010280392
3.9E-6                    8.478408930151263
4.0E-6                    8.456120578512838
4.1E-6                    8.433604046869975
4.2E-6                    8.411043540099593
4.2999999999999995E-6     8.388222870303164
4.4E-6                    8.365371482746903
4.5E-6                    8.342318378733012
4.6E-6                    8.319265798575506
4.7E-6                    8.296213730173582
4.8E-6                    8.273087675712201
4.9E-6                    8.249833753314835
4.9999999999999996E-6     8.226580250208988
5.0999999999999995E-6     8.203327155038298
5.199999999999999E-6      8.18006870749223
5.3E-6                    8.156807372194947
5.4E-6                    8.133546494811043
5.5E-6                    8.110286064501471
5.6E-6                    8.086972640757873
5.7E-6                    8.063653495232423
5.7999999999999995E-6     8.04033470993354
5.899999999999999E-6      8.017032233603151
6.0E-6                    7.993812251029235
6.1E-6                    7.9705926963445455
6.2E-6                    7.947373559475354
6.3E-6                    7.924158805562152
6.4E-6                    7.900949696161746
6.5E-6                    7.877740880022028
6.5999999999999995E-6     7.854532347654034
6.699999999999999E-6      7.831536589150307
6.799999999999999E-6      7.8086353571354525
6.9E-6                    7.785734565536893
7.0E-6                    7.762834204325512
7.1E-6                    7.739765711785788
7.2E-6                    7.716690071737329
7.2999999999999996E-6     7.693614617804314
7.3999999999999995E-6     7.670680365932205
7.499999999999999E-6      7.648236755624405
7.6E-6                    7.625793646672564
7.699999999999999E-6      7.6033510307678736
7.8E-6                    7.580574101537435
7.899999999999999E-6      7.557446943063316
8.0E-6                    7.5343199607315805
8.1E-6                    7.511193141839808
8.2E-6                    7.4884410870879625
8.3E-6                    7.465811577302773
8.4E-6                    7.443182193963073
8.5E-6                    7.420584913105273
8.599999999999999E-6      7.399651061746619
8.7E-6                    7.378717919399962
8.8E-6                    7.357785472957837
8.9E-6                    7.335846259482523
9.0E-6                    7.313382351068668
9.1E-6                    7.290918387461845
9.2E-6                    7.26899500108867
9.299999999999999E-6      7.247386361384576
9.4E-6                    7.22577814055151
9.499999999999999E-6      7.204457135120938
9.6E-6                    7.183164890592834
9.7E-6                    7.161711745945502
9.8E-6                    7.1395577293804084
9.9E-6                    7.117403868261656
9.999999999999999E-6      7.095839264079354
1.01E-5                   7.074954999580697
1.0199999999999999E-5     7.054063006471385
1.03E-5                   7.032588508223222
1.0399999999999999E-5     7.0111141052761345
1.05E-5                   6.9899124476769545
1.06E-5                   6.968775718169709
1.07E-5                   6.94793533650227
1.08E-5                   6.927290106132148
1.0899999999999999E-5     6.906430533201306
1.1E-5                    6.885246102114269
1.1099999999999999E-5     6.864173791687174
1.12E-5                   6.843572021220968
1.13E-5                   6.822970487608734
1.14E-5                   6.802348266550568
1.15E-5                   6.78172597276001
1.1599999999999999E-5     6.761080794491182
1.17E-5                   6.740429381130511
1.1799999999999999E-5     6.719973118073848
1.19E-5                   6.699660509812762
1.2E-5                    6.679333019953858
1.21E-5                   6.658980166152671
1.22E-5                   6.6386494647971075
1.2299999999999999E-5     6.6184296864281835
1.24E-5                   6.598210076426889
1.2499999999999999E-5     6.578188197962503
1.26E-5                   6.558174791402542
1.2699999999999999E-5     6.538153745434244
1.28E-5                   6.518130325650327
1.29E-5                   6.498219441093408
1.3E-5                    6.478401003712898
1.31E-5                   6.4586123887782065
1.3199999999999999E-5     6.438880540350941
1.33E-5                   6.4191614396367545
1.3399999999999999E-5     6.399520770907588
1.35E-5                   6.3798802737268385
1.3599999999999999E-5     6.360396380327895
1.37E-5                   6.3409239089449505
1.38E-5                   6.32149485621018
1.3899999999999999E-5     6.302082160920155
1.4E-5                    6.2827511530115645
1.4099999999999999E-5     6.263494914221861
1.42E-5                   6.244267725975296
1.4299999999999999E-5     6.225102982126447
1.44E-5                   6.205952009805043
1.45E-5                   6.186909775659967
1.4599999999999999E-5     6.167867704338611
1.47E-5                   6.148971832462127
1.4799999999999999E-5     6.130091265671051
1.49E-5                   6.1112108525175985
1.4999999999999999E-5     6.092330588276407
1.51E-5                   6.073561338432443
1.52E-5                   6.054905234285613
1.53E-5                   6.036249281256243
1.5399999999999998E-5     6.017593474852871
1.55E-5                   5.998958038717283
1.56E-5                   5.980541953818067
1.57E-5                   5.962126016020394
1.5799999999999998E-5     5.943710220984197
1.59E-5                   5.925294564347966
1.6E-5                    5.907020307429614
1.61E-5                   5.88881460894763
1.62E-5                   5.870609049400751
1.63E-5                   5.8524036246380335
1.64E-5                   5.834259915512756
1.6499999999999998E-5     5.816288973869289
1.66E-5                   5.798318164619096
1.67E-5                   5.780347483755871
1.68E-5                   5.762376927254829
1.69E-5                   5.7445918996080145
1.7E-5                    5.7268391692340375
1.71E-5                   5.70908656827105
1.7199999999999998E-5     5.691334092877092
1.73E-5                   5.673677430501026
1.74E-5                   5.656141992407153
1.75E-5                   5.63860667224041
1.76E-5                   5.621071466312024
1.77E-5                   5.603543546911172
1.78E-5                   5.586242944425993
1.7899999999999998E-5     5.568942467449625
1.8E-5                    5.551642112435617
1.81E-5                   5.534341875822723
1.82E-5                   5.517155780195759
1.8299999999999998E-5     5.500039725293557
1.84E-5                   5.482923773713179
1.85E-5                   5.465807922053018
1.8599999999999998E-5     5.448748758256612
1.87E-5                   5.4319037935437615
1.88E-5                   5.4150589480907225
1.89E-5                   5.398214218653005
1.8999999999999998E-5     5.3813696019735
1.91E-5                   5.364632279199141
1.92E-5                   5.347922133626216
1.9299999999999998E-5     5.331212079114194
1.94E-5                   5.314502112416249
1.95E-5                   5.29791007452523
1.96E-5                   5.28150438451265
1.9699999999999998E-5     5.265098796524943
1.98E-5                   5.248693307677096
1.99E-5                   5.232287915073578
1.9999999999999998E-5     5.215882615808438
2.01E-5                   5.199477406965373
2.02E-5                   5.183072285617854
2.03E-5                   5.166667248829178
2.0399999999999998E-5     5.150530367391865
2.05E-5                   5.134599151714159
2.06E-5                   5.118668030809358
2.07E-5                   5.102737001955116
2.0799999999999997E-5     5.0868060624196785
2.09E-5                   5.070875209461949
2.1E-5                    5.054944440331575
2.1099999999999998E-5     5.039013752269031
2.12E-5                   5.023083142505701
2.13E-5                   5.007532883338025
2.14E-5                   4.9921132612188925
2.1499999999999997E-5     4.97669372560787
2.16E-5                   4.961274274083228
2.17E-5                   4.945854904215536
2.1799999999999998E-5     4.930435613567723
2.19E-5                   4.915016399695143
2.2E-5                    4.899597260145652
2.21E-5                   4.884178192459656
2.2199999999999998E-5     4.869014454886805
2.23E-5                   4.85387213570816
2.24E-5                   4.838729904658874
2.2499999999999998E-5     4.823587759305883
2.26E-5                   4.808445697208611
2.27E-5                   4.793303715919031
2.28E-5                   4.778161812981728
2.2899999999999998E-5     4.7630199859339735
2.3E-5                    4.7478851063553575
2.31E-5                   4.732811246419781
2.3199999999999998E-5     4.717737439736114
2.33E-5                   4.702663684203811
2.34E-5                   4.687589977716503
2.35E-5                   4.672516318162049
2.3599999999999998E-5     4.65744270342258
2.37E-5                   4.642369131374571
2.38E-5                   4.6272955998888765
2.3899999999999998E-5     4.6127493811839475
2.4E-5                    4.59956047964126
2.41E-5                   4.586371687090497
2.42E-5                   4.573183002142617
2.4299999999999998E-5     4.55999442340474
2.44E-5                   4.546805949480167
2.45E-5                   4.533617578968411
2.4599999999999998E-5     4.520429310465213
2.4699999999999997E-5     4.5072411425625765
2.48E-5                   4.49414652980271
2.49E-5                   4.481162450930215
2.4999999999999998E-5     4.468178397771684
2.51E-5                   4.4551943660378255
2.52E-5                   4.442210351430388
2.53E-5                   4.429226349642283
2.5399999999999997E-5     4.413431056037597
2.55E-5                   4.397168924551875
2.56E-5                   4.380906891060189
2.5699999999999998E-5     4.364932667678208
2.58E-5                   4.349805330102515
2.59E-5                   4.334677957338011
2.6E-5                    4.321328049579062
2.6099999999999997E-5     4.308351147972736
2.62E-5                   4.294107588876272
2.63E-5                   4.279217562703065
2.6399999999999998E-5     4.264977461198827
2.65E-5                   4.251455118526064
2.66E-5                   4.238628000056741
2.67E-5                   4.224287016706506
2.6799999999999998E-5     4.210303716917889
2.69E-5                   4.197319080864699
2.7E-5                    4.183812438418996
2.7099999999999998E-5     4.170382279864909
2.7199999999999997E-5     4.157070608267784
2.73E-5                   4.143667944173735
2.74E-5                   4.130707730388447
2.7499999999999998E-5     4.117413866733294
2.76E-5                   4.104244420637062
2.77E-5                   4.09125206626042
2.7799999999999998E-5     4.078212718357002
2.7899999999999997E-5     4.0652378597271275
2.8E-5                    4.0522584734899105
2.81E-5                   4.03943480334799
2.8199999999999998E-5     4.026575732586723
2.83E-5                   4.013778168002805
2.84E-5                   4.001026638722213
2.8499999999999998E-5     3.988316812273854
2.8599999999999997E-5     3.975640448038185
2.87E-5                   3.9630251033012382
2.88E-5                   3.950446483172415
2.8899999999999998E-5     3.937902682616569
2.9E-5                    3.92540491647801
2.91E-5                   3.912959189933377
2.9199999999999998E-5     3.900534246840262
2.9299999999999997E-5     3.8881649848945705
2.94E-5                   3.875818603854883
2.95E-5                   3.863526247289574
2.9599999999999998E-5     3.851268955492647
2.97E-5                   3.8390364175537424
2.98E-5                   3.826888911249979
2.99E-5                   3.8147535658008462
2.9999999999999997E-5     3.802618256856559
3.01E-5                   3.7905419302819645
3.02E-5                   3.77853681789769
3.0299999999999998E-5     3.766531739750865
3.04E-5                   3.7545305578280717
3.05E-5                   3.7426508659404627
3.06E-5                   3.7307712090959986
3.07E-5                   3.7188915862106025
3.0799999999999996E-5     3.7070909374758925
3.09E-5                   3.695341078927283
3.1E-5                    3.683591252903855
3.11E-5                   3.6718626866259902
3.12E-5                   3.660226760419143
3.13E-5                   3.6485908663134
3.14E-5                   3.636955003293269
3.15E-5                   3.6254202603024077
3.1599999999999996E-5     3.613916722023267
3.17E-5                   3.602413214331702
3.18E-5                   3.590948675283173
3.1899999999999996E-5     3.5795590391569445
3.2E-5                    3.568169432892517
3.21E-5                   3.556779855534684
3.22E-5                   3.5455020961493995
3.23E-5                   3.53423409167572
3.24E-5                   3.5229661154409198
3.25E-5                   3.5117595371447528
3.26E-5                   3.5006149030148954
3.2699999999999995E-5     3.489470297232142
3.28E-5                   3.4783337775380496
3.29E-5                   3.467295798080887
3.2999999999999996E-5     3.4562578449735457
3.31E-5                   3.4452199173541125
3.32E-5                   3.4343023117775116
3.3299999999999996E-5     3.42344853315441
3.34E-5                   3.4125947812475492
3.35E-5                   3.401741055231089
3.36E-5                   3.390887354278052
3.37E-5                   3.3800336775603346
3.38E-5                   3.3691800242487218
3.39E-5                   3.358507814103768
3.4E-5                    3.347878434194959
3.4099999999999995E-5     3.3372490791434917
3.42E-5                   3.3266197481769155
3.43E-5                   3.315990440521756
3.4399999999999996E-5     3.3053611554035305
3.45E-5                   3.2947318920467477
3.46E-5                   3.2843214541051045
3.4699999999999996E-5     3.2739190347924456
3.48E-5                   3.263516639519422
3.49E-5                   3.253114267562216
3.5E-5                    3.2427119181960946
3.51E-5                   3.232309590695422
3.52E-5                   3.2219459612042587
3.53E-5                   3.2118648931252682
3.54E-5                   3.2017838475198612
3.5499999999999996E-5     3.1917028237340994
3.56E-5                   3.1816218211132528
3.57E-5                   3.171540839001812
3.5799999999999996E-5     3.16145987674349
3.59E-5                   3.151378933681233
3.6E-5                    3.141298009157224
3.6099999999999997E-5     3.1312171025128954
3.62E-5                   3.1211362130889273
3.63E-5                   3.111055340225265
3.64E-5                   3.1009744832611186
3.65E-5                   3.0908936415349713
3.6599999999999995E-5     3.080995525793953
3.67E-5                   3.0713379395365608
3.68E-5                   3.061680375201453
3.6899999999999996E-5     3.052022832216431
3.7E-5                    3.042365310008651
3.71E-5                   3.032707808004629
3.7199999999999996E-5     3.0230503256302503
3.73E-5                   3.0133928623107686
3.74E-5                   3.0037354174708186
3.75E-5                   2.9940779905344157
3.76E-5                   2.984420580924964
3.77E-5                   2.9747631880652654
3.78E-5                   2.965105811377519
3.79E-5                   2.9554484502833294
3.7999999999999995E-5     2.946094341197038
3.81E-5                   2.9368451242984457
3.82E-5                   2.927595925409042
3.8299999999999996E-5     2.9183467440259405
3.84E-5                   2.9090975796457443
3.85E-5                   2.899848431764555
3.8599999999999996E-5     2.8905992998779735
3.87E-5                   2.881350183481101
3.88E-5                   2.8721010820685504
3.89E-5                   2.862851995134447
3.9E-5                    2.8536029221724326
3.9099999999999995E-5     2.844353862675673
3.92E-5                   2.83510481613686
3.93E-5                   2.8258760176964692
3.9399999999999995E-5     2.8169994261990485
3.95E-5                   2.8081228511136858
3.96E-5                   2.7992462920021244
3.9699999999999996E-5     2.7903697484257055
3.98E-5                   2.7814932199453573
3.99E-5                   2.7726167061216165
3.9999999999999996E-5     2.7637402065146173
4.01E-5                   2.7548637206841016
4.02E-5                   2.7459872481894227
4.03E-5                   2.7371107885895483
4.04E-5                   2.728234341443058
4.0499999999999995E-5     2.7193579063081597
4.06E-5                   2.710481482742681
4.07E-5                   2.7017546887761648
4.0799999999999996E-5     2.693287481997573
4.09E-5                   2.684820289271561
4.1E-5                    2.676353110208452
4.1099999999999996E-5     2.667885944418236
4.12E-5                   2.659418791510578
4.13E-5                   2.6509516510948163
4.14E-5                   2.6424845227799696
4.15E-5                   2.6340174061747357
4.1599999999999995E-5     2.625550300887499
4.17E-5                   2.6170832065263285
4.18E-5                   2.6086161226989857
4.1899999999999995E-5     2.6001490490129244
4.2E-5                    2.5916819850752932
4.21E-5                   2.583457138765756
4.2199999999999996E-5     2.575347888835112
4.23E-5                   2.567238651638656
4.24E-5                   2.559129426844267
4.2499999999999996E-5     2.551020214119568
4.26E-5                   2.542911013131926
4.27E-5                   2.534801823548459
4.28E-5                   2.5266926450360345
4.29E-5                   2.518583477261272
4.2999999999999995E-5     2.51047431989055
4.31E-5                   2.5023651725899962
4.32E-5                   2.4942560350255074
4.3299999999999995E-5     2.486146906862737
4.34E-5                   2.4780377877671023
4.35E-5                   2.470153499120324
4.3599999999999996E-5     2.4622718907706647
4.37E-5                   2.454390291929898
4.38E-5                   2.4465087022819407
4.3899999999999996E-5     2.4386271215104895
4.4E-5                    2.4307455492990218
4.41E-5                   2.4228639853307987
4.42E-5                   2.414982429288871
4.43E-5                   2.4071008808560705
4.4399999999999995E-5     2.399219339715025
4.45E-5                   2.3913378055481536
4.46E-5                   2.3834562780376674
4.4699999999999996E-5     2.375574756865577
4.48E-5                   2.367818165741903
4.49E-5                   2.360353669354045
4.4999999999999996E-5     2.3528891817263298
4.51E-5                   2.345424702626695
4.52E-5                   2.337960231822933
4.5299999999999997E-5     2.3304957690826904
4.54E-5                   2.3230313141734693
4.5499999999999995E-5     2.3155668668626297
4.56E-5                   2.308102426917389
4.57E-5                   2.3006379941048234
4.5799999999999995E-5     2.2931735681918712
4.59E-5                   2.285709148945333
4.6E-5                    2.2782447361318723
4.6099999999999996E-5     2.271235976863657
4.62E-5                   2.2642366443833857
4.63E-5                   2.25723732005165
4.6399999999999996E-5     2.2502380036142835
4.65E-5                   2.2432386948169762
4.66E-5                   2.236239393405275
4.67E-5                   2.2292400991245866
4.68E-5                   2.222240811720177
4.6899999999999995E-5     2.215241530937177
4.7E-5                    2.2082422565205766
4.71E-5                   2.2012429882152342
4.7199999999999995E-5     2.194208971944148
4.73E-5                   2.1871707522606383
4.74E-5                   2.1801325409698866
4.7499999999999996E-5     2.1730943378552543
4.76E-5                   2.1660561426999734
4.77E-5                   2.159017955287154
4.7799999999999996E-5     2.151979775399779
4.79E-5                   2.1449416028207073
4.8E-5                    2.1379034373326786
4.81E-5                   2.1309264242716863
4.82E-5                   2.1241663059926292
4.8299999999999995E-5     2.1174061924732177
4.84E-5                   2.1106460835339047
4.85E-5                   2.1038859789950655
4.8599999999999995E-5     2.0971258786769877
4.87E-5                   2.0903657823998794
4.88E-5                   2.0836056899838655
4.8899999999999996E-5     2.0769216891058924
4.9E-5                    2.070347622413704
4.91E-5                   2.063773563719474
4.9199999999999997E-5     2.0571995128223177
4.93E-5                   2.0506254695212434
4.9399999999999995E-5     2.044051433615158
4.95E-5                   2.0374780786713202
4.96E-5                   2.030944403118505
4.9699999999999995E-5     2.024410731545578
4.98E-5                   2.0178770637910044
4.99E-5                   2.0113433996931787
4.9999999999999996E-5     2.0048097390904265
5.01E-5                   1.9983834111816858
5.02E-5                   1.9920223345782615
5.0299999999999996E-5     1.9856612640234805
5.04E-5                   1.9793001993462567
5.05E-5                   1.9729391403754295
5.06E-5                   1.96657718202597
5.07E-5                   1.9602150904734983
5.0799999999999995E-5     1.953853003945091
5.09E-5                   1.9474909222802455
5.1E-5                    1.9412308478348546
5.1099999999999995E-5     1.9350421831902227
5.12E-5                   1.92885352215921
5.13E-5                   1.922664864591195
5.1399999999999996E-5     1.9164975263619202
5.15E-5                   1.9103378004976523
5.16E-5                   1.9041780809814668
5.1699999999999996E-5     1.8980183676634932
5.18E-5                   1.891917594167731
5.1899999999999994E-5     1.885824421363922
5.2E-5                    1.8797312507803703
5.21E-5                   1.8736424353553773
5.2199999999999995E-5     1.8676751366726998
5.23E-5                   1.8617078439983967
5.24E-5                   1.8557405571942458
5.2499999999999995E-5     1.8497756995490588
5.26E-5                   1.8438216383717374
5.27E-5                   1.8378675800649005
5.2799999999999996E-5     1.8319135244986229
5.29E-5                   1.8259997663206178
5.3E-5                    1.8201670282528661
5.3099999999999996E-5     1.8143342946245777
5.32E-5                   1.8085015653105292
5.3299999999999995E-5     1.8026918183791338
5.34E-5                   1.7969068739717522
5.35E-5                   1.7911219333124608
5.3599999999999995E-5     1.7853369962780679
5.37E-5                   1.7795962610394154
5.38E-5                   1.7738815161521506
5.3899999999999996E-5     1.768166774423601
5.4E-5                    1.7624520357392286
5.41E-5                   1.7568070119749386
5.4199999999999996E-5     1.7511818240240309
5.43E-5                   1.745556640202963
5.4399999999999994E-5     1.739931460396317
5.4499999999999997E-5     1.7343425339993364
5.46E-5                   1.7287564516146838
5.4699999999999995E-5     1.723170371671432
5.48E-5                   1.717592047522554
5.49E-5                   1.7121078577960471
5.4999999999999995E-5     1.7066236723178925
5.51E-5                   1.7011394909814272
5.52E-5                   1.6956630028159576
5.5299999999999996E-5     1.6902130192271265
5.54E-5                   1.6847630376451228
5.55E-5                   1.6793130579702338
5.5599999999999996E-5     1.673899426848441
5.57E-5                   1.668546720521848
5.5799999999999994E-5     1.6631940184758993
5.59E-5                   1.657841320613888
5.6E-5                    1.6525089696472537
5.6099999999999995E-5     1.6471952142272177
5.62E-5                   1.6418814601963887
5.63E-5                   1.6365677074586238
5.6399999999999995E-5     1.6313105630124456
5.65E-5                   1.626081145932425
5.66E-5                   1.6208517331693737
5.6699999999999996E-5     1.6156223246384513
5.68E-5                   1.6104644827939472
5.69E-5                   1.605322347127383
5.6999999999999996E-5     1.6001802127114195
5.71E-5                   1.5950346194815186
5.7199999999999994E-5     1.589882713329703
5.73E-5                   1.5847308101911388
5.74E-5                   1.5796058880058912
5.7499999999999995E-5     1.5745690516829356
5.76E-5                   1.5695322183808786
5.77E-5                   1.5644887598725263
5.7799999999999995E-5     1.5594364061438815
5.79E-5                   1.5543840534697482
5.8E-5                    1.5493667873061985
5.8099999999999996E-5     1.5443534168769792
5.82E-5                   1.5393883795518222
5.8299999999999994E-5     1.5344522109991416
5.8399999999999997E-5     1.5295010143435657
5.85E-5                   1.5245389088901058
5.8599999999999995E-5     1.5196127302268512
5.87E-5                   1.514718071403299
5.88E-5                   1.5098375987625519
5.8899999999999995E-5     1.5049634810062846
5.9E-5                    1.5001008588677882
5.91E-5                   1.4952405512312232
5.9199999999999996E-5     1.490419542476726
5.93E-5                   1.4856038395338464
5.94E-5                   1.480815067517739
5.9499999999999996E-5     1.476031892589576
5.96E-5                   1.4712604681829329
5.9699999999999994E-5     1.4665071093356492
5.98E-5                   1.4617732811871562
5.99E-5                   1.4570558162308695
5.9999999999999995E-5     1.4523476153913695
6.01E-5                   1.447660496563081
6.02E-5                   1.442978766398128
6.0299999999999995E-5     1.4383249083466447
6.04E-5                   1.4336755566869555
6.05E-5                   1.4290512687044918
6.0599999999999996E-5     1.4244384328135797
6.07E-5                   1.4198564917519543
6.08E-5                   1.4152745526328516
6.0899999999999996E-5     1.4106926153959698
6.1E-5                    1.406144151678151
6.11E-5                   1.4016193007921374
6.12E-5                   1.3970944515519907
6.13E-5                   1.3925696038996762
6.14E-5                   1.388092341769766
6.149999999999999E-5      1.3836202323582212
6.159999999999999E-5      1.3791481247640096
6.17E-5                   1.3746876221262891
6.18E-5                   1.3702686754105993
6.19E-5                   1.3658497302346795
6.2E-5                    1.361430786544446
6.209999999999999E-5      1.357039570404209
6.22E-5                   1.3526725286364014
6.23E-5                   1.348305488569509
6.24E-5                   1.3439384501513978
6.25E-5                   1.3396152280202107
6.26E-5                   1.3352997279525443
6.269999999999999E-5      1.3309842293129561
6.28E-5                   1.3266771983660715
6.29E-5                   1.3224126606541324
6.3E-5                    1.3181481245073312
6.31E-5                   1.3138835898771397
6.319999999999999E-5      1.3096577554495865
6.33E-5                   1.3054734953896465
6.34E-5                   1.3012892367590823
6.35E-5                   1.2971049795120249
6.36E-5                   1.2929207236025941
6.37E-5                   1.288736468984904
6.379999999999999E-5      1.2845522156130578
6.39E-5                   1.2803794687925105
6.4E-5                    1.2762961367709624
6.41E-5                   1.272212806178868
6.42E-5                   1.268129476973631
6.429999999999999E-5      1.2640461491126471
6.44E-5                   1.2599628225533008
6.45E-5                   1.2558794972529732
6.46E-5                   1.2517961731690357
6.47E-5                   1.2477829278798416
6.48E-5                   1.2437935548169827
6.489999999999999E-5      1.2398041830241127
6.5E-5                    1.235814812461506
6.51E-5                   1.2318254430894333
6.52E-5                   1.2278360748681563
6.53E-5                   1.223846707757931
6.539999999999999E-5      1.2198928482199278
6.549999999999999E-5      1.21599745976795
6.56E-5                   1.2121020725336942
6.57E-5                   1.2082066864802057
6.58E-5                   1.2043113015705242
6.59E-5                   1.2004159177676823
6.599999999999999E-5      1.1965205350347075
6.61E-5                   1.1926260427734061
6.62E-5                   1.1888220518365724
6.63E-5                   1.1850180620258388
6.64E-5                   1.181214073306792
6.65E-5                   1.1774100856450138
6.659999999999999E-5      1.173606099006081
6.67E-5                   1.1698021133555643
6.68E-5                   1.1659981286590293
6.69E-5                   1.1622789419995805
6.7E-5                    1.1586071158722178
6.709999999999999E-5      1.1549352907941912
6.72E-5                   1.1512634667345423
6.73E-5                   1.1475916436623101
6.74E-5                   1.1439198215465294
6.75E-5                   1.1402480003562294
6.76E-5                   1.1365761800604346
6.769999999999999E-5      1.1329043606281668
6.78E-5                   1.1292325420284406
6.79E-5                   1.1255607242302685
6.8E-5                    1.1218889072026588
6.81E-5                   1.1182170909146139
6.819999999999999E-5      1.1145452753351335
6.829999999999999E-5      1.1108734604332116
6.84E-5                   1.1073553190940373
6.85E-5                   1.1038532241475545
6.86E-5                   1.1003511302061486
6.87E-5                   1.0968490372430149
6.879999999999999E-5      1.0933469452313478
6.89E-5                   1.0898448541443333
6.9E-5                    1.0863427639551582
6.91E-5                   1.0828406746370027
6.92E-5                   1.079338586163046
6.929999999999999E-5      1.0758364985064617
6.939999999999999E-5      1.0723344116404199
6.95E-5                   1.0688323255380885
6.96E-5                   1.0653302401726314
6.97E-5                   1.0618281555172087
6.98E-5                   1.0583538172974445
6.989999999999999E-5      1.0550156421625214
7.0E-5                    1.0516774678873517
7.01E-5                   1.0483392944486667
7.02E-5                   1.0450011218231938
7.03E-5                   1.0416629499876584
7.04E-5                   1.0383247789187824
7.049999999999999E-5      1.0349866085932853
7.06E-5                   1.0316484389878828
7.07E-5                   1.0283102700792892
7.08E-5                   1.0249721018442148
7.09E-5                   1.0216339342593679
7.099999999999999E-5      1.0182957673014545
7.11E-5                   1.0149576009471766
7.12E-5                   1.011619435173234
7.13E-5                   1.0083467076368464
7.14E-5                   1.005159636624432
7.15E-5                   1.001972566343891
7.159999999999999E-5      0.9987854967750804
7.17E-5                   0.9955984278978531
7.18E-5                   0.9924113596920608
7.19E-5                   0.9892242921375531
7.2E-5                    0.9860372252141767
7.209999999999999E-5      0.9828501589017773
7.219999999999999E-5      0.9796630931801963
7.23E-5                   0.9764760280292747
7.24E-5                   0.9732889634288511
7.25E-5                   0.9701018993587617
7.26E-5                   0.9669148357988401
7.269999999999999E-5      0.963727772728919
7.28E-5                   0.9606478229742027
7.29E-5                   0.9576144574914864
7.3E-5                    0.9545810926575535
7.31E-5                   0.9515477284549269
7.319999999999999E-5      0.9485143648661284
7.329999999999999E-5      0.9454810018736771
7.34E-5                   0.9424476394600912
7.35E-5                   0.9394142776078871
7.36E-5                   0.9363809162995788
7.37E-5                   0.9333475555176787
7.379999999999999E-5      0.9303141952446985
7.39E-5                   0.9272808354631464
7.4E-5                    0.9242474761555305
7.41E-5                   0.9212141173043569
7.42E-5                   0.9181807588921296
7.429999999999999E-5      0.9152771547906354
7.439999999999999E-5      0.9123788550828491
7.45E-5                   0.9094805559137791
7.46E-5                   0.9065822572682456
7.47E-5                   0.9036839591310681
7.48E-5                   0.9007856614870647
7.489999999999999E-5      0.8978873643210517
7.5E-5                    0.8949890676178436
7.51E-5                   0.8920907713622548
7.52E-5                   0.8891924755390973
7.53E-5                   0.8862941801331823
7.54E-5                   0.8833958851293195
7.549999999999999E-5      0.8804975905123177
7.56E-5                   0.8775992962669833
7.57E-5                   0.8747319807443191
7.58E-5                   0.87197164689497
7.59E-5                   0.8692113135331575
7.599999999999999E-5      0.8664509806457686
7.609999999999999E-5      0.8636906482196888
7.62E-5                   0.8609303162418033
7.63E-5                   0.8581699846989956
7.64E-5                   0.8554096535781488
7.65E-5                   0.8526493228661441
7.659999999999999E-5      0.8498889925498624
7.67E-5                   0.847128662616183
7.68E-5                   0.8443683330519838
7.69E-5                   0.8416080038441426
7.7E-5                    0.8388476749795356
7.709999999999999E-5      0.8360873464450386
7.719999999999999E-5      0.8333907971093933
7.73E-5                   0.8307610662508669
7.74E-5                   0.8281313358182109
7.75E-5                   0.8255016058000194
7.76E-5                   0.8228718761848863
7.769999999999999E-5      0.8202421469614043
7.78E-5                   0.8176124181181651
7.79E-5                   0.8149826896437595
7.8E-5                    0.812352961526778
7.81E-5                   0.8097232337558097
7.819999999999999E-5      0.8070935063194432
7.829999999999999E-5      0.8044637792062657
7.84E-5                   0.8018340524048644
7.85E-5                   0.799204325903825
7.86E-5                   0.7965745996917325
7.87E-5                   0.7940261855142436
7.879999999999999E-5      0.7915045611093797
7.89E-5                   0.7889829370322985
7.9E-5                    0.7864613132730578
7.91E-5                   0.7839396898217156
7.92E-5                   0.7814180666683287
7.93E-5                   0.7788964438029529
7.939999999999999E-5      0.7763748212156444
7.95E-5                   0.773853198896457
7.96E-5                   0.7713315768354452
7.97E-5                   0.7688099550226627
7.98E-5                   0.7662883334481619
7.989999999999999E-5      0.763766712101996
7.999999999999999E-5      0.7612450909742152
8.01E-5                   0.7587258439864918
8.02E-5                   0.7563525997156981
8.03E-5                   0.7539793558191012
8.04E-5                   0.7516061122883304
8.049999999999999E-5      0.7492328691150144
8.06E-5                   0.7468596262907807
8.07E-5                   0.7444863838072574
8.08E-5                   0.7421131416560711
8.09E-5                   0.7397398998288485
8.099999999999999E-5      0.7373666583172159
8.109999999999999E-5      0.7349934171127979
8.12E-5                   0.7326201762072195
8.13E-5                   0.7302469355921054
8.14E-5                   0.7278736952590793
8.15E-5                   0.7255004551997645
8.159999999999999E-5      0.7231438017009119
8.17E-5                   0.7208298376392162
8.18E-5                   0.7185158737649974
8.19E-5                   0.7162019100704051
8.2E-5                    0.7138879465475895
8.209999999999999E-5      0.7115739831886997
8.219999999999999E-5      0.7092600199858844
8.23E-5                   0.7069460569312919
8.24E-5                   0.7046320940170704
8.25E-5                   0.7023181312353679
8.26E-5                   0.7000041685783307
8.269999999999999E-5      0.6976902060381066
8.28E-5                   0.6953762436068409
8.29E-5                   0.6930622812766805
8.3E-5                    0.6907483190397702
8.31E-5                   0.6885014989188811
8.319999999999999E-5      0.6863110427763172
8.329999999999999E-5      0.6841205868513519
8.34E-5                   0.6819301311381346
8.35E-5                   0.6797396756308137
8.36E-5                   0.6775492203235377
8.37E-5                   0.6753587652104542
8.379999999999999E-5      0.6731683102857116
8.389999999999999E-5      0.670977855543456
8.4E-5                    0.6687874009778354
8.41E-5                   0.6665969465829958
8.42E-5                   0.6644064923530845
8.43E-5                   0.6622160382822474
8.439999999999999E-5      0.6600663638087008
8.45E-5                   0.658020996318766
8.46E-5                   0.6559756290336257
8.47E-5                   0.6539302619471874
8.48E-5                   0.6518848950533577
8.489999999999999E-5      0.649839528346044
8.499999999999999E-5      0.6477941618191524
8.51E-5                   0.6457487954665891
8.52E-5                   0.6437034292822603
8.53E-5                   0.6416580632600717
8.54E-5                   0.6396126973939287
8.549999999999999E-5      0.6375673316777368
8.56E-5                   0.6355198723354573
8.57E-5                   0.6334720802218652
8.58E-5                   0.6314242883005795
8.59E-5                   0.6293764965663132
8.599999999999999E-5      0.6273287050137796
8.609999999999999E-5      0.6252809136376907
8.62E-5                   0.6232331224327585
8.63E-5                   0.6211853313936959
8.64E-5                   0.6191375405152139
8.65E-5                   0.6171282654456413
8.659999999999999E-5      0.6151629932639462
8.669999999999999E-5      0.613197721200825
8.68E-5                   0.6112324492518255
8.69E-5                   0.6092671774124953
8.7E-5                    0.607301905678381
8.709999999999999E-5      0.6053366340450308
8.719999999999999E-5      0.6033713625079903
8.73E-5                   0.601429067758898
8.74E-5                   0.5995045819877816
8.75E-5                   0.5975800964060469
8.76E-5                   0.59565561100877
8.769999999999999E-5      0.5937311257910276
8.779999999999999E-5      0.591806640747895
8.79E-5                   0.5898821558744484
8.8E-5                    0.5879751074707994
8.81E-5                   0.586077567225633
8.82E-5                   0.584180027080495
8.829999999999999E-5      0.5822824870315052
8.84E-5                   0.5803849470747833
8.85E-5                   0.5784874072064488
8.86E-5                   0.5766153740850694
8.87E-5                   0.5747782031658544
8.879999999999999E-5      0.5729410323892593
8.889999999999999E-5      0.5711038617512068
8.9E-5                    0.56926669124762
8.91E-5                   0.5674295208744221
8.92E-5                   0.5656028542836332
8.93E-5                   0.5637784877667016
8.939999999999999E-5      0.5619541213668144
8.95E-5                   0.560129755080227
8.96E-5                   0.5583053889031953
8.97E-5                   0.5564909366286841
8.98E-5                   0.5547120011052555
8.989999999999999E-5      0.5529330656795974
8.999999999999999E-5      0.5511541303482272
9.01E-5                   0.5493751951076632
9.02E-5                   0.547596259954423
9.03E-5                   0.545832667172823
9.04E-5                   0.5440786356408805
9.049999999999999E-5      0.5423246042368929
9.059999999999999E-5      0.540570572957449
9.07E-5                   0.5388165417991391
9.08E-5                   0.537062982594802
9.09E-5                   0.5353428381490863
9.099999999999999E-5      0.5336226937789076
9.109999999999999E-5      0.5319025494811297
9.12E-5                   0.530182405252618
9.13E-5                   0.5284622610902363
9.14E-5                   0.5267551634664001
9.15E-5                   0.5250667028678435
9.159999999999999E-5      0.5233782423888272
9.169999999999999E-5      0.5216897820263184
9.18E-5                   0.5200013217772843
9.19E-5                   0.518312861638692
9.2E-5                    0.5166464986895355
9.21E-5                   0.5149853315877926
9.219999999999999E-5      0.5133241645542223
9.23E-5                   0.511662997585994
9.24E-5                   0.5100018306802785
9.25E-5                   0.5083476821171913
9.26E-5                   0.5067203414689888
9.269999999999999E-5      0.5050930009209195
9.279999999999999E-5      0.5034656604702681
9.29E-5                   0.5018383201143203
9.3E-5                    0.5002109798503612
9.31E-5                   0.4985988074121605
9.32E-5                   0.4969965241362399
9.329999999999999E-5      0.4953942409321292
9.34E-5                   0.49379195779728857
9.35E-5                   0.49218967472917907
9.36E-5                   0.49058749444763666
9.37E-5                   0.4890174532498349
9.379999999999999E-5      0.4874474121318191
9.389999999999999E-5      0.48587737109115553
9.4E-5                    0.48430733012541166
9.41E-5                   0.48273728923215425
9.42E-5                   0.481177551159849
9.43E-5                   0.47963320059568565
9.439999999999999E-5      0.4780888501056145
9.449999999999999E-5      0.4765444996873515
9.46E-5                   0.47500014933861345
9.47E-5                   0.4734557990571165
9.48E-5                   0.4719346453534413
9.489999999999999E-5      0.4704193311010863
9.499999999999999E-5      0.46890401691168276
9.51E-5                   0.4673887027830564
9.52E-5                   0.46587338871303313
9.53E-5                   0.4643659927488659
9.54E-5                   0.4628909244066275
9.549999999999999E-5      0.46141585613383546
9.559999999999999E-5      0.45994078792848875
9.57E-5                   0.45846571978858713
9.58E-5                   0.4569906517121296
9.59E-5                   0.4555155836971158
9.6E-5                    0.4540405157415448
9.609999999999999E-5      0.452565447843416
9.62E-5                   0.45109038000072826
9.63E-5                   0.4496153122114809
9.64E-5                   0.4481402444736728
9.65E-5                   0.44671725877144164
9.659999999999999E-5      0.44529466944741347
9.669999999999999E-5      0.4438720801833975
9.68E-5                   0.442449490977601
9.69E-5                   0.4410269018282312
9.7E-5                    0.439604312733495
9.71E-5                   0.43818172369159963
9.719999999999999E-5      0.43675913470075234
9.73E-5                   0.43533654575915953
9.74E-5                   0.43391395686502854
9.75E-5                   0.43249136801656607
9.76E-5                   0.43110883424292834
9.769999999999999E-5      0.4297370668984049
9.779999999999999E-5      0.42836529961048736
9.79E-5                   0.4269935323775646
9.8E-5                    0.4256217651980252
9.81E-5                   0.42424999807025776
9.82E-5                   0.42287823099265065
9.829999999999999E-5      0.4215064639635928
9.839999999999999E-5      0.4201346969814721
9.85E-5                   0.41876293004467724
9.86E-5                   0.4173911631515967
9.87E-5                   0.4160476338642888
9.879999999999999E-5      0.4147242308483761
9.889999999999999E-5      0.4134008278814148
9.9E-5                    0.41207742496196303
9.91E-5                   0.41075402208857914
9.92E-5                   0.4094306192598213
9.93E-5                   0.40810721647424775
9.939999999999999E-5      0.4067838137304166
9.949999999999999E-5      0.4054604110268858
9.96E-5                   0.40413700836221345
9.97E-5                   0.4028136057349577
9.98E-5                   0.4015082556533161
9.989999999999999E-5      0.4002324144824911
9.999999999999999E-5      0.39895657335693036
1.001E-4                  0.3976807322753372
1.002E-4                  0.39640489123641437
1.003E-4                  0.39512905023886513
1.004E-4                  0.3938532092813923
1.0049999999999999E-4     0.39257736836269896
1.0059999999999999E-4     0.3913015274814878
1.007E-4                  0.39002568663646175
1.008E-4                  0.38874984582632366
1.009E-4                  0.38748565957661396
1.01E-4                   0.3862763146139588
1.0109999999999999E-4     0.3850669696911562
1.012E-4                  0.38385762480710467
1.013E-4                  0.38264827996070283
1.014E-4                  0.3814389351508491
1.015E-4                  0.3802295903764422
1.0159999999999999E-4     0.3790202456363806
1.0169999999999999E-4     0.3778109009295626
1.018E-4                  0.37660155625488667
1.019E-4                  0.37539221161125136
1.02E-4                   0.374182866997555
1.021E-4                  0.3729735224126962
1.0219999999999999E-4     0.37176417785557336
1.0229999999999999E-4     0.37055483332508454
1.024E-4                  0.36934548882012824
1.025E-4                  0.3681361443396029
1.026E-4                  0.3669267998824068
1.0269999999999999E-4     0.3657174554474384
1.0279999999999999E-4     0.3645081110335957
1.029E-4                  0.36329876663977706
1.03E-4                   0.3620894222648809
1.031E-4                  0.36088007790780524
1.032E-4                  0.3597355907303976
1.0329999999999999E-4     0.3586108416127752
1.0339999999999999E-4     0.35748609253454194
1.035E-4                  0.3563613434948113
1.036E-4                  0.3552365944926959
1.037E-4                  0.35411184552730934
1.0379999999999999E-4     0.3529870965977648
1.0389999999999999E-4     0.3518623477031748
1.04E-4                   0.35073759884265265
1.041E-4                  0.3496128500153115
1.042E-4                  0.3484881012202644
1.043E-4                  0.3473633524566242
1.0439999999999999E-4     0.3462386037235041
1.0449999999999999E-4     0.3451138550200169
1.046E-4                  0.3439891063452758
1.047E-4                  0.3428643576983936
1.048E-4                  0.34173960907848333
1.049E-4                  0.34061486048465783
1.0499999999999999E-4     0.33949011191603046
1.051E-4                  0.3383653633717136
1.052E-4                  0.33724061485082035
1.053E-4                  0.3361158663524637
1.054E-4                  0.3350193048232816
1.0549999999999999E-4     0.33397327187621545
1.0559999999999999E-4     0.3329272389576845
1.057E-4                  0.3318812060669754
1.058E-4                  0.3308351732033748
1.059E-4                  0.3297891403661693
1.06E-4                   0.3287431075546454
1.0609999999999999E-4     0.3276970747680899
1.0619999999999999E-4     0.3266510420057889
1.063E-4                  0.32560500926702934
1.064E-4                  0.3245589765510974
1.065E-4                  0.3235129438572799
1.0659999999999999E-4     0.32246691118486354
1.0669999999999999E-4     0.32142087853313417
1.068E-4                  0.32037484590137877
1.069E-4                  0.31932881328888374
1.07E-4                   0.3182827806949355
1.071E-4                  0.3172367481188206
1.0719999999999999E-4     0.3161907155598256
1.0729999999999999E-4     0.31514468301723664
1.074E-4                  0.3140986504903404
1.075E-4                  0.3130526179784234
1.076E-4                  0.31200658548077187
1.0769999999999999E-4     0.3110295480883009
1.0779999999999999E-4     0.31005618059532297
1.079E-4                  0.30908281312599933
1.08E-4                   0.3081094456797561
1.081E-4                  0.3071360782560192
1.082E-4                  0.30616271085421454
1.0829999999999999E-4     0.3051893434737683
1.0839999999999999E-4     0.30421597611410606
1.085E-4                  0.303242608774654
1.086E-4                  0.30226924145483813
1.087E-4                  0.3012958741540842
1.0879999999999999E-4     0.30032250687181833
1.0889999999999999E-4     0.29934913960746623
1.0899999999999999E-4     0.29837577236045415
1.091E-4                  0.29740240513020755
1.092E-4                  0.29642903791615277
1.093E-4                  0.29545567071771534
1.0939999999999999E-4     0.29448230353432175
1.0949999999999999E-4     0.29350893636539716
1.096E-4                  0.2925355692103678
1.097E-4                  0.2915622020686596
1.098E-4                  0.2905888349396984
1.099E-4                  0.2896526922237963
1.0999999999999999E-4     0.28874814379724173
1.1009999999999999E-4     0.2878435953896132
1.102E-4                  0.2869390470004487
1.103E-4                  0.28603449862928665
1.104E-4                  0.28512995027566507
1.1049999999999999E-4     0.28422540193912216
1.1059999999999999E-4     0.2833208536191958
1.107E-4                  0.28241630531542417
1.108E-4                  0.2815117570273456
1.109E-4                  0.28060720875449785
1.11E-4                   0.2797026604964191
1.1109999999999999E-4     0.2787981122526478
1.1119999999999999E-4     0.27789356402272164
1.113E-4                  0.27698901580617874
1.114E-4                  0.27608446760255706
1.115E-4                  0.275179919411395
1.1159999999999999E-4     0.27427537123223056
1.1169999999999999E-4     0.2733708230646016
1.118E-4                  0.2724662749080463
1.119E-4                  0.2715617267621027
1.12E-4                   0.27065717862630884
1.121E-4                  0.269760872388228
1.1219999999999999E-4     0.2689186141158402
1.1229999999999999E-4     0.26807635585890627
1.124E-4                  0.2672340976170542
1.125E-4                  0.266391839389912
1.126E-4                  0.265549581177108
1.1269999999999999E-4     0.26470732297827004
1.1279999999999999E-4     0.2638650647930261
1.1289999999999999E-4     0.26302280662100425
1.13E-4                   0.26218054846183264
1.131E-4                  0.2613382903151392
1.132E-4                  0.26049603218055206
1.1329999999999999E-4     0.2596537740576993
1.1339999999999999E-4     0.25881151594620866
1.135E-4                  0.25796925784570834
1.136E-4                  0.25712699975582637
1.137E-4                  0.2562847416761907
1.138E-4                  0.25544248360642946
1.1389999999999999E-4     0.25460022554617057
1.1399999999999999E-4     0.25375796749504204
1.141E-4                  0.25291570945267183
1.142E-4                  0.25207345141868803
1.143E-4                  0.2512311933927187
1.1439999999999999E-4     0.25043208249322535
1.1449999999999999E-4     0.24964944262290936
1.146E-4                  0.2488668027644451
1.147E-4                  0.24808416291753382
1.148E-4                  0.24730152308187686
1.149E-4                  0.24651888325717528
1.1499999999999999E-4     0.24573624344313058
1.1509999999999999E-4     0.24495360363944368
1.152E-4                  0.2441709638458159
1.153E-4                  0.24338832406194857
1.154E-4                  0.24260568428754267
1.1549999999999999E-4     0.24182304452229975
1.1559999999999999E-4     0.24104040476592084
1.157E-4                  0.24025776501810703
1.158E-4                  0.23947512527855971
1.159E-4                  0.23869248554698008
1.16E-4                   0.23790984582306926
1.1609999999999999E-4     0.2371272061065286
1.1619999999999999E-4     0.2363445663970591
1.163E-4                  0.23556192669436213
1.164E-4                  0.23477928699813877
1.165E-4                  0.23399664730809028
1.1659999999999999E-4     0.2332311566988446
1.1669999999999999E-4     0.2325029353293123
1.1679999999999999E-4     0.23177471397016985
1.169E-4                  0.2310464926211763
1.17E-4                   0.23031827128209068
1.171E-4                  0.22959004995267177
1.1719999999999999E-4     0.2288618286326788
1.1729999999999999E-4     0.22813360732187052
1.174E-4                  0.22740538602000587
1.175E-4                  0.22667716472684402
1.176E-4                  0.2259489434421438
1.177E-4                  0.2252207221656642
1.1779999999999999E-4     0.2244925008971643
1.1789999999999999E-4     0.22376427963640283
1.18E-4                   0.2230360583831388
1.181E-4                  0.22230783713713134
1.182E-4                  0.2215796158981393
1.1829999999999999E-4     0.2208513946659217
1.1839999999999999E-4     0.22012317344023732
1.185E-4                  0.2193949522208453
1.186E-4                  0.21866673100750447
1.187E-4                  0.2179385097999738
1.188E-4                  0.2172102885980123
1.1889999999999999E-4     0.21652760723727732
1.1899999999999999E-4     0.21584962061007
1.191E-4                  0.21517163398971753
1.192E-4                  0.21449364737602658
1.193E-4                  0.21381566076880346
1.1939999999999999E-4     0.21313767416785467
1.1949999999999999E-4     0.21245968757298647
1.196E-4                  0.2117817009840054
1.197E-4                  0.21110371440071793
1.198E-4                  0.21042572782293045
1.199E-4                  0.20974774125044945
1.1999999999999999E-4     0.2090697546830814
1.2009999999999999E-4     0.2083917681206326
1.202E-4                  0.20771378156290948
1.203E-4                  0.2070357950097186
1.204E-4                  0.20635780846086624
1.2049999999999999E-4     0.205679821916159
1.2059999999999999E-4     0.20500183537540315
1.2069999999999999E-4     0.20432384883840518
1.208E-4                  0.20364586230497153
1.209E-4                  0.2029678757749086
1.21E-4                   0.2022898892480228
1.2109999999999999E-4     0.20163650686452733
1.2119999999999999E-4     0.20100793086672405
1.213E-4                  0.20037935487650466
1.214E-4                  0.19975077889371354
1.215E-4                  0.19912220291819513
1.216E-4                  0.19849362694979392
1.2169999999999999E-4     0.19786505098835444
1.2179999999999999E-4     0.19723647503372105
1.219E-4                  0.19660789908573822
1.22E-4                   0.1959793231442504
1.2209999999999999E-4     0.1953507472091021
1.222E-4                  0.1947221712801377
1.223E-4                  0.19409359535720175
1.224E-4                  0.1934650194401385
1.225E-4                  0.19283644352879262
1.226E-4                  0.19220786762300848
1.227E-4                  0.19157929172263052
1.228E-4                  0.19095071582750314
1.229E-4                  0.19032213993747088
1.2299999999999998E-4     0.18969356405237833
1.2309999999999998E-4     0.18906498817206957
1.2319999999999999E-4     0.18843641229638927
1.233E-4                  0.18781141758090183
1.234E-4                  0.1872229159359192
1.235E-4                  0.1866344142943251
1.236E-4                  0.18604591265599296
1.237E-4                  0.18545741102079658
1.238E-4                  0.18486890938860934
1.239E-4                  0.18428040775930507
1.24E-4                   0.18369190613275727
1.241E-4                  0.1831034045088395
1.2419999999999998E-4     0.18251490288742556
1.2429999999999999E-4     0.18192640126838877
1.244E-4                  0.18133789965160288
1.245E-4                  0.18074939803694143
1.246E-4                  0.18016089642427813
1.247E-4                  0.1795723948134865
1.248E-4                  0.17898389320444016
1.249E-4                  0.1783953915970128
1.25E-4                   0.1778068899910779
1.251E-4                  0.1772183883865091
1.252E-4                  0.17662988678317998
1.2529999999999998E-4     0.17604138518096435
1.2539999999999999E-4     0.17545288357973543
1.255E-4                  0.17486438197936707
1.256E-4                  0.17430776414297317
1.257E-4                  0.17376609721870184
1.258E-4                  0.17322443030033696
1.259E-4                  0.17268276338777935
1.26E-4                   0.17214109648093
1.261E-4                  0.17159942957968982
1.262E-4                  0.17105776268395967
1.263E-4                  0.1705160957936404
1.2639999999999998E-4     0.16997442890863307
1.2649999999999998E-4     0.1694327620288384
1.266E-4                  0.16889109515415732
1.267E-4                  0.16834942828449082
1.268E-4                  0.16780776141973977
1.269E-4                  0.16726609455980496
1.27E-4                   0.16672442770458748
1.271E-4                  0.1661827608539881
1.272E-4                  0.16564109400790775
1.273E-4                  0.16509942716624737
1.274E-4                  0.16455776032890782
1.2749999999999998E-4     0.16401609349579013
1.2759999999999998E-4     0.16347442666679493
1.277E-4                  0.16293275984182326
1.278E-4                  0.16239953838174592
1.279E-4                  0.1618888998936452
1.28E-4                   0.16137826140702352
1.281E-4                  0.16086762292179704
1.282E-4                  0.16035698443788174
1.283E-4                  0.15984634595519373
1.284E-4                  0.15933570747364906
1.285E-4                  0.15882506899316376
1.2859999999999998E-4     0.15831443051365407
1.2869999999999998E-4     0.1578037920350357
1.288E-4                  0.1572931535572249
1.289E-4                  0.15678251508013774
1.29E-4                   0.1562718766036902
1.291E-4                  0.15576123812779843
1.292E-4                  0.15525059965237842
1.293E-4                  0.15473996117734623
1.294E-4                  0.15422932270261797
1.295E-4                  0.1537186842281096
1.296E-4                  0.15320804575373728
1.2969999999999998E-4     0.1526974072794171
1.2979999999999998E-4     0.152186768805065
1.2989999999999999E-4     0.15167613033059693
1.3E-4                    0.1511654918559292
1.301E-4                  0.15069056318788857
1.302E-4                  0.15022127504513358
1.303E-4                  0.1497519869057603
1.304E-4                  0.14928269876970665
1.305E-4                  0.14881341063691056
1.306E-4                  0.1483441225073102
1.307E-4                  0.14787483438084337
1.3079999999999998E-4     0.1474055462574482
1.3089999999999998E-4     0.14693625813706257
1.3099999999999999E-4     0.14646697001962453
1.311E-4                  0.14599768190507192
1.312E-4                  0.14552839379334293
1.313E-4                  0.1450591056843754
1.314E-4                  0.14458981757810746
1.315E-4                  0.14412052947447695
1.316E-4                  0.14365124137342195
1.317E-4                  0.14318195327488042
1.318E-4                  0.1427126651787904
1.3189999999999998E-4     0.14224337708508983
1.3199999999999998E-4     0.14177408899371668
1.3209999999999999E-4     0.14130480090460887
1.322E-4                  0.14083551281770448
1.323E-4                  0.14038114101191002
1.324E-4                  0.1399446358574282
1.325E-4                  0.1395081307061733
1.326E-4                  0.13907162555808925
1.327E-4                  0.13863512041311984
1.328E-4                  0.13819861527120897
1.329E-4                  0.1377621101323005
1.33E-4                   0.1373256049963383
1.3309999999999998E-4     0.13688909986326642
1.3319999999999999E-4     0.1364525947330285
1.333E-4                  0.13601608960556844
1.334E-4                  0.13557958448083016
1.335E-4                  0.13514307935875758
1.336E-4                  0.13470657423929452
1.337E-4                  0.13427006912238487
1.338E-4                  0.13383356400797253
1.339E-4                  0.1333970588960013
1.34E-4                   0.13296055378641514
1.341E-4                  0.13252404867915782
1.3419999999999998E-4     0.13208754357417346
1.3429999999999998E-4     0.13165103847140558
1.344E-4                  0.13121453337079825
1.345E-4                  0.13077885267750075
1.346E-4                  0.13036011071153394
1.347E-4                  0.12994136874279777
1.348E-4                  0.12952262677125226
1.349E-4                  0.12910388479685775
1.35E-4                   0.12868514281957438
1.351E-4                  0.1282664008393624
1.352E-4                  0.12784765885618193
1.3529999999999998E-4     0.12742891686999336
1.3539999999999998E-4     0.12701017488075667
1.355E-4                  0.12659143288843205
1.356E-4                  0.12617269089297983
1.357E-4                  0.12575394889436023
1.358E-4                  0.12533520689253333
1.359E-4                  0.12491646488745939
1.36E-4                   0.1244977228790986
1.361E-4                  0.12407898086741123
1.362E-4                  0.12366023885235737
1.363E-4                  0.1232414968338973
1.3639999999999998E-4     0.12282275481199133
1.3649999999999998E-4     0.12240401278659938
1.3659999999999999E-4     0.12198527075768179
1.367E-4                  0.12156652872519877
1.368E-4                  0.12118850432719937
1.369E-4                  0.12083360099774254
1.37E-4                   0.12047869767867798
1.371E-4                  0.12012379436997143
1.372E-4                  0.11976889107158871
1.373E-4                  0.11941398778349546
1.374E-4                  0.1190590845056576
1.3749999999999998E-4     0.11870418123804095
1.3759999999999998E-4     0.11834927798061105
1.3769999999999999E-4     0.11799437473333382
1.378E-4                  0.11763947149617501
1.379E-4                  0.11728456826910037
1.38E-4                   0.1169296650520757
1.381E-4                  0.11657476184506681
1.382E-4                  0.11621985864803941
1.383E-4                  0.11586495546095926
1.384E-4                  0.1155100522837922
1.385E-4                  0.11515514911650396
1.3859999999999998E-4     0.1148002459590604
1.3869999999999998E-4     0.11444534281142714
1.3879999999999999E-4     0.11409043967356997
1.389E-4                  0.11373553654545475
1.39E-4                   0.11337631059577409
1.391E-4                  0.11300254943129152
1.392E-4                  0.11262878824301578
1.393E-4                  0.11225502703090796
1.394E-4                  0.11188126579492931
1.395E-4                  0.11150750453504085
1.396E-4                  0.11113374325120375
1.3969999999999998E-4     0.11075998194337927
1.3979999999999998E-4     0.11038622061152832
1.3989999999999999E-4     0.11001245925561215
1.4E-4                    0.10963869787559191
1.401E-4                  0.10926493647142874
1.402E-4                  0.10889117504308377
1.403E-4                  0.10850948137802054
1.404E-4                  0.10812078596877386
1.405E-4                  0.1077320905888569
1.406E-4                  0.10734339523825322
1.407E-4                  0.10695469991694637
1.408E-4                  0.10656600462491991
1.4089999999999998E-4     0.10617730936215748
1.4099999999999998E-4     0.10580692930373561
1.411E-4                  0.10547777566933877
1.412E-4                  0.10514862199744877
1.413E-4                  0.10481946828804323
1.414E-4                  0.10449031454109971
1.415E-4                  0.10415470537752182
1.416E-4                  0.10381860977579258
1.417E-4                  0.10348234119071457
1.418E-4                  0.10313859517813485
1.419E-4                  0.10279484916692122
1.4199999999999998E-4     0.10245975505467331
1.4209999999999998E-4     0.10213536262586029
1.422E-4                  0.10180882631978454
1.423E-4                  0.10147724647080045
1.424E-4                  0.1011458345300978
1.425E-4                  0.10081466657654267
1.426E-4                  0.100491623773793
1.427E-4                  0.10017194295722295
1.428E-4                  0.09984610835538918
1.429E-4                  0.09952106638366649
1.43E-4                   0.09919785307452762
1.4309999999999998E-4     0.09887835307518282
1.4319999999999998E-4     0.09856132190962433
1.433E-4                  0.0982423824620165
1.434E-4                  0.09792375209855782
1.435E-4                  0.09760725278852483
1.436E-4                  0.09729218589556773
1.437E-4                  0.0969785772465672
1.438E-4                  0.09666567182448925
1.439E-4                  0.09635308019872009
1.44E-4                   0.0960417813915693
1.441E-4                  0.0957315078516585
1.4419999999999998E-4     0.09542283511932098
1.4429999999999998E-4     0.09511559283102596
1.4439999999999999E-4     0.09480899711435654
1.445E-4                  0.09450240140335488
1.446E-4                  0.09419677436195845
1.447E-4                  0.09389357403065103
1.448E-4                  0.09359037369699531
1.449E-4                  0.09328717336097389
1.45E-4                   0.09298709462360152
1.451E-4                  0.09268743402240344
1.452E-4                  0.09238777342279658
1.4529999999999998E-4     0.0920895433043262
1.4539999999999998E-4     0.09179287247353125
1.4549999999999999E-4     0.09149620164343276
1.456E-4                  0.09119979483383579
1.457E-4                  0.09090664223756705
1.458E-4                  0.09061348964073243
1.459E-4                  0.09032033704331623
1.46E-4                   0.09003030077985777
1.461E-4                  0.08974178815427591
1.462E-4                  0.08945327552984927
1.463E-4                  0.08916476290656286
1.4639999999999998E-4     0.0888762502844018
1.4649999999999998E-4     0.08858773766335093
1.4659999999999999E-4     0.08829922504339545
1.467E-4                  0.08801618718207478
1.468E-4                  0.0877340052465511
1.469E-4                  0.08745182331080763
1.47E-4                   0.08716964137483033
1.471E-4                  0.08688745943860525
1.472E-4                  0.08660527750211841
1.473E-4                  0.08632345143996184
1.474E-4                  0.08604740881614917
1.4749999999999998E-4     0.08577136619336292
1.4759999999999998E-4     0.0854953235715899
1.4769999999999999E-4     0.08521928095081698
1.478E-4                  0.08494323833103107
1.479E-4                  0.08466719571221909
1.48E-4                   0.08439265432200971
1.481E-4                  0.0841225894565653
1.482E-4                  0.08385252459100508
1.483E-4                  0.08358245972531682
1.484E-4                  0.08331239485948823
1.485E-4                  0.08304232999350707
1.4859999999999998E-4     0.0827722651273611
1.4869999999999998E-4     0.08250483250099416
1.4879999999999998E-4     0.08224069203250205
1.489E-4                  0.08197655156480603
1.49E-4                   0.08171241109789472
1.491E-4                  0.08144827063175653
1.492E-4                  0.08118413016638001
1.493E-4                  0.08091998970175365
1.494E-4                  0.08065948028775109
1.495E-4                  0.08040103581731942
1.496E-4                  0.08014259134688556
1.497E-4                  0.07988414687643884
1.4979999999999998E-4     0.07962570240596856
1.4989999999999998E-4     0.0793672579354638
1.5E-4                    0.07910881346491394
