% Model:              20230225_JW_4_10.mph
% Version:            COMSOL 5.6.0.401
% Date:               Feb 25 2023, 20:26
% Dimension:          1
% Nodes:              1501
% Expressions:        1
% Description:        点图
% X                       Height
0                         5.272431284838295
1.0E-7                    5.271050476844091
2.0E-7                    5.268791827649702
3.0E-7                    5.281954992161094
4.0E-7                    5.3262485900078
5.0E-7                    5.3708161497279985
6.0E-7                    5.398538517276164
7.0E-7                    5.424744903733892
8.0E-7                    5.436869550963909
9.0E-7                    5.457048561367408
1.0E-6                    5.46600007340056
1.1E-6                    5.474781812003124
1.2E-6                    5.477406635252444
1.2999999999999998E-6     5.4791164634340745
1.4E-6                    5.477013326238062
1.5E-6                    5.473514369988992
1.6E-6                    5.466273671375266
1.6999999999999998E-6     5.458051050914473
1.8E-6                    5.447836519325351
1.9E-6                    5.436047054749854
2.0E-6                    5.422787716158308
2.1E-6                    5.408385511526946
2.2E-6                    5.392899330150976
2.3E-6                    5.376433754267983
2.4E-6                    5.359116891206264
2.4999999999999998E-6     5.340871332374893
2.5999999999999997E-6     5.322268567946192
2.7E-6                    5.3028769040231625
2.8E-6                    5.283164592438903
2.8999999999999998E-6     5.262942464130665
3.0E-6                    5.242368272542762
3.1E-6                    5.2215830414413915
3.2E-6                    5.200322526872603
3.2999999999999997E-6     5.178930244595831
3.3999999999999996E-6     5.157427951324839
3.5E-6                    5.135640705327048
3.6E-6                    5.113783198309255
3.6999999999999997E-6     5.09182807328838
3.8E-6                    5.069735240339083
3.9E-6                    5.047606028778921
4.0E-6                    5.025477284150931
4.1E-6                    5.0033457187105155
4.2E-6                    4.981212571016732
4.2999999999999995E-6     4.959079864248544
4.4E-6                    4.936977962967728
4.5E-6                    4.914913713738944
4.6E-6                    4.8928498833948115
4.7E-6                    4.870801304664201
4.8E-6                    4.8487914388048265
4.9E-6                    4.826781958587499
4.9999999999999996E-6     4.804798236807802
5.0999999999999995E-6     4.783022640216875
5.199999999999999E-6      4.761247424149086
5.3E-6                    4.739472595028122
5.4E-6                    4.717960981457908
5.5E-6                    4.696466886712306
5.6E-6                    4.674973134382904
5.7E-6                    4.653479730547197
5.7999999999999995E-6     4.631986681325548
5.899999999999999E-6      4.610493992880555
6.0E-6                    4.589349090245119
6.1E-6                    4.568437775727404
6.2E-6                    4.547526773482135
6.3E-6                    4.526616089039476
6.4E-6                    4.505705727966458
6.5E-6                    4.484795695866429
6.5999999999999995E-6     4.464032168075284
6.699999999999999E-6      4.44368944794278
6.799999999999999E-6      4.42334699352872
6.9E-6                    4.403004809746264
7.0E-6                    4.382662901539781
7.1E-6                    4.3623212738844135
7.2E-6                    4.341979931785629
7.2999999999999996E-6     4.322000973805796
7.3999999999999995E-6     4.302054802488319
7.499999999999999E-6      4.2821088989126
7.6E-6                    4.262163267791886
7.699999999999999E-6      4.242217913866476
7.8E-6                    4.222272841903324
7.899999999999999E-6      4.202603318264359
8.0E-6                    4.183135634843617
8.1E-6                    4.163668178995216
8.2E-6                    4.1442009549756875
8.3E-6                    4.124733967064635
8.4E-6                    4.105267219564405
8.5E-6                    4.086530328242556
8.599999999999999E-6      4.067901787666139
8.7E-6                    4.04927345825885
8.8E-6                    4.030645343718882
8.9E-6                    4.01201744776312
9.0E-6                    3.9936128764466914
9.1E-6                    3.975288862043396
9.2E-6                    3.9569650632337696
9.299999999999999E-6      3.938641483691109
9.4E-6                    3.9203145068953513
9.499999999999999E-6      3.9019593444681737
9.6E-6                    3.8836043629317327
9.7E-6                    3.865249565744399
9.8E-6                    3.8468949563805612
9.9E-6                    3.8288776494726213
9.999999999999999E-6      3.811209993883839
1.01E-5                   3.793542512901008
1.0199999999999999E-5     3.7758752096286496
1.03E-5                   3.7582080871847023
1.0399999999999999E-5     3.7407768392234715
1.05E-5                   3.7233813280764223
1.06E-5                   3.7059859882548793
1.07E-5                   3.6885908227993496
1.08E-5                   3.671253355962578
1.0899999999999999E-5     3.654091628688637
1.1E-5                    3.6369300488137575
1.1099999999999999E-5     3.6197686191140837
1.12E-5                   3.6026073423766443
1.13E-5                   3.585754547811117
1.14E-5                   3.569087173537777
1.15E-5                   3.5524199441555573
1.1599999999999999E-5     3.535752862258456
1.17E-5                   3.519086690457699
1.1799999999999999E-5     3.5027203207250968
1.19E-5                   3.4863540858353783
1.2E-5                    3.469987988240162
1.21E-5                   3.45362203039971
1.22E-5                   3.4373522855858183
1.2299999999999999E-5     3.421239140910956
1.24E-5                   3.405126118398526
1.2499999999999999E-5     3.3890132203280814
1.26E-5                   3.372900448987365
1.2699999999999999E-5     3.357130393900843
1.28E-5                   3.3414696547852247
1.29E-5                   3.3258090336883903
1.3E-5                    3.3101485327433413
1.31E-5                   3.2944616971753438
1.3199999999999999E-5     3.278607166352085
1.33E-5                   3.262752767632913
1.3399999999999999E-5     3.2468985032667286
1.35E-5                   3.2310443755101006
1.3599999999999999E-5     3.215399013052122
1.37E-5                   3.1997587841617645
1.38E-5                   3.1841186197378577
1.3899999999999999E-5     3.1693978837587315
1.4E-5                    3.15631458044829
1.4099999999999999E-5     3.1432313717022295
1.42E-5                   3.129603732154522
1.4299999999999999E-5     3.1147631515212066
1.44E-5                   3.0999227464022243
1.45E-5                   3.084628906728251
1.4599999999999999E-5     3.0691104959911706
1.47E-5                   3.054274945160886
1.4799999999999999E-5     3.0410216855635444
1.49E-5                   3.027522254974265
1.4999999999999999E-5     3.012827605125966
1.51E-5                   2.998312760769191
1.52E-5                   2.9843277778948623
1.53E-5                   2.970395046004465
1.5399999999999998E-5     2.9565091900225005
1.55E-5                   2.942359006567271
1.56E-5                   2.9282199535782256
1.57E-5                   2.9150122768465203
1.5799999999999998E-5     2.901472866546136
1.59E-5                   2.887317558167442
1.6E-5                    2.873635611262009
1.61E-5                   2.8602385465461295
1.62E-5                   2.846886112753452
1.63E-5                   2.833486330295118
1.64E-5                   2.8198352902334576
1.6499999999999998E-5     2.8064951209082354
1.66E-5                   2.7935396888232256
1.67E-5                   2.780275673859122
1.68E-5                   2.766892340196738
1.69E-5                   2.753925303456985
1.7E-5                    2.7409708055076227
1.71E-5                   2.728044861041118
1.7199999999999998E-5     2.715105948194739
1.73E-5                   2.7021561539697356
1.74E-5                   2.689462745730142
1.75E-5                   2.676816629906879
1.76E-5                   2.6640736712441115
1.77E-5                   2.651421814779514
1.78E-5                   2.6389275093771385
1.7899999999999998E-5     2.6264841676390174
1.8E-5                    2.6140694451632083
1.81E-5                   2.6016547772967162
1.82E-5                   2.5892800287027113
1.8299999999999998E-5     2.577076447904463
1.84E-5                   2.5648729204455902
1.85E-5                   2.5526694472893348
1.8599999999999998E-5     2.540619213904065
1.87E-5                   2.5286235959752656
1.88E-5                   2.516628028696334
1.89E-5                   2.5046771490108286
1.8999999999999998E-5     2.4928378842045036
1.91E-5                   2.4809986663282046
1.92E-5                   2.4691594962627166
1.9299999999999998E-5     2.457511999152915
1.94E-5                   2.4459026445402294
1.95E-5                   2.4342933365905473
1.96E-5                   2.4227402044345636
1.9699999999999998E-5     2.4112777023581358
1.98E-5                   2.3998152424061994
1.99E-5                   2.3883528253792283
1.9999999999999998E-5     2.377093649193732
2.01E-5                   2.365849581262951
2.02E-5                   2.354605555973706
2.03E-5                   2.343432092529874
2.0399999999999998E-5     2.3323352537894895
2.05E-5                   2.3212384526728584
2.06E-5                   2.3101476037093374
2.07E-5                   2.2992637445082504
2.0799999999999997E-5     2.2883799239711067
2.09E-5                   2.277496142764425
2.1E-5                    2.2666895211038254
2.1099999999999998E-5     2.255939659031781
2.12E-5                   2.245189830400516
2.13E-5                   2.2344680600013
2.14E-5                   2.2239432278487707
2.1499999999999997E-5     2.2134184310542433
2.16E-5                   2.202893670216623
2.17E-5                   2.1924342204063594
2.1799999999999998E-5     2.1820065181444677
2.19E-5                   2.171578846574056
2.2E-5                    2.1612103136889664
2.21E-5                   2.1510496732437936
2.2199999999999998E-5     2.1408890633320814
2.23E-5                   2.130728484483568
2.24E-5                   2.1205887446474456
2.2499999999999998E-5     2.1104552575003543
2.26E-5                   2.1003218014230374
2.27E-5                   2.0902855582403332
2.28E-5                   2.0804575576724966
2.2899999999999998E-5     2.0706295796300296
2.3E-5                    2.060801624576108
2.31E-5                   2.0510212136921684
2.3199999999999998E-5     2.0412481517972436
2.33E-5                   2.0314751261361934
2.34E-5                   2.021670191848835
2.35E-5                   2.0118202505329257
2.3599999999999998E-5     2.0019703232048163
2.37E-5                   1.9924812879949947
2.38E-5                   1.9838008531083058
2.3899999999999998E-5     1.9751204430559508
2.4E-5                    1.9659851166269204
2.41E-5                   1.9564182512158734
2.42E-5                   1.9468514281274711
2.4299999999999998E-5     1.9370381167286148
2.44E-5                   1.9272241425709973
2.45E-5                   1.918301320213227
2.4599999999999998E-5     1.9097030858331765
2.4699999999999997E-5     1.9006089140117963
2.48E-5                   1.8912972892277304
2.49E-5                   1.8822093675795069
2.4999999999999998E-5     1.8732380703267877
2.51E-5                   1.8643105391362365
2.52E-5                   1.8554099124899164
2.53E-5                   1.8464961776489008
2.5399999999999997E-5     1.837573002650275
2.55E-5                   1.8289025564191879
2.56E-5                   1.8204441705170251
2.5699999999999998E-5     1.8117761433084663
2.58E-5                   1.8029033671292043
2.59E-5                   1.7942281379031706
2.6E-5                    1.7857774163316493
2.6099999999999997E-5     1.7773003945440062
2.62E-5                   1.7687885336574125
2.63E-5                   1.7602940974772938
2.6399999999999998E-5     1.7518266297839689
2.65E-5                   1.7434590618742651
2.66E-5                   1.7352733911140257
2.67E-5                   1.7270431741215893
2.6799999999999998E-5     1.7187167927108407
2.69E-5                   1.7104583033418836
2.7E-5                    1.7023754252332464
2.7099999999999998E-5     1.6942822780265274
2.7199999999999997E-5     1.6861567352603495
2.73E-5                   1.6780544403747284
2.74E-5                   1.670043324114732
2.7499999999999998E-5     1.662048337957801
2.76E-5                   1.6541347806940687
2.77E-5                   1.6462236452349437
2.7799999999999998E-5     1.6383290011529943
2.7899999999999997E-5     1.6304468242186565
2.8E-5                    1.6226913147074902
2.81E-5                   1.6149368685753847
2.8199999999999998E-5     1.6072016653023034
2.83E-5                   1.5994684180928536
2.84E-5                   1.5918737786050918
2.8499999999999998E-5     1.5842791514023982
2.8599999999999997E-5     1.5766845367072433
2.87E-5                   1.56908993474225
2.88E-5                   1.561626395596234
2.8899999999999998E-5     1.5541715103583185
2.9E-5                    1.5467166365285039
2.91E-5                   1.539261774318818
2.9199999999999998E-5     1.5319385259651779
2.9299999999999997E-5     1.5246362813270296
2.94E-5                   1.517334047406475
2.95E-5                   1.5100318244017763
2.9599999999999998E-5     1.5028475886162536
2.97E-5                   1.495695346215196
2.98E-5                   1.4885431141954637
2.99E-5                   1.4813908927435788
2.9999999999999997E-5     1.4743373597593443
3.01E-5                   1.4673239424539029
3.02E-5                   1.460310534519033
3.0299999999999998E-5     1.4532971361306957
3.04E-5                   1.4463711050880315
3.05E-5                   1.4394952291075604
3.06E-5                   1.4326193623376415
3.07E-5                   1.425743504943397
3.0799999999999996E-5     1.4189387161819356
3.09E-5                   1.412189857076497
3.1E-5                    1.4054410062629958
3.11E-5                   1.3986921638980712
3.12E-5                   1.392010026690016
3.13E-5                   1.3853990316447402
3.14E-5                   1.378788044750482
3.15E-5                   1.3721770661538286
3.1599999999999996E-5     1.3656414642805328
3.17E-5                   1.3592151381647695
3.18E-5                   1.3527888191402915
3.1899999999999996E-5     1.3463625073418644
3.2E-5                    1.3399362029043174
3.21E-5                   1.3335099059625497
3.22E-5                   1.327083616651525
3.23E-5                   1.320657335106272
3.24E-5                   1.3142956692959482
3.25E-5                   1.3081210018651206
3.26E-5                   1.3019463406771186
3.2699999999999995E-5     1.2957716858511756
3.28E-5                   1.2895970375065782
3.29E-5                   1.2834223957626711
3.2999999999999996E-5     1.2772477607388513
3.31E-5                   1.2710731325545694
3.32E-5                   1.264923233094557
3.3299999999999996E-5     1.2589832162796322
3.34E-5                   1.2530432048083604
3.35E-5                   1.2471031987867995
3.36E-5                   1.241163198321055
3.37E-5                   1.2352232035172754
3.38E-5                   1.2292832144816574
3.39E-5                   1.2233432313204409
3.4E-5                    1.2174032541399085
3.4099999999999995E-5     1.2116727993338814
3.42E-5                   1.205952458955417
3.43E-5                   1.2002321236313218
3.4399999999999996E-5     1.1945117934562766
3.45E-5                   1.1887914685249972
3.46E-5                   1.1830711489322383
3.4699999999999996E-5     1.17735083477279
3.48E-5                   1.171630526141477
3.49E-5                   1.1660948608375148
3.5E-5                    1.16060462304252
3.51E-5                   1.1551143895401488
3.52E-5                   1.1496241604139659
3.53E-5                   1.1441339357475677
3.54E-5                   1.1386437156245806
3.5499999999999996E-5     1.133153500128662
3.56E-5                   1.1276632893434961
3.57E-5                   1.1223031054690245
3.5799999999999996E-5     1.1170125840110559
3.59E-5                   1.1117220665079808
3.6E-5                    1.1064315530347122
3.6099999999999997E-5     1.101141043666189
3.62E-5                   1.095850538477375
3.63E-5                   1.0905600375432571
3.64E-5                   1.08526954093885
3.65E-5                   1.0800832385702677
3.6599999999999995E-5     1.0750012374646645
3.67E-5                   1.069919239761436
3.68E-5                   1.0648372455266402
3.6899999999999996E-5     1.0597552548263545
3.7E-5                    1.0546732677266766
3.71E-5                   1.049591284293725
3.7199999999999996E-5     1.0445093045936396
3.73E-5                   1.0394951173950988
3.74E-5                   1.0346077542183356
3.75E-5                   1.02972039410035
3.76E-5                   1.0248330371001846
3.77E-5                   1.0199456832768998
3.78E-5                   1.0150583326895741
3.79E-5                   1.0101709853973009
3.7999999999999995E-5     1.0052836414591917
3.81E-5                   1.000431001844643
3.82E-5                   0.9957198803220226
3.8299999999999996E-5     0.9910087615836284
3.84E-5                   0.9862976456820846
3.85E-5                   0.9815865326700307
3.8599999999999996E-5     0.9768754226001196
3.87E-5                   0.9721643155250173
3.88E-5                   0.9674532114974038
3.89E-5                   0.962751410142399
3.9E-5                    0.9582446387843802
3.9099999999999995E-5     0.9537378696301857
3.92E-5                   0.9492311027257928
3.93E-5                   0.9447243381171905
3.9399999999999995E-5     0.9402175758503807
3.95E-5                   0.935710815971374
3.96E-5                   0.9312040585261948
3.9699999999999996E-5     0.9266973035608778
3.98E-5                   0.92230642526712
3.99E-5                   0.9179292734643569
3.9999999999999996E-5     0.913552124245928
4.01E-5                   0.9091749776545931
4.02E-5                   0.9047978337331213
4.03E-5                   0.9004206925242918
4.04E-5                   0.896043554070892
4.0499999999999995E-5     0.891666418415719
4.06E-5                   0.887457869990601
4.07E-5                   0.8833077288694717
4.0799999999999996E-5     0.8791575890001374
4.09E-5                   0.8750074504174585
4.1E-5                    0.8708573131563043
4.1099999999999996E-5     0.8667071772515513
4.12E-5                   0.8625570427380826
4.13E-5                   0.8584069096507904
4.14E-5                   0.8544349829961105
4.15E-5                   0.8505862397209202
4.1599999999999995E-5     0.8467374991206799
4.17E-5                   0.8428887612253868
4.18E-5                   0.8390400260650451
4.1899999999999995E-5     0.8351912936696633
4.2E-5                    0.8311909195855108
4.21E-5                   0.8270490041292111
4.2199999999999996E-5     0.8229070905992846
4.23E-5                   0.8187651790343753
4.24E-5                   0.8146293085055629
4.2499999999999996E-5     0.8105044818282314
4.26E-5                   0.8063796558958771
4.27E-5                   0.8022548307382877
4.28E-5                   0.7984346728734522
4.29E-5                   0.794757523932796
4.2999999999999995E-5     0.7910803773258773
4.31E-5                   0.787323182928518
4.32E-5                   0.7835309611332149
4.3299999999999995E-5     0.779731302031815
4.34E-5                   0.7758993489551209
4.35E-5                   0.7720673977905419
4.3599999999999996E-5     0.7684282068821127
4.37E-5                   0.7647914633106835
4.38E-5                   0.7611354474469894
4.3899999999999996E-5     0.7574844681441082
4.4E-5                    0.753850915034296
4.41E-5                   0.7502220368735358
4.42E-5                   0.7465990608678984
4.43E-5                   0.7429928203319361
4.4399999999999995E-5     0.7393952177456942
4.45E-5                   0.7358696242807842
4.46E-5                   0.7323522937066511
4.4699999999999996E-5     0.7288177403522328
4.48E-5                   0.7252987610429491
4.49E-5                   0.7218140101171375
4.4999999999999996E-5     0.7183460541683904
4.51E-5                   0.7148929660349416
4.52E-5                   0.7114524311949695
4.5299999999999997E-5     0.7080161242775377
4.54E-5                   0.7046267901824114
4.5499999999999995E-5     0.7012410732718425
4.56E-5                   0.6978640507713284
4.57E-5                   0.694503265773412
4.5799999999999995E-5     0.6911667129294446
4.59E-5                   0.6878451231501951
4.6E-5                    0.6845327458774743
4.6099999999999996E-5     0.6812431241004075
4.62E-5                   0.6779597418919985
4.63E-5                   0.674707600922374
4.6399999999999996E-5     0.6714667622869027
4.65E-5                   0.6682561675520003
4.66E-5                   0.6650455737361762
4.67E-5                   0.6618349808560782
4.68E-5                   0.6586696242986156
4.6899999999999995E-5     0.655522975616663
4.7E-5                    0.6523763278095752
4.71E-5                   0.6492369373184961
4.7199999999999995E-5     0.6461410907593776
4.73E-5                   0.6430452449486875
4.74E-5                   0.639949399901366
4.7499999999999996E-5     0.6368845280474708
4.76E-5                   0.6338422470263221
4.77E-5                   0.6307999668454677
4.7799999999999996E-5     0.6277583858117716
4.79E-5                   0.6247672511063905
4.8E-5                    0.621776117052821
4.81E-5                   0.6187849836645076
4.82E-5                   0.6158165714452766
4.8299999999999995E-5     0.6128760353452027
4.84E-5                   0.6099355000005093
4.85E-5                   0.6069949654239609
4.8599999999999995E-5     0.6040991242491207
4.87E-5                   0.6012091218796575
4.88E-5                   0.5983191201232477
4.8899999999999996E-5     0.5954536345286859
4.9E-5                    0.5926402768421465
4.91E-5                   0.5898269197683076
4.9199999999999997E-5     0.5870135633183492
4.93E-5                   0.5842002075034517
4.9399999999999995E-5     0.5813868523347967
4.95E-5                   0.578573497823567
4.96E-5                   0.5757787532145805
4.9699999999999995E-5     0.5730629957758371
4.98E-5                   0.5703472388520808
4.99E-5                   0.5676314824533498
4.9999999999999996E-5     0.5649157265896835
5.01E-5                   0.5621999712711212
5.02E-5                   0.5594842165077035
5.0299999999999996E-5     0.5567739766132701
5.04E-5                   0.5541479072041892
5.05E-5                   0.5515218382678175
5.06E-5                   0.5488957698132433
5.07E-5                   0.5462697018495544
5.0799999999999995E-5     0.5436436343858407
5.09E-5                   0.5410175674311919
5.1E-5                    0.5383915009946993
5.1099999999999995E-5     0.5358871221801818
5.12E-5                   0.5333915809186479
5.13E-5                   0.5308960400626882
5.1399999999999996E-5     0.5284004996200916
5.15E-5                   0.5259049595986461
5.16E-5                   0.5234094200061419
5.1699999999999996E-5     0.5209138808503686
5.18E-5                   0.5184183421391165
5.1899999999999994E-5     0.5159228038801772
5.2E-5                    0.513427266081342
5.21E-5                   0.5109317287504029
5.2199999999999995E-5     0.5084361918951532
5.23E-5                   0.5059406555233856
5.24E-5                   0.5034451196428944
5.2499999999999995E-5     0.5010604640664033
5.26E-5                   0.49872946025510084
5.27E-5                   0.49639845674239136
5.2799999999999996E-5     0.49406745353462345
5.29E-5                   0.4917364506381459
5.3E-5                    0.4894054480593082
5.3099999999999996E-5     0.48707444580446035
5.32E-5                   0.4847434438799523
5.3299999999999995E-5     0.48241244229213504
5.34E-5                   0.48008144104735906
5.35E-5                   0.4777504401519764
5.3599999999999995E-5     0.47541943961233873
5.37E-5                   0.47308843943479806
5.38E-5                   0.47075743962570754
5.3899999999999996E-5     0.46849100667869176
5.4E-5                    0.46631539030733965
5.41E-5                   0.4641397741780622
5.4199999999999996E-5     0.46196415829601556
5.43E-5                   0.45978854266635627
5.4399999999999994E-5     0.4576129272942415
5.4499999999999997E-5     0.45543731218482814
5.46E-5                   0.453261697343274
5.4699999999999995E-5     0.4510860827747369
5.48E-5                   0.44891046848437455
5.49E-5                   0.44673485447734584
5.4999999999999995E-5     0.4445592407588092
5.51E-5                   0.44238362733392356
5.52E-5                   0.4402080142078482
5.5299999999999996E-5     0.4380544798916066
5.54E-5                   0.43601936031923705
5.55E-5                   0.4339842409554666
5.5599999999999996E-5     0.43194912180451916
5.57E-5                   0.4299140028706184
5.5799999999999994E-5     0.4278788841579886
5.59E-5                   0.4258437656708539
5.6E-5                    0.4238086474134389
5.6099999999999995E-5     0.42177352938996854
5.62E-5                   0.4197384116046674
5.63E-5                   0.4177032940617609
5.6399999999999995E-5     0.4156681767654743
5.65E-5                   0.41363305972003295
5.66E-5                   0.4115979429296629
5.6699999999999996E-5     0.4095628263985899
5.68E-5                   0.40765363050833725
5.69E-5                   0.405758617617969
5.6999999999999996E-5     0.4038636048862874
5.71E-5                   0.40196859231669774
5.7199999999999994E-5     0.4000735799126059
5.73E-5                   0.39817856767741755
5.74E-5                   0.39628355561453876
5.7499999999999995E-5     0.39438854372737603
5.76E-5                   0.39249353201933523
5.77E-5                   0.39059852049382304
5.7799999999999995E-5     0.3887035091542461
5.79E-5                   0.38680849800401124
5.8E-5                    0.3849134870465251
5.8099999999999996E-5     0.38301847628519503
5.82E-5                   0.3811998132424763
5.8299999999999994E-5     0.37942402372491535
5.8399999999999997E-5     0.37764823434742517
5.85E-5                   0.3758724451128141
5.8599999999999995E-5     0.3740966560238911
5.87E-5                   0.372320867083465
5.88E-5                   0.37054507829434435
5.8899999999999995E-5     0.36876928965933875
5.9E-5                    0.36699350118125684
5.91E-5                   0.36521771286290794
5.9199999999999996E-5     0.36344192470710146
5.93E-5                   0.3616661367166467
5.94E-5                   0.35989034889435345
5.9499999999999996E-5     0.35811456124303115
5.96E-5                   0.3563855373128839
5.9699999999999994E-5     0.35473216586780537
5.98E-5                   0.35307879453058566
5.99E-5                   0.3514254233034827
5.9999999999999995E-5     0.34977205218875435
6.01E-5                   0.3481186811886584
6.02E-5                   0.346465310305453
6.0299999999999995E-5     0.3448119395413963
6.04E-5                   0.34315856889874624
6.05E-5                   0.3415051983797611
6.0599999999999996E-5     0.33985182798669955
6.07E-5                   0.3381984577218194
6.08E-5                   0.33654508758737944
6.0899999999999996E-5     0.33489171758563835
6.1E-5                    0.3332515219250318
6.11E-5                   0.3317047189794658
6.12E-5                   0.33015791611986467
6.13E-5                   0.32861111334808735
6.14E-5                   0.32706431066599273
6.149999999999999E-5      0.32551750807544005
6.159999999999999E-5      0.323970705578288
6.17E-5                   0.32242390317639574
6.18E-5                   0.3208771008716226
6.19E-5                   0.31933029866582774
6.2E-5                    0.3177834965608703
6.209999999999999E-5      0.31623669455861
6.22E-5                   0.31468989266090563
6.23E-5                   0.31314309086961684
6.24E-5                   0.3115962891866031
6.25E-5                   0.3101365603269736
6.26E-5                   0.30869039274051185
6.269999999999999E-5      0.3072442252365668
6.28E-5                   0.30579805781664693
6.29E-5                   0.3043518904822619
6.3E-5                    0.30290572323492093
6.31E-5                   0.3014595560761333
6.319999999999999E-5      0.30001338900740854
6.33E-5                   0.2985672220302557
6.34E-5                   0.29712105514618425
6.35E-5                   0.29567488835670386
6.36E-5                   0.2942287216633238
6.37E-5                   0.29278255506755363
6.379999999999999E-5      0.29133638857090305
6.39E-5                   0.28995301212171465
6.4E-5                    0.28861031259082287
6.41E-5                   0.2872676131040513
6.42E-5                   0.28592491366261447
6.429999999999999E-5      0.28458221426772756
6.44E-5                   0.28323951492060445
6.45E-5                   0.2818968156224603
6.46E-5                   0.2805541163745096
6.47E-5                   0.2792114171779672
6.48E-5                   0.2778687180340479
6.489999999999999E-5      0.2765260189439665
6.5E-5                    0.2751833199089378
6.51E-5                   0.2738406209301764
6.52E-5                   0.27249792200889744
6.53E-5                   0.27118028484817946
6.539999999999999E-5      0.26990950341148
6.549999999999999E-5      0.2686387220473304
6.56E-5                   0.2673679407567594
6.57E-5                   0.266097159540796
6.58E-5                   0.2648263784004687
6.59E-5                   0.2635555973368064
6.599999999999999E-5      0.2622848163508383
6.61E-5                   0.2610140354435925
6.62E-5                   0.2597432546160984
6.63E-5                   0.2584724738693846
6.64E-5                   0.25720169320448
6.65E-5                   0.2559309126224136
6.659999999999999E-5      0.2546601321242144
6.67E-5                   0.25339933365764633
6.68E-5                   0.2522393436600647
6.69E-5                   0.2510793536714237
6.7E-5                    0.24991936369249743
6.709999999999999E-5      0.24875937372405982
6.72E-5                   0.24759938376688473
6.73E-5                   0.24643939382174626
6.74E-5                   0.24527940388941846
6.75E-5                   0.24411941397067544
6.76E-5                   0.24295942406629106
6.769999999999999E-5      0.2417994341770397
6.78E-5                   0.24063944430369516
6.79E-5                   0.2394794544470316
6.8E-5                    0.23831946460782327
6.81E-5                   0.2371594747868442
6.819999999999999E-5      0.23605405052303685
6.829999999999999E-5      0.23495966677011645
6.84E-5                   0.2338652831001813
6.85E-5                   0.23277089951390414
6.86E-5                   0.23167651601195838
6.87E-5                   0.23058213259501695
6.879999999999999E-5      0.22948774926375312
6.89E-5                   0.22839336601883983
6.9E-5                    0.22729898286095027
6.91E-5                   0.22620459979075755
6.92E-5                   0.22511021680893487
6.929999999999999E-5      0.2240158339161554
6.939999999999999E-5      0.22292145111309206
6.95E-5                   0.2218377331063993
6.96E-5                   0.22075402393517654
6.97E-5                   0.21967031476877028
6.98E-5                   0.21858660560780294
6.989999999999999E-5      0.21750289645289736
7.0E-5                    0.21641918730467585
7.01E-5                   0.21533547816376125
7.02E-5                   0.21425176903077614
7.03E-5                   0.21316805990634313
7.04E-5                   0.212084350791085
7.049999999999999E-5      0.2110434325007262
7.06E-5                   0.2100618510082929
7.07E-5                   0.2090802695442172
7.08E-5                   0.2080986881089647
7.09E-5                   0.2071171067030007
7.099999999999999E-5      0.20613552532679097
7.11E-5                   0.20515394398080058
7.12E-5                   0.2041723626654952
7.13E-5                   0.20319078138134028
7.14E-5                   0.20223916767586003
7.15E-5                   0.20129016376897435
7.159999999999999E-5      0.200341159892529
7.17E-5                   0.1993921560469708
7.18E-5                   0.19844315223274686
7.19E-5                   0.19749414845030405
7.2E-5                    0.19654514470008952
7.209999999999999E-5      0.1955948933843259
7.219999999999999E-5      0.19464448781991367
7.23E-5                   0.1936940822676146
7.24E-5                   0.19274367672784015
7.25E-5                   0.19179327120100176
7.26E-5                   0.19084286568751105
7.269999999999999E-5      0.1899440058142005
7.28E-5                   0.18905334730848908
7.29E-5                   0.18816268883039033
7.3E-5                    0.1872720303802639
7.31E-5                   0.18638137195846968
7.319999999999999E-5      0.18549273779853281
7.329999999999999E-5      0.1846062124021502
7.34E-5                   0.18371968701734895
7.35E-5                   0.1828331616444847
7.36E-5                   0.18194663628391347
7.37E-5                   0.18107343005161422
7.379999999999999E-5      0.1802072667739902
7.39E-5                   0.17934110352076774
7.4E-5                    0.17847494029225736
7.41E-5                   0.1776166667327568
7.42E-5                   0.1767766264663654
7.429999999999999E-5      0.17593658620929023
7.439999999999999E-5      0.17509654596184096
7.45E-5                   0.17425650572432777
7.46E-5                   0.17342340291541392
7.47E-5                   0.1725906658295803
7.48E-5                   0.17175792876499005
7.489999999999999E-5      0.17092519172192575
7.5E-5                    0.1701064972509247
7.51E-5                   0.1692972494288133
7.52E-5                   0.1684880016172043
7.53E-5                   0.16767875381636277
7.54E-5                   0.16687314619415275
7.549999999999999E-5      0.1660787117656339
7.56E-5                   0.16528427735255946
7.57E-5                   0.16448984295518482
7.58E-5                   0.16369540857376533
7.59E-5                   0.16291534895002743
7.599999999999999E-5      0.16213700018806557
7.609999999999999E-5      0.16135865143861786
7.62E-5                   0.1605803027019149
7.63E-5                   0.15981099837164034
7.64E-5                   0.1590493507181328
7.65E-5                   0.1582877030756886
7.659999999999999E-5      0.1575260554445336
7.67E-5                   0.15676740675433257
7.68E-5                   0.1560215886967719
7.69E-5                   0.15527577065194992
7.7E-5                    0.15452995262007133
7.709999999999999E-5      0.1537841346013407
7.719999999999999E-5      0.1530507317494485
7.73E-5                   0.15231974035604887
7.74E-5                   0.15158874897135596
7.75E-5                   0.1508577575955665
7.76E-5                   0.15013439418726818
7.769999999999999E-5      0.1494191220956576
7.78E-5                   0.14870385001580722
7.79E-5                   0.1479885779478999
7.8E-5                    0.1472752547568694
7.81E-5                   0.14657461744978514
7.819999999999999E-5      0.14587398015030836
7.829999999999999E-5      0.14517334285861036
7.84E-5                   0.14447270557486286
7.85E-5                   0.14378312043586022
7.86E-5                   0.1430966331240144
7.87E-5                   0.14241014582219308
7.879999999999999E-5      0.1417236585305592
7.89E-5                   0.14104674160369401
7.9E-5                    0.1403825640195604
7.91E-5                   0.1397183864427009
7.92E-5                   0.13905420887326161
7.93E-5                   0.13839003131138872
7.939999999999999E-5      0.13772585375722843
7.95E-5                   0.13706167621092674
7.96E-5                   0.13639749867262987
7.97E-5                   0.13573332114248401
7.98E-5                   0.1350888470831394
7.989999999999999E-5      0.13445185470917823
7.999999999999999E-5      0.13381486234217144
8.01E-5                   0.13317786998224881
8.02E-5                   0.13254087762954003
8.03E-5                   0.13190388528417485
8.04E-5                   0.13126689294628277
8.049999999999999E-5      0.13062990061599372
8.06E-5                   0.12999344797092677
8.07E-5                   0.12938265561352869
8.08E-5                   0.12877186326171394
8.09E-5                   0.12816107091559625
8.099999999999999E-5      0.12755027857528947
8.109999999999999E-5      0.12693948624090715
8.12E-5                   0.12632869391256313
8.13E-5                   0.12571790159037113
8.14E-5                   0.1251071092744449
8.15E-5                   0.12450788381688711
8.159999999999999E-5      0.12393364817429903
8.17E-5                   0.12335941253657835
8.18E-5                   0.12278517690381997
8.19E-5                   0.12221094127611885
8.2E-5                    0.12163670565356971
8.209999999999999E-5      0.12106247003626751
8.219999999999999E-5      0.12048823442430685
8.23E-5                   0.11991399881778277
8.24E-5                   0.11933976321679
8.25E-5                   0.11876552762142345
8.26E-5                   0.11819129203177788
8.269999999999999E-5      0.11761705644794825
8.28E-5                   0.11704282087002925
8.29E-5                   0.11646858529811573
8.3E-5                    0.11589434973230267
8.31E-5                   0.11532011417268472
8.319999999999999E-5      0.11474587861935695
8.329999999999999E-5      0.11421351935868965
8.34E-5                   0.11368540156001415
8.35E-5                   0.11315728376455854
8.36E-5                   0.11262916597239644
8.37E-5                   0.11210104818360152
8.379999999999999E-5      0.11157293039824749
8.389999999999999E-5      0.11104481261640785
8.4E-5                    0.11051669483815633
8.41E-5                   0.10998857706356657
8.42E-5                   0.10946045929271217
8.43E-5                   0.10893234152566682
8.439999999999999E-5      0.10840422376250423
8.45E-5                   0.10787610600329796
8.46E-5                   0.10734798824812158
8.47E-5                   0.10681987049704886
8.48E-5                   0.10629175275015344
8.489999999999999E-5      0.10576363500750897
8.499999999999999E-5      0.10525665452807377
8.51E-5                   0.10477084086330345
8.52E-5                   0.10428502720111084
8.53E-5                   0.10379921354155323
8.54E-5                   0.10331339988468818
8.549999999999999E-5      0.10282758623057302
8.56E-5                   0.10234177257926508
8.57E-5                   0.10185595893082182
8.58E-5                   0.10137014528530067
8.59E-5                   0.10088433164275899
8.599999999999999E-5      0.10039851800325426
8.609999999999999E-5      0.09991270436684377
8.62E-5                   0.09942689073358495
8.63E-5                   0.09894107710353525
8.64E-5                   0.09845526347675204
8.65E-5                   0.09796944985329276
8.659999999999999E-5      0.09748363623321482
8.669999999999999E-5      0.09700137245979765
8.68E-5                   0.09655445201821714
8.69E-5                   0.09610753157881338
8.7E-5                    0.09566061114163094
8.709999999999999E-5      0.09521369070671458
8.719999999999999E-5      0.09476677027410876
8.73E-5                   0.09431984984385824
8.74E-5                   0.09387292941600762
8.75E-5                   0.09342600899060156
8.76E-5                   0.09297908856768464
8.769999999999999E-5      0.09253216814730167
8.779999999999999E-5      0.0920852477294971
8.79E-5                   0.09163832731431562
8.8E-5                    0.0911914069018019
8.81E-5                   0.09074448649200058
8.82E-5                   0.0902975660849563
8.829999999999999E-5      0.08985064568071371
8.84E-5                   0.0894037252793174
8.85E-5                   0.08898136761028504
8.86E-5                   0.08857041587274278
8.87E-5                   0.08815946413663076
8.879999999999999E-5      0.08774851240198368
8.889999999999999E-5      0.08733756066883627
8.9E-5                    0.08692660893722326
8.91E-5                   0.08651565720717941
8.92E-5                   0.08610470547873945
8.93E-5                   0.0856937537519381
8.939999999999999E-5      0.08528280202681021
8.95E-5                   0.0848718503033904
8.96E-5                   0.0844608985817134
8.97E-5                   0.08404994686181404
8.98E-5                   0.08363899514372698
8.989999999999999E-5      0.08322804342748705
8.999999999999999E-5      0.08281709171312888
9.01E-5                   0.08240614000068729
9.02E-5                   0.08200417820317434
9.03E-5                   0.08162597502569505
9.04E-5                   0.08124777184963967
9.049999999999999E-5      0.08086956867503534
9.059999999999999E-5      0.08049136550190898
9.07E-5                   0.08011316233028773
9.08E-5                   0.0797349591601986
9.09E-5                   0.07935675599166866
9.099999999999999E-5      0.07897855282472505
9.109999999999999E-5      0.0786003496593947
9.12E-5                   0.07822214649570473
9.13E-5                   0.07784394333368219
9.14E-5                   0.07746574017335414
9.15E-5                   0.07708753701474762
9.159999999999999E-5      0.07670933385788975
9.169999999999999E-5      0.0763311307028075
9.18E-5                   0.07595292754952797
9.19E-5                   0.07557472439807823
9.2E-5                    0.07522295731824966
9.21E-5                   0.0748752760724661
9.219999999999999E-5      0.0745275948275043
9.23E-5                   0.07417991358338528
9.24E-5                   0.07383223234013005
9.25E-5                   0.07348455109775967
9.26E-5                   0.07313686985629521
9.269999999999999E-5      0.07278918861575769
9.279999999999999E-5      0.07244150737616807
9.29E-5                   0.07209382613754743
9.3E-5                    0.07174614489991683
9.31E-5                   0.07139846366329725
9.32E-5                   0.07105078242770979
9.329999999999999E-5      0.07070310119317544
9.34E-5                   0.0703554199597152
9.35E-5                   0.07000773872735017
9.36E-5                   0.06966005749610134
9.37E-5                   0.06932504757852444
9.379999999999999E-5      0.06900504775967714
9.389999999999999E-5      0.06868504794173987
9.4E-5                    0.06836504812472909
9.41E-5                   0.06804504830866116
9.42E-5                   0.06772504849355249
9.43E-5                   0.06740504867941947
9.439999999999999E-5      0.06708504886627858
9.449999999999999E-5      0.06676504905414604
9.46E-5                   0.06644504924303836
9.47E-5                   0.06612504943297193
9.48E-5                   0.06580504962396308
9.489999999999999E-5      0.0654850498160283
9.499999999999999E-5      0.06516505000918388
9.51E-5                   0.06484505020344629
9.52E-5                   0.06452505039883187
9.53E-5                   0.06420505059535704
9.54E-5                   0.06388688086076393
9.549999999999999E-5      0.0636039447993732
9.559999999999999E-5      0.06332100873859728
9.57E-5                   0.06303807267844751
9.58E-5                   0.06275513661893528
9.59E-5                   0.06247220056007191
9.6E-5                    0.06218926450186868
9.609999999999999E-5      0.06190632844433703
9.62E-5                   0.06162339238748815
9.63E-5                   0.061340456331333476
9.64E-5                   0.061057520275884264
9.65E-5                   0.06077458422115189
9.659999999999999E-5      0.060491648167147714
9.669999999999999E-5      0.06020871211388302
9.68E-5                   0.0599257760613691
9.69E-5                   0.05964284000961737
9.7E-5                    0.059359903958639104
9.71E-5                   0.059076967908445674
9.719999999999999E-5      0.0587940318590484
9.73E-5                   0.0585110958104586
9.74E-5                   0.058228159762687616
9.75E-5                   0.05794522371574672
9.76E-5                   0.057662287669647344
9.769999999999999E-5      0.057379351624400776
9.779999999999999E-5      0.057096415580018316
9.79E-5                   0.05681347953651133
9.8E-5                    0.05653054349389114
9.81E-5                   0.05624760745216908
9.82E-5                   0.055964671411356436
9.829999999999999E-5      0.05568173537146466
9.839999999999999E-5      0.05539879933250496
9.85E-5                   0.055115863294488705
9.86E-5                   0.054832927257427236
9.87E-5                   0.054549991221331876
9.879999999999999E-5      0.05426705518621399
9.889999999999999E-5      0.05399426191557668
9.9E-5                    0.053754928528634116
9.91E-5                   0.05351559514179056
9.92E-5                   0.05327626175505289
9.93E-5                   0.05303692836842796
9.939999999999999E-5      0.05279759498192267
9.949999999999999E-5      0.05255826159554381
9.96E-5                   0.05231892820929826
9.97E-5                   0.05207959482319291
9.98E-5                   0.05184026143723458
9.989999999999999E-5      0.051600928051430205
9.999999999999999E-5      0.05136159466578655
1.001E-4                  0.05112226128031049
1.002E-4                  0.050882927895008936
1.003E-4                  0.0506435945098887
1.004E-4                  0.050404261124956676
1.0049999999999999E-4     0.050164927740219745
1.0059999999999999E-4     0.04992559435568469
1.007E-4                  0.04968626097135841
1.008E-4                  0.04944692758724777
1.009E-4                  0.04920759420335963
1.01E-4                   0.04896826081970084
1.0109999999999999E-4     0.0487289274362783
1.012E-4                  0.04848959405309881
1.013E-4                  0.048250260670169236
1.014E-4                  0.04801092728749646
1.015E-4                  0.04777159390508734
1.0159999999999999E-4     0.04753226052294877
1.0169999999999999E-4     0.047292927141087536
1.018E-4                  0.04705359375951055
1.019E-4                  0.04681426037822463
1.02E-4                   0.04657492699723667
1.021E-4                  0.046335593616553525
1.0219999999999999E-4     0.046096260236182074
1.0229999999999999E-4     0.04585692685612914
1.024E-4                  0.045632962511178
1.025E-4                  0.04543058637242505
1.026E-4                  0.04522821023383507
1.0269999999999999E-4     0.045025834095412214
1.0279999999999999E-4     0.04482345795716059
1.029E-4                  0.04462108181908438
1.03E-4                   0.04441870568118771
1.031E-4                  0.04421632954347474
1.032E-4                  0.04401395340594962
1.0329999999999999E-4     0.0438115772686165
1.0339999999999999E-4     0.04360920113147951
1.035E-4                  0.043406824994542806
1.036E-4                  0.043204448857810517
1.037E-4                  0.04300207272128681
1.0379999999999999E-4     0.04279969658497587
1.0389999999999999E-4     0.042597320448881766
1.04E-4                   0.042394944313008685
1.041E-4                  0.04219256817736077
1.042E-4                  0.04199019204194217
1.043E-4                  0.04178781590675703
1.0439999999999999E-4     0.041585439771809514
1.0449999999999999E-4     0.04138306363710374
1.046E-4                  0.04118068750264386
1.047E-4                  0.04097831136843404
1.048E-4                  0.04077593523447839
1.049E-4                  0.0405735591007811
1.0499999999999999E-4     0.04037118296734633
1.051E-4                  0.040168806834178165
1.052E-4                  0.03996643070128078
1.053E-4                  0.03976405456865832
1.054E-4                  0.03956167843631494
1.0549999999999999E-4     0.03935930230425482
1.0559999999999999E-4     0.039156926172482044
1.057E-4                  0.03895455004100078
1.058E-4                  0.038752173909815175
1.059E-4                  0.03856838052070734
1.06E-4                   0.03839702206236567
1.0609999999999999E-4     0.03822566360412327
1.0619999999999999E-4     0.038054305145982605
1.063E-4                  0.03788294668794625
1.064E-4                  0.03771158823001668
1.065E-4                  0.03754022977219643
1.0659999999999999E-4     0.03736887131448805
1.0669999999999999E-4     0.03719751285689399
1.068E-4                  0.0370261543994168
1.069E-4                  0.036854795942059
1.07E-4                   0.0366834374848231
1.071E-4                  0.03651207902771163
1.0719999999999999E-4     0.036340720570727104
1.0729999999999999E-4     0.03616936211387202
1.074E-4                  0.0359980036571489
1.075E-4                  0.035826645200560274
1.076E-4                  0.035655286744108644
1.0769999999999999E-4     0.03548392828779656
1.0779999999999999E-4     0.03531256983162649
1.079E-4                  0.03514121137560098
1.08E-4                   0.03496985291972254
1.081E-4                  0.034798494463993676
1.082E-4                  0.03462713600841692
1.0829999999999999E-4     0.03445577755299482
1.0839999999999999E-4     0.03428441909772982
1.085E-4                  0.03411306064262447
1.086E-4                  0.03394170218768132
1.087E-4                  0.03377034373290283
1.0879999999999999E-4     0.03359898527829157
1.0889999999999999E-4     0.03342762682385002
1.0899999999999999E-4     0.033256268369580705
1.091E-4                  0.03308490991548614
1.092E-4                  0.03291355146156885
1.093E-4                  0.03274219300783136
1.0939999999999999E-4     0.03259173865530531
1.0949999999999999E-4     0.03244710004885147
1.096E-4                  0.03230246144242754
1.097E-4                  0.032157822836035056
1.098E-4                  0.03201318422967554
1.099E-4                  0.03186854562335049
1.0999999999999999E-4     0.031723907017061445
1.1009999999999999E-4     0.031579268410809894
1.102E-4                  0.03143462980459735
1.103E-4                  0.03128999119842536
1.104E-4                  0.031145352592295405
1.1049999999999999E-4     0.031000713986209023
1.1059999999999999E-4     0.030856075380167713
1.107E-4                  0.03071143677417298
1.108E-4                  0.030566798168226363
1.109E-4                  0.030422159562329364
1.11E-4                   0.030277520956483495
1.1109999999999999E-4     0.030132882350690293
1.1119999999999999E-4     0.029988243744951234
1.113E-4                  0.02984360513926787
1.114E-4                  0.029698966533641687
1.115E-4                  0.02955432792807421
1.1159999999999999E-4     0.029409689322566976
1.1169999999999999E-4     0.029265050717121464
1.118E-4                  0.0291204121117392
1.119E-4                  0.02897577350642169
1.12E-4                   0.028831134901170473
1.121E-4                  0.028686496295987043
1.1219999999999999E-4     0.028541857690872946
1.1229999999999999E-4     0.028397219085829664
1.124E-4                  0.028252580480858696
1.125E-4                  0.0281079418759616
1.126E-4                  0.02796330327113986
1.1269999999999999E-4     0.02781866466639502
1.1279999999999999E-4     0.02767402606172857
1.1289999999999999E-4     0.027550551868505503
1.13E-4                   0.027427831999230927
1.131E-4                  0.02730511213001909
1.132E-4                  0.027182392260870915
1.1329999999999999E-4     0.027059672391787352
1.1339999999999999E-4     0.02693695252276927
1.135E-4                  0.02681423265381763
1.136E-4                  0.026691512784933345
1.137E-4                  0.02656879291611734
1.138E-4                  0.02644607304737055
1.1389999999999999E-4     0.02632335317869391
1.1399999999999999E-4     0.026200633310088303
1.141E-4                  0.026077913441554683
1.142E-4                  0.02595519357309396
1.143E-4                  0.025832473704707072
1.1439999999999999E-4     0.02570975383639495
1.1449999999999999E-4     0.025587033968158486
1.146E-4                  0.02546431409999863
1.147E-4                  0.025341594231916294
1.148E-4                  0.025218874363912416
1.149E-4                  0.025096154495987903
1.1499999999999999E-4     0.024973434628143713
1.1509999999999999E-4     0.024850714760380723
1.152E-4                  0.024727994892699886
1.153E-4                  0.024605275025102114
1.154E-4                  0.024482555157588338
1.1549999999999999E-4     0.024359835290159497
1.1559999999999999E-4     0.02423711542281649
1.157E-4                  0.02411439555556024
1.158E-4                  0.023991675688391695
1.159E-4                  0.023868955821311766
1.16E-4                   0.023746235954321366
1.1609999999999999E-4     0.02362351608742146
1.1619999999999999E-4     0.023500796220612925
1.163E-4                  0.023380949539441503
1.164E-4                  0.02327753517760905
1.165E-4                  0.02317412081577827
1.1659999999999999E-4     0.02307070645394974
1.1669999999999999E-4     0.022967292092123975
1.1679999999999999E-4     0.022863877730301543
1.169E-4                  0.022760463368483006
1.17E-4                   0.022657049006668904
1.171E-4                  0.022553634644859797
1.1719999999999999E-4     0.02245022028305626
1.1729999999999999E-4     0.02234680592125881
1.174E-4                  0.02224339155946802
1.175E-4                  0.022139977197684433
1.176E-4                  0.02203656283590861
1.177E-4                  0.021933148474141108
1.1779999999999999E-4     0.021829734112382485
1.1789999999999999E-4     0.021726319750633275
1.18E-4                   0.021622905388894043
1.181E-4                  0.021519491027165338
1.182E-4                  0.021416076665447724
1.1829999999999999E-4     0.021312662303741754
1.1839999999999999E-4     0.021209247942047958
1.185E-4                  0.021105833580366915
1.186E-4                  0.02100241921869917
1.187E-4                  0.02089900485704528
1.188E-4                  0.020795590495405785
1.1889999999999999E-4     0.020692176133781263
1.1899999999999999E-4     0.02058876177217224
1.191E-4                  0.02048534741057929
1.192E-4                  0.02038193304900295
1.193E-4                  0.020278518687443788
1.1939999999999999E-4     0.020175104325902363
1.1949999999999999E-4     0.020071689964379205
1.196E-4                  0.01996827560287488
1.197E-4                  0.019864861241389933
1.198E-4                  0.019766627145385688
1.199E-4                  0.019678812745935782
1.1999999999999999E-4     0.01959099834651526
1.2009999999999999E-4     0.019503183947124438
1.202E-4                  0.019415369547763673
1.203E-4                  0.019327555148433304
1.204E-4                  0.01923974074913366
1.2049999999999999E-4     0.0191519263498651
1.2059999999999999E-4     0.019064111950627932
1.2069999999999999E-4     0.018976297551422515
1.208E-4                  0.018888483152249183
1.209E-4                  0.01880066875310828
1.21E-4                   0.01871285435400014
1.2109999999999999E-4     0.018625039954925107
1.2119999999999999E-4     0.01853722555588351
1.213E-4                  0.018449411156875695
1.214E-4                  0.018361596757902
1.215E-4                  0.018273782358962758
1.216E-4                  0.018185967960058315
1.2169999999999999E-4     0.018098153561189018
1.2179999999999999E-4     0.018010339162355185
1.219E-4                  0.01792252476355716
1.22E-4                   0.017834710364795295
1.2209999999999999E-4     0.01774689596606993
1.222E-4                  0.01765908156738138
1.223E-4                  0.017571267168730007
1.224E-4                  0.01748345277011613
1.225E-4                  0.017395638371540116
1.226E-4                  0.017307823973002272
1.227E-4                  0.017220009574502954
1.228E-4                  0.0171321951760425
1.229E-4                  0.017044380777621253
1.2299999999999998E-4     0.016956566379239566
1.2309999999999998E-4     0.016868751980897736
1.2319999999999999E-4     0.01678093758259612
1.233E-4                  0.016700232194273693
1.234E-4                  0.016626213369299894
1.235E-4                  0.01655219454432862
1.236E-4                  0.016478175719360076
1.237E-4                  0.016404156894394468
1.238E-4                  0.016330138069431985
1.239E-4                  0.016256119244472844
1.24E-4                   0.01618210041951725
1.241E-4                  0.01610808159456539
1.2419999999999998E-4     0.016034062769617503
1.2429999999999999E-4     0.01596004394467374
1.244E-4                  0.01588602511973433
1.245E-4                  0.015812006294799473
1.246E-4                  0.015737987469869378
1.247E-4                  0.015663968644944237
1.248E-4                  0.015589949820024263
1.249E-4                  0.015515930995109648
1.25E-4                   0.01544191217020061
1.251E-4                  0.01536789334529733
1.252E-4                  0.015293874520400033
1.2529999999999998E-4     0.015219855695508934
1.2539999999999999E-4     0.01514583687062419
1.255E-4                  0.015071818045746026
1.256E-4                  0.01499779922087465
1.257E-4                  0.01492378039601026
1.258E-4                  0.014849761571153064
1.259E-4                  0.014775742746303257
1.26E-4                   0.014701723921461044
1.261E-4                  0.014627705096626632
1.262E-4                  0.01455368627180022
1.263E-4                  0.014479667446982016
1.2639999999999998E-4     0.014405648622172232
1.2649999999999998E-4     0.01433162979737104
1.266E-4                  0.014257610972578659
1.267E-4                  0.014183592147795297
1.268E-4                  0.014117439195315681
1.269E-4                  0.014054680610914484
1.27E-4                   0.013991922026521718
1.271E-4                  0.013929163442137505
1.272E-4                  0.013866404857761963
1.273E-4                  0.013803646273395224
1.274E-4                  0.013740887689037407
1.2749999999999998E-4     0.013678129104688653
1.2759999999999998E-4     0.013615370520349055
1.277E-4                  0.013552611936018751
1.278E-4                  0.013489853351697867
1.279E-4                  0.013427094767386523
1.28E-4                   0.013364336183084845
1.281E-4                  0.013301577598792962
1.282E-4                  0.013238819014510987
1.283E-4                  0.01317606043023905
1.284E-4                  0.013113301845977275
1.285E-4                  0.01305054326172579
1.2859999999999998E-4     0.012987784677484727
1.2869999999999998E-4     0.012925026093254178
1.288E-4                  0.012862267509034292
1.289E-4                  0.012799508924825183
1.29E-4                   0.01273675034062698
1.291E-4                  0.0126739917564398
1.292E-4                  0.012611233172263777
1.293E-4                  0.012548474588099027
1.294E-4                  0.012485716003945681
1.295E-4                  0.012422957419803857
1.296E-4                  0.012360198835673677
1.2969999999999998E-4     0.012297440251555287
1.2979999999999998E-4     0.012234681667448772
1.2989999999999999E-4     0.012171923083354286
1.3E-4                    0.012109164499271933
1.301E-4                  0.01204640591520185
1.302E-4                  0.011983647331144154
1.303E-4                  0.011929450028651053
1.304E-4                  0.011876400373752314
1.305E-4                  0.011823350718860268
1.306E-4                  0.011770301063974985
1.307E-4                  0.011717251409096548
1.3079999999999998E-4     0.011664201754225032
1.3089999999999998E-4     0.011611152099360495
1.3099999999999999E-4     0.011558102444503022
1.311E-4                  0.011505052789652689
1.312E-4                  0.011452003134809567
1.313E-4                  0.011398953479973734
1.314E-4                  0.01134590382514526
1.315E-4                  0.011292854170324227
1.316E-4                  0.011239804515510701
1.317E-4                  0.011186754860704766
1.318E-4                  0.011133705205906487
1.3189999999999998E-4     0.011080655551115962
1.3199999999999998E-4     0.011027605896333227
1.3209999999999999E-4     0.010974556241558377
1.322E-4                  0.010921506586791491
1.323E-4                  0.01086845693203263
1.324E-4                  0.010815407277281884
1.325E-4                  0.010762357622539315
1.326E-4                  0.010709307967805
1.327E-4                  0.010656258313079026
1.328E-4                  0.010603208658361455
1.329E-4                  0.010550159003652363
1.33E-4                   0.010497109348951825
1.3309999999999998E-4     0.010444059694259933
1.3319999999999999E-4     0.010391010039576728
1.333E-4                  0.010337960384902301
1.334E-4                  0.010284910730236732
1.335E-4                  0.010231861075580087
1.336E-4                  0.010178811420932446
1.337E-4                  0.010126299157011073
1.338E-4                  0.010081512416107974
1.339E-4                  0.010036725675202997
1.34E-4                   0.009991938934296197
1.341E-4                  0.009947152193387617
1.3419999999999998E-4     0.00990236545247731
1.3429999999999998E-4     0.009857578711565299
1.344E-4                  0.009812791970651642
1.345E-4                  0.009768005229736382
1.346E-4                  0.009723218488819567
1.347E-4                  0.009678431747901239
1.348E-4                  0.009633645006981445
1.349E-4                  0.009588858266060228
1.35E-4                   0.009544071525137636
1.351E-4                  0.00949928478421371
1.352E-4                  0.009454498043288502
1.3529999999999998E-4     0.00940971130236206
1.3539999999999998E-4     0.009364924561434413
1.355E-4                  0.009320137820505614
1.356E-4                  0.00927535107957571
1.357E-4                  0.009230564338644744
1.358E-4                  0.009185777597712762
1.359E-4                  0.009140990856779805
1.36E-4                   0.009096204115845927
1.361E-4                  0.009051417374911167
1.362E-4                  0.009006630633975572
1.363E-4                  0.008961843893039183
1.3639999999999998E-4     0.008917057152102061
1.3649999999999998E-4     0.008872270411164231
1.3659999999999999E-4     0.008827483670225738
1.367E-4                  0.008782696929286637
1.368E-4                  0.008737910188346971
1.369E-4                  0.008693123447406786
1.37E-4                   0.008648336706466123
1.371E-4                  0.00860354996552503
1.372E-4                  0.008560429803417185
1.373E-4                  0.008522355605571104
1.374E-4                  0.008484281407733033
1.3749999999999998E-4     0.008446207209903014
1.3759999999999998E-4     0.008408133012081053
1.3769999999999999E-4     0.008370058814267188
1.378E-4                  0.008331984616461442
1.379E-4                  0.00829391041866385
1.38E-4                   0.008255836220874427
1.381E-4                  0.008217762023093217
1.382E-4                  0.008179687825320239
1.383E-4                  0.008141613627555519
1.384E-4                  0.008103539429799089
1.385E-4                  0.00806546523205097
1.3859999999999998E-4     0.008027391034311207
1.3869999999999998E-4     0.007989316836579802
1.3879999999999999E-4     0.007951242638856798
1.389E-4                  0.007913168441142218
1.39E-4                   0.00787509424343609
1.391E-4                  0.007837020045738443
1.392E-4                  0.0077989458480493025
1.393E-4                  0.0077608716503687015
1.394E-4                  0.00772279745269666
1.395E-4                  0.007684723255033212
1.396E-4                  0.00764664905737838
1.3969999999999998E-4     0.007608574859732203
1.3979999999999998E-4     0.0075705006620946915
1.3989999999999999E-4     0.007532426464465879
1.4E-4                    0.007494352266845796
1.401E-4                  0.007456278069234468
1.402E-4                  0.007418203871631927
1.403E-4                  0.007380129674038193
1.404E-4                  0.007342055476453299
1.405E-4                  0.007303981278877271
1.406E-4                  0.007265907081310138
1.407E-4                  0.007230487890186449
1.408E-4                  0.0071985663750795655
1.4089999999999998E-4     0.00716664485996791
1.4099999999999998E-4     0.007134723344851483
1.411E-4                  0.007102801829730308
1.412E-4                  0.007070880314604397
1.413E-4                  0.007038958799473774
1.414E-4                  0.007007037284338448
1.415E-4                  0.006975115769198442
1.416E-4                  0.006943194254053767
1.417E-4                  0.006911272738904443
1.418E-4                  0.006879351223750486
1.419E-4                  0.006847429708591909
1.4199999999999998E-4     0.006815508193428739
1.4209999999999998E-4     0.0067835866782609755
1.422E-4                  0.006751665163088643
1.423E-4                  0.0067197436479117575
1.424E-4                  0.006687822132730336
1.425E-4                  0.006655900617544396
1.426E-4                  0.006623979102353949
1.427E-4                  0.006592057587159016
1.428E-4                  0.006560136071959613
1.429E-4                  0.006528214556755754
1.43E-4                   0.006496293041547456
1.4309999999999998E-4     0.006464371526334744
1.4319999999999998E-4     0.00643245001111762
1.433E-4                  0.0064005284958961045
1.434E-4                  0.006368606980670216
1.435E-4                  0.006336685465439969
1.436E-4                  0.006304763950205384
1.437E-4                  0.006272842434966473
1.438E-4                  0.006240920919723254
1.439E-4                  0.006208999404475743
1.44E-4                   0.006177077889223955
1.441E-4                  0.006145156373967911
1.4419999999999998E-4     0.006116048984609103
1.4429999999999998E-4     0.006088705055416054
1.4439999999999999E-4     0.006061361126229528
1.445E-4                  0.0060340171970495364
1.446E-4                  0.0060066732678760865
1.447E-4                  0.00597932933870919
1.448E-4                  0.005951985409548858
1.449E-4                  0.005924641480395101
1.45E-4                   0.005897297551247926
1.451E-4                  0.005869953622107346
1.452E-4                  0.005842609692973372
1.4529999999999998E-4     0.005815265763846018
1.4539999999999998E-4     0.005787921834725284
1.4549999999999999E-4     0.005760577905611185
1.456E-4                  0.005733233976503729
1.457E-4                  0.005705890047402931
1.458E-4                  0.005678546118308799
1.459E-4                  0.005651202189221344
1.46E-4                   0.005623858260140571
1.461E-4                  0.005596514331066498
1.462E-4                  0.005569170401999132
1.463E-4                  0.005541826472938482
1.4639999999999998E-4     0.005514482543884567
1.4649999999999998E-4     0.005487138614837383
1.4659999999999999E-4     0.005459794685796946
1.467E-4                  0.005432450756763266
1.468E-4                  0.005405106827736357
1.469E-4                  0.005377762898716223
1.47E-4                   0.005350418969702879
1.471E-4                  0.005323075040696334
1.472E-4                  0.005295731111696597
1.473E-4                  0.0052683871827036806
1.474E-4                  0.005241043253717594
1.4749999999999998E-4     0.005213699324738353
1.4759999999999998E-4     0.005186355395765955
1.4769999999999999E-4     0.005162670232286
1.478E-4                  0.0051399112004884544
1.479E-4                  0.00511715216868712
1.48E-4                   0.005094393136881998
1.481E-4                  0.005071634105073097
1.482E-4                  0.0050488750732604224
1.483E-4                  0.005026116041443978
1.484E-4                  0.005003357009623774
1.485E-4                  0.004980597977799812
1.4859999999999998E-4     0.004957838945972106
1.4869999999999998E-4     0.0049350799141406505
1.4879999999999998E-4     0.004912320882305456
1.489E-4                  0.004889561850466528
1.49E-4                   0.004866802818623875
1.491E-4                  0.0048440437867775
1.492E-4                  0.004821284754927409
1.493E-4                  0.004798525723073612
1.494E-4                  0.004775766691216108
1.495E-4                  0.0047530076593549075
1.496E-4                  0.004730248627490018
1.497E-4                  0.0047074895956214415
1.4979999999999998E-4     0.00468473056374919
1.4989999999999998E-4     0.004661971531873261
1.5E-4                    0.004639212499993663
