% Model:              20230225_JW_4_10.mph
% Version:            COMSOL 5.6.0.401
% Date:               Feb 25 2023, 20:26
% Dimension:          1
% Nodes:              1501
% Expressions:        1
% Description:        点图
% X                       Height
0                         11.324891814586344
1.0E-7                    11.32827225819774
2.0E-7                    11.347496382865563
3.0E-7                    11.383199699995151
4.0E-7                    11.402438351562774
5.0E-7                    11.406555427497329
6.0E-7                    11.418231030847561
7.0E-7                    11.422486340989805
8.0E-7                    11.420767335417978
9.0E-7                    11.412284484374103
1.0E-6                    11.40447761987849
1.1E-6                    11.387936601229647
1.2E-6                    11.371862624139311
1.2999999999999998E-6     11.351092863117447
1.4E-6                    11.327633648209154
1.5E-6                    11.301494235478053
1.6E-6                    11.274106182439242
1.6999999999999998E-6     11.24390681330866
1.8E-6                    11.211861442546919
1.9E-6                    11.178430076175447
2.0E-6                    11.143466815936254
2.1E-6                    11.107345038291431
2.2E-6                    11.07019411086809
2.3E-6                    11.032066461112851
2.4E-6                    10.992974708971062
2.4999999999999998E-6     10.953150889096522
2.5999999999999997E-6     10.912842700455148
2.7E-6                    10.871810148312807
2.8E-6                    10.83049339277293
2.8999999999999998E-6     10.788731453905667
3.0E-6                    10.746524702486484
3.1E-6                    10.704099940290902
3.2E-6                    10.661399583259279
3.2999999999999997E-6     10.618526393046364
3.3999999999999996E-6     10.57550884259093
3.5E-6                    10.532308074284659
3.6E-6                    10.489054856227465
3.6999999999999997E-6     10.445726272937884
3.8E-6                    10.402354920584239
3.9E-6                    10.358972755363785
4.0E-6                    10.315591436044823
4.1E-6                    10.272264403779106
4.2E-6                    10.228970971234567
4.2999999999999995E-6     10.185678306195069
4.4E-6                    10.142454926409998
4.5E-6                    10.099316242858283
4.6E-6                    10.056178243575296
4.7E-6                    10.013113576457442
4.8E-6                    9.970237268698815
4.9E-6                    9.9273616342991
4.9999999999999996E-6     9.884525576414276
5.0999999999999995E-6     9.842008555214461
5.199999999999999E-6      9.79949211405763
5.3E-6                    9.756976275882826
5.4E-6                    9.714971407227353
5.5E-6                    9.673000462223058
5.6E-6                    9.631030098739867
5.7E-6                    9.589060338461108
5.7999999999999995E-6     9.547091203388748
5.899999999999999E-6      9.505122715839374
6.0E-6                    9.463662921709233
6.1E-6                    9.422544717683031
6.2E-6                    9.381426968711473
6.3E-6                    9.340309694275367
6.4E-6                    9.299192914127248
6.5E-6                    9.258076648288053
6.5999999999999995E-6     9.217209965019007
6.699999999999999E-6      9.177060254193425
6.799999999999999E-6      9.136911002292344
6.9E-6                    9.096762226987611
7.0E-6                    9.056613946183505
7.1E-6                    9.016466178013816
7.2E-6                    8.976318940838945
7.2999999999999996E-6     8.936785155721292
7.3999999999999995E-6     8.897306788381188
7.499999999999999E-6      8.857828797750877
7.6E-6                    8.818351200751932
7.699999999999999E-6      8.778874014501454
7.8E-6                    8.739397256309541
7.899999999999999E-6      8.70046243047778
8.0E-6                    8.661924588468997
8.1E-6                    8.62338714101969
8.2E-6                    8.58485010316618
8.3E-6                    8.546313490111194
8.4E-6                    8.507777317221683
8.5E-6                    8.470291868159347
8.599999999999999E-6      8.432962453412829
8.7E-6                    8.395633412732058
8.8E-6                    8.35830476041359
8.9E-6                    8.320976510897783
9.0E-6                    8.283767238476472
9.1E-6                    8.246600999572696
9.2E-6                    8.20943509837458
9.299999999999999E-6      8.172269548938113
9.4E-6                    8.135191902276448
9.499999999999999E-6      8.098800921908326
9.6E-6                    8.062410225391147
9.7E-6                    8.026019824917054
9.8E-6                    7.989629732785767
9.9E-6                    7.953601974647421
9.999999999999999E-6      7.917949817659962
1.01E-5                   7.88229797716519
1.0199999999999999E-5     7.846646465015404
1.03E-5                   7.810995293168498
1.0399999999999999E-5     7.775740474172954
1.05E-5                   7.740545659893697
1.06E-5                   7.705351094240872
1.07E-5                   7.670156788666419
1.08E-5                   7.635148453249358
1.0899999999999999E-5     7.600707216748598
1.1E-5                    7.566266237480313
1.1099999999999999E-5     7.531825525489812
1.12E-5                   7.497385090903074
1.13E-5                   7.4633553770628245
1.14E-5                   7.429572533611212
1.15E-5                   7.395789925541154
1.1599999999999999E-5     7.362007562908446
1.17E-5                   7.328226797705142
1.1799999999999999E-5     7.294975350303589
1.19E-5                   7.261724127050382
1.2E-5                    7.22847313696373
1.21E-5                   7.195222389130178
1.22E-5                   7.162226297207765
1.2299999999999999E-5     7.129644753557147
1.24E-5                   7.097063383044577
1.2499999999999999E-5     7.0644821944149125
1.26E-5                   7.031901196466566
1.2699999999999999E-5     6.999834395178349
1.28E-5                   6.9679316611668325
1.29E-5                   6.936029171197334
1.3E-5                    6.904126933035459
1.31E-5                   6.872112173181618
1.3199999999999999E-5     6.839382192139138
1.33E-5                   6.806652331516741
1.3399999999999999E-5     6.773922600924196
1.35E-5                   6.741193010022603
1.3599999999999999E-5     6.712252396326824
1.37E-5                   6.683403970276789
1.38E-5                   6.654555658091786
1.3899999999999999E-5     6.625166347294093
1.4E-5                    6.5948137046183195
1.4099999999999999E-5     6.564461565023596
1.42E-5                   6.533850075875696
1.4299999999999999E-5     6.502659723953209
1.44E-5                   6.471469191754795
1.45E-5                   6.442468420393636
1.4599999999999999E-5     6.414552399890991
1.47E-5                   6.385817869302149
1.4799999999999999E-5     6.35518587453137
1.49E-5                   6.324820842066811
1.4999999999999999E-5     6.29575133868865
1.51E-5                   6.266891562891241
1.52E-5                   6.238650147879416
1.53E-5                   6.20984046378581
1.5399999999999998E-5     6.180521479177821
1.55E-5                   6.1520774374372955
1.56E-5                   6.123835174846929
1.57E-5                   6.095412432055115
1.5799999999999998E-5     6.067119195677259
1.59E-5                   6.039066298837896
1.6E-5                    6.011044867698474
1.61E-5                   5.983042406807018
1.62E-5                   5.955370830900411
1.63E-5                   5.927763353366583
1.64E-5                   5.9002835606496555
1.6499999999999998E-5     5.8728095803369635
1.66E-5                   5.845342663695047
1.67E-5                   5.818309730693755
1.68E-5                   5.791444778005381
1.69E-5                   5.764361531024512
1.7E-5                    5.737398087997713
1.71E-5                   5.710762045207568
1.7199999999999998E-5     5.684236823629973
1.73E-5                   5.657804606336308
1.74E-5                   5.631383943557916
1.75E-5                   5.605005493027595
1.76E-5                   5.579017152953842
1.77E-5                   5.553041139188485
1.78E-5                   5.5270863222910025
1.7899999999999998E-5     5.501357500860462
1.8E-5                    5.47575555262436
1.81E-5                   5.45015370689581
1.82E-5                   5.424627465856291
1.8299999999999998E-5     5.399425392653979
1.84E-5                   5.3742234054441935
1.85E-5                   5.349021507941502
1.8599999999999998E-5     5.3240784165305834
1.87E-5                   5.299227564419041
1.88E-5                   5.274376799018087
1.89E-5                   5.249646314572152
1.8999999999999998E-5     5.225216327553154
1.91E-5                   5.20078642286551
1.92E-5                   5.176356603857174
1.9299999999999998E-5     5.152203355678218
1.94E-5                   5.1281051479944075
1.95E-5                   5.10400701576444
1.96E-5                   5.080066894215582
1.9699999999999998E-5     5.056381739380881
1.98E-5                   5.032696662709302
1.99E-5                   5.009011667239896
1.9999999999999998E-5     4.985622202203961
2.01E-5                   4.962254706308705
2.02E-5                   4.938887275507742
2.03E-5                   4.915720513360874
2.0399999999999998E-5     4.892771683148003
2.05E-5                   4.869822927434325
2.06E-5                   4.8468821055072215
2.07E-5                   4.82421628515526
2.0799999999999997E-5     4.801550518594015
2.09E-5                   4.778884808547449
2.1E-5                    4.756471676940001
2.1099999999999998E-5     4.734244350706924
2.12E-5                   4.7120170932554535
2.13E-5                   4.689820667866679
2.14E-5                   4.667840433667977
2.1499999999999997E-5     4.645860249880444
2.16E-5                   4.6238801190013445
2.17E-5                   4.6021946843343144
2.1799999999999998E-5     4.58065246884658
2.19E-5                   4.5591103109328515
2.2E-5                    4.53762758017648
2.21E-5                   4.516353681626929
2.2199999999999998E-5     4.4950798379054575
2.23E-5                   4.4738060512791185
2.24E-5                   4.452758021979803
2.2499999999999998E-5     4.431777524035176
2.26E-5                   4.410797066953743
2.27E-5                   4.390001161060627
2.28E-5                   4.369600628906544
2.2899999999999998E-5     4.349200155663153
2.3E-5                    4.328799743208616
2.31E-5                   4.3080415042916425
2.3199999999999998E-5     4.287228224980817
2.33E-5                   4.266414989875687
2.34E-5                   4.246338350497979
2.35E-5                   4.2272999149619235
2.3599999999999998E-5     4.2082614983056
2.37E-5                   4.18895634667884
2.38E-5                   4.16905359234749
2.3899999999999998E-5     4.149150960420621
2.4E-5                    4.1290682090352755
2.41E-5                   4.108814469644469
2.42E-5                   4.088560690477386
2.4299999999999998E-5     4.070291591219901
2.44E-5                   4.052027937172917
2.45E-5                   4.03268845776535
2.4599999999999998E-5     4.01295717259208
2.4699999999999997E-5     3.9937236546493873
2.48E-5                   3.974708376925078
2.49E-5                   3.9560646037948106
2.4999999999999998E-5     3.9376145890953644
2.51E-5                   3.918910359811393
2.52E-5                   3.9000499244166034
2.53E-5                   3.8815561129338194
2.5399999999999997E-5     3.863326067355402
2.55E-5                   3.8450974180290394
2.56E-5                   3.826869935947158
2.5699999999999998E-5     3.808735254128314
2.58E-5                   3.7906911953591713
2.59E-5                   3.7726882207933548
2.6E-5                    3.754731941154853
2.6099999999999997E-5     3.736889286530118
2.62E-5                   3.7191971024143795
2.63E-5                   3.701546594979772
2.6399999999999998E-5     3.683960617210709
2.65E-5                   3.6664681258739633
2.66E-5                   3.649145826192073
2.67E-5                   3.631884124807544
2.6799999999999998E-5     3.614753175239414
2.69E-5                   3.597617742759643
2.7E-5                    3.580470650554609
2.7099999999999998E-5     3.5633946530404756
2.7199999999999997E-5     3.5465425831049333
2.73E-5                   3.5297008745305365
2.74E-5                   3.5128997271030444
2.7499999999999998E-5     3.496129799832334
2.76E-5                   3.479517485612221
2.77E-5                   3.462929254861521
2.7799999999999998E-5     3.4465058579361285
2.7899999999999997E-5     3.4300906946355725
2.8E-5                    3.413759002870968
2.81E-5                   3.3974383945438142
2.8199999999999998E-5     3.381320789791633
2.83E-5                   3.3652060024500674
2.84E-5                   3.3492902780261256
2.8499999999999998E-5     3.33337457303264
2.8599999999999997E-5     3.317458888365706
2.87E-5                   3.301543224922571
2.88E-5                   3.2859315571058394
2.8899999999999998E-5     3.2703399556142303
2.9E-5                    3.2547483743253607
2.91E-5                   3.2391568140787528
2.9199999999999998E-5     3.2238226775863508
2.9299999999999997E-5     3.2085296199094144
2.94E-5                   3.1932365808832524
2.95E-5                   3.17794356129963
2.9599999999999998E-5     3.1628870959427333
2.97E-5                   3.1478947716562753
2.98E-5                   3.132902464872832
2.99E-5                   3.1179101763405037
2.9999999999999997E-5     3.1031327773765285
3.01E-5                   3.0884427262991356
3.02E-5                   3.0737526920250757
3.0299999999999998E-5     3.059062675254055
3.04E-5                   3.044542971587714
3.05E-5                   3.030121037418183
3.06E-5                   3.0156991182675967
3.07E-5                   3.001277214799964
3.0799999999999996E-5     2.9870141807253567
3.09E-5                   2.972876173828129
3.1E-5                    2.9587381820397503
3.11E-5                   2.9446002059823293
3.12E-5                   2.9305878772826968
3.13E-5                   2.9167095517133785
3.14E-5                   2.9028312393330884
3.15E-5                   2.8889529407328025
3.1599999999999996E-5     2.8752403212763507
3.17E-5                   2.861767893896836
3.18E-5                   2.8482954787217833
3.1899999999999996E-5     2.8348230762881927
3.2E-5                    2.8213506871335547
3.21E-5                   2.8078783117958515
3.22E-5                   2.7944059508135415
3.23E-5                   2.7809336047255555
3.24E-5                   2.767592011314672
3.25E-5                   2.754628816399659
3.26E-5                   2.7416656309494303
3.2699999999999995E-5     2.728702455441843
3.28E-5                   2.7157392903551676
3.29E-5                   2.7027761361680858
3.2999999999999996E-5     2.689812993359683
3.31E-5                   2.676849862409441
3.32E-5                   2.6639386224212096
3.3299999999999996E-5     2.6514678188478853
3.34E-5                   2.6389970241617413
3.35E-5                   2.626526238787456
3.36E-5                   2.614055463150051
3.37E-5                   2.601584697674875
3.38E-5                   2.5891139427876126
3.39E-5                   2.576643198914271
3.4E-5                    2.5641724664811774
3.4099999999999995E-5     2.5521428145522185
3.42E-5                   2.5401344524377376
3.43E-5                   2.528126098258921
3.4399999999999996E-5     2.516117752394066
3.45E-5                   2.504109415221741
3.46E-5                   2.4921010871207905
3.4699999999999996E-5     2.4800927684703247
3.48E-5                   2.468084459649717
3.49E-5                   2.4564531703099517
3.5E-5                    2.4449146372395916
3.51E-5                   2.4333761114928274
3.52E-5                   2.4218375934057788
3.53E-5                   2.410299083314796
3.54E-5                   2.398760581556448
3.5499999999999996E-5     2.3872220884675284
3.56E-5                   2.3756836043850424
3.57E-5                   2.364418649295673
3.5799999999999996E-5     2.3533002367547273
3.59E-5                   2.3421818303087782
3.6E-5                    2.3310634302577307
3.6099999999999997E-5     2.3199450369016774
3.62E-5                   2.308826650540895
3.63E-5                   2.2977082714758468
3.64E-5                   2.286589900007171
3.65E-5                   2.2756904642601277
3.6599999999999995E-5     2.265010189077626
3.67E-5                   2.254329919705285
3.68E-5                   2.2436496564086204
3.6899999999999996E-5     2.2329693994533018
3.7E-5                    2.222289149105148
3.71E-5                   2.2116089056301287
3.7199999999999996E-5     2.2009286692943575
3.73E-5                   2.1903861408409133
3.74E-5                   2.1801012312621393
3.75E-5                   2.1698163263751304
3.76E-5                   2.1595314264172516
3.77E-5                   2.149246531625998
3.78E-5                   2.138961642238993
3.79E-5                   2.128676758493982
3.7999999999999995E-5     2.1183918806288347
3.81E-5                   2.108181702713824
3.82E-5                   2.0982761416928732
3.8299999999999996E-5     2.088370585344618
3.84E-5                   2.078465033880705
3.85E-5                   2.068559487512889
3.8599999999999996E-5     2.058653946453024
3.87E-5                   2.0487484109130643
3.88E-5                   2.038842881105062
3.89E-5                   2.02895710789953
3.9E-5                    2.0194855431204024
3.9099999999999995E-5     2.0100139816344953
3.92E-5                   2.000542423625323
3.93E-5                   1.9910708692764876
3.9399999999999995E-5     1.9815993187716776
3.95E-5                   1.9721277722946646
3.96E-5                   1.9626562300293053
3.9699999999999996E-5     1.9531846921595408
3.98E-5                   1.9438963194188448
3.99E-5                   1.934629644516364
3.9999999999999996E-5     1.925362974378898
4.01E-5                   1.9160963091840546
4.02E-5                   1.9068296491095136
4.03E-5                   1.8975629943330237
4.04E-5                   1.8882963450323977
4.0499999999999995E-5     1.8790297013855182
4.06E-5                   1.8702716444409269
4.07E-5                   1.861689786166989
4.0799999999999996E-5     1.8531079287401668
4.09E-5                   1.8445260722880998
4.1E-5                    1.8359442169384854
4.1099999999999996E-5     1.8273623628190767
4.12E-5                   1.8187805100576793
4.13E-5                   1.810198658782155
4.14E-5                   1.801649243760742
4.15E-5                   1.7931222560112665
4.1599999999999995E-5     1.7845952772874336
4.17E-5                   1.776068307750756
4.18E-5                   1.7675413475627935
4.1899999999999995E-5     1.7590143968851468
4.2E-5                    1.7504107456052391
4.21E-5                   1.7417354939635576
4.2199999999999996E-5     1.733060239678696
4.23E-5                   1.7243849828861921
4.24E-5                   1.7159290628281534
4.2499999999999996E-5     1.7078742193175045
4.26E-5                   1.6998193809948199
4.27E-5                   1.691764547948245
4.28E-5                   1.6836688742962727
4.29E-5                   1.6755540305036818
4.2999999999999995E-5     1.6674391887509057
4.31E-5                   1.659361762127409
4.32E-5                   1.6513007068826813
4.3299999999999995E-5     1.6433072655154937
4.34E-5                   1.6356074023193798
4.35E-5                   1.6279075464342185
4.3599999999999996E-5     1.6200877116013863
4.37E-5                   1.6122667326677915
4.38E-5                   1.6045160889359633
4.3899999999999996E-5     1.5967961049801016
4.4E-5                    1.5891821938850008
4.41E-5                   1.5815681331352118
4.42E-5                   1.5739538819556278
4.43E-5                   1.566396733124941
4.4399999999999995E-5     1.558869056377513
4.45E-5                   1.5513876100485127
4.46E-5                   1.5439194206734765
4.4699999999999996E-5     1.5365159351076345
4.48E-5                   1.5291288250331472
4.49E-5                   1.5217776987217584
4.4999999999999996E-5     1.5144678824166453
4.51E-5                   1.5071946386655883
4.52E-5                   1.49996262884552
4.5299999999999997E-5     1.492744503959346
4.54E-5                   1.4855747419239487
4.5499999999999995E-5     1.478422252309785
4.56E-5                   1.4713389901144656
4.57E-5                   1.4642714782587547
4.5799999999999995E-5     1.457227469111617
4.59E-5                   1.4502258754328232
4.6E-5                    1.4432503979750164
4.6099999999999996E-5     1.4363284013670234
4.62E-5                   1.4294194427228355
4.63E-5                   1.4225556256615552
4.6399999999999996E-5     1.415721018630713
4.65E-5                   1.4089645747461879
4.66E-5                   1.4022081324394569
4.67E-5                   1.3954516917771338
4.68E-5                   1.3887826388692373
4.6899999999999995E-5     1.3821497257336395
4.7E-5                    1.3755168140464755
4.71E-5                   1.3688999680821214
4.7199999999999995E-5     1.3623795189509758
4.73E-5                   1.3558590712310066
4.74E-5                   1.349338624982164
4.7499999999999996E-5     1.3428819295307788
4.76E-5                   1.3364717315138157
4.77E-5                   1.3300615348085245
4.7799999999999996E-5     1.3236528097904057
4.79E-5                   1.3173503038081409
4.8E-5                    1.3110477990940967
4.81E-5                   1.3047452957024455
4.82E-5                   1.2984911620748132
4.8299999999999995E-5     1.2922963720151162
4.84E-5                   1.2861015831202123
4.85E-5                   1.279906795441491
4.8599999999999995E-5     1.2738039016712392
4.87E-5                   1.2677130129897536
4.88E-5                   1.2616221255083702
4.8899999999999996E-5     1.2555835638578985
4.9E-5                    1.2496562608371642
4.91E-5                   1.2437289588086604
4.9199999999999997E-5     1.2378016578173807
4.93E-5                   1.2318743579083238
4.9399999999999995E-5     1.2259470591264983
4.95E-5                   1.220019761516919
4.96E-5                   1.2141312763739454
4.9699999999999995E-5     1.2084075259540872
4.98E-5                   1.2026837763903593
4.99E-5                   1.1969600277233055
4.9999999999999996E-5     1.1912362799934757
5.01E-5                   1.1855125332414262
5.02E-5                   1.17978878750772
5.0299999999999996E-5     1.174076717889721
5.04E-5                   1.1685428564633533
5.05E-5                   1.16300899578836
5.06E-5                   1.157475135901335
5.07E-5                   1.151941276838875
5.0799999999999995E-5     1.1464074186375839
5.09E-5                   1.1408735613340701
5.1E-5                    1.1353397049649483
5.1099999999999995E-5     1.1300614186013107
5.12E-5                   1.1248016928031934
5.13E-5                   1.1195419676755234
5.1399999999999996E-5     1.114282243249733
5.15E-5                   1.1090225195572587
5.16E-5                   1.103762796629542
5.1699999999999996E-5     1.098503074498029
5.18E-5                   1.0932433531941683
5.1899999999999994E-5     1.0879836327494141
5.2E-5                    1.0827239131952244
5.21E-5                   1.0774641945630605
5.2199999999999995E-5     1.0722044768843888
5.23E-5                   1.0669447601906779
5.24E-5                   1.061685044513402
5.2499999999999995E-5     1.056658962372383
5.26E-5                   1.0517459285123958
5.27E-5                   1.0468328950326258
5.2799999999999996E-5     1.041919861958646
5.29E-5                   1.0370068293160302
5.3E-5                    1.0320937971303572
5.3099999999999996E-5     1.0271807654272085
5.32E-5                   1.0222677342321687
5.3299999999999995E-5     1.017354703570825
5.34E-5                   1.0124416734687673
5.35E-5                   1.007528643951591
5.3599999999999995E-5     1.002615615044892
5.37E-5                   0.9977025867742697
5.38E-5                   0.9927895591653264
5.3899999999999996E-5     0.9880117819583341
5.4E-5                    0.9834242413316165
5.41E-5                   0.9788367010781999
5.4199999999999996E-5     0.9742491612189325
5.43E-5                   0.9696616217746642
5.4399999999999994E-5     0.9650740827662487
5.4499999999999997E-5     0.9604865442145402
5.46E-5                   0.9558990061403959
5.4699999999999995E-5     0.9513114685646764
5.48E-5                   0.9467239315082416
5.49E-5                   0.9421363949919557
5.4999999999999995E-5     0.9375488590366843
5.51E-5                   0.9329613236632951
5.52E-5                   0.9283737888926573
5.5299999999999996E-5     0.9238333656744626
5.54E-5                   0.9195456147275217
5.55E-5                   0.9152578640614378
5.5599999999999996E-5     0.9109701136931758
5.57E-5                   0.9066823636397012
5.5799999999999994E-5     0.902394613917982
5.59E-5                   0.8981068645449863
5.6E-5                    0.8938191155376853
5.6099999999999995E-5     0.8895313669130515
5.62E-5                   0.8852436186880579
5.63E-5                   0.8809558708796797
5.6399999999999995E-5     0.8766681235048942
5.65E-5                   0.8723803765806785
5.66E-5                   0.8680926301240126
5.6699999999999996E-5     0.8638048841518777
5.68E-5                   0.8597769754131896
5.69E-5                   0.855778333208029
5.6999999999999996E-5     0.8517796912436553
5.71E-5                   0.8477810495338912
5.7199999999999994E-5     0.8437824080925604
5.73E-5                   0.8397837669334873
5.74E-5                   0.835785126070498
5.7499999999999995E-5     0.8317864855174197
5.76E-5                   0.8277878452880799
5.77E-5                   0.8237892053963083
5.7799999999999995E-5     0.8197905658559349
5.79E-5                   0.8157919266807907
5.8E-5                    0.8117932878847082
5.8099999999999996E-5     0.807794649481521
5.82E-5                   0.8039601732175864
5.8299999999999994E-5     0.8002178831229034
5.8399999999999997E-5     0.7964755932287768
5.85E-5                   0.7927333035464877
5.8599999999999995E-5     0.7889910140873174
5.87E-5                   0.7852487248625476
5.88E-5                   0.7815064358834616
5.8899999999999995E-5     0.7777641471613437
5.9E-5                    0.7740218587074776
5.91E-5                   0.7702795705331487
5.9199999999999996E-5     0.7665372826496437
5.93E-5                   0.7627949950682483
5.94E-5                   0.7590527078002509
5.9499999999999996E-5     0.7553104208569393
5.96E-5                   0.7516655265934816
5.9699999999999994E-5     0.7481781903103173
5.98E-5                   0.7446908541801258
5.99E-5                   0.7412035182120571
5.9999999999999995E-5     0.7377161824152613
6.01E-5                   0.7342288467988881
6.02E-5                   0.7307415113720892
6.0299999999999995E-5     0.7272541761440161
6.04E-5                   0.7237668411238205
6.05E-5                   0.7202795063206556
6.0599999999999996E-5     0.7167921717436748
6.07E-5                   0.7133048374020313
6.08E-5                   0.70981750330488
6.0899999999999996E-5     0.7063301694613755
6.1E-5                    0.7028705293963503
6.11E-5                   0.699607210241161
6.12E-5                   0.6963438912191889
6.13E-5                   0.6930805723379373
6.14E-5                   0.6898172536049089
6.149999999999999E-5      0.6865539350276079
6.159999999999999E-5      0.6832906166135372
6.17E-5                   0.6800272983702017
6.18E-5                   0.6767639803051061
6.19E-5                   0.6735006624257555
6.2E-5                    0.670237344739655
6.209999999999999E-5      0.6669740272543112
6.22E-5                   0.6637107099772295
6.23E-5                   0.6604473929159167
6.24E-5                   0.6571840760778797
6.25E-5                   0.6541080609950513
6.26E-5                   0.6510612174052783
6.269999999999999E-5      0.6480143739210904
6.28E-5                   0.6449675305485624
6.29E-5                   0.6419206872937714
6.3E-5                    0.638873844162794
6.31E-5                   0.635827001161707
6.319999999999999E-5      0.6327801582965881
6.33E-5                   0.6297333155735136
6.34E-5                   0.6266864729985622
6.35E-5                   0.6236396305778115
6.36E-5                   0.6205927883173403
6.37E-5                   0.6175459462232268
6.379999999999999E-5      0.6144991043015497
6.39E-5                   0.6115800969918487
6.4E-5                    0.6087439040569972
6.41E-5                   0.6059077112081008
6.42E-5                   0.6030715184501025
6.429999999999999E-5      0.6002353257879447
6.44E-5                   0.5973991332265697
6.45E-5                   0.5945629407709209
6.46E-5                   0.5917267484259414
6.47E-5                   0.5888905561965749
6.48E-5                   0.5860543640877648
6.489999999999999E-5      0.5832181721044551
6.5E-5                    0.5803819802515898
6.51E-5                   0.5775457885341125
6.52E-5                   0.5747095969569681
6.53E-5                   0.5719288651576808
6.539999999999999E-5      0.5692518214516255
6.549999999999999E-5      0.5665747778309406
6.56E-5                   0.5638977342997463
6.57E-5                   0.5612206908621631
6.58E-5                   0.5585436475223104
6.59E-5                   0.5558666042843089
6.599999999999999E-5      0.553189561152279
6.61E-5                   0.5505125181303411
6.62E-5                   0.5478354752226154
6.63E-5                   0.5451584324332235
6.64E-5                   0.5424813897662859
6.65E-5                   0.5398043472259237
6.659999999999999E-5      0.5371273048162585
6.67E-5                   0.5344712383114646
6.68E-5                   0.5320270077502983
6.69E-5                   0.5295827772150695
6.7E-5                    0.5271385467089132
6.709999999999999E-5      0.5246943162349632
6.72E-5                   0.522250085796353
6.73E-5                   0.5198058553962173
6.74E-5                   0.5173616250376905
6.75E-5                   0.5149173947239067
6.76E-5                   0.5124731644580011
6.769999999999999E-5      0.5100289342431081
6.78E-5                   0.5075847040823622
6.79E-5                   0.5051404739788982
6.8E-5                    0.5026962439358514
6.81E-5                   0.5002520139563568
6.819999999999999E-5      0.4978902792311218
6.829999999999999E-5      0.4955452362106588
6.84E-5                   0.49320019337067966
6.85E-5                   0.49085515071411345
6.86E-5                   0.4885101082438896
6.87E-5                   0.48616506596293746
6.879999999999999E-5      0.48382002387418666
6.89E-5                   0.48147498198056615
6.9E-5                    0.479129940285006
6.91E-5                   0.47678489879043534
6.92E-5                   0.47443985749978423
6.929999999999999E-5      0.47209481641598244
6.939999999999999E-5      0.4697497755419589
6.95E-5                   0.4675184063922542
6.96E-5                   0.4652871313236085
6.97E-5                   0.46305585620889894
6.98E-5                   0.4608245810503291
6.989999999999999E-5      0.4585933058501026
7.0E-5                    0.45636203061042263
7.01E-5                   0.45413075533349334
7.02E-5                   0.4518994800215182
7.03E-5                   0.4496682046767011
7.04E-5                   0.447436929301246
7.049999999999999E-5      0.44527193275969873
7.06E-5                   0.4431988432425258
7.07E-5                   0.441125753821604
7.08E-5                   0.4390526644988646
7.09E-5                   0.4369795752762392
7.099999999999999E-5      0.4349064861556596
7.11E-5                   0.43283339713905705
7.12E-5                   0.4307603082283635
7.13E-5                   0.4286872194255103
7.14E-5                   0.42664639652050845
7.15E-5                   0.42460838353966257
7.159999999999999E-5      0.42257037056639013
7.17E-5                   0.42053235760261953
7.18E-5                   0.4184943446502801
7.19E-5                   0.416456331711301
7.2E-5                    0.4144183187876117
7.209999999999999E-5      0.4124523727833424
7.219999999999999E-5      0.4104953376686481
7.23E-5                   0.40853830260489116
7.24E-5                   0.40658126759356006
7.25E-5                   0.40462423263614333
7.26E-5                   0.40266719773412957
7.269999999999999E-5      0.4007480314396029
7.28E-5                   0.3988348903807838
7.29E-5                   0.396921749353486
7.3E-5                    0.3950086083593154
7.31E-5                   0.39309546739987833
7.319999999999999E-5      0.39120780315972137
7.329999999999999E-5      0.3893466793130581
7.34E-5                   0.3874855554853734
7.35E-5                   0.38562443167802424
7.36E-5                   0.3837633078923681
7.37E-5                   0.3819334490885784
7.379999999999999E-5      0.38012012273956
7.39E-5                   0.3783067964486158
7.4E-5                    0.3764934702170103
7.41E-5                   0.37468652727846025
7.42E-5                   0.37289433625701063
7.429999999999999E-5      0.3711021452269621
7.439999999999999E-5      0.36930995418959245
7.45E-5                   0.3675177631461806
7.46E-5                   0.36577379367523677
7.47E-5                   0.3640323662396274
7.48E-5                   0.36229093886687397
7.489999999999999E-5      0.3605495115580849
7.5E-5                    0.3588250475251296
7.51E-5                   0.3571119949088641
7.52E-5                   0.3553989422868724
7.53E-5                   0.35368588966025194
7.54E-5                   0.35198203776750053
7.549999999999999E-5      0.35030642676984847
7.56E-5                   0.3486308158172502
7.57E-5                   0.3469552049107145
7.58E-5                   0.3452795940512504
7.59E-5                   0.34363625064632236
7.599999999999999E-5      0.34199674764544485
7.609999999999999E-5      0.3403572446535313
7.62E-5                   0.33871774167153224
7.63E-5                   0.337095192381574
7.64E-5                   0.33548699550397654
7.65E-5                   0.33387879865253606
7.659999999999999E-5      0.33227060182814727
7.67E-5                   0.3306691542244531
7.68E-5                   0.3290965823913218
7.69E-5                   0.3275240105775412
7.7E-5                    0.3259514387839511
7.709999999999999E-5      0.32437886701139185
7.719999999999999E-5      0.32283220771542764
7.73E-5                   0.32129058152304996
7.74E-5                   0.31974895534485304
7.75E-5                   0.31820732918162387
7.76E-5                   0.31668160454861566
7.769999999999999E-5      0.31517274736137907
7.78E-5                   0.31366389019738156
7.79E-5                   0.312155033057364
7.8E-5                    0.3106502794297421
7.81E-5                   0.3091722369219675
7.819999999999999E-5      0.30769419442320817
7.829999999999999E-5      0.30621615193415963
7.84E-5                   0.30473810945551844
7.85E-5                   0.30328405707132
7.86E-5                   0.30183672891787466
7.87E-5                   0.30038940078575765
7.879999999999999E-5      0.2989420726756203
7.89E-5                   0.29751449344347813
7.9E-5                    0.2961132024130938
7.91E-5                   0.29471191139311137
7.92E-5                   0.2933106203841243
7.93E-5                   0.2919093293867263
7.939999999999999E-5      0.2905080384015112
7.95E-5                   0.2891067474290721
7.96E-5                   0.2877054564700028
7.97E-5                   0.28630416552489685
7.98E-5                   0.2849449642920123
7.989999999999999E-5      0.2836017451139782
7.999999999999999E-5      0.2822585259481338
8.01E-5                   0.2809153067950005
8.02E-5                   0.2795720876550993
8.03E-5                   0.27822886852895123
8.04E-5                   0.2768856494170775
8.049999999999999E-5      0.2755424303199994
8.06E-5                   0.2742003360604919
8.07E-5                   0.27291172422711957
8.08E-5                   0.2716231124019545
8.09E-5                   0.27033450058545827
8.099999999999999E-5      0.2690458887780925
8.109999999999999E-5      0.26775727698031804
8.12E-5                   0.2664686651925969
8.13E-5                   0.26518005341539014
8.14E-5                   0.26389144164915956
8.15E-5                   0.26262735038475354
8.159999999999999E-5      0.2614162348557012
8.17E-5                   0.26020511933446155
8.18E-5                   0.25899400382141713
8.19E-5                   0.25778288831695034
8.2E-5                    0.25657177282144344
8.209999999999999E-5      0.25536065733527913
8.219999999999999E-5      0.2541495418588392
8.23E-5                   0.25293842639250635
8.24E-5                   0.25172731093666306
8.25E-5                   0.2505161954916915
8.26E-5                   0.24930508005797405
8.269999999999999E-5      0.2480939646358934
8.28E-5                   0.24688284922583154
8.29E-5                   0.2456717338281709
8.3E-5                    0.24446061844329403
8.31E-5                   0.2432495030715833
8.319999999999999E-5      0.2420383877134212
8.329999999999999E-5      0.24091545878855264
8.34E-5                   0.23980146186889967
8.35E-5                   0.2386874649526727
8.36E-5                   0.23757346804016943
8.37E-5                   0.23645947113168772
8.379999999999999E-5      0.23534547422752536
8.389999999999999E-5      0.23423147732797997
8.4E-5                    0.23311748043334946
8.41E-5                   0.2320034835439315
8.42E-5                   0.23088948666002412
8.43E-5                   0.22977548978192494
8.439999999999999E-5      0.22866149290993193
8.45E-5                   0.22754749604434268
8.46E-5                   0.22643349918545505
8.47E-5                   0.22531950233356696
8.48E-5                   0.22420550548897608
8.489999999999999E-5      0.2230915086519804
8.499999999999999E-5      0.22202209908312434
8.51E-5                   0.22099733911843325
8.52E-5                   0.2199725791576568
8.53E-5                   0.21894781920102677
8.54E-5                   0.2179230592487748
8.549999999999999E-5      0.2168982993011328
8.56E-5                   0.21587353935833223
8.57E-5                   0.2148487794206049
8.58E-5                   0.21382401948818258
8.59E-5                   0.212799259561297
8.599999999999999E-5      0.21177449964018005
8.609999999999999E-5      0.21074973972506306
8.62E-5                   0.2097249798161781
8.63E-5                   0.2087002199137568
8.64E-5                   0.20767546001803086
8.65E-5                   0.2066507001292321
8.659999999999999E-5      0.20562594024759234
8.669999999999999E-5      0.20460868218354958
8.68E-5                   0.2036661144500347
8.69E-5                   0.2027235467189922
8.7E-5                    0.20178097899060218
8.709999999999999E-5      0.20083841126504517
8.719999999999999E-5      0.19989584354250112
8.73E-5                   0.19895327582315037
8.74E-5                   0.1980107081071732
8.75E-5                   0.19706814039474993
8.76E-5                   0.19612557268606073
8.769999999999999E-5      0.19518300498128618
8.779999999999999E-5      0.19424043728060605
8.79E-5                   0.1932978695842009
8.8E-5                    0.19235530189225092
8.81E-5                   0.19141273420493632
8.82E-5                   0.19047016652243753
8.829999999999999E-5      0.18952759884493484
8.84E-5                   0.18858503117260833
8.85E-5                   0.1876940505602106
8.86E-5                   0.1868270248747941
8.87E-5                   0.18595999919163786
8.879999999999999E-5      0.18509297351088258
8.889999999999999E-5      0.18422594783266844
8.9E-5                    0.18335892215713595
8.91E-5                   0.1824918964844256
8.92E-5                   0.18162487081467776
8.93E-5                   0.180757845148033
8.939999999999999E-5      0.1798908194846318
8.95E-5                   0.17902379382461445
8.96E-5                   0.17815676816812132
8.97E-5                   0.17728974251529314
8.98E-5                   0.17642271686627012
8.989999999999999E-5      0.175555691221193
8.999999999999999E-5      0.17468866558020182
9.01E-5                   0.17382163994343725
9.02E-5                   0.1729736900263942
9.03E-5                   0.17217615357456514
9.04E-5                   0.17137861712428182
9.049999999999999E-5      0.17058108067565342
9.059999999999999E-5      0.16978354422878883
9.07E-5                   0.16898600778379735
9.08E-5                   0.16818847134078813
9.09E-5                   0.1673909348998703
9.099999999999999E-5      0.16659339846115306
9.109999999999999E-5      0.16579586202474533
9.12E-5                   0.16499832559075647
9.13E-5                   0.16420078915929545
9.14E-5                   0.1634032527304716
9.15E-5                   0.1626057163043939
9.159999999999999E-5      0.1618081798811717
9.169999999999999E-5      0.16101064346091382
9.18E-5                   0.16021310704372962
9.19E-5                   0.15941557062972822
9.2E-5                    0.1586734076674181
9.21E-5                   0.1579398029634076
9.219999999999999E-5      0.15720619826090765
9.23E-5                   0.15647259356000323
9.24E-5                   0.1557389888607795
9.25E-5                   0.15500538416332157
9.26E-5                   0.1542717794677145
9.269999999999999E-5      0.15353817477404358
9.279999999999999E-5      0.15280457008239365
9.29E-5                   0.15207096539284995
9.3E-5                    0.15133736070549753
9.31E-5                   0.15060375602042156
9.32E-5                   0.14987015133770704
9.329999999999999E-5      0.14913654665743928
9.34E-5                   0.14840294197970316
9.35E-5                   0.14766933730458387
9.36E-5                   0.1469357326321665
9.37E-5                   0.14622905411746476
9.379999999999999E-5      0.14555427160674148
9.389999999999999E-5      0.14487948909687207
9.4E-5                    0.14420470658792278
9.41E-5                   0.1435299240799597
9.42E-5                   0.14285514157304882
9.43E-5                   0.14218035906725632
9.439999999999999E-5      0.14150557656264834
9.449999999999999E-5      0.1408307940592908
9.46E-5                   0.1401560115572499
9.47E-5                   0.13948122905659172
9.48E-5                   0.13880644655738233
9.489999999999999E-5      0.13813166405968794
9.499999999999999E-5      0.1374568815635744
9.51E-5                   0.13678209906910796
9.52E-5                   0.1361073165763547
9.53E-5                   0.13543253408538067
9.54E-5                   0.13476159911024305
9.549999999999999E-5      0.13416473901670753
9.559999999999999E-5      0.13356787892447244
9.57E-5                   0.13297101883358367
9.58E-5                   0.13237415874408706
9.59E-5                   0.13177729865602839
9.6E-5                    0.13118043856945344
9.609999999999999E-5      0.13058357848440813
9.62E-5                   0.12998671840093812
9.63E-5                   0.12938985831908914
9.64E-5                   0.12879299823890722
9.65E-5                   0.12819613816043798
9.659999999999999E-5      0.12759927808372742
9.669999999999999E-5      0.1270024180088211
9.68E-5                   0.12640555793576488
9.69E-5                   0.1258086978646046
9.7E-5                    0.12521183779538617
9.71E-5                   0.12461497772815519
9.719999999999999E-5      0.12401811766295764
9.73E-5                   0.12342125759983914
9.74E-5                   0.1228243975388457
9.75E-5                   0.12222753748002288
9.76E-5                   0.12163067742341668
9.769999999999999E-5      0.1210338173690729
9.779999999999999E-5      0.12043695731703714
9.79E-5                   0.1198400972673554
9.8E-5                    0.11924323722007339
9.81E-5                   0.11864637717523698
9.82E-5                   0.11804951713289188
9.829999999999999E-5      0.11745265709308397
9.839999999999999E-5      0.11685579705585904
9.85E-5                   0.1162589370212628
9.86E-5                   0.11566207698934114
9.87E-5                   0.11506521696013984
9.879999999999999E-5      0.11446835693370483
9.889999999999999E-5      0.11389291350580502
9.9E-5                    0.11338812111890341
9.91E-5                   0.11288332873132265
9.92E-5                   0.11237853634309039
9.93E-5                   0.11187374395423434
9.939999999999999E-5      0.11136895156478224
9.949999999999999E-5      0.11086415917476164
9.96E-5                   0.11035936678420029
9.97E-5                   0.1098545743931259
9.98E-5                   0.10934978200156614
9.989999999999999E-5      0.10884498960954876
9.999999999999999E-5      0.10834019721710128
1.001E-4                  0.10783540482425154
1.002E-4                  0.10733061243102718
1.003E-4                  0.10682582003745585
1.004E-4                  0.10632102764356527
1.0049999999999999E-4     0.10581623524938315
1.0059999999999999E-4     0.10531144285493714
1.007E-4                  0.1048066504602549
1.008E-4                  0.10430185806536417
1.009E-4                  0.1037970656702926
1.01E-4                   0.1032922732750679
1.0109999999999999E-4     0.10278748087971781
1.012E-4                  0.10228268848426988
1.013E-4                  0.10177789608875187
1.014E-4                  0.1012731036931915
1.015E-4                  0.1007683112976164
1.0159999999999999E-4     0.10026351890205433
1.0169999999999999E-4     0.0997587265065329
1.018E-4                  0.0992539341110798
1.019E-4                  0.09874914171572274
1.02E-4                   0.0982443493204894
1.021E-4                  0.0977395569254075
1.0219999999999999E-4     0.09723476453050474
1.0229999999999999E-4     0.09672997213580871
1.024E-4                  0.09625753073626558
1.025E-4                  0.09583053135424324
1.026E-4                  0.09540353197262232
1.0269999999999999E-4     0.09497653259141958
1.0279999999999999E-4     0.09454953321065172
1.029E-4                  0.09412253383033556
1.03E-4                   0.09369553445048792
1.031E-4                  0.0932685350711255
1.032E-4                  0.09284153569226514
1.0329999999999999E-4     0.09241453631392367
1.0339999999999999E-4     0.09198753693611773
1.035E-4                  0.09156053755886419
1.036E-4                  0.09113353818217981
1.037E-4                  0.09070653880608136
1.0379999999999999E-4     0.0902795394305857
1.0389999999999999E-4     0.08985254005570947
1.04E-4                   0.08942554068146953
1.041E-4                  0.08899854130788265
1.042E-4                  0.08857154193496564
1.043E-4                  0.0881445425627352
1.0439999999999999E-4     0.08771754319120824
1.0449999999999999E-4     0.0872905438204014
1.046E-4                  0.0868635444503315
1.047E-4                  0.08643654508101535
1.048E-4                  0.08600954571246971
1.049E-4                  0.08558254634471137
1.0499999999999999E-4     0.08515554697775718
1.051E-4                  0.08472854761162375
1.052E-4                  0.08430154824632798
1.053E-4                  0.08387454888188664
1.054E-4                  0.08344754951831647
1.0549999999999999E-4     0.08302055015563434
1.0559999999999999E-4     0.0825935507938569
1.057E-4                  0.08216655143300099
1.058E-4                  0.08173955207308341
1.059E-4                  0.08135193565560771
1.06E-4                   0.0809906729459272
1.0609999999999999E-4     0.0806294102361172
1.0619999999999999E-4     0.0802681475261877
1.063E-4                  0.07990688481614897
1.064E-4                  0.07954562210601109
1.065E-4                  0.07918435939578418
1.0659999999999999E-4     0.07882309668547846
1.0669999999999999E-4     0.07846183397510396
1.068E-4                  0.07810057126467085
1.069E-4                  0.07773930855418926
1.07E-4                   0.07737804584366935
1.071E-4                  0.07701678313312123
1.0719999999999999E-4     0.07665552042255509
1.0729999999999999E-4     0.07629425771198095
1.074E-4                  0.07593299500140904
1.075E-4                  0.07557173229084946
1.076E-4                  0.07521046958031231
1.0769999999999999E-4     0.07484920686980785
1.0779999999999999E-4     0.07448794415934605
1.079E-4                  0.07412668144893712
1.08E-4                   0.07376541873859122
1.081E-4                  0.07340415602831844
1.082E-4                  0.07304289331812891
1.0829999999999999E-4     0.07268163060803287
1.0839999999999999E-4     0.07232036789804032
1.085E-4                  0.07195910518816138
1.086E-4                  0.07159784247840632
1.087E-4                  0.07123657976878517
1.0879999999999999E-4     0.07087531705930813
1.0889999999999999E-4     0.0705140543499853
1.0899999999999999E-4     0.07015279164082677
1.091E-4                  0.06979152893184275
1.092E-4                  0.06943026622304332
1.093E-4                  0.06906900351443863
1.0939999999999999E-4     0.06875148875979797
1.0949999999999999E-4     0.0684461451571393
1.096E-4                  0.0681408015545906
1.097E-4                  0.06783545795215795
1.098E-4                  0.06753011434984757
1.099E-4                  0.06722477074766557
1.0999999999999999E-4     0.06691942714561812
1.1009999999999999E-4     0.06661408354371134
1.102E-4                  0.06630873994195137
1.103E-4                  0.06600339634034437
1.104E-4                  0.0656980527388965
1.1049999999999999E-4     0.06539270913761393
1.1059999999999999E-4     0.0650873655365027
1.107E-4                  0.06478202193556903
1.108E-4                  0.06447667833481908
1.109E-4                  0.06417133473425897
1.11E-4                   0.06386599113389485
1.1109999999999999E-4     0.06356064753373294
1.1119999999999999E-4     0.06325530393377923
1.113E-4                  0.06294996033403999
1.114E-4                  0.0626446167345213
1.115E-4                  0.06233927313522932
1.1159999999999999E-4     0.0620339295361703
1.1169999999999999E-4     0.06172858593735023
1.118E-4                  0.06142324233877531
1.119E-4                  0.061117898740451725
1.12E-4                   0.060812555142385566
1.121E-4                  0.06050721154458301
1.1219999999999999E-4     0.06020186794705026
1.1229999999999999E-4     0.059896524349793354
1.124E-4                  0.05959118075281848
1.125E-4                  0.0592858371561318
1.126E-4                  0.05898049355973945
1.1269999999999999E-4     0.05867514996364762
1.1279999999999999E-4     0.05836980636786236
1.1289999999999999E-4     0.05810958782318058
1.13E-4                   0.057850977587055125
1.131E-4                  0.05759236735093754
1.132E-4                  0.05733375711483148
1.1329999999999999E-4     0.057075146878740754
1.1339999999999999E-4     0.056816536642668954
1.135E-4                  0.056557926406619864
1.136E-4                  0.056299316170597205
1.137E-4                  0.05604070593460465
1.138E-4                  0.05578209569864592
1.1389999999999999E-4     0.05552348546272477
1.1399999999999999E-4     0.05526487522684487
1.141E-4                  0.055006264991009926
1.142E-4                  0.05474765475522367
1.143E-4                  0.054489044519489806
1.1439999999999999E-4     0.05423043428381211
1.1449999999999999E-4     0.053971824048194166
1.146E-4                  0.05371321381263978
1.147E-4                  0.05345460357715264
1.148E-4                  0.053195993341736456
1.149E-4                  0.05293738310639495
1.1499999999999999E-4     0.05267877287113185
1.1509999999999999E-4     0.05242016263595081
1.152E-4                  0.052161552400855606
1.153E-4                  0.051902942165849904
1.154E-4                  0.051644331930937426
1.1549999999999999E-4     0.051385721696121954
1.1559999999999999E-4     0.051127111461407096
1.157E-4                  0.0508685012267966
1.158E-4                  0.05060989099229421
1.159E-4                  0.0503512807579036
1.16E-4                   0.0500926705236285
1.1609999999999999E-4     0.04983406028947266
1.1619999999999999E-4     0.04957545005543972
1.163E-4                  0.049322830442067284
1.164E-4                  0.04910447237848552
1.165E-4                  0.04888611431492571
1.1659999999999999E-4     0.04866775625139017
1.1669999999999999E-4     0.04844939818788106
1.1679999999999999E-4     0.04823104012440069
1.169E-4                  0.04801268206095129
1.17E-4                   0.04779432399753508
1.171E-4                  0.047575965934154384
1.1719999999999999E-4     0.04735760787081141
1.1729999999999999E-4     0.047139249807508395
1.174E-4                  0.04692089174424759
1.175E-4                  0.046702533681031236
1.176E-4                  0.04648417561786162
1.177E-4                  0.046265817554740955
1.1779999999999999E-4     0.046047459491671536
1.1789999999999999E-4     0.04582910142865555
1.18E-4                   0.04561074336569527
1.181E-4                  0.04539238530279296
1.182E-4                  0.04517402723995085
1.1829999999999999E-4     0.044955669177171226
1.1839999999999999E-4     0.044737311114456293
1.185E-4                  0.044518953051808315
1.186E-4                  0.04430059498922952
1.187E-4                  0.04408223692672221
1.188E-4                  0.04386387886428859
1.1889999999999999E-4     0.043645520801930945
1.1899999999999999E-4     0.04342716273965148
1.191E-4                  0.04320880467745245
1.192E-4                  0.04299044661533613
1.193E-4                  0.04277208855330477
1.1939999999999999E-4     0.042553730491360624
1.1949999999999999E-4     0.0423353724295059
1.196E-4                  0.042117014367742865
1.197E-4                  0.04189865630607378
1.198E-4                  0.04169135163714533
1.199E-4                  0.04150627999818371
1.1999999999999999E-4     0.04132120835925049
1.2009999999999999E-4     0.041136136720347
1.202E-4                  0.04095106508147463
1.203E-4                  0.04076599344263475
1.204E-4                  0.04058092180382868
1.2049999999999999E-4     0.04039585016505786
1.2059999999999999E-4     0.04021077852632357
1.2069999999999999E-4     0.04002570688762721
1.208E-4                  0.039840635248970115
1.209E-4                  0.03965556361035367
1.21E-4                   0.03947049197177924
1.2109999999999999E-4     0.0392854203332482
1.2119999999999999E-4     0.039100348694761845
1.213E-4                  0.0389152770563216
1.214E-4                  0.03873020541792879
1.215E-4                  0.03854513377958481
1.216E-4                  0.03836006214129098
1.2169999999999999E-4     0.03817499050304872
1.2179999999999999E-4     0.03798991886485933
1.219E-4                  0.03780484722672419
1.22E-4                   0.037619775588644676
1.2209999999999999E-4     0.03743470395062215
1.222E-4                  0.03724963231265796
1.223E-4                  0.037064560674753444
1.224E-4                  0.03687948903691002
1.225E-4                  0.036694417399129
1.226E-4                  0.03650934576141175
1.227E-4                  0.03632427412375967
1.228E-4                  0.03613920248617408
1.229E-4                  0.035954130848656375
1.2299999999999998E-4     0.03576905921120793
1.2309999999999998E-4     0.035583987573830037
1.2319999999999999E-4     0.035398915936524084
1.233E-4                  0.035228709028672575
1.234E-4                  0.03507248352687839
1.235E-4                  0.034916258025084204
1.236E-4                  0.034760032523290796
1.237E-4                  0.03460380702149904
1.238E-4                  0.034447581519709725
1.239E-4                  0.03429135601792368
1.24E-4                   0.03413513051614174
1.241E-4                  0.03397890501436471
1.2419999999999998E-4     0.03382267951259346
1.2429999999999999E-4     0.03366645401082873
1.244E-4                  0.03351022850907139
1.245E-4                  0.03335400300732226
1.246E-4                  0.03319777750558217
1.247E-4                  0.03304155200385192
1.248E-4                  0.03288532650213235
1.249E-4                  0.03272910100042428
1.25E-4                   0.032572875498728525
1.251E-4                  0.03241664999704593
1.252E-4                  0.032260424495377284
1.2529999999999998E-4     0.03210419899372348
1.2539999999999999E-4     0.03194797349208523
1.255E-4                  0.03179174799046342
1.256E-4                  0.031635522488858876
1.257E-4                  0.03147929698727239
1.258E-4                  0.03132307148570482
1.259E-4                  0.031166845984156984
1.26E-4                   0.031010620482629682
1.261E-4                  0.030854394981123735
1.262E-4                  0.030698169479639995
1.263E-4                  0.030541943978179265
1.2639999999999998E-4     0.030385718476742415
1.2649999999999998E-4     0.030229492975330178
1.266E-4                  0.03007326747394342
1.267E-4                  0.029917041972582967
1.268E-4                  0.02977749133791633
1.269E-4                  0.029645136425866674
1.27E-4                   0.029512781513840722
1.271E-4                  0.02938042660183898
1.272E-4                  0.029248071689861925
1.273E-4                  0.02911571677791007
1.274E-4                  0.028983361865983923
1.2749999999999998E-4     0.028851006954083994
1.2759999999999998E-4     0.028718652042210732
1.277E-4                  0.028586297130364657
1.278E-4                  0.028453942218546274
1.279E-4                  0.028321587306756088
1.28E-4                   0.02818923239499459
1.281E-4                  0.028056877483262282
1.282E-4                  0.027924522571559657
1.283E-4                  0.02779216765988723
1.284E-4                  0.027659812748245485
1.285E-4                  0.02752745783663492
1.2859999999999998E-4     0.027395102925056078
1.2869999999999998E-4     0.027262748013509384
1.288E-4                  0.02713039310199538
1.289E-4                  0.02699803819051455
1.29E-4                   0.026865683279067396
1.291E-4                  0.026733328367654425
1.292E-4                  0.026600973456276135
1.293E-4                  0.026468618544933015
1.294E-4                  0.026336263633625578
1.295E-4                  0.026203908722354313
1.296E-4                  0.02607155381111972
1.2969999999999998E-4     0.025939198899922335
1.2979999999999998E-4     0.025806843988762596
1.2989999999999999E-4     0.025674489077641013
1.3E-4                    0.025542134166558105
1.301E-4                  0.025409779255514367
1.302E-4                  0.025277424344510302
1.303E-4                  0.025163135742954455
1.304E-4                  0.025051268946623937
1.305E-4                  0.024939402150290328
1.306E-4                  0.024827535353953923
1.307E-4                  0.02471566855761502
1.3079999999999998E-4     0.024603801761273955
1.3089999999999998E-4     0.024491934964930965
1.3099999999999999E-4     0.024380068168586386
1.311E-4                  0.024268201372240512
1.312E-4                  0.024156334575893657
1.313E-4                  0.0240444677795461
1.314E-4                  0.02393260098319817
1.315E-4                  0.023820734186850143
1.316E-4                  0.02370886739050234
1.317E-4                  0.023597000594155045
1.318E-4                  0.023485133797808568
1.3189999999999998E-4     0.02337326700146325
1.3199999999999998E-4     0.02326140020511931
1.3209999999999999E-4     0.02314953340877709
1.322E-4                  0.02303766661243689
1.323E-4                  0.022925799816099022
1.324E-4                  0.022813933019763775
1.325E-4                  0.022702066223431447
1.326E-4                  0.022590199427102352
1.327E-4                  0.02247833263077678
1.328E-4                  0.022366465834455035
1.329E-4                  0.022254599038137424
1.33E-4                   0.022142732241824236
1.3309999999999998E-4     0.022030865445515815
1.3319999999999999E-4     0.021918998649212394
1.333E-4                  0.02180713185291431
1.334E-4                  0.021695265056621862
1.335E-4                  0.021583398260335333
1.336E-4                  0.021471531464055064
1.337E-4                  0.02136079097662701
1.338E-4                  0.021266242292735094
1.339E-4                  0.02117169360885667
1.34E-4                   0.021077144924991915
1.341E-4                  0.020982596241141013
1.3419999999999998E-4     0.020888047557304168
1.3429999999999998E-4     0.02079349887348153
1.344E-4                  0.02069895018967328
1.345E-4                  0.020604401505879624
1.346E-4                  0.020509852822100733
1.347E-4                  0.02041530413833679
1.348E-4                  0.02032075545458797
1.349E-4                  0.020226206770854474
1.35E-4                   0.020131658087136472
1.351E-4                  0.020037109403434148
1.352E-4                  0.019942560719747687
1.3529999999999998E-4     0.019848012036077296
1.3539999999999998E-4     0.0197534633524231
1.355E-4                  0.019658914668785315
1.356E-4                  0.01956436598516412
1.357E-4                  0.019469817301559705
1.358E-4                  0.01937526861797224
1.359E-4                  0.019280719934401915
1.36E-4                   0.019186171250848916
1.361E-4                  0.019091622567313414
1.362E-4                  0.018997073883795602
1.363E-4                  0.01890252520029566
1.3639999999999998E-4     0.018807976516813794
1.3649999999999998E-4     0.01871342783335013
1.3659999999999999E-4     0.01861887914990489
1.367E-4                  0.018524330466478243
1.368E-4                  0.01842978178307038
1.369E-4                  0.018335233099681478
1.37E-4                   0.01824068441631172
1.371E-4                  0.0181461357329613
1.372E-4                  0.01805514731303944
1.373E-4                  0.01797493843834898
1.374E-4                  0.01789472956365789
1.3749999999999998E-4     0.017814520688966287
1.3759999999999998E-4     0.017734311814274244
1.3769999999999999E-4     0.017654102939581893
1.378E-4                  0.017573894064889344
1.379E-4                  0.017493685190196707
1.38E-4                   0.017413476315504096
1.381E-4                  0.01733326744081162
1.382E-4                  0.017253058566119386
1.383E-4                  0.01717284969142751
1.384E-4                  0.017092640816736098
1.385E-4                  0.017012431942045263
1.3859999999999998E-4     0.016932223067355142
1.3869999999999998E-4     0.016852014192665788
1.3879999999999999E-4     0.01677180531797735
1.389E-4                  0.016691596443289936
1.39E-4                   0.016611387568603645
1.391E-4                  0.016531178693918593
1.392E-4                  0.016450969819234905
1.393E-4                  0.016370760944552667
1.394E-4                  0.016290552069872004
1.395E-4                  0.01621034319519303
1.396E-4                  0.01613013432051584
1.3969999999999998E-4     0.016049925445840583
1.3979999999999998E-4     0.015969716571167324
1.3989999999999999E-4     0.01588950769649618
1.4E-4                    0.01580929882182728
1.401E-4                  0.01572908994716073
1.402E-4                  0.01564888107249663
1.403E-4                  0.015568672197835103
1.404E-4                  0.015488463323176254
1.405E-4                  0.015408254448520198
1.406E-4                  0.01532804557386704
1.407E-4                  0.015253347608202409
1.408E-4                  0.015185909652892531
1.4089999999999998E-4     0.015118471697587968
1.4099999999999998E-4     0.015051033742288748
1.411E-4                  0.014983595786994947
1.412E-4                  0.014916157831706637
1.413E-4                  0.014848719876423885
1.414E-4                  0.014781281921146751
1.415E-4                  0.01471384396587531
1.416E-4                  0.014646406010609622
1.417E-4                  0.014578968055349755
1.418E-4                  0.014511530100095777
1.419E-4                  0.014444092144847756
1.4199999999999998E-4     0.014376654189605768
1.4209999999999998E-4     0.014309216234369855
1.422E-4                  0.014241778279140093
1.423E-4                  0.01417434032391655
1.424E-4                  0.014106902368699294
1.425E-4                  0.014039464413488386
1.426E-4                  0.013972026458283902
1.427E-4                  0.013904588503085904
1.428E-4                  0.013837150547894453
1.429E-4                  0.013769712592709623
1.43E-4                   0.013702274637531476
1.4309999999999998E-4     0.013634836682360098
1.4319999999999998E-4     0.013567398727195522
1.433E-4                  0.013499960772037826
1.434E-4                  0.013432522816887083
1.435E-4                  0.013365084861743351
1.436E-4                  0.013297646906606704
1.437E-4                  0.013230208951477206
1.438E-4                  0.013162770996354925
1.439E-4                  0.013095333041239922
1.44E-4                   0.013027895086132269
1.441E-4                  0.012960457131032032
1.4419999999999998E-4     0.01289906991004596
1.4429999999999998E-4     0.012841474356144302
1.4439999999999999E-4     0.01278387880224448
1.445E-4                  0.01272628324834654
1.446E-4                  0.012668687694450521
1.447E-4                  0.012611092140556463
1.448E-4                  0.012553496586664409
1.449E-4                  0.012495901032774396
1.45E-4                   0.012438305478886472
1.451E-4                  0.012380709925000675
1.452E-4                  0.012323114371117041
1.4529999999999998E-4     0.012265518817235633
1.4539999999999998E-4     0.012207923263356459
1.4549999999999999E-4     0.012150327709479568
1.456E-4                  0.012092732155605015
1.457E-4                  0.012035136601732832
1.458E-4                  0.011977541047863059
1.459E-4                  0.011919945493995741
1.46E-4                   0.011862349940130919
1.461E-4                  0.01180475438626863
1.462E-4                  0.011747158832408918
1.463E-4                  0.011689563278551826
1.4639999999999998E-4     0.011631967724697405
1.4649999999999998E-4     0.011574372170845667
1.4659999999999999E-4     0.011516776616996674
1.467E-4                  0.011459181063150458
1.468E-4                  0.011401585509307066
1.469E-4                  0.011343989955466535
1.47E-4                   0.011286394401628909
1.471E-4                  0.011228798847794229
1.472E-4                  0.011171203293962532
1.473E-4                  0.011113607740133863
1.474E-4                  0.011056012186308268
1.4749999999999998E-4     0.01099841663248579
1.4759999999999998E-4     0.01094082107866645
1.4769999999999999E-4     0.010890849771982111
1.478E-4                  0.010842808366756775
1.479E-4                  0.010794766961532525
1.48E-4                   0.010746725556309393
1.481E-4                  0.010698684151087394
1.482E-4                  0.010650642745866556
1.483E-4                  0.010602601340646908
1.484E-4                  0.010554559935428464
1.485E-4                  0.010506518530211258
1.4859999999999998E-4     0.010458477124995322
1.4869999999999998E-4     0.010410435719780653
1.4879999999999998E-4     0.01036239431456729
1.489E-4                  0.010314352909355255
1.49E-4                   0.010266311504144575
1.491E-4                  0.010218270098935271
1.492E-4                  0.010170228693727365
1.493E-4                  0.010122187288520886
1.494E-4                  0.010074145883315856
1.495E-4                  0.010026104478112297
1.496E-4                  0.009978063072910237
1.497E-4                  0.009930021667709697
1.4979999999999998E-4     0.009881980262510711
1.4989999999999998E-4     0.009833938857313285
1.5E-4                    0.009785897452117446
