% Model:              20230225_JW_4_10.mph
% Version:            COMSOL 5.6.0.401
% Date:               Feb 25 2023, 20:25
% Dimension:          1
% Nodes:              1501
% Expressions:        1
% Description:        点图
% X                       Height
0                         14.84853724084395
1.0E-7                    14.85541833640783
2.0E-7                    14.874860948061887
3.0E-7                    14.887386758987754
4.0E-7                    14.87696035777649
5.0E-7                    14.867793138231296
6.0E-7                    14.85839148242636
7.0E-7                    14.844378567600014
8.0E-7                    14.827154571602783
9.0E-7                    14.803256064269245
1.0E-6                    14.777080014171817
1.1E-6                    14.745733671548662
1.2E-6                    14.714381954467063
1.2999999999999998E-6     14.67729472800807
1.4E-6                    14.640437846230153
1.5E-6                    14.600076246377208
1.6E-6                    14.557928588634999
1.6999999999999998E-6     14.513987410844642
1.8E-6                    14.468854268268913
1.9E-6                    14.422021960979642
2.0E-6                    14.374403182313744
2.1E-6                    14.325359161002902
2.2E-6                    14.275810925640041
2.3E-6                    14.225062553138734
2.4E-6                    14.173939209403681
2.4999999999999998E-6     14.121966921931081
2.5999999999999997E-6     14.069679146695874
2.7E-6                    14.016855071180059
2.8E-6                    13.963777203846487
2.8999999999999998E-6     13.910268014760598
3.0E-6                    13.856498060922664
3.1E-6                    13.802583284947785
3.2E-6                    13.748391081579417
3.2999999999999997E-6     13.694117655245607
3.3999999999999996E-6     13.639776509653014
3.5E-6                    13.585261219694765
3.6E-6                    13.530738682282871
3.6999999999999997E-6     13.476215669835588
3.8E-6                    13.42169996670208
3.9E-6                    13.367186783982492
4.0E-6                    13.312674429614813
4.1E-6                    13.25825339247358
4.2E-6                    13.203888633626812
4.2999999999999995E-6     13.149524547725916
4.4E-6                    13.095247124730008
4.5E-6                    13.041075766919686
4.6E-6                    12.98690506925958
4.7E-6                    12.932835603592833
4.8E-6                    12.87902655444768
4.9E-6                    12.82521806226335
4.9999999999999996E-6     12.771451094770459
5.0999999999999995E-6     12.71801995219463
5.199999999999999E-6      12.664589402109522
5.3E-6                    12.611159475880838
5.4E-6                    12.558365018669889
5.5E-6                    12.505612521144249
5.6E-6                    12.452860508461592
5.7E-6                    12.400109010715527
5.7999999999999995E-6     12.347358058545364
5.899999999999999E-6      12.29460768312964
6.0E-6                    12.242389612374508
6.1E-6                    12.190528972596113
6.2E-6                    12.138668740862924
6.3E-6                    12.086808943755269
6.4E-6                    12.034949608318787
6.5E-6                    11.983090762059028
6.5999999999999995E-6     11.931507732393527
6.699999999999999E-6      11.88071714869111
6.799999999999999E-6      11.829926957887267
6.9E-6                    11.779137184935967
7.0E-6                    11.728347855193697
7.1E-6                    11.67755899441467
7.2E-6                    11.626770628746
7.2999999999999996E-6     11.576739044215287
7.3999999999999995E-6     11.526775687391256
7.499999999999999E-6      11.476812645300305
7.6E-6                    11.426849940961699
7.699999999999999E-6      11.376887597725823
7.8E-6                    11.32692563927018
7.899999999999999E-6      11.277633928079
8.0E-6                    11.228833161986271
8.1E-6                    11.180032748868916
8.2E-6                    11.131232709817152
8.3E-6                    11.082433066202137
8.4E-6                    11.0336338396725
8.5E-6                    10.985770161035406
8.599999999999999E-6      10.938045458187217
8.7E-6                    10.890321147390004
8.8E-6                    10.842597249656835
8.9E-6                    10.794873786264427
9.0E-6                    10.747365978493177
9.1E-6                    10.699935905475273
9.2E-6                    10.652506052824734
9.299999999999999E-6      10.605076440048133
9.4E-6                    10.557783923027117
9.499999999999999E-6      10.511564581694616
9.6E-6                    10.465345555534988
9.7E-6                    10.41912686163749
9.8E-6                    10.372908517275674
9.9E-6                    10.32693985732195
9.999999999999999E-6      10.281229932641661
1.01E-5                   10.235520262449562
1.0199999999999999E-5     10.189810864137245
1.03E-5                   10.144101755284673
1.0399999999999999E-5     10.099127805399537
1.05E-5                   10.054264950341906
1.06E-5                   10.009402302767455
1.07E-5                   9.964539878173543
1.08E-5                   9.919849384041141
1.0899999999999999E-5     9.875683229758641
1.1E-5                    9.83151734836936
1.1099999999999999E-5     9.787351754986904
1.12E-5                   9.743186464870341
1.13E-5                   9.699696291199627
1.14E-5                   9.656611777178682
1.15E-5                   9.613527408941168
1.1599999999999999E-5     9.57044319986628
1.17E-5                   9.527359323065374
1.1799999999999999E-5     9.484338617178167
1.19E-5                   9.441318210645818
1.2E-5                    9.398298117705327
1.21E-5                   9.35527835272577
1.22E-5                   9.312988372626645
1.2299999999999999E-5     9.271886552056909
1.24E-5                   9.230784728691132
1.2499999999999999E-5     9.189682913001334
1.26E-5                   9.148581115531176
1.2699999999999999E-5     9.10674261732329
1.28E-5                   9.064669757014896
1.29E-5                   9.02259743673991
1.3E-5                    8.98052567081006
1.31E-5                   8.93867199450571
1.3199999999999999E-5     8.898198185959485
1.33E-5                   8.857724083506959
1.3399999999999999E-5     8.817249696049084
1.35E-5                   8.776775032528722
1.3599999999999999E-5     8.739353750093061
1.37E-5                   8.702007425688649
1.38E-5                   8.664661867047736
1.3899999999999999E-5     8.625981541644755
1.4E-5                    8.584922755066067
1.4099999999999999E-5     8.543863737592046
1.42E-5                   8.503758051372335
1.4299999999999999E-5     8.465776647942468
1.44E-5                   8.4277953495677
1.45E-5                   8.390067648302411
1.4599999999999999E-5     8.352465929741426
1.47E-5                   8.314441957070256
1.4799999999999999E-5     8.2754383647619
1.49E-5                   8.236804241369073
1.4999999999999999E-5     8.199964381559488
1.51E-5                   8.162866726773
1.52E-5                   8.125008050800837
1.53E-5                   8.087741339039052
1.5399999999999998E-5     8.051005019627816
1.55E-5                   8.014212169967536
1.56E-5                   7.977394910969596
1.57E-5                   7.94044875956826
1.5799999999999998E-5     7.903862971056994
1.59E-5                   7.86794641194972
1.6E-5                    7.83180574490401
1.61E-5                   7.7955300442582125
1.62E-5                   7.759721243639605
1.63E-5                   7.7240077526796505
1.64E-5                   7.688497381592164
1.6499999999999998E-5     7.653065084215833
1.66E-5                   7.617729380553966
1.67E-5                   7.5826385028162315
1.68E-5                   7.547642393116916
1.69E-5                   7.51285364920696
1.7E-5                    7.478135494320507
1.71E-5                   7.443605855781319
1.7199999999999998E-5     7.409226123316056
1.73E-5                   7.374972196924281
1.74E-5                   7.3409007069870045
1.75E-5                   7.306894620366229
1.76E-5                   7.27313217446808
1.77E-5                   7.239461719708493
1.78E-5                   7.205950333299973
1.7899999999999998E-5     7.172671602040601
1.8E-5                    7.139523454845813
1.81E-5                   7.106375390967195
1.82E-5                   7.073323775217504
1.8299999999999998E-5     7.040685864761151
1.84E-5                   7.008048040715849
1.85E-5                   6.9754103085336
1.8599999999999998E-5     6.943112432486481
1.87E-5                   6.91093565182307
1.88E-5                   6.87875894382144
1.89E-5                   6.846726248967888
1.8999999999999998E-5     6.815053395477074
1.91E-5                   6.783380623897852
1.92E-5                   6.751707939210273
1.9299999999999998E-5     6.720419208117496
1.94E-5                   6.689206852950051
1.95E-5                   6.657994560605688
1.96E-5                   6.626963705879018
1.9699999999999998E-5     6.596225641283804
1.98E-5                   6.565487655075652
1.99E-5                   6.534749751804198
1.9999999999999998E-5     6.5044449050477375
2.01E-5                   6.474172212357007
2.02E-5                   6.443899573576978
2.03E-5                   6.413848078319628
2.0399999999999998E-5     6.384036758670311
2.05E-5                   6.354225512999986
2.06E-5                   6.3244263208272615
2.07E-5                   6.295046263644465
2.0799999999999997E-5     6.265666251784281
2.09E-5                   6.236286289112838
2.1E-5                    6.207199369670393
2.1099999999999998E-5     6.17832801743036
2.12E-5                   6.149456728270048
2.13E-5                   6.120623891279829
2.14E-5                   6.092060816487677
2.1499999999999997E-5     6.063497794157252
2.16E-5                   6.034934827910904
2.17E-5                   6.006828964113082
2.1799999999999998E-5     5.978945211647657
2.19E-5                   5.951061495691088
2.2E-5                    5.923185168809663
2.21E-5                   5.895334752748314
2.2199999999999998E-5     5.867484419866614
2.23E-5                   5.839634173728
2.24E-5                   5.812528085676419
2.2499999999999998E-5     5.785644491619617
2.26E-5                   5.75876088477443
2.27E-5                   5.73181858207729
2.28E-5                   5.704750633407012
2.2899999999999998E-5     5.677682831259268
2.3E-5                    5.650615179118376
2.31E-5                   5.624155355704673
2.3199999999999998E-5     5.597789010117671
2.33E-5                   5.571422600704046
2.34E-5                   5.545627939781789
2.35E-5                   5.520639362066813
2.3599999999999998E-5     5.495650964192003
2.37E-5                   5.470079041025024
2.38E-5                   5.443199306393276
2.3899999999999998E-5     5.416319535422582
2.4E-5                    5.3904353977484645
2.41E-5                   5.365495792788355
2.42E-5                   5.340556202028113
2.4299999999999998E-5     5.315844946167305
2.44E-5                   5.291134431571356
2.45E-5                   5.265896926294946
2.4599999999999998E-5     5.2404674269534794
2.4699999999999997E-5     5.215822319648498
2.48E-5                   5.191521216773109
2.49E-5                   5.166976125608719
2.4999999999999998E-5     5.142303838807621
2.51E-5                   5.118057983349019
2.52E-5                   5.094074082581099
2.53E-5                   5.07010397492764
2.5399999999999997E-5     5.046143813513476
2.55E-5                   5.022273556325056
2.56E-5                   4.9984787023341495
2.5699999999999998E-5     4.974904936612061
2.58E-5                   4.951547128015798
2.59E-5                   4.9281526196367045
2.6E-5                    4.90471635678132
2.6099999999999997E-5     4.88143496097401
2.62E-5                   4.858358698173517
2.63E-5                   4.835380380492331
2.6399999999999998E-5     4.812553714769553
2.65E-5                   4.78981737589752
2.66E-5                   4.767245481501593
2.67E-5                   4.744736378448668
2.6799999999999998E-5     4.722362766829831
2.69E-5                   4.700028664434612
2.7E-5                    4.6777966963675475
2.7099999999999998E-5     4.6556061514950535
2.7199999999999997E-5     4.6335460652359926
2.73E-5                   4.611531283653355
2.74E-5                   4.589694184505093
2.7499999999999998E-5     4.567887908431732
2.76E-5                   4.546237232889619
2.77E-5                   4.524613683817167
2.7799999999999998E-5     4.503175835875317
2.7899999999999997E-5     4.481755631766497
2.8E-5                    4.460514590771072
2.81E-5                   4.439283913343006
2.8199999999999998E-5     4.418243052725437
2.83E-5                   4.397206494429844
2.84E-5                   4.376475008062094
2.8499999999999998E-5     4.355743539410849
2.8599999999999997E-5     4.335012089782007
2.87E-5                   4.314280660483446
2.88E-5                   4.293930149342614
2.8899999999999998E-5     4.273604775764444
2.9E-5                    4.253279420951773
2.91E-5                   4.232954086145749
2.9199999999999998E-5     4.212963969354577
2.9299999999999997E-5     4.193027339214537
2.94E-5                   4.17309072600226
2.95E-5                   4.153154130882675
2.9599999999999998E-5     4.133522425165628
2.97E-5                   4.113973385040077
2.98E-5                   4.094424361427921
2.99E-5                   4.074875355430107
2.9999999999999997E-5     4.055601848101832
3.01E-5                   4.036440320853007
3.02E-5                   4.017278808770675
3.0299999999999998E-5     3.9981173128900953
3.04E-5                   3.979183235518116
3.05E-5                   3.9603797071277262
3.06E-5                   3.9415761926649546
3.07E-5                   3.9227726931026554
3.0799999999999996E-5     3.9041679295063356
3.09E-5                   3.8857195659072175
3.1E-5                    3.8672712161769707
3.11E-5                   3.848822881238852
3.12E-5                   3.8305423635306344
3.13E-5                   3.812440823911318
3.14E-5                   3.7943392962435216
3.15E-5                   3.776237781393702
3.1599999999999996E-5     3.758349780362436
3.17E-5                   3.7407713215476446
3.18E-5                   3.723192873696454
3.1899999999999996E-5     3.7056144376024336
3.2E-5                    3.6880360140600006
3.21E-5                   3.6704576038644263
3.22E-5                   3.652879207811814
3.23E-5                   3.6353008266990843
3.24E-5                   3.6178925065209837
3.25E-5                   3.60097635102153
3.26E-5                   3.5840602032020756
3.2699999999999995E-5     3.5671440637656833
3.28E-5                   3.550227933416127
3.29E-5                   3.5333118128578938
3.2999999999999996E-5     3.5163957027961708
3.31E-5                   3.4994796039368317
3.32E-5                   3.482630454997079
3.3299999999999996E-5     3.4663495889012808
3.34E-5                   3.4500687303639674
3.35E-5                   3.4337878800129342
3.36E-5                   3.417507038476569
3.37E-5                   3.4012262063838343
3.38E-5                   3.384945384364275
3.39E-5                   3.3686645730479925
3.4E-5                    3.352383773065647
3.4099999999999995E-5     3.336683855053429
3.42E-5                   3.3210119713430473
3.43E-5                   3.305340094599258
3.4399999999999996E-5     3.2896682253791067
3.45E-5                   3.273996364240114
3.46E-5                   3.258324511740272
3.4699999999999996E-5     3.2426526684380326
3.48E-5                   3.2269808348923052
3.49E-5                   3.211791459396514
3.5E-5                    3.196720778082125
3.51E-5                   3.1816501028353645
3.52E-5                   3.166579434153284
3.53E-5                   3.1515087725333304
3.54E-5                   3.1364381184733343
3.5499999999999996E-5     3.1213674724715244
3.56E-5                   3.1062968350264937
3.57E-5                   3.0915857010225665
3.5799999999999996E-5     3.077067169370858
3.59E-5                   3.062548643368847
3.6E-5                    3.0480301234593106
3.6099999999999997E-5     3.0335116100853465
3.62E-5                   3.0189931036903683
3.63E-5                   3.0044746047181077
3.64E-5                   2.9899561136126005
3.65E-5                   2.9757226196225703
3.6599999999999995E-5     2.9617744144986755
3.67E-5                   2.9478262137474585
3.68E-5                   2.933878017760444
3.6899999999999996E-5     2.9199298269294247
3.7E-5                    2.9059816416464574
3.71E-5                   2.8920334623038606
3.7199999999999996E-5     2.878085289294211
3.73E-5                   2.864312426857521
3.74E-5                   2.8508675324175323
3.75E-5                   2.8374226428010836
3.76E-5                   2.823977758361315
3.77E-5                   2.8105328794515905
3.78E-5                   2.79708800642549
3.79E-5                   2.783643139636803
3.7999999999999995E-5     2.7701982794395357
3.81E-5                   2.756855924246456
3.82E-5                   2.7439315746042157
3.8299999999999996E-5     2.7310072277908515
3.84E-5                   2.7180828841147853
3.85E-5                   2.705158543884621
3.8599999999999996E-5     2.69223420740914
3.87E-5                   2.679309874997299
3.88E-5                   2.66638554695823
3.89E-5                   2.6534848363841843
3.9E-5                    2.6410793293046777
3.9099999999999995E-5     2.628673826578669
3.92E-5                   2.6162683284849084
3.93E-5                   2.603862835302299
3.9399999999999995E-5     2.5914573473098903
3.95E-5                   2.5790518647868814
3.96E-5                   2.566646388012612
3.9699999999999996E-5     2.554240917266568
3.98E-5                   2.5421339799834595
3.99E-5                   2.530062401700415
3.9999999999999996E-5     2.517990825331575
4.01E-5                   2.5059192511283084
4.02E-5                   2.493847679342106
4.03E-5                   2.4817761102245806
4.04E-5                   2.4697045440274543
4.0499999999999995E-5     2.457632981002567
4.06E-5                   2.446166896228533
4.07E-5                   2.4349105810751444
4.0799999999999996E-5     2.423654269651769
4.09E-5                   2.4123979621602483
4.1E-5                    2.4011416588025307
4.1099999999999996E-5     2.389885359780662
4.12E-5                   2.378629065296787
4.13E-5                   2.3673727755531493
4.14E-5                   2.3560753473945475
4.15E-5                   2.34474948523273
4.1599999999999995E-5     2.3334236290330357
4.17E-5                   2.322097779047515
4.18E-5                   2.310771935528316
4.1899999999999995E-5     2.299446098727671
4.2E-5                    2.288234162160073
4.21E-5                   2.277128531452043
4.2199999999999996E-5     2.266022897299135
4.23E-5                   2.254917259864462
4.24E-5                   2.244050173987043
4.2499999999999996E-5     2.2336193031380485
4.26E-5                   2.223188440437614
4.27E-5                   2.2127575860296407
4.28E-5                   2.202124552098916
4.29E-5                   2.1913966125768978
4.2999999999999995E-5     2.1806686704872376
4.31E-5                   2.1701766365501842
4.32E-5                   2.1597878345672523
4.3299999999999995E-5     2.1494470622109016
4.34E-5                   2.139314821830659
4.35E-5                   2.129182587480021
4.3599999999999996E-5     2.118969708206521
4.37E-5                   2.1087566964049405
4.38E-5                   2.098688533946061
4.3899999999999996E-5     2.088626209928858
4.4E-5                    2.0785840578005885
4.41E-5                   2.068608278304842
4.42E-5                   2.0587163295479516
4.43E-5                   2.048856683665046
4.4399999999999995E-5     2.0390137079116695
4.45E-5                   2.029213469498844
4.46E-5                   2.0194314280279038
4.4699999999999996E-5     2.0097657869331096
4.48E-5                   2.000119254677053
4.49E-5                   1.9905147112819688
4.4999999999999996E-5     1.9809554716070796
4.51E-5                   1.9714363433310806
4.52E-5                   1.9619802648444509
4.5299999999999997E-5     1.9525454135377467
4.54E-5                   1.9431821916535557
4.5499999999999995E-5     1.933836810219282
4.56E-5                   1.924559512321251
4.57E-5                   1.9153142493966426
4.5799999999999995E-5     1.9061167930032925
4.59E-5                   1.8969660528612131
4.6E-5                    1.887844077297344
4.6099999999999996E-5     1.878788384299492
4.62E-5                   1.86974979855299
4.63E-5                   1.8607836874824955
4.6399999999999996E-5     1.8518528427295473
4.65E-5                   1.8430163658912775
4.66E-5                   1.834179890213163
4.67E-5                   1.8253434157942887
4.68E-5                   1.8166237110787482
4.6899999999999995E-5     1.8079522971285817
4.7E-5                    1.7992808847106854
4.71E-5                   1.7906302411471005
4.7199999999999995E-5     1.782104215401335
4.73E-5                   1.7735781908419175
4.74E-5                   1.7650521675576767
4.7499999999999996E-5     1.7566091692347394
4.76E-5                   1.7482267261624247
4.77E-5                   1.739844284348571
4.7799999999999996E-5     1.7314637838074618
4.79E-5                   1.7232234275645046
4.8E-5                    1.714983072471778
4.81E-5                   1.706742718609391
4.82E-5                   1.698564851967874
4.8299999999999995E-5     1.6904636493429548
4.84E-5                   1.6823624477785957
4.85E-5                   1.6742612473509786
4.8599999999999995E-5     1.6662810697320105
4.87E-5                   1.6583167022338716
4.88E-5                   1.6503523358753196
4.8899999999999996E-5     1.6424562166139884
4.9E-5                    1.6347052093006929
4.91E-5                   1.6269542028725033
4.9199999999999997E-5     1.6192031973960628
4.93E-5                   1.6114521929380259
4.9399999999999995E-5     1.6037011895650624
4.95E-5                   1.5959501873438524
4.96E-5                   1.5882498939230265
4.9699999999999995E-5     1.5807648289404594
4.98E-5                   1.5732797646867884
4.99E-5                   1.565794701222013
4.9999999999999996E-5     1.5583096386061421
5.01E-5                   1.5508245768991937
5.02E-5                   1.5433395161612011
5.0299999999999996E-5     1.5358697076371812
5.04E-5                   1.5286326930182312
5.05E-5                   1.5213956790437584
5.06E-5                   1.5141586657679615
5.07E-5                   1.5069216532450458
5.0799999999999995E-5     1.49968464152923
5.09E-5                   1.4924476306747392
5.1E-5                    1.4852106207358091
5.1099999999999995E-5     1.4783076199285405
5.12E-5                   1.4714288759847594
5.13E-5                   1.4645501326203179
5.1399999999999996E-5     1.4576713898817557
5.15E-5                   1.4507926478156195
5.16E-5                   1.4439139064684638
5.1699999999999996E-5     1.437035165886852
5.18E-5                   1.4301564261173525
5.1899999999999994E-5     1.4232776872065416
5.2E-5                    1.416398949201003
5.21E-5                   1.4095202121473274
5.2199999999999995E-5     1.402641476092112
5.23E-5                   1.39576274108196
5.24E-5                   1.3888840071634827
5.2499999999999995E-5     1.382310819628613
5.26E-5                   1.3758854766937678
5.27E-5                   1.369460133982836
5.2799999999999996E-5     1.3630347915336667
5.29E-5                   1.3566094493841117
5.3E-5                    1.3501841075720302
5.3099999999999996E-5     1.3437587661352883
5.32E-5                   1.3373334251117546
5.3299999999999995E-5     1.3309080845393058
5.34E-5                   1.324482744455822
5.35E-5                   1.318057404899189
5.3599999999999995E-5     1.3116320659072993
5.37E-5                   1.305206727518048
5.38E-5                   1.2987813897693365
5.3899999999999996E-5     1.292532273024472
5.4E-5                    1.2865310202028906
5.41E-5                   1.2805297676754006
5.4199999999999996E-5     1.2745285154729098
5.43E-5                   1.2685272636263285
5.4399999999999994E-5     1.2625260121665733
5.4499999999999997E-5     1.2565247611245627
5.46E-5                   1.2505235105312207
5.4699999999999995E-5     1.2445222604174737
5.48E-5                   1.2385210108142515
5.49E-5                   1.2325197617524892
5.4999999999999995E-5     1.2265185132631242
5.51E-5                   1.2205172653770975
5.52E-5                   1.2145160181253531
5.5299999999999996E-5     1.2085768535996457
5.54E-5                   1.2029706565498397
5.55E-5                   1.1973644596818724
5.5599999999999996E-5     1.191758263020806
5.57E-5                   1.1861520665917034
5.5799999999999994E-5     1.1805458704196319
5.59E-5                   1.17493967452966
5.6E-5                    1.1693334789468606
5.6099999999999995E-5     1.163727283696308
5.62E-5                   1.1581210888030797
5.63E-5                   1.1525148942922558
5.6399999999999995E-5     1.1469087001889189
5.65E-5                   1.1413025065181537
5.66E-5                   1.1356963133050484
5.6699999999999996E-5     1.1300901205746925
5.68E-5                   1.1248190898094204
5.69E-5                   1.119585809603489
5.6999999999999996E-5     1.1143525295881702
5.71E-5                   1.109119249784014
5.7199999999999994E-5     1.103885970211572
5.73E-5                   1.0986526908913952
5.74E-5                   1.093419411844039
5.7499999999999995E-5     1.0881861330900615
5.76E-5                   1.0829528546500196
5.77E-5                   1.0777195765444743
5.7799999999999995E-5     1.072486298793988
5.79E-5                   1.067253021419125
5.8E-5                    1.0620197444404509
5.8099999999999996E-5     1.0567864678785335
5.82E-5                   1.0517712432686397
5.8299999999999994E-5     1.0468784668877484
5.8399999999999997E-5     1.0419856906453808
5.85E-5                   1.0370929145581793
5.8599999999999995E-5     1.0322001386427886
5.87E-5                   1.0273073629158533
5.88E-5                   1.0224145873940207
5.8899999999999995E-5     1.0175218120939382
5.9E-5                    1.012629037032255
5.91E-5                   1.007736262225623
5.9199999999999996E-5     1.0028434876906926
5.93E-5                   0.9979507134441181
5.94E-5                   0.9930579395025534
5.9499999999999996E-5     0.9881651658826546
5.96E-5                   0.9833979717824557
5.9699999999999994E-5     0.9788339352705218
5.98E-5                   0.974269898873093
5.99E-5                   0.9697058626037807
5.9999999999999995E-5     0.9651418264761973
6.01E-5                   0.9605777905039554
6.02E-5                   0.9560137547006698
6.0299999999999995E-5     0.9514497190799562
6.04E-5                   0.9468856836554298
6.05E-5                   0.9423216484407082
6.0599999999999996E-5     0.9377576134494099
6.07E-5                   0.9331935786951531
6.08E-5                   0.9286295441915581
6.0899999999999996E-5     0.9240655099522456
6.1E-5                    0.9195380197904547
6.11E-5                   0.9152695906333471
6.12E-5                   0.9110011615776133
6.13E-5                   0.9067327326343395
6.14E-5                   0.9024643038146114
6.149999999999999E-5      0.898195875129517
6.159999999999999E-5      0.8939274465901427
6.17E-5                   0.8896590182075775
6.18E-5                   0.8853905899929105
6.19E-5                   0.8811221619572316
6.2E-5                    0.8768537341116307
6.209999999999999E-5      0.8725853064671999
6.22E-5                   0.8683168790350293
6.23E-5                   0.8640484518262121
6.24E-5                   0.8597800248518409
6.25E-5                   0.8557571622297864
6.26E-5                   0.8517725451985249
6.269999999999999E-5      0.8477879282296032
6.28E-5                   0.84380331133202
6.29E-5                   0.8398186945147753
6.3E-5                    0.8358340777868699
6.31E-5                   0.8318494611573047
6.319999999999999E-5      0.8278648446350813
6.33E-5                   0.8238802282292009
6.34E-5                   0.819895611948666
6.35E-5                   0.8159109958024804
6.36E-5                   0.8119263797996464
6.37E-5                   0.8079417639491684
6.379999999999999E-5      0.8039571482600509
6.39E-5                   0.8001361603622644
6.4E-5                    0.7964211745473846
6.41E-5                   0.7927061888290509
6.42E-5                   0.7889912032146388
6.429999999999999E-5      0.785276217711526
6.44E-5                   0.7815612323270882
6.45E-5                   0.7778462470687031
6.46E-5                   0.7741312619437485
6.47E-5                   0.7704162769596025
6.48E-5                   0.7667012921236434
6.489999999999999E-5      0.7629863074432498
6.5E-5                    0.7592713229258005
6.51E-5                   0.7555563385786748
6.52E-5                   0.7518413544092519
6.53E-5                   0.7482033948156104
6.539999999999999E-5      0.7447094410091875
6.549999999999999E-5      0.7412154872183429
6.56E-5                   0.7377215334490715
6.57E-5                   0.7342275797073693
6.58E-5                   0.7307336259992313
6.59E-5                   0.7272396723306535
6.599999999999999E-5      0.7237457187076323
6.61E-5                   0.7202517651361632
6.62E-5                   0.716757811622243
6.63E-5                   0.7132638581718685
6.64E-5                   0.709769904791037
6.65E-5                   0.7062759514857455
6.659999999999999E-5      0.7027819982619921
6.67E-5                   0.6993136281464208
6.68E-5                   0.6961036229503306
6.69E-5                   0.6928936178346001
6.7E-5                    0.6896836128040342
6.709999999999999E-5      0.6864736078634388
6.72E-5                   0.6832636030176175
6.73E-5                   0.6800535982713763
6.74E-5                   0.6768435936295208
6.75E-5                   0.6736335890968566
6.76E-5                   0.6704235846781892
6.769999999999999E-5      0.6672135803783252
6.78E-5                   0.6640035762020701
6.79E-5                   0.6607935721542302
6.8E-5                    0.657583568239612
6.81E-5                   0.6543735644630225
6.819999999999999E-5      0.6512726293395514
6.829999999999999E-5      0.6481937625648295
6.84E-5                   0.6451148959340876
6.85E-5                   0.6420360294516865
6.86E-5                   0.6389571631219879
6.87E-5                   0.6358782969493536
6.879999999999999E-5      0.6327994309381453
6.89E-5                   0.6297205650927241
6.9E-5                    0.626641699417452
6.91E-5                   0.6235628339166912
6.92E-5                   0.6204839685948037
6.929999999999999E-5      0.6174051034561517
6.939999999999999E-5      0.614326238505097
6.95E-5                   0.6114432064842763
6.96E-5                   0.6085603365707909
6.97E-5                   0.6056774666022061
6.98E-5                   0.6027945965815588
6.989999999999999E-5      0.5999117265118867
7.0E-5                    0.5970288563962263
7.01E-5                   0.5941459862376156
7.02E-5                   0.5912631160390915
7.03E-5                   0.5883802458036922
7.04E-5                   0.5854973755344549
7.049999999999999E-5      0.5826787385959504
7.06E-5                   0.5799491722552276
7.07E-5                   0.5772196060261332
7.08E-5                   0.5744900399117098
7.09E-5                   0.5717604739150001
7.099999999999999E-5      0.5690309080390471
7.11E-5                   0.566301342286893
7.12E-5                   0.5635717766615809
7.13E-5                   0.5608422111661538
7.14E-5                   0.5581715918772655
7.15E-5                   0.5555061059696313
7.159999999999999E-5      0.5528406200325497
7.17E-5                   0.5501751340687556
7.18E-5                   0.5475096480809858
7.19E-5                   0.5448441620719764
7.2E-5                    0.5421786760444636
7.209999999999999E-5      0.5396135051528997
7.219999999999999E-5      0.5370607379895072
7.23E-5                   0.5345079709145703
7.24E-5                   0.5319552039303513
7.25E-5                   0.5294024370391125
7.26E-5                   0.5268496702431159
7.269999999999999E-5      0.5243304167362149
7.28E-5                   0.5218164954495751
7.29E-5                   0.5193025741478239
7.3E-5                    0.516788652833349
7.31E-5                   0.5142747315085388
7.319999999999999E-5      0.5118045236806573
7.329999999999999E-5      0.5093798544956144
7.34E-5                   0.5069551853640452
7.35E-5                   0.5045305162878954
7.36E-5                   0.5021058472691109
7.37E-5                   0.4997102122494249
7.379999999999999E-5      0.4973299299369095
7.39E-5                   0.4949496476501963
7.4E-5                    0.4925693653912584
7.41E-5                   0.49020132051276666
7.42E-5                   0.48786155664909747
7.429999999999999E-5      0.48552179279291824
7.439999999999999E-5      0.48318202894603335
7.45E-5                   0.48084226511024836
7.46E-5                   0.47855832669222303
7.47E-5                   0.4762773311313939
7.48E-5                   0.47399633562335175
7.489999999999999E-5      0.47171534016979416
7.5E-5                    0.46945871127378136
7.51E-5                   0.4672184740973429
7.52E-5                   0.46497823691422185
7.53E-5                   0.4627379997260217
7.54E-5                   0.4605096948741212
7.549999999999999E-5      0.458318015336223
7.56E-5                   0.45612633584577306
7.57E-5                   0.4539346564042648
7.58E-5                   0.451742977013191
7.59E-5                   0.44959162248714524
7.599999999999999E-5      0.44744506733010747
7.609999999999999E-5      0.4452985121723483
7.62E-5                   0.44315195701529
7.63E-5                   0.44102960507236133
7.64E-5                   0.43892774274355356
7.65E-5                   0.4368258804488975
7.659999999999999E-5      0.4347240181897016
7.67E-5                   0.4326301741077865
7.68E-5                   0.4305706348592594
7.69E-5                   0.4285110956181691
7.7E-5                    0.4264515563857745
7.709999999999999E-5      0.42439201716333524
7.719999999999999E-5      0.4223695771527344
7.73E-5                   0.4203543431024426
7.74E-5                   0.4183391090742808
7.75E-5                   0.4163238750694045
7.76E-5                   0.4143281322787632
7.769999999999999E-5      0.4123530646529343
7.78E-5                   0.4103779970408568
7.79E-5                   0.4084029294436352
7.8E-5                    0.40643341372992864
7.81E-5                   0.4045000371700795
7.819999999999999E-5      0.40256666062411467
7.829999999999999E-5      0.4006332840930618
7.84E-5                   0.39869990757794904
7.85E-5                   0.3967977286558061
7.86E-5                   0.39490429415692063
7.87E-5                   0.39301085967352273
7.879999999999999E-5      0.39111742520657933
7.89E-5                   0.3892497051086271
7.9E-5                    0.38741621402989285
7.91E-5                   0.3855827229616148
7.92E-5                   0.38374923190467225
7.93E-5                   0.3819157408599448
7.939999999999999E-5      0.38008224982831174
7.95E-5                   0.3782487588106523
7.96E-5                   0.37641526780784584
7.97E-5                   0.3745817768207717
7.98E-5                   0.3728036052737605
7.989999999999999E-5      0.3710464392898805
7.999999999999999E-5      0.36928927331537725
8.01E-5                   0.367532107351023
8.02E-5                   0.3657749413975897
8.03E-5                   0.3640177754558494
8.04E-5                   0.3622606095265743
8.049999999999999E-5      0.36050344361053654
8.06E-5                   0.3587477415405986
8.07E-5                   0.35706164094429266
8.08E-5                   0.355375540355304
8.09E-5                   0.35368943977431627
8.099999999999999E-5      0.352003339202014
8.109999999999999E-5      0.3503172386390804
8.12E-5                   0.3486311380861998
8.13E-5                   0.34694503754405603
8.14E-5                   0.34525893701333316
8.15E-5                   0.34360499907799974
8.159999999999999E-5      0.34202054737170257
8.17E-5                   0.34043609567165467
8.18E-5                   0.33885164397842243
8.19E-5                   0.33726719229257257
8.2E-5                    0.33568274061467135
8.209999999999999E-5      0.33409828894528565
8.219999999999999E-5      0.3325138372849814
8.23E-5                   0.3309293856343253
8.24E-5                   0.3293449339938838
8.25E-5                   0.32776048236422345
8.26E-5                   0.32617603074591073
8.269999999999999E-5      0.32459157913951237
8.28E-5                   0.32300712754559435
8.29E-5                   0.3214226759647234
8.3E-5                    0.3198382243974662
8.31E-5                   0.31825377284438916
8.319999999999999E-5      0.31666932130605896
8.329999999999999E-5      0.31520012767772354
8.34E-5                   0.3137426079991997
8.35E-5                   0.31228508832198143
8.36E-5                   0.3108275686465102
8.37E-5                   0.30937004897322706
8.379999999999999E-5      0.30791252930257373
8.389999999999999E-5      0.3064550096349909
8.4E-5                    0.30499748997092035
8.41E-5                   0.30353997031080343
8.42E-5                   0.3020824506550812
8.43E-5                   0.3006249310041951
8.439999999999999E-5      0.2991674113585867
8.45E-5                   0.29770989171869694
8.46E-5                   0.2962523720849674
8.47E-5                   0.2947948524578393
8.48E-5                   0.2933373328377542
8.489999999999999E-5      0.2918798132251534
8.499999999999999E-5      0.2904806636146853
8.51E-5                   0.2891399656116128
8.52E-5                   0.28779926761133195
8.53E-5                   0.2864585696141858
8.54E-5                   0.28511787162051777
8.549999999999999E-5      0.2837771736306714
8.56E-5                   0.28243647564498964
8.57E-5                   0.2810957776638156
8.58E-5                   0.27975507968749314
8.59E-5                   0.2784143817163652
8.599999999999999E-5      0.27707368375077535
8.609999999999999E-5      0.27573298579106637
8.62E-5                   0.27439228783758207
8.63E-5                   0.27305158989066547
8.64E-5                   0.2717108919506601
8.65E-5                   0.2703701940179092
8.659999999999999E-5      0.26902949609275606
8.669999999999999E-5      0.26769861052426713
8.68E-5                   0.26646541971686943
8.69E-5                   0.2652322289108456
8.7E-5                    0.26399903810646264
8.709999999999999E-5      0.262765847303988
8.719999999999999E-5      0.2615326565036885
8.73E-5                   0.26029946570583135
8.74E-5                   0.25906627491068385
8.75E-5                   0.257833084118513
8.76E-5                   0.2565998933295862
8.769999999999999E-5      0.25536670254417076
8.779999999999999E-5      0.25413351176253335
8.79E-5                   0.2529003209849415
8.8E-5                    0.2516671302116622
8.81E-5                   0.2504339394429628
8.82E-5                   0.2492007486791104
8.829999999999999E-5      0.2479675579203724
8.84E-5                   0.24673436716701563
8.85E-5                   0.24556865205934206
8.86E-5                   0.24443426988903721
8.87E-5                   0.24329988772011912
8.879999999999999E-5      0.24216550555279595
8.889999999999999E-5      0.24103112338727536
8.9E-5                    0.2398967412237656
8.91E-5                   0.23876235906247475
8.92E-5                   0.23762797690361095
8.93E-5                   0.236493594747382
8.939999999999999E-5      0.23535921259399623
8.95E-5                   0.2342248304436614
8.96E-5                   0.2330904482965858
8.97E-5                   0.2319560661529773
8.98E-5                   0.23082168401304407
8.989999999999999E-5      0.22968730187699427
8.999999999999999E-5      0.2285529197450357
9.01E-5                   0.22741853761737651
9.02E-5                   0.2263091228685895
9.03E-5                   0.22526569211128086
9.04E-5                   0.22422226135507464
9.049999999999999E-5      0.2231788306001328
9.059999999999999E-5      0.22213539984661676
9.07E-5                   0.22109196909468862
9.08E-5                   0.2200485383445099
9.09E-5                   0.21900510759624262
9.099999999999999E-5      0.21796167685004866
9.109999999999999E-5      0.21691824610608948
9.12E-5                   0.21587481536452696
9.13E-5                   0.214831384625523
9.14E-5                   0.21378795388923932
9.15E-5                   0.21274452315583775
9.159999999999999E-5      0.21170109242548013
9.169999999999999E-5      0.2106576616983281
9.18E-5                   0.20961423097454354
9.19E-5                   0.20857080025428817
9.2E-5                    0.20759978826881742
9.21E-5                   0.20663996897881026
9.219999999999999E-5      0.20568014968964174
9.23E-5                   0.20472033040143764
9.24E-5                   0.20376051111432403
9.25E-5                   0.20280069182842703
9.26E-5                   0.2018408725438727
9.269999999999999E-5      0.20088105326078717
9.279999999999999E-5      0.19992123397929626
9.29E-5                   0.1989614146995261
9.3E-5                    0.1980015954216027
9.31E-5                   0.19704177614565221
9.32E-5                   0.1960819568718006
9.329999999999999E-5      0.19512213760017405
9.34E-5                   0.19416231833089836
9.35E-5                   0.19320249906409967
9.36E-5                   0.19224267979990406
9.37E-5                   0.1913180933954796
9.379999999999999E-5      0.19043524289196181
9.389999999999999E-5      0.18955239238917104
9.4E-5                    0.18866954188720536
9.41E-5                   0.18778669138616283
9.42E-5                   0.1869038408861414
9.43E-5                   0.1860209903872391
9.439999999999999E-5      0.18513813988955397
9.449999999999999E-5      0.1842552893931838
9.46E-5                   0.18337243889822677
9.47E-5                   0.18248958840478083
9.48E-5                   0.18160673791294388
9.489999999999999E-5      0.18072388742281423
9.499999999999999E-5      0.1798410369344895
9.51E-5                   0.1789581864480678
9.52E-5                   0.17807533596364727
9.53E-5                   0.17719248548132574
9.54E-5                   0.17631467026311004
9.549999999999999E-5      0.1755337972338286
9.559999999999999E-5      0.17475292420571234
9.57E-5                   0.17397205117882944
9.58E-5                   0.17319117815324764
9.59E-5                   0.17241030512903482
9.6E-5                    0.1716294321062587
9.609999999999999E-5      0.17084855908498736
9.62E-5                   0.17006768606528835
9.63E-5                   0.1692868130472297
9.64E-5                   0.1685059400308791
9.65E-5                   0.16772506701630446
9.659999999999999E-5      0.16694419400357377
9.669999999999999E-5      0.16616332099275458
9.68E-5                   0.1653824479839149
9.69E-5                   0.16460157497712244
9.7E-5                    0.1638207019724452
9.71E-5                   0.16303982896995092
9.719999999999999E-5      0.16225895596970752
9.73E-5                   0.16147808297178276
9.74E-5                   0.16069720997624448
9.75E-5                   0.15991633698316046
9.76E-5                   0.15913546399259865
9.769999999999999E-5      0.15835459100462695
9.779999999999999E-5      0.157573718019313
9.79E-5                   0.1567928450367247
9.8E-5                    0.15601197205692993
9.81E-5                   0.15523109907999655
9.82E-5                   0.15445022610599232
9.829999999999999E-5      0.1536693531349852
9.839999999999999E-5      0.1528884801670429
9.85E-5                   0.15210760720223326
9.86E-5                   0.1513267342406242
9.87E-5                   0.15054586128228353
9.879999999999999E-5      0.14976498832727916
9.889999999999999E-5      0.14901212710340478
9.9E-5                    0.14835167354983167
9.91E-5                   0.14769121999497972
9.92E-5                   0.14703076643888985
9.93E-5                   0.1463703128816032
9.939999999999999E-5      0.14570985932316075
9.949999999999999E-5      0.1450494057636035
9.96E-5                   0.14438895220297251
9.97E-5                   0.14372849864130882
9.98E-5                   0.14306804507865345
9.989999999999999E-5      0.1424075915150476
9.999999999999999E-5      0.141747137950532
1.001E-4                  0.1410866843851479
1.002E-4                  0.1404262308189363
1.003E-4                  0.13976577725193823
1.004E-4                  0.13910532368419468
1.0049999999999999E-4     0.13844487011574685
1.0059999999999999E-4     0.1377844165466356
1.007E-4                  0.137123962976902
1.008E-4                  0.13646350940658708
1.009E-4                  0.13580305583573196
1.01E-4                   0.13514260226437763
1.0109999999999999E-4     0.13448214869256525
1.012E-4                  0.1338216951203356
1.013E-4                  0.13316124154772987
1.014E-4                  0.1325007879747891
1.015E-4                  0.13184033440155432
1.0159999999999999E-4     0.13117988082806664
1.0169999999999999E-4     0.13051942725436697
1.018E-4                  0.12985897368049634
1.019E-4                  0.1291985201064959
1.02E-4                   0.1285380665324066
1.021E-4                  0.12787761295826955
1.0219999999999999E-4     0.1272171593841258
1.0229999999999999E-4     0.12655670581001627
1.024E-4                  0.12593856375315648
1.025E-4                  0.12537985482048913
1.026E-4                  0.12482114588817993
1.0269999999999999E-4     0.12426243695625376
1.0279999999999999E-4     0.12370372802473538
1.029E-4                  0.12314501909364971
1.03E-4                   0.1225863101630216
1.031E-4                  0.12202760123287598
1.032E-4                  0.12146889230323771
1.0329999999999999E-4     0.12091018337413166
1.0339999999999999E-4     0.12035147444558263
1.035E-4                  0.11979276551761552
1.036E-4                  0.11923405659025521
1.037E-4                  0.1186753476635266
1.0379999999999999E-4     0.1181166387374546
1.0389999999999999E-4     0.1175579298120639
1.04E-4                   0.11699922088737952
1.041E-4                  0.11644051196342627
1.042E-4                  0.11588180304022906
1.043E-4                  0.11532309411781273
1.0439999999999999E-4     0.11476438519620222
1.0449999999999999E-4     0.11420567627542227
1.046E-4                  0.11364696735549784
1.047E-4                  0.11308825843645377
1.048E-4                  0.11252954951831493
1.049E-4                  0.1119708406011062
1.0499999999999999E-4     0.11141213168485252
1.051E-4                  0.11085342276957862
1.052E-4                  0.11029471385530944
1.053E-4                  0.10973600494206985
1.054E-4                  0.10917729602988469
1.0549999999999999E-4     0.10861858711877895
1.0559999999999999E-4     0.10805987820877734
1.057E-4                  0.10750116929990476
1.058E-4                  0.10694246039218615
1.059E-4                  0.10643536865109543
1.06E-4                   0.10596281733889394
1.0609999999999999E-4     0.10549026602636477
1.0619999999999999E-4     0.10501771471352275
1.063E-4                  0.10454516340038303
1.064E-4                  0.10407261208696054
1.065E-4                  0.10360006077327032
1.0659999999999999E-4     0.10312750945932742
1.0669999999999999E-4     0.1026549581451467
1.068E-4                  0.10218240683074323
1.069E-4                  0.10170985551613201
1.07E-4                   0.10123730420132808
1.071E-4                  0.10076475288634638
1.0719999999999999E-4     0.10029220157120206
1.0729999999999999E-4     0.0998196502559099
1.074E-4                  0.09934709894048502
1.075E-4                  0.09887454762494238
1.076E-4                  0.09840199630929702
1.0769999999999999E-4     0.09792944499356401
1.0779999999999999E-4     0.09745689367775821
1.079E-4                  0.0969843423618947
1.08E-4                   0.09651179104598845
1.081E-4                  0.09603923973005443
1.082E-4                  0.09556668841410774
1.0829999999999999E-4     0.0950941370981634
1.0839999999999999E-4     0.09462158578223624
1.085E-4                  0.09414903446634136
1.086E-4                  0.09367648315049379
1.087E-4                  0.09320393183470849
1.0879999999999999E-4     0.09273138051900055
1.0889999999999999E-4     0.09225882920338485
1.0899999999999999E-4     0.09178627788787642
1.091E-4                  0.09131372657249029
1.092E-4                  0.09084117525724146
1.093E-4                  0.0903686239421449
1.0939999999999999E-4     0.08995310714319289
1.0949999999999999E-4     0.08955345796090536
1.096E-4                  0.08915380877872107
1.097E-4                  0.08875415959664923
1.098E-4                  0.08835451041469891
1.099E-4                  0.08795486123287927
1.0999999999999999E-4     0.08755521205119944
1.1009999999999999E-4     0.0871555628696685
1.102E-4                  0.08675591368829558
1.103E-4                  0.0863562645070898
1.104E-4                  0.08595661532606036
1.1049999999999999E-4     0.08555696614521634
1.1059999999999999E-4     0.08515731696456683
1.107E-4                  0.08475766778412093
1.108E-4                  0.08435801860388788
1.109E-4                  0.0839583694238767
1.11E-4                   0.08355872024409657
1.1109999999999999E-4     0.08315907106455665
1.1119999999999999E-4     0.08275942188526596
1.113E-4                  0.08235977270623368
1.114E-4                  0.08196012352746895
1.115E-4                  0.08156047434898088
1.1159999999999999E-4     0.08116082517077862
1.1169999999999999E-4     0.08076117599287123
1.118E-4                  0.08036152681526788
1.119E-4                  0.07996187763797769
1.12E-4                   0.07956222846100978
1.121E-4                  0.07916257928437327
1.1219999999999999E-4     0.07876293010807735
1.1229999999999999E-4     0.07836328093213105
1.124E-4                  0.07796363175654353
1.125E-4                  0.07756398258132391
1.126E-4                  0.07716433340648134
1.1269999999999999E-4     0.07676468423202494
1.1279999999999999E-4     0.07636503505796381
1.1289999999999999E-4     0.07602473400305552
1.13E-4                   0.07568654818308497
1.131E-4                  0.07534836236305363
1.132E-4                  0.07501017654296702
1.1329999999999999E-4     0.07467199072283062
1.1339999999999999E-4     0.07433380490264986
1.135E-4                  0.07399561908243027
1.136E-4                  0.07365743326217733
1.137E-4                  0.07331924744189652
1.138E-4                  0.07298106162159333
1.1389999999999999E-4     0.07264287580127332
1.1399999999999999E-4     0.07230468998094185
1.141E-4                  0.07196650416060446
1.142E-4                  0.07162831834026663
1.143E-4                  0.07129013251993388
1.1439999999999999E-4     0.07095194669961172
1.1449999999999999E-4     0.07061376087930556
1.146E-4                  0.07027557505902088
1.147E-4                  0.06993738923876322
1.148E-4                  0.06959920341853805
1.149E-4                  0.06926101759835086
1.1499999999999999E-4     0.06892283177820717
1.1509999999999999E-4     0.06858464595811244
1.152E-4                  0.0682464601380721
1.153E-4                  0.06790827431809167
1.154E-4                  0.06757008849817668
1.1549999999999999E-4     0.06723190267833262
1.1559999999999999E-4     0.06689371685856492
1.157E-4                  0.06655553103887905
1.158E-4                  0.0662173452192806
1.159E-4                  0.06587915939977496
1.16E-4                   0.06554097358036767
1.1609999999999999E-4     0.06520278776106424
1.1619999999999999E-4     0.06486460194187006
1.163E-4                  0.06453420568175135
1.164E-4                  0.06424835945789832
1.165E-4                  0.0639625132340701
1.1659999999999999E-4     0.06367666701027014
1.1669999999999999E-4     0.06339082078650163
1.1679999999999999E-4     0.06310497456276801
1.169E-4                  0.0628191283390726
1.17E-4                   0.06253328211541874
1.171E-4                  0.062247435891809776
1.1719999999999999E-4     0.06196158966824909
1.1729999999999999E-4     0.06167574344473995
1.174E-4                  0.06138989722128574
1.175E-4                  0.06110405099788979
1.176E-4                  0.060818204774555455
1.177E-4                  0.06053235855128607
1.1779999999999999E-4     0.06024651232808503
1.1789999999999999E-4     0.05996066610495557
1.18E-4                   0.059674819881901126
1.181E-4                  0.059388973658924996
1.182E-4                  0.05910312743603052
1.1829999999999999E-4     0.05881728121322109
1.1839999999999999E-4     0.058531434990499995
1.185E-4                  0.05824558876787059
1.186E-4                  0.05795974254533623
1.187E-4                  0.05767389632290025
1.188E-4                  0.05738805010056599
1.1889999999999999E-4     0.05710220387833684
1.1899999999999999E-4     0.056816357656216065
1.191E-4                  0.056530511434207044
1.192E-4                  0.05624466521231312
1.193E-4                  0.05595881899053763
1.1939999999999999E-4     0.05567297276888398
1.1949999999999999E-4     0.055387126547355406
1.196E-4                  0.05510128032595531
1.197E-4                  0.054815434104687005
1.198E-4                  0.054544144123626466
1.199E-4                  0.054302132874622586
1.1999999999999999E-4     0.054060121625626956
1.2009999999999999E-4     0.05381811037664155
1.202E-4                  0.05357609912766836
1.203E-4                  0.053334087878709434
1.204E-4                  0.05309207662976678
1.2049999999999999E-4     0.05285006538084242
1.2059999999999999E-4     0.05260805413193832
1.2069999999999999E-4     0.052366042883056504
1.208E-4                  0.05212403163419902
1.209E-4                  0.051882020385367836
1.21E-4                   0.05164000913656499
1.2109999999999999E-4     0.05139799788779249
1.2119999999999999E-4     0.05115598663905234
1.213E-4                  0.05091397539034653
1.214E-4                  0.050671964141677094
1.215E-4                  0.05042995289304604
1.216E-4                  0.050187941644455364
1.2169999999999999E-4     0.04994593039590715
1.2179999999999999E-4     0.04970391914740329
1.219E-4                  0.04946190789894587
1.22E-4                   0.04921989665053689
1.2209999999999999E-4     0.04897788540217836
1.222E-4                  0.04873587415387226
1.223E-4                  0.04849386290562064
1.224E-4                  0.048251851657425494
1.225E-4                  0.04800984040928884
1.226E-4                  0.04776782916121266
1.227E-4                  0.04752581791319899
1.228E-4                  0.04728380666524985
1.229E-4                  0.04704179541736725
1.2299999999999998E-4     0.046799784169553243
1.2309999999999998E-4     0.04655777292180972
1.2319999999999999E-4     0.04631576167413877
1.233E-4                  0.046093089026047605
1.234E-4                  0.04588860579837691
1.235E-4                  0.04568412257070291
1.236E-4                  0.045479639343026845
1.237E-4                  0.045275156115349935
1.238E-4                  0.04507067288767338
1.239E-4                  0.04486618965999843
1.24E-4                   0.044661706432326295
1.241E-4                  0.044457223204658204
1.2419999999999998E-4     0.04425273997699542
1.2429999999999999E-4     0.04404825674933907
1.244E-4                  0.04384377352169043
1.245E-4                  0.043639290294050705
1.246E-4                  0.04343480706642114
1.247E-4                  0.04323032383880295
1.248E-4                  0.04302584061119734
1.249E-4                  0.04282135738360556
1.25E-4                   0.04261687415602881
1.251E-4                  0.04241239092846831
1.252E-4                  0.04220790770092532
1.2529999999999998E-4     0.04200342447340106
1.2539999999999999E-4     0.04179894124589669
1.255E-4                  0.041594458018413466
1.256E-4                  0.04138997479095261
1.257E-4                  0.04118549156351535
1.258E-4                  0.04098100833610289
1.259E-4                  0.0407765251087165
1.26E-4                   0.04057204188135733
1.261E-4                  0.04036755865402667
1.262E-4                  0.0401630754267257
1.263E-4                  0.03995859219945567
1.2639999999999998E-4     0.03975410897221783
1.2649999999999998E-4     0.03954962574501332
1.266E-4                  0.039345142517843386
1.267E-4                  0.03914065929070927
1.268E-4                  0.038958079257659484
1.269E-4                  0.03878495113279576
1.27E-4                   0.038611823007960004
1.271E-4                  0.038438694883152956
1.272E-4                  0.03826556675837535
1.273E-4                  0.03809243863362794
1.274E-4                  0.03791931050891145
1.2749999999999998E-4     0.03774618238422667
1.2759999999999998E-4     0.037573054259574225
1.277E-4                  0.037399926134954936
1.278E-4                  0.037226798010369516
1.279E-4                  0.03705366988581871
1.28E-4                   0.03688054176130325
1.281E-4                  0.036707413636823887
1.282E-4                  0.036534285512381345
1.283E-4                  0.03636115738797638
1.284E-4                  0.0361880292636097
1.285E-4                  0.036014901139282074
1.2859999999999998E-4     0.03584177301499427
1.2869999999999998E-4     0.03566864489074694
1.288E-4                  0.035495516766540856
1.289E-4                  0.03532238864237677
1.29E-4                   0.03514926051825543
1.291E-4                  0.03497613239417754
1.292E-4                  0.034803004270143864
1.293E-4                  0.03462987614615514
1.294E-4                  0.03445674802221209
1.295E-4                  0.03428361989831547
1.296E-4                  0.03411049177446599
1.2969999999999998E-4     0.03393736365066448
1.2979999999999998E-4     0.03376423552691155
1.2989999999999999E-4     0.03359110740320799
1.3E-4                    0.03341797927955454
1.301E-4                  0.033244851155951945
1.302E-4                  0.03307172303240094
1.303E-4                  0.032922208355221146
1.304E-4                  0.032775859082010146
1.305E-4                  0.03262950980878448
1.306E-4                  0.03248316053554459
1.307E-4                  0.03233681126229094
1.3079999999999998E-4     0.03219046198902399
1.3089999999999998E-4     0.03204411271574412
1.3099999999999999E-4     0.03189776344245182
1.311E-4                  0.031751414169147535
1.312E-4                  0.031605064895831696
1.313E-4                  0.031458715622504775
1.314E-4                  0.03131236634916719
1.315E-4                  0.031166017075819414
1.316E-4                  0.03101966780246187
1.317E-4                  0.030873318529095025
1.318E-4                  0.030726969255719307
1.3189999999999998E-4     0.030580619982335213
1.3199999999999998E-4     0.030434270708943105
1.3209999999999999E-4     0.03028792143554347
1.322E-4                  0.03014157216213676
1.323E-4                  0.02999522288872341
1.324E-4                  0.029848873615303872
1.325E-4                  0.029702524341878596
1.326E-4                  0.029556175068448026
1.327E-4                  0.0294098257950126
1.328E-4                  0.02926347652157277
1.329E-4                  0.029117127248128996
1.33E-4                   0.02897077797468171
1.3309999999999998E-4     0.028824428701231388
1.3319999999999999E-4     0.02867807942777842
1.333E-4                  0.02853173015432327
1.334E-4                  0.0283853808808664
1.335E-4                  0.028239031607408253
1.336E-4                  0.02809268233394927
1.337E-4                  0.027947802156733616
1.338E-4                  0.02782404169090632
1.339E-4                  0.027700281225106285
1.34E-4                   0.027576520759333766
1.341E-4                  0.027452760293589035
1.3419999999999998E-4     0.027328999827872413
1.3429999999999998E-4     0.02720523936218409
1.344E-4                  0.02708147889652437
1.345E-4                  0.026957718430893535
1.346E-4                  0.02683395796529185
1.347E-4                  0.02671019749971958
1.348E-4                  0.026586437034177006
1.349E-4                  0.026462676568664394
1.35E-4                   0.026338916103182015
1.351E-4                  0.026215155637730143
1.352E-4                  0.026091395172309045
1.3529999999999998E-4     0.025967634706919027
1.3539999999999998E-4     0.025843874241560295
1.355E-4                  0.02572011377623315
1.356E-4                  0.025596353310937875
1.357E-4                  0.02547259284567472
1.358E-4                  0.025348832380443973
1.359E-4                  0.025225071915245898
1.36E-4                   0.025101311450080762
1.361E-4                  0.024977550984948842
1.362E-4                  0.02485379051985041
1.363E-4                  0.024730030054785735
1.3639999999999998E-4     0.024606269589755127
1.3649999999999998E-4     0.024482509124758776
1.3659999999999999E-4     0.024358748659796998
1.367E-4                  0.024234988194870064
1.368E-4                  0.024111227729978233
1.369E-4                  0.023987467265121805
1.37E-4                   0.023863706800301015
1.371E-4                  0.02373994633551616
1.372E-4                  0.02362088298145161
1.373E-4                  0.023516041248442365
1.374E-4                  0.023411199515418913
1.3749999999999998E-4     0.023306357782381434
1.3759999999999998E-4     0.023201516049330045
1.3769999999999999E-4     0.02309667431626493
1.378E-4                  0.022991832583186256
1.379E-4                  0.022886990850094175
1.38E-4                   0.022782149116988868
1.381E-4                  0.022677307383870485
1.382E-4                  0.022572465650739195
1.383E-4                  0.022467623917595155
1.384E-4                  0.022362782184438535
1.385E-4                  0.022257940451269494
1.3859999999999998E-4     0.022153098718088227
1.3869999999999998E-4     0.02204825698489483
1.3879999999999999E-4     0.021943415251689517
1.389E-4                  0.02183857351847242
1.39E-4                   0.021733731785243727
1.391E-4                  0.02162889005200359
1.392E-4                  0.02152404831875217
1.393E-4                  0.021419206585489646
1.394E-4                  0.021314364852216154
1.395E-4                  0.021209523118931886
1.396E-4                  0.021104681385636984
1.3969999999999998E-4     0.02099983965233165
1.3979999999999998E-4     0.020894997919015987
1.3989999999999999E-4     0.020790156185690183
1.4E-4                    0.020685314452354404
1.401E-4                  0.02058047271900882
1.402E-4                  0.020475630985653578
1.403E-4                  0.02037078925228886
1.404E-4                  0.020265947518914813
1.405E-4                  0.020161105785531607
1.406E-4                  0.020056264052139408
1.407E-4                  0.019958533980021044
1.408E-4                  0.019870172731578224
1.4089999999999998E-4     0.019781811483153788
1.4099999999999998E-4     0.01969345023474779
1.411E-4                  0.019605088986360344
1.412E-4                  0.019516727737991547
1.413E-4                  0.01942836648964151
1.414E-4                  0.019340005241310323
1.415E-4                  0.01925164399299809
1.416E-4                  0.019163282744704906
1.417E-4                  0.01907492149643088
1.418E-4                  0.018986560248176097
1.419E-4                  0.01889819899994067
1.4199999999999998E-4     0.018809837751724713
1.4209999999999998E-4     0.018721476503528275
1.422E-4                  0.018633115255351496
1.423E-4                  0.018544754007194457
1.424E-4                  0.01845639275905726
1.425E-4                  0.018368031510940012
1.426E-4                  0.018279670262842815
1.427E-4                  0.018191309014765754
1.428E-4                  0.018102947766708937
1.429E-4                  0.018014586518672465
1.43E-4                   0.017926225270656435
1.4309999999999998E-4     0.017837864022660972
1.4319999999999998E-4     0.017749502774686125
1.433E-4                  0.01766114152673201
1.434E-4                  0.01757278027879874
1.435E-4                  0.017484419030886406
1.436E-4                  0.017396057782995116
1.437E-4                  0.01730769653512495
1.438E-4                  0.017219335287276035
1.439E-4                  0.017130974039448448
1.44E-4                   0.017042612791642292
1.441E-4                  0.016954251543857678
1.4419999999999998E-4     0.016873975484718917
1.4429999999999998E-4     0.016798765975027156
1.4439999999999999E-4     0.01672355646532779
1.445E-4                  0.016648346955620893
1.446E-4                  0.016573137445906525
1.447E-4                  0.016497927936184736
1.448E-4                  0.016422718426455582
1.449E-4                  0.016347508916719142
1.45E-4                   0.016272299406975468
1.451E-4                  0.016197089897224612
1.452E-4                  0.016121880387466626
1.4529999999999998E-4     0.016046670877701615
1.4539999999999998E-4     0.01597146136792959
1.4549999999999999E-4     0.01589625185815062
1.456E-4                  0.01582104234836477
1.457E-4                  0.015745832838572112
1.458E-4                  0.015670623328772688
1.459E-4                  0.015595413818966564
1.46E-4                   0.015520204309153806
1.461E-4                  0.015444994799334465
1.462E-4                  0.01536978528950861
1.463E-4                  0.015294575779676294
1.4639999999999998E-4     0.015219366269837598
1.4649999999999998E-4     0.015144156759992543
1.4659999999999999E-4     0.015068947250141207
1.467E-4                  0.014993737740283652
1.468E-4                  0.014918528230419939
1.469E-4                  0.014843318720550122
1.47E-4                   0.014768109210674271
1.471E-4                  0.014692899700792437
1.472E-4                  0.01461769019090468
1.473E-4                  0.014542480681011067
1.474E-4                  0.014467271171111646
1.4749999999999998E-4     0.014392061661206509
1.4759999999999998E-4     0.014316852151295672
1.4769999999999999E-4     0.014251388253314673
1.478E-4                  0.01418839123113222
1.479E-4                  0.014125394208957864
1.48E-4                   0.014062397186791647
1.481E-4                  0.01399940016463361
1.482E-4                  0.01393640314248378
1.483E-4                  0.013873406120342201
1.484E-4                  0.013810409098208905
1.485E-4                  0.013747412076083928
1.4859999999999998E-4     0.013684415053967326
1.4869999999999998E-4     0.013621418031859097
1.4879999999999998E-4     0.013558421009759297
1.489E-4                  0.013495423987667959
1.49E-4                   0.013432426965585125
1.491E-4                  0.013369429943510825
1.492E-4                  0.013306432921445097
1.493E-4                  0.013243435899387977
1.494E-4                  0.013180438877339506
1.495E-4                  0.013117441855299708
1.496E-4                  0.013054444833268631
1.497E-4                  0.01299144781124631
1.4979999999999998E-4     0.012928450789232793
1.4989999999999998E-4     0.01286545376722808
1.5E-4                    0.012802456745232229
