% Model:              20230225_JW_4_10.mph
% Version:            COMSOL 5.6.0.401
% Date:               Feb 25 2023, 20:25
% Dimension:          1
% Nodes:              1501
% Expressions:        1
% Description:        点图
% X                       Height
0                         18.547871842809606
1.0E-7                    18.551916266190872
2.0E-7                    18.551536504900074
3.0E-7                    18.52836069688745
4.0E-7                    18.497429870131892
5.0E-7                    18.46926931592137
6.0E-7                    18.43738031812958
7.0E-7                    18.406416079409876
8.0E-7                    18.371651030367694
9.0E-7                    18.330686831240556
1.0E-6                    18.285168250716655
1.1E-6                    18.238377763368142
1.2E-6                    18.188903762717537
1.2999999999999998E-6     18.136838469289884
1.4E-6                    18.083754650855784
1.5E-6                    18.028394883061114
1.6E-6                    17.971029238105576
1.6999999999999998E-6     17.91285624329132
1.8E-6                    17.853676745109997
1.9E-6                    17.79330877214704
2.0E-6                    17.731897766650484
2.1E-6                    17.66988465422406
2.2E-6                    17.607198250020662
2.3E-6                    17.54395563086296
2.4E-6                    17.480169985307235
2.4999999999999998E-6     17.41595158376869
2.5999999999999997E-6     17.351499141400147
2.7E-6                    17.286671652050586
2.8E-6                    17.221675183763743
2.8999999999999998E-6     17.156396457418634
3.0E-6                    17.09095362651461
3.1E-6                    17.025428505209412
3.2E-6                    16.959786804595698
3.2999999999999997E-6     16.894083096769677
3.3999999999999996E-6     16.828327821181645
3.5E-6                    16.762548973273496
3.6E-6                    16.69678542876575
3.6999999999999997E-6     16.6310488822119
3.8E-6                    16.565401455528576
3.9E-6                    16.499778131514166
4.0E-6                    16.434155369716493
4.1E-6                    16.368665293351157
4.2E-6                    16.30325687603395
4.2999999999999995E-6     16.237848948103267
4.4E-6                    16.172530201576265
4.5E-6                    16.107320610473234
4.6E-6                    16.042111456283525
4.7E-6                    15.97704305373101
4.8E-6                    15.912337562804924
4.9E-6                    15.847632454308497
4.9999999999999996E-6     15.782957059086396
5.0999999999999995E-6     15.718521957656277
5.199999999999999E-6      15.654087269834486
5.3E-6                    15.589653034969107
5.4E-6                    15.526075503862382
5.5E-6                    15.462554228230477
5.6E-6                    15.399033265879268
5.7E-6                    15.335512653012833
5.7999999999999995E-6     15.271992426585768
5.899999999999999E-6      15.208472624294767
6.0E-6                    15.145426957962252
6.1E-6                    15.082699596377084
6.2E-6                    15.019972473638788
6.3E-6                    14.957245622271666
6.4E-6                    14.89451907545771
6.5E-6                    14.831792867029323
6.5999999999999995E-6     14.769372823343092
6.699999999999999E-6      14.70783283135057
6.799999999999999E-6      14.646293131378759
6.9E-6                    14.584753754353946
7.0E-6                    14.523214731765032
7.1E-6                    14.461676095657023
7.2E-6                    14.400137878624463
7.2999999999999996E-6     14.339414691704148
7.3999999999999995E-6     14.278764759563986
7.499999999999999E-6      14.218114929381366
7.6E-6                    14.157465228769285
7.699999999999999E-6      14.096815685804994
7.8E-6                    14.036166329024802
7.899999999999999E-6      13.976402736295988
8.0E-6                    13.917288027544597
8.1E-6                    13.85817366629404
8.2E-6                    13.799059678776716
8.3E-6                    13.739946091604692
8.4E-6                    13.680832931764979
8.5E-6                    13.622145444084921
8.599999999999999E-6      13.563521188344906
8.7E-6                    13.504897148277564
8.8E-6                    13.44627335126713
8.9E-6                    13.387649825104752
9.0E-6                    13.329743050575518
9.1E-6                    13.27209439691481
9.2E-6                    13.214445847325747
9.299999999999999E-6      13.156797424737078
9.4E-6                    13.099279241961595
9.499999999999999E-6      13.042781273547547
9.6E-6                    12.986283594377959
9.7E-6                    12.929786226532926
9.8E-6                    12.873289192373436
9.9E-6                    12.817064867911352
9.999999999999999E-6      12.761123032355892
1.01E-5                   12.705181287018876
1.0199999999999999E-5     12.649239653562818
1.03E-5                   12.593298153903763
1.0399999999999999E-5     12.538305529781473
1.05E-5                   12.483456230097218
1.06E-5                   12.428607103758031
1.07E-5                   12.37375816943464
1.08E-5                   12.3190962082884
1.0899999999999999E-5     12.265004512405504
1.1E-5                    12.210912985850443
1.1099999999999999E-5     12.156821648731666
1.12E-5                   12.102730521354701
1.13E-5                   12.049415614950156
1.14E-5                   11.996567129606822
1.15E-5                   11.943718754890433
1.1599999999999999E-5     11.890870505994094
1.17E-5                   11.838022387592735
1.1799999999999999E-5     11.78517017892655
1.19E-5                   11.732318081689543
1.2E-5                    11.679466116148848
1.21E-5                   11.626614302737655
1.22E-5                   11.574786618531018
1.2299999999999999E-5     11.524626819934312
1.24E-5                   11.474467157611414
1.2499999999999999E-5     11.424307641625775
1.26E-5                   11.374148282154255
1.2699999999999999E-5     11.322327359573901
1.28E-5                   11.269976835439296
1.29E-5                   11.217626387771451
1.3E-5                    11.16527604159572
1.31E-5                   11.11356062508344
1.3199999999999999E-5     11.065871908963908
1.33E-5                   11.018183065258244
1.3399999999999999E-5     10.970494098511477
1.35E-5                   10.922805013307453
1.3599999999999999E-5     10.874494798493592
1.37E-5                   10.826170744575368
1.38E-5                   10.777847982156722
1.3899999999999999E-5     10.728816988711953
1.4E-5                    10.678522135556818
1.4099999999999999E-5     10.628226391771163
1.42E-5                   10.579365274623171
1.4299999999999999E-5     10.533702528016324
1.44E-5                   10.488040819216854
1.45E-5                   10.440510207213846
1.4599999999999999E-5     10.392053357733799
1.47E-5                   10.34426405774087
1.4799999999999999E-5     10.298022784398146
1.49E-5                   10.251744266916935
1.4999999999999999E-5     10.205283703368902
1.51E-5                   10.158797952190797
1.52E-5                   10.112237445483723
1.53E-5                   10.066399890769
1.5399999999999998E-5     10.021210378685526
1.55E-5                   9.975527288593716
1.56E-5                   9.92976649844682
1.57E-5                   9.884548562628463
1.5799999999999998E-5     9.839474651537273
1.59E-5                   9.794667844533684
1.6E-5                    9.750085725601462
1.61E-5                   9.705638888018361
1.62E-5                   9.661221582917014
1.63E-5                   9.61690392487648
1.64E-5                   9.573047493584406
1.6499999999999998E-5     9.52933787952245
1.66E-5                   9.485809967462206
1.67E-5                   9.442309402650219
1.68E-5                   9.398819364581245
1.69E-5                   9.355972757956401
1.7E-5                    9.31315529407558
1.71E-5                   9.270408252417
1.7199999999999998E-5     9.227828840911753
1.73E-5                   9.185390145767217
1.74E-5                   9.143322077196679
1.75E-5                   9.101347902380029
1.76E-5                   9.059485401081087
1.77E-5                   9.01777480056767
1.78E-5                   8.976326948756867
1.7899999999999998E-5     8.935157617898007
1.8E-5                    8.894144595418656
1.81E-5                   8.85313163109492
1.82E-5                   8.812227800441287
1.8299999999999998E-5     8.771792200534374
1.84E-5                   8.731356655640543
1.85E-5                   8.690921172815171
1.8599999999999998E-5     8.65093862486463
1.87E-5                   8.611117441271785
1.88E-5                   8.571296312537314
1.89E-5                   8.531632605174932
1.8999999999999998E-5     8.492362266250744
1.91E-5                   8.453091976130178
1.92E-5                   8.413821741264453
1.9299999999999998E-5     8.375069862717295
1.94E-5                   8.336421074309074
1.95E-5                   8.297772339390956
1.96E-5                   8.259319494159298
1.9699999999999998E-5     8.221182746780118
1.98E-5                   8.183046038963921
1.99E-5                   8.144909376591905
1.9999999999999998E-5     8.107369118013144
2.01E-5                   8.06987312712252
2.02E-5                   8.032377191856813
2.03E-5                   7.99510781118488
2.0399999999999998E-5     7.958084447109084
2.05E-5                   7.921061112763899
2.06E-5                   7.884055272118062
2.07E-5                   7.847660431924138
2.0799999999999997E-5     7.811265642951043
2.09E-5                   7.774870910058586
2.1E-5                    7.738773975187168
2.1099999999999998E-5     7.702896069954598
2.12E-5                   7.667018189519684
2.13E-5                   7.63119697606865
2.14E-5                   7.595773747321373
2.1499999999999997E-5     7.560350564772414
2.16E-5                   7.524927433018337
2.17E-5                   7.490061531720986
2.1799999999999998E-5     7.455466386059167
2.19E-5                   7.420871267489478
2.2E-5                    7.386251118554273
2.21E-5                   7.351542868663656
2.2199999999999998E-5     7.316834653643457
2.23E-5                   7.282126478282268
2.24E-5                   7.2486779309106835
2.2499999999999998E-5     7.215606063095133
2.26E-5                   7.182534224871363
2.27E-5                   7.149097751088906
2.28E-5                   7.114879985985134
2.2899999999999998E-5     7.080662258269347
2.3E-5                    7.04644457364123
2.31E-5                   7.01440801671424
2.3199999999999998E-5     6.982707149519443
2.33E-5                   6.951006272910709
2.34E-5                   6.918994836172663
2.35E-5                   6.8865458161625455
2.3599999999999998E-5     6.854097008420418
2.37E-5                   6.821496271694584
2.38E-5                   6.788554612533003
2.3899999999999998E-5     6.755612803066221
2.4E-5                    6.724022616563905
2.41E-5                   6.693714863741941
2.42E-5                   6.663407274638641
2.4299999999999998E-5     6.631506698878866
2.44E-5                   6.5996017861518
2.45E-5                   6.568680212139071
2.4599999999999998E-5     6.538116794878068
2.4699999999999997E-5     6.507472287460059
2.48E-5                   6.476792270170994
2.49E-5                   6.446214626135183
2.4999999999999998E-5     6.415690301714287
2.51E-5                   6.3855950668345605
2.52E-5                   6.355763481277516
2.53E-5                   6.325900700179358
2.5399999999999997E-5     6.2960154412569285
2.55E-5                   6.266346731059103
2.56E-5                   6.236859718699238
2.5699999999999998E-5     6.207510732682644
2.58E-5                   6.178296562610424
2.59E-5                   6.1491845399646365
2.6E-5                    6.120188574594532
2.6099999999999997E-5     6.0912525527629295
2.62E-5                   6.062395926852493
2.63E-5                   6.033755323726847
2.6399999999999998E-5     6.005449261703042
2.65E-5                   5.97721524561786
2.66E-5                   5.949112382823172
2.67E-5                   5.921076868047781
2.6799999999999998E-5     5.893186683301162
2.69E-5                   5.865373620058586
2.7E-5                    5.837760017365909
2.7099999999999998E-5     5.810169962176273
2.7199999999999997E-5     5.782654038487342
2.73E-5                   5.755207877027774
2.74E-5                   5.728035410833997
2.7499999999999998E-5     5.700901048058526
2.76E-5                   5.673959085755066
2.77E-5                   5.647043875236939
2.7799999999999998E-5     5.620311809693155
2.7899999999999997E-5     5.593608037719612
2.8E-5                    5.567191853569833
2.81E-5                   5.54078554725057
2.8199999999999998E-5     5.514560113510815
2.83E-5                   5.488340430253443
2.84E-5                   5.462529903453043
2.8499999999999998E-5     5.436719389809928
2.8599999999999997E-5     5.410908891005828
2.87E-5                   5.385098408725246
2.88E-5                   5.359756447732567
2.8899999999999998E-5     5.334445395394137
2.9E-5                    5.309134355555815
2.91E-5                   5.283823329805927
2.9199999999999998E-5     5.258918731039887
2.9299999999999997E-5     5.23407897320766
2.94E-5                   5.209239226770506
2.95E-5                   5.184399493231974
2.9599999999999998E-5     5.159945074361614
2.97E-5                   5.135595120846349
2.98E-5                   5.111245179466227
2.99E-5                   5.086895251631906
2.9999999999999997E-5     5.062879372088256
3.01E-5                   5.0389992650166
3.02E-5                   5.015119167163094
3.0299999999999998E-5     4.99123907986145
3.04E-5                   4.967648449007584
3.05E-5                   4.944223978026289
3.06E-5                   4.920799517736361
3.07E-5                   4.897375069386116
3.0799999999999996E-5     4.874188969458232
3.09E-5                   4.851190440292952
3.1E-5                    4.8281919194660246
3.11E-5                   4.805193408167627
3.12E-5                   4.7824087357390255
3.13E-5                   4.75985212656163
3.14E-5                   4.737295526258186
3.15E-5                   4.7147389359411385
3.1599999999999996E-5     4.692445173367097
3.17E-5                   4.670532447837956
3.18E-5                   4.6486197290231575
3.1899999999999996E-5     4.626707017944187
3.2E-5                    4.604794315623747
3.21E-5                   4.582881623085729
3.22E-5                   4.560968941355215
3.23E-5                   4.539056271458436
3.24E-5                   4.51735532050137
3.25E-5                   4.49626710789838
3.26E-5                   4.475178899114532
3.2699999999999995E-5     4.454090695053131
3.28E-5                   4.433002496618497
3.29E-5                   4.411914304715946
3.2999999999999996E-5     4.390826120251789
3.31E-5                   4.369737944133293
3.32E-5                   4.348732237964139
3.3299999999999996E-5     4.328426592102958
3.34E-5                   4.308120950369077
3.35E-5                   4.287815313571271
3.36E-5                   4.267509682519148
3.37E-5                   4.247204058023137
3.38E-5                   4.226898440894483
3.39E-5                   4.206592831945224
3.4E-5                    4.186287231988186
3.4099999999999995E-5     4.166713333389208
3.42E-5                   4.147174743395906
3.43E-5                   4.127636157466756
3.4399999999999996E-5     4.108097576317628
3.45E-5                   4.08855900066506
3.46E-5                   4.069020431226251
3.4699999999999996E-5     4.049481868719053
3.48E-5                   4.029943313861956
3.49E-5                   4.010993067181215
3.5E-5                    3.992187552951739
3.51E-5                   3.973382042195551
3.52E-5                   3.9545765355536022
3.53E-5                   3.9357710336674083
3.54E-5                   3.9169655371790353
3.5499999999999996E-5     3.898160046731099
3.56E-5                   3.8793545629667525
3.57E-5                   3.8610040500364065
3.5799999999999996E-5     3.8428972839414786
3.59E-5                   3.8247905210829374
3.6E-5                    3.806683762030389
3.6099999999999997E-5     3.788577007353894
3.62E-5                   3.7704702576239506
3.63E-5                   3.752363513411507
3.64E-5                   3.734256775287938
3.65E-5                   3.716499736485373
3.6599999999999995E-5     3.6990927554219066
3.67E-5                   3.6816857767732296
3.68E-5                   3.6642788010436877
3.6899999999999996E-5     3.646871828738007
3.7E-5                    3.6294648603612925
3.71E-5                   3.6120578964190218
3.7199999999999996E-5     3.5946509374170397
3.73E-5                   3.5774617231610732
3.74E-5                   3.5606798643644644
3.75E-5                   3.5438980083820018
3.76E-5                   3.5271161556707598
3.77E-5                   3.5103343066881245
3.78E-5                   3.493552461891786
3.79E-5                   3.476770621739725
3.7999999999999995E-5     3.4599887866902233
3.81E-5                   3.443338975318933
3.82E-5                   3.4272275546786033
3.8299999999999996E-5     3.411116135039613
3.84E-5                   3.3950047167936437
3.85E-5                   3.378893300332635
3.8599999999999996E-5     3.362781886048785
3.87E-5                   3.346670474334537
3.88E-5                   3.330559065582585
3.89E-5                   3.3144739903724614
3.9E-5                    3.298941106216991
3.9099999999999995E-5     3.283408225968558
3.92E-5                   3.267875350000335
3.93E-5                   3.2523424786857094
3.9399999999999995E-5     3.2368096123982797
3.95E-5                   3.2212767515118497
3.96E-5                   3.205743896400425
3.9699999999999996E-5     3.190211047438218
3.98E-5                   3.175184158072975
3.99E-5                   3.1602171907948837
3.9999999999999996E-5     3.1452502211261972
4.01E-5                   3.1302832493646315
4.02E-5                   3.115316275808071
4.03E-5                   3.1003493007545644
4.04E-5                   3.085382324502315
4.0499999999999995E-5     3.07041534734969
4.06E-5                   3.0559846906938826
4.07E-5                   3.0417398506685163
4.0799999999999996E-5     3.027495021077802
4.09E-5                   3.0132502022303767
4.1E-5                    2.9990053944350294
4.1099999999999996E-5     2.984760598000705
4.12E-5                   2.970515813236486
4.13E-5                   2.9562710404516053
4.14E-5                   2.942055283532358
4.15E-5                   2.927859572987867
4.1599999999999995E-5     2.913663857214557
4.17E-5                   2.8994681365108037
4.18E-5                   2.8852724111751313
4.1899999999999995E-5     2.8710766815062
4.2E-5                    2.8572375089112394
4.21E-5                   2.843731147272225
4.2199999999999996E-5     2.8302247873856405
4.23E-5                   2.8167184294214893
4.24E-5                   2.80333396685722
4.2499999999999996E-5     2.790172398567507
4.26E-5                   2.7770108376101774
4.27E-5                   2.763849284221489
4.28E-5                   2.7505877505465484
4.29E-5                   2.7372792782786646
4.2999999999999995E-5     2.7239707983177324
4.31E-5                   2.7109694197464638
4.32E-5                   2.6981024339916275
4.3299999999999995E-5     2.6852502230194255
4.34E-5                   2.672462116538715
4.35E-5                   2.659674004552616
4.3599999999999996E-5     2.6470078564713795
4.37E-5                   2.634343900976523
4.38E-5                   2.621765646417095
4.3899999999999996E-5     2.609196312131961
4.4E-5                    2.5966578302265044
4.41E-5                   2.584200111363835
4.42E-5                   2.571844401314619
4.43E-5                   2.5595306867604917
4.4399999999999995E-5     2.54723863703914
4.45E-5                   2.5350127773481197
4.46E-5                   2.522808772758085
4.4699999999999996E-5     2.51072471443376
4.48E-5                   2.4986744706972264
4.49E-5                   2.4866985486173188
4.4999999999999996E-5     2.4747629534141864
4.51E-5                   2.462863060563597
4.52E-5                   2.45105336568869
4.5299999999999997E-5     2.4392740377333064
4.54E-5                   2.42759026616591
4.5499999999999995E-5     2.415925213262019
4.56E-5                   2.4043283781973113
4.57E-5                   2.3927791096474844
4.5799999999999995E-5     2.3813008298979472
4.59E-5                   2.3698760172084863
4.6E-5                    2.358484123681549
4.6099999999999996E-5     2.3471715252609977
4.62E-5                   2.3358801393015405
4.63E-5                   2.324688443335291
4.6399999999999996E-5     2.3135389260515478
4.65E-5                   2.3025022766603165
4.66E-5                   2.2914656282512325
4.67E-5                   2.2804289809522564
4.68E-5                   2.2695392444218023
4.6899999999999995E-5     2.2587102629156033
4.7E-5                    2.2478812823165293
4.71E-5                   2.237078194024438
4.7199999999999995E-5     2.226430470664884
4.73E-5                   2.215782748215002
4.74E-5                   2.2051350267893617
4.7499999999999996E-5     2.194590256068668
4.76E-5                   2.184120573363666
4.77E-5                   2.1736508914602375
4.7799999999999996E-5     2.1631836547934853
4.79E-5                   2.152893000267784
4.8E-5                    2.142602346530828
4.81E-5                   2.132311693685865
4.82E-5                   2.122098170676768
4.8299999999999995E-5     2.1119792765263314
4.84E-5                   2.1018603831217986
4.85E-5                   2.091741490561595
4.8599999999999995E-5     2.0817750665986394
4.87E-5                   2.0718285601494983
4.88E-5                   2.061882054448315
4.8899999999999996E-5     2.052020433769056
4.9E-5                    2.042339302667202
4.91E-5                   2.0326581721710926
4.9199999999999997E-5     2.0229770423667777
4.93E-5                   2.0132959133403245
4.9399999999999995E-5     2.003614785177823
4.95E-5                   1.9939336579653764
4.96E-5                   1.9843158989050684
4.9699999999999995E-5     1.9749671011764705
4.98E-5                   1.9656183038075599
4.99E-5                   1.9562695068756952
4.9999999999999996E-5     1.946920710458253
5.01E-5                   1.9375719146326216
5.02E-5                   1.9282231194762087
5.0299999999999996E-5     1.918893330082137
5.04E-5                   1.9098536325543243
5.05E-5                   1.9008139354252056
5.06E-5                   1.8917742387647616
5.07E-5                   1.882734542642984
5.0799999999999995E-5     1.8736948471298793
5.09E-5                   1.8646551522954675
5.1E-5                    1.8556154582097801
5.1099999999999995E-5     1.8469929572702695
5.12E-5                   1.8384007539210083
5.13E-5                   1.829808550892915
5.1399999999999996E-5     1.8212163482460364
5.15E-5                   1.8126241460404287
5.16E-5                   1.804031944336159
5.1699999999999996E-5     1.7954397431933067
5.18E-5                   1.7868475426719581
5.1899999999999994E-5     1.778255342832213
5.2E-5                    1.7696631437341788
5.21E-5                   1.7610709454379734
5.2199999999999995E-5     1.7524787480037256
5.23E-5                   1.7438865514915716
5.24E-5                   1.7352943559616583
5.2499999999999995E-5     1.7270838083295554
5.26E-5                   1.7190579283563683
5.27E-5                   1.7110320483409127
5.2799999999999996E-5     1.7030061683320166
5.29E-5                   1.6949802883785132
5.3E-5                    1.6869544085292467
5.3099999999999996E-5     1.6789285288330678
5.32E-5                   1.670902649338834
5.3299999999999995E-5     1.6628767700954132
5.34E-5                   1.6548508911516773
5.35E-5                   1.646825012556508
5.3599999999999995E-5     1.6387991343587942
5.37E-5                   1.6307732566074296
5.38E-5                   1.622747379351319
5.3899999999999996E-5     1.6149408597530184
5.4E-5                    1.6074428781630707
5.41E-5                   1.5999448966907077
5.4199999999999996E-5     1.5924469153758443
5.43E-5                   1.5849489342584016
5.4399999999999994E-5     1.5774509533783068
5.4499999999999997E-5     1.5699529727754906
5.46E-5                   1.562454992489891
5.4699999999999995E-5     1.554957012561451
5.48E-5                   1.547459033030118
5.49E-5                   1.5399610539358446
5.4999999999999995E-5     1.5324630753185886
5.51E-5                   1.524965097218313
5.52E-5                   1.5174671196749854
5.5299999999999996E-5     1.5100472437082781
5.54E-5                   1.5030462499638946
5.55E-5                   1.4960452562200257
5.5599999999999996E-5     1.4890442625089597
5.57E-5                   1.4820432688629859
5.5799999999999994E-5     1.4750422753144
5.59E-5                   1.4680412818954993
5.6E-5                    1.461040288638587
5.6099999999999995E-5     1.4540392955759696
5.62E-5                   1.4470383027399556
5.63E-5                   1.4400373101628603
5.6399999999999995E-5     1.4330363178769998
5.65E-5                   1.4260353259146952
5.66E-5                   1.4190343343082708
5.6699999999999996E-5     1.4120333430900542
5.68E-5                   1.4054452635378611
5.69E-5                   1.3989036916545647
5.6999999999999996E-5     1.3923621198535885
5.71E-5                   1.3858205481615318
5.7199999999999994E-5     1.3792789766050002
5.73E-5                   1.372737405210597
5.74E-5                   1.3661958340049336
5.7499999999999995E-5     1.3596542630146207
5.76E-5                   1.3531126922662724
5.77E-5                   1.3465711217865057
5.7799999999999995E-5     1.3400295516019407
5.79E-5                   1.3334879817391987
5.8E-5                    1.3269464122249042
5.8099999999999996E-5     1.3204048430856845
5.82E-5                   1.3141401513277298
5.8299999999999994E-5     1.3080309414582767
5.8399999999999997E-5     1.3019217316056642
5.85E-5                   1.295812521791303
5.8599999999999995E-5     1.2897033120366048
5.87E-5                   1.283594102362983
5.88E-5                   1.2774848927918538
5.8899999999999995E-5     1.2713756833446355
5.9E-5                    1.2652664740427466
5.91E-5                   1.2591572649076086
5.9199999999999996E-5     1.2530480559606456
5.93E-5                   1.2469388472232812
5.94E-5                   1.2408296387169433
5.9499999999999996E-5     1.2347204304630603
5.96E-5                   1.2287654199385836
5.9699999999999994E-5     1.2230598645261594
5.98E-5                   1.2173543091519683
5.99E-5                   1.211648753833647
5.9999999999999995E-5     1.205943198588836
6.01E-5                   1.2002376434351738
6.02E-5                   1.194532088390303
6.0299999999999995E-5     1.1888265334718668
6.04E-5                   1.1831209786975083
6.05E-5                   1.177415424084874
6.0599999999999996E-5     1.1717098696516115
6.07E-5                   1.1660043154153685
6.08E-5                   1.160298761393794
6.0899999999999996E-5     1.1545932076045404
6.1E-5                    1.148933883122331
6.11E-5                   1.1436022788713396
6.12E-5                   1.1382706746568116
6.13E-5                   1.1329390704930309
6.14E-5                   1.1276074663942817
6.149999999999999E-5      1.12227586237485
6.159999999999999E-5      1.1169442584490215
6.17E-5                   1.1116126546310823
6.18E-5                   1.1062810509353225
6.19E-5                   1.1009494473760302
6.2E-5                    1.0956178439674955
6.209999999999999E-5      1.0902862407240101
6.22E-5                   1.0849546376598649
6.23E-5                   1.0796230347893527
6.24E-5                   1.074291432126767
6.25E-5                   1.0692669017666976
6.26E-5                   1.0642901965072262
6.269999999999999E-5      1.0593134912229076
6.28E-5                   1.0543367859253265
6.29E-5                   1.0493600806260706
6.3E-5                    1.0443833753367278
6.31E-5                   1.0394066700688869
6.319999999999999E-5      1.034429964834137
6.33E-5                   1.0294532596440675
6.34E-5                   1.0244765545102688
6.35E-5                   1.0194998494443328
6.36E-5                   1.0145231444578515
6.37E-5                   1.0095464395624165
6.379999999999999E-5      1.0045697347696223
6.39E-5                   0.9997911525912567
6.4E-5                    0.9951409191315932
6.41E-5                   0.9904906857952047
6.42E-5                   0.9858404525917575
6.429999999999999E-5      0.9811902195309186
6.44E-5                   0.9765399866223542
6.45E-5                   0.9718897538757321
6.46E-5                   0.9672395213007208
6.47E-5                   0.9625892889069887
6.48E-5                   0.9579390567042048
6.489999999999999E-5      0.9532888247020388
6.5E-5                    0.9486385929101597
6.51E-5                   0.9439883613382382
6.52E-5                   0.9393381299959449
6.53E-5                   0.934793551787142
6.539999999999999E-5      0.9304465034661594
6.549999999999999E-5      0.9260994550008457
6.56E-5                   0.9217524063986547
6.57E-5                   0.9174053576670405
6.58E-5                   0.9130583088134567
6.59E-5                   0.9087112598453582
6.599999999999999E-5      0.9043642107702003
6.61E-5                   0.900017161595437
6.62E-5                   0.8956701123285248
6.63E-5                   0.8913230629769191
6.64E-5                   0.8869760135480766
6.65E-5                   0.882628964049454
6.659999999999999E-5      0.8782819144885088
6.67E-5                   0.873962203354957
6.68E-5                   0.8699185857050883
6.69E-5                   0.8658749683032079
6.7E-5                    0.8618313511559964
6.709999999999999E-5      0.8577877342701347
6.72E-5                   0.8537441176523031
6.73E-5                   0.849700501309183
6.74E-5                   0.8456568852474562
6.75E-5                   0.8416132694738041
6.76E-5                   0.8375696539949085
6.769999999999999E-5      0.8335260388174522
6.78E-5                   0.8294824239481164
6.79E-5                   0.8254388093935835
6.8E-5                    0.8213951951605368
6.81E-5                   0.8173515812556582
6.819999999999999E-5      0.813477698771386
6.829999999999999E-5      0.8096381585447556
6.84E-5                   0.8057986182711135
6.85E-5                   0.8019590779558243
6.86E-5                   0.7981195376042522
6.87E-5                   0.7942799972217626
6.879999999999999E-5      0.7904404568137204
6.89E-5                   0.7866009163854901
6.9E-5                    0.782761375942437
6.91E-5                   0.7789218354899275
6.92E-5                   0.7750822950333268
6.929999999999999E-5      0.7712427545780008
6.939999999999999E-5      0.7674032141293153
6.95E-5                   0.76383481655967
6.96E-5                   0.760266643546651
6.97E-5                   0.7566984705657849
6.98E-5                   0.7531302976208456
6.989999999999999E-5      0.7495621247156082
7.0E-5                    0.7459939518538452
7.01E-5                   0.7424257790393322
7.02E-5                   0.7388576062758434
7.03E-5                   0.7352894335671535
7.04E-5                   0.7317212609170369
7.049999999999999E-5      0.7282083706375077
7.06E-5                   0.7247721387596477
7.07E-5                   0.72133590691149
7.08E-5                   0.7178996750972136
7.09E-5                   0.7144634433209985
7.099999999999999E-5      0.7110272115870248
7.11E-5                   0.7075909798994712
7.12E-5                   0.7041547482625178
7.13E-5                   0.7007185166803449
7.14E-5                   0.6973955160462016
7.15E-5                   0.6940823762763114
7.159999999999999E-5      0.6907692364898239
7.17E-5                   0.6874560966899925
7.18E-5                   0.6841429568800727
7.19E-5                   0.6808298170633194
7.2E-5                    0.6775166772429875
7.209999999999999E-5      0.6743024423721624
7.219999999999999E-5      0.671100436863646
7.23E-5                   0.6678984314447154
7.24E-5                   0.6646964261185567
7.25E-5                   0.6614944208883557
7.26E-5                   0.6582924157572985
7.269999999999999E-5      0.6551473985784788
7.28E-5                   0.652011448588641
7.29E-5                   0.648875498534201
7.3E-5                    0.645739548418061
7.31E-5                   0.6426035982431225
7.319999999999999E-5      0.6395206530281822
7.329999999999999E-5      0.6364929259253148
7.34E-5                   0.633465198925531
7.35E-5                   0.6304374720313972
7.36E-5                   0.627409745245479
7.37E-5                   0.6244124160231279
7.379999999999999E-5      0.6214311604533899
7.39E-5                   0.6184499048288853
7.4E-5                    0.6154686491522027
7.41E-5                   0.6125072624504081
7.42E-5                   0.6095917938723049
7.429999999999999E-5      0.6066763253594154
7.439999999999999E-5      0.6037608569139944
7.45E-5                   0.6008453885382977
7.46E-5                   0.5979861778474497
7.47E-5                   0.5951299327357609
7.48E-5                   0.5922736876126484
7.489999999999999E-5      0.589417442480371
7.5E-5                    0.5865973374781852
7.51E-5                   0.5838015445135898
7.52E-5                   0.5810057515772411
7.53E-5                   0.5782099586711698
7.54E-5                   0.5754279343696529
7.549999999999999E-5      0.5726881715305032
7.56E-5                   0.5699484087035503
7.57E-5                   0.5672086458907456
7.58E-5                   0.5644688830940399
7.59E-5                   0.5617807169576321
7.599999999999999E-5      0.5590986917440206
7.609999999999999E-5      0.5564166665384458
7.62E-5                   0.5537346413427287
7.63E-5                   0.5510829038746203
7.64E-5                   0.5484568069413778
7.65E-5                   0.5458307100315833
7.659999999999999E-5      0.5432046131469401
7.67E-5                   0.5405884662326896
7.68E-5                   0.5380148891689382
7.69E-5                   0.5354413121036309
7.7E-5                    0.5328677350383807
7.709999999999999E-5      0.5302941579748014
7.719999999999999E-5      0.5277671018415216
7.73E-5                   0.5252490816932067
7.74E-5                   0.522731061569696
7.75E-5                   0.5202130414724913
7.76E-5                   0.517719347501648
7.769999999999999E-5      0.5152514572817937
7.78E-5                   0.5127835670600993
7.79E-5                   0.5103156768379857
7.8E-5                    0.507854729523729
7.81E-5                   0.5054389761445665
7.819999999999999E-5      0.5030232227854673
7.829999999999999E-5      0.5006074694477585
7.84E-5                   0.4981917161327691
7.85E-5                   0.49581485017710597
7.86E-5                   0.4934488840044462
7.87E-5                   0.4910829178324041
7.879999999999999E-5      0.4887169516622298
7.89E-5                   0.48638317550227145
7.9E-5                    0.48409224826197783
7.91E-5                   0.4818013210320871
7.92E-5                   0.47951039381373295
7.93E-5                   0.4772194666080494
7.939999999999999E-5      0.4749285394161706
7.95E-5                   0.47263761223922984
7.96E-5                   0.470346685078361
7.97E-5                   0.46805575793469817
7.98E-5                   0.4658338710771696
7.989999999999999E-5      0.4636381997714853
7.999999999999999E-5      0.4614425284676371
8.01E-5                   0.45924685716662356
8.02E-5                   0.4570511858694431
8.03E-5                   0.4548555145770937
8.04E-5                   0.4526598432905738
8.049999999999999E-5      0.45046417201088185
8.06E-5                   0.4482703315094955
8.07E-5                   0.4461635394575791
8.08E-5                   0.44405674741139045
8.09E-5                   0.44194995537181103
8.099999999999999E-5      0.4398431633397237
8.109999999999999E-5      0.43773637131600923
8.12E-5                   0.4356295793015504
8.13E-5                   0.43352278729722865
8.14E-5                   0.4314159953039264
8.15E-5                   0.42934937689852637
8.159999999999999E-5      0.42736955221015854
8.17E-5                   0.4253897275241649
8.18E-5                   0.4234099028412775
8.19E-5                   0.421430078162228
8.2E-5                    0.4194502534877483
8.209999999999999E-5      0.4174704288185703
8.219999999999999E-5      0.4154906041554253
8.23E-5                   0.4135107794990453
8.24E-5                   0.41153095485016206
8.25E-5                   0.40955113020950745
8.26E-5                   0.407571305577813
8.269999999999999E-5      0.4055914809558111
8.28E-5                   0.4036116563442328
8.29E-5                   0.4016318317438102
8.3E-5                    0.3996520071552752
8.31E-5                   0.3976721825793595
8.319999999999999E-5      0.39569235801679525
8.329999999999999E-5      0.3938565601599693
8.34E-5                   0.3920353501104007
8.35E-5                   0.3902141400589279
8.36E-5                   0.38839293000612074
8.37E-5                   0.38657171995254874
8.379999999999999E-5      0.38475050989878173
8.389999999999999E-5      0.3829292998453888
8.4E-5                    0.3811080897929399
8.41E-5                   0.3792868797420044
8.42E-5                   0.37746566969315215
8.43E-5                   0.37564445964695264
8.439999999999999E-5      0.3738232496039757
8.45E-5                   0.3720020395647907
8.46E-5                   0.3701808295299673
8.47E-5                   0.3683596195000751
8.48E-5                   0.36653840947568395
8.489999999999999E-5      0.3647171994573636
8.499999999999999E-5      0.36296891846982077
8.51E-5                   0.3612936684731288
8.52E-5                   0.3596184184770533
8.53E-5                   0.3579431684820372
8.54E-5                   0.3562679184885242
8.549999999999999E-5      0.35459266849695753
8.56E-5                   0.35291741850778
8.57E-5                   0.35124216852143525
8.58E-5                   0.3495669185383667
8.59E-5                   0.3478916685590172
8.599999999999999E-5      0.34621641858383095
8.609999999999999E-5      0.3445411686132501
8.62E-5                   0.34286591864771876
8.63E-5                   0.34119066868767983
8.64E-5                   0.3395154187335769
8.65E-5                   0.3378401687858531
8.659999999999999E-5      0.33616491884495203
8.669999999999999E-5      0.334501929876126
8.68E-5                   0.33296101484055773
8.69E-5                   0.331420099804309
8.7E-5                    0.32987918476772465
8.709999999999999E-5      0.32833826973114993
8.719999999999999E-5      0.3267973546949295
8.73E-5                   0.3252564396594086
8.74E-5                   0.323715524624932
8.75E-5                   0.3221746095918449
8.76E-5                   0.3206336945604924
8.769999999999999E-5      0.3190927795312194
8.779999999999999E-5      0.3175518645043707
8.79E-5                   0.31601094948029146
8.8E-5                    0.31447003445932664
8.81E-5                   0.31292911944182134
8.82E-5                   0.3113882044281206
8.829999999999999E-5      0.30984728941856954
8.84E-5                   0.30830637441351283
8.85E-5                   0.30684976711892725
8.86E-5                   0.3054323088852513
8.87E-5                   0.30401485065164285
8.879999999999999E-5      0.30259739241837086
8.889999999999999E-5      0.3011799341857033
8.9E-5                    0.299762475953909
8.91E-5                   0.29834501772325644
8.92E-5                   0.296927559494014
8.93E-5                   0.29551010126645044
8.939999999999999E-5      0.29409264304083443
8.95E-5                   0.292675184817434
8.96E-5                   0.2912577265965178
8.97E-5                   0.2898402683783546
8.98E-5                   0.28842281016321264
8.989999999999999E-5      0.28700535195136084
8.999999999999999E-5      0.2855878937430674
9.01E-5                   0.2841704355386008
9.02E-5                   0.282784168840017
9.03E-5                   0.2814803353088871
9.04E-5                   0.28017650177773373
9.049999999999999E-5      0.27887266824676604
9.059999999999999E-5      0.27756883471619287
9.07E-5                   0.2762650011862232
9.08E-5                   0.2749611676570663
9.09E-5                   0.27365733412893095
9.099999999999999E-5      0.2723535006020266
9.109999999999999E-5      0.27104966707656186
9.12E-5                   0.26974583355274595
9.13E-5                   0.2684420000307879
9.14E-5                   0.2671381665108968
9.15E-5                   0.26583433299328146
9.159999999999999E-5      0.26453049947815144
9.169999999999999E-5      0.2632266659657152
9.18E-5                   0.2619228324561821
9.19E-5                   0.2606189989497611
9.2E-5                    0.2594057093058593
9.21E-5                   0.2582064136900789
9.219999999999999E-5      0.2570071180742209
9.23E-5                   0.2558078224584476
9.24E-5                   0.25460852684292173
9.25E-5                   0.25340923122780584
9.26E-5                   0.25220993561326255
9.269999999999999E-5      0.25101063999945455
9.279999999999999E-5      0.24981134438654418
9.29E-5                   0.24861204877469403
9.3E-5                    0.24741275316406683
9.31E-5                   0.246213457554825
9.32E-5                   0.24501416194713121
9.329999999999999E-5      0.24381486634114827
9.34E-5                   0.24261557073703832
9.35E-5                   0.2414162751349642
9.36E-5                   0.24021697953508842
9.37E-5                   0.23906165400325582
9.379999999999999E-5      0.23795841423539768
9.389999999999999E-5      0.23685517446774232
9.4E-5                    0.2357519347004166
9.41E-5                   0.23464869493354723
9.42E-5                   0.23354545516726088
9.43E-5                   0.2324422154016844
9.439999999999999E-5      0.23133897563694436
9.449999999999999E-5      0.2302357358731674
9.46E-5                   0.2291324961104803
9.47E-5                   0.22802925634900978
9.48E-5                   0.22692601658888253
9.489999999999999E-5      0.22582277683022542
9.499999999999999E-5      0.2247195370731649
9.51E-5                   0.22361629731782776
9.52E-5                   0.22251305756434073
9.53E-5                   0.22140981781283045
9.54E-5                   0.22031287684689982
9.549999999999999E-5      0.21933720422124914
9.559999999999999E-5      0.21836153159641453
9.57E-5                   0.21738585897248355
9.58E-5                   0.21641018634954365
9.59E-5                   0.21543451372768258
9.6E-5                    0.21445884110698757
9.609999999999999E-5      0.21348316848754653
9.62E-5                   0.21250749586944645
9.63E-5                   0.21153182325277517
9.64E-5                   0.21055615063762004
9.65E-5                   0.20958047802406873
9.659999999999999E-5      0.20860480541220874
9.669999999999999E-5      0.20762913280212741
9.68E-5                   0.2066534601939124
9.69E-5                   0.20567778758765115
9.7E-5                    0.20470211498343122
9.71E-5                   0.20372644238134002
9.719999999999999E-5      0.2027507697814653
9.73E-5                   0.20177509718389436
9.74E-5                   0.20079942458871475
9.75E-5                   0.19982375199601396
9.76E-5                   0.19884807940587956
9.769999999999999E-5      0.1978724068183992
9.779999999999999E-5      0.19689673423366008
9.79E-5                   0.19592106165174994
9.8E-5                    0.19494538907275616
9.81E-5                   0.19396971649676636
9.82E-5                   0.19299404392386801
9.829999999999999E-5      0.19201837135414876
9.839999999999999E-5      0.19104269878769586
9.85E-5                   0.19006702622459692
9.86E-5                   0.18909135366493954
9.87E-5                   0.18811568110881122
9.879999999999999E-5      0.18714000855629956
9.889999999999999E-5      0.18619931347156887
9.9E-5                    0.1853740052700627
9.91E-5                   0.18454869706658303
9.92E-5                   0.1837233888611828
9.93E-5                   0.18289808065391502
9.939999999999999E-5      0.1820727724448329
9.949999999999999E-5      0.18124746423398916
9.96E-5                   0.1804221560214371
9.97E-5                   0.17959684780722948
9.98E-5                   0.17877153959141956
9.989999999999999E-5      0.17794623137406032
9.999999999999999E-5      0.17712092315520467
1.001E-4                  0.17629561493490567
1.002E-4                  0.1754703067132164
1.003E-4                  0.17464499849018983
1.004E-4                  0.17381969026587907
1.0049999999999999E-4     0.17299438204033712
1.0059999999999999E-4     0.1721690738136169
1.007E-4                  0.1713437655857715
1.008E-4                  0.17051845735685398
1.009E-4                  0.1696931491269173
1.01E-4                   0.1688678408960145
1.0109999999999999E-4     0.16804253266419875
1.012E-4                  0.16721722443152287
1.013E-4                  0.16639191619803995
1.014E-4                  0.165566607963803
1.015E-4                  0.16474129972886517
1.0159999999999999E-4     0.1639159914932794
1.0169999999999999E-4     0.16309068325709863
1.018E-4                  0.162265375020376
1.019E-4                  0.16144006678316447
1.02E-4                   0.16061475854551704
1.021E-4                  0.15978945030748687
1.0219999999999999E-4     0.158964142069127
1.0229999999999999E-4     0.15813883383049024
1.024E-4                  0.15736639886701356
1.025E-4                  0.15666823266397362
1.026E-4                  0.15597006646119188
1.0269999999999999E-4     0.15527190025870058
1.0279999999999999E-4     0.1545737340565317
1.029E-4                  0.1538755678547173
1.03E-4                   0.15317740165328958
1.031E-4                  0.15247923545228062
1.032E-4                  0.15178106925172252
1.0329999999999999E-4     0.15108290305164745
1.0339999999999999E-4     0.15038473685208736
1.035E-4                  0.14968657065307442
1.036E-4                  0.14898840445464076
1.037E-4                  0.1482902382568185
1.0379999999999999E-4     0.1475920720596398
1.0389999999999999E-4     0.1468939058631366
1.04E-4                   0.14619573966734106
1.041E-4                  0.14549757347228526
1.042E-4                  0.1447994072780014
1.043E-4                  0.1441012410845215
1.0439999999999999E-4     0.14340307489187776
1.0449999999999999E-4     0.14270490870010216
1.046E-4                  0.1420067425092269
1.047E-4                  0.14130857631928398
1.048E-4                  0.14061041013030554
1.049E-4                  0.13991224394232377
1.0499999999999999E-4     0.13921407775537073
1.051E-4                  0.13851591156947848
1.052E-4                  0.13781774538467909
1.053E-4                  0.13711957920100473
1.054E-4                  0.1364214130184875
1.0549999999999999E-4     0.1357232468371596
1.0559999999999999E-4     0.1350250806570529
1.057E-4                  0.1343269144781997
1.058E-4                  0.133628748300632
1.059E-4                  0.1329951647784068
1.06E-4                   0.13240479774319364
1.0609999999999999E-4     0.131814430707402
1.0619999999999999E-4     0.13122406367105105
1.063E-4                  0.13063369663416027
1.064E-4                  0.13004332959674897
1.065E-4                  0.1294529625588366
1.0659999999999999E-4     0.1288625955204425
1.0669999999999999E-4     0.1282722284815859
1.068E-4                  0.12768186144228627
1.069E-4                  0.12709149440256293
1.07E-4                   0.12650112736243524
1.071E-4                  0.12591076032192264
1.0719999999999999E-4     0.12532039328104444
1.0729999999999999E-4     0.12473002623981994
1.074E-4                  0.12413965919826853
1.075E-4                  0.12354929215640963
1.076E-4                  0.12295892511426253
1.0769999999999999E-4     0.1223685580718467
1.0779999999999999E-4     0.12177819102918132
1.079E-4                  0.12118782398628583
1.08E-4                   0.12059745694317962
1.081E-4                  0.12000708989988201
1.082E-4                  0.11941672285641242
1.0829999999999999E-4     0.11882635581279025
1.0839999999999999E-4     0.11823598876903468
1.085E-4                  0.11764562172516521
1.086E-4                  0.11705525468120116
1.087E-4                  0.11646488763716191
1.0879999999999999E-4     0.11587452059306681
1.0889999999999999E-4     0.1152841535489352
1.0899999999999999E-4     0.1146937865047864
1.091E-4                  0.11410341946063991
1.092E-4                  0.11351305241651492
1.093E-4                  0.11292268537243093
1.0939999999999999E-4     0.11240336328701053
1.0949999999999999E-4     0.11190380667424407
1.096E-4                  0.11140425006156202
1.097E-4                  0.1109046934489762
1.098E-4                  0.11040513683649848
1.099E-4                  0.10990558022414061
1.0999999999999999E-4     0.10940602361191444
1.1009999999999999E-4     0.10890646699983164
1.102E-4                  0.1084069103879041
1.103E-4                  0.10790735377614362
1.104E-4                  0.10740779716456196
1.1049999999999999E-4     0.10690824055317101
1.1059999999999999E-4     0.10640868394198247
1.107E-4                  0.10590912733100812
1.108E-4                  0.10540957072025985
1.109E-4                  0.10491001410974934
1.11E-4                   0.10441045749948852
1.1109999999999999E-4     0.10391090088948919
1.1119999999999999E-4     0.103411344279763
1.113E-4                  0.10291178767032187
1.114E-4                  0.10241223106117757
1.115E-4                  0.10191267445234188
1.1159999999999999E-4     0.10141311784382664
1.1169999999999999E-4     0.10091356123564363
1.118E-4                  0.10041400462780463
1.119E-4                  0.0999144480203214
1.12E-4                   0.09941489141320581
1.121E-4                  0.09891533480646963
1.1219999999999999E-4     0.09841577820012472
1.1229999999999999E-4     0.0979162215941828
1.124E-4                  0.09741666498865563
1.125E-4                  0.09691710838355512
1.126E-4                  0.09641755177889298
1.1269999999999999E-4     0.09591799517468114
1.1279999999999999E-4     0.09541843857093121
1.1289999999999999E-4     0.09499340253155894
1.13E-4                   0.09457102249037162
1.131E-4                  0.09414864244902861
1.132E-4                  0.09372626240753701
1.1329999999999999E-4     0.09330388236590392
1.1339999999999999E-4     0.09288150232413632
1.135E-4                  0.09245912228224129
1.136E-4                  0.09203674224022597
1.137E-4                  0.09161436219809733
1.138E-4                  0.0911919821558625
1.1389999999999999E-4     0.09076960211352864
1.1399999999999999E-4     0.09034722207110263
1.141E-4                  0.0899248420285916
1.142E-4                  0.08950246198600272
1.143E-4                  0.08908008194334292
1.1439999999999999E-4     0.08865770190061943
1.1449999999999999E-4     0.08823532185783917
1.146E-4                  0.08781294181500923
1.147E-4                  0.08739056177213674
1.148E-4                  0.0869681817292287
1.149E-4                  0.08654580168629228
1.1499999999999999E-4     0.08612342164333449
1.1509999999999999E-4     0.08570104160036238
1.152E-4                  0.08527866155738299
1.153E-4                  0.08485628151440347
1.154E-4                  0.08443390147143083
1.1549999999999999E-4     0.08401152142847222
1.1559999999999999E-4     0.08358914138553462
1.157E-4                  0.08316676134262509
1.158E-4                  0.08274438129975076
1.159E-4                  0.08232200125691864
1.16E-4                   0.08189962121413588
1.1609999999999999E-4     0.08147724117140956
1.1619999999999999E-4     0.08105486112874662
1.163E-4                  0.08064215514320783
1.164E-4                  0.08028477701313431
1.165E-4                  0.07992739888308627
1.1659999999999999E-4     0.07957002075306802
1.1669999999999999E-4     0.07921264262308383
1.1679999999999999E-4     0.07885526449313808
1.169E-4                  0.07849788636323508
1.17E-4                   0.07814050823337922
1.171E-4                  0.07778313010357472
1.1719999999999999E-4     0.07742575197382605
1.1729999999999999E-4     0.07706837384413738
1.174E-4                  0.07671099571451313
1.175E-4                  0.07635361758495761
1.176E-4                  0.07599623945547514
1.177E-4                  0.07563886132607006
1.1779999999999999E-4     0.07528148319674678
1.1789999999999999E-4     0.07492410506750947
1.18E-4                   0.07456672693836254
1.181E-4                  0.07420934880931032
1.182E-4                  0.07385197068035708
1.1829999999999999E-4     0.07349459255150731
1.1839999999999999E-4     0.07313721442276513
1.185E-4                  0.07277983629413498
1.186E-4                  0.07242245816562122
1.187E-4                  0.07206508003722809
1.188E-4                  0.07170770190895996
1.1889999999999999E-4     0.07135032378082119
1.1899999999999999E-4     0.0709929456528161
1.191E-4                  0.07063556752494893
1.192E-4                  0.0702781893972241
1.193E-4                  0.06992081126964589
1.1939999999999999E-4     0.06956343314221872
1.1949999999999999E-4     0.06920605501494682
1.196E-4                  0.06884867688783453
1.197E-4                  0.06849129876088618
1.198E-4                  0.06815223099479299
1.199E-4                  0.06784999307908834
1.1999999999999999E-4     0.06754775516336217
1.2009999999999999E-4     0.06724551724761699
1.202E-4                  0.06694327933185543
1.203E-4                  0.06664104141608004
1.204E-4                  0.06633880350029348
1.2049999999999999E-4     0.06603656558449829
1.2059999999999999E-4     0.06573432766869704
1.2069999999999999E-4     0.06543208975289232
1.208E-4                  0.06512985183708676
1.209E-4                  0.06482761392128296
1.21E-4                   0.06452537600548346
1.2109999999999999E-4     0.06422313808969088
1.2119999999999999E-4     0.06392090017390778
1.213E-4                  0.06361866225813671
1.214E-4                  0.06331642434238037
1.215E-4                  0.06301418642664126
1.216E-4                  0.06271194851092202
1.2169999999999999E-4     0.06240971059522523
1.2179999999999999E-4     0.062107472679553404
1.219E-4                  0.06180523476390923
1.22E-4                   0.061502996848295244
1.2209999999999999E-4     0.06120075893271407
1.222E-4                  0.06089852101716822
1.223E-4                  0.06059628310166037
1.224E-4                  0.06029404518619305
1.225E-4                  0.05999180727076888
1.226E-4                  0.05968956935539043
1.227E-4                  0.05938733144006028
1.228E-4                  0.059085093524781064
1.229E-4                  0.05878285560955533
1.2299999999999998E-4     0.05848061769438575
1.2309999999999998E-4     0.05817837977927477
1.2319999999999999E-4     0.057876141864225045
1.233E-4                  0.05759792139217121
1.234E-4                  0.05734229114784069
1.235E-4                  0.0570866609034988
1.236E-4                  0.05683103065914715
1.237E-4                  0.05657540041478729
1.238E-4                  0.05631977017042081
1.239E-4                  0.056064139926049306
1.24E-4                   0.055808509681674355
1.241E-4                  0.05555287943729753
1.2419999999999998E-4     0.05529724919292048
1.2429999999999999E-4     0.055041618948544674
1.244E-4                  0.054785988704171736
1.245E-4                  0.054530358459803266
1.246E-4                  0.05427472821544083
1.247E-4                  0.054019097971086026
1.248E-4                  0.05376346772674043
1.249E-4                  0.05350783748240562
1.25E-4                   0.05325220723808315
1.251E-4                  0.05299657699377467
1.252E-4                  0.052740946749481724
1.2529999999999998E-4     0.05248531650520596
1.2539999999999999E-4     0.052229686260948816
1.255E-4                  0.05197405601671197
1.256E-4                  0.051718425772496975
1.257E-4                  0.05146279552830541
1.258E-4                  0.051207165284138906
1.259E-4                  0.05095153503999899
1.26E-4                   0.05069590479588728
1.261E-4                  0.050440274551805345
1.262E-4                  0.05018464430775476
1.263E-4                  0.049929014063737114
1.2639999999999998E-4     0.04967338381975406
1.2649999999999998E-4     0.04941775357580703
1.266E-4                  0.049162123331897706
1.267E-4                  0.04890649308802763
1.268E-4                  0.04867835210615619
1.269E-4                  0.048462073594184814
1.27E-4                   0.048245795082248126
1.271E-4                  0.04802951657034709
1.272E-4                  0.04781323805848266
1.273E-4                  0.047596959546655764
1.274E-4                  0.04738068103486737
1.2749999999999998E-4     0.04716440252311848
1.2759999999999998E-4     0.04694812401140995
1.277E-4                  0.04673184549974277
1.278E-4                  0.046515566988117894
1.279E-4                  0.046299288476536284
1.28E-4                   0.04608300996499888
1.281E-4                  0.045866731453506636
1.282E-4                  0.0456504529420605
1.283E-4                  0.04543417443066144
1.284E-4                  0.045217895919310386
1.285E-4                  0.0450016174080083
1.2859999999999998E-4     0.0447853388967562
1.2869999999999998E-4     0.044569060385554915
1.288E-4                  0.04435278187440545
1.289E-4                  0.04413650336330876
1.29E-4                   0.04392022485226579
1.291E-4                  0.04370394634127751
1.292E-4                  0.043487667830344835
1.293E-4                  0.04327138931946876
1.294E-4                  0.043055110808650224
1.295E-4                  0.04283883229789016
1.296E-4                  0.04262255378718953
1.2969999999999998E-4     0.04240627527654934
1.2979999999999998E-4     0.04218999676597043
1.2989999999999999E-4     0.041973718255453825
1.3E-4                    0.041757439745000444
1.301E-4                  0.04154116123461127
1.302E-4                  0.04132488272428723
1.303E-4                  0.04113808158511491
1.304E-4                  0.040955231914345955
1.305E-4                  0.04077238224354069
1.306E-4                  0.04058953257269966
1.307E-4                  0.040406682901823456
1.3079999999999998E-4     0.040223833230912685
1.3089999999999998E-4     0.04004098355996784
1.3099999999999999E-4     0.03985813388898953
1.311E-4                  0.039675284217978356
1.312E-4                  0.03949243454693487
1.313E-4                  0.03930958487585966
1.314E-4                  0.03912673520475329
1.315E-4                  0.03894388553361636
1.316E-4                  0.0387610358624494
1.317E-4                  0.038578186191253035
1.318E-4                  0.03839533652002781
1.3189999999999998E-4     0.03821248684877437
1.3199999999999998E-4     0.03802963717749318
1.3209999999999999E-4     0.03784678750618486
1.322E-4                  0.037663937834849996
1.323E-4                  0.03748108816348916
1.324E-4                  0.037298238492102925
1.325E-4                  0.03711538882069187
1.326E-4                  0.036932539149256566
1.327E-4                  0.03674968947779761
1.328E-4                  0.03656683980631553
1.329E-4                  0.03638399013481095
1.33E-4                   0.03620114046328443
1.3309999999999998E-4     0.036018290791736594
1.3319999999999999E-4     0.035835441120167906
1.333E-4                  0.035652591448579005
1.334E-4                  0.035469741776970466
1.335E-4                  0.03528689210534285
1.336E-4                  0.03510404243369676
1.337E-4                  0.03492302056035397
1.338E-4                  0.034768275095508394
1.339E-4                  0.03461352963071373
1.34E-4                   0.03445878416597036
1.341E-4                  0.034304038701278586
1.3419999999999998E-4     0.03414929323663886
1.3429999999999998E-4     0.03399454777205141
1.344E-4                  0.033839802307516625
1.345E-4                  0.03368505684303489
1.346E-4                  0.03353031137860654
1.347E-4                  0.03337556591423191
1.348E-4                  0.033220820449911384
1.349E-4                  0.033066074985645295
1.35E-4                   0.03291132952143398
1.351E-4                  0.03275658405727783
1.352E-4                  0.032601838593177154
1.3529999999999998E-4     0.03244709312913237
1.3539999999999998E-4     0.032292347665143745
1.355E-4                  0.03213760220121165
1.356E-4                  0.03198285673733649
1.357E-4                  0.031828111273518554
1.358E-4                  0.031673365809758235
1.359E-4                  0.03151862034605586
1.36E-4                   0.031363874882411796
1.361E-4                  0.031209129418826396
1.362E-4                  0.031054383955300004
1.363E-4                  0.03089963849183296
1.3639999999999998E-4     0.03074489302842568
1.3649999999999998E-4     0.030590147565078427
1.3659999999999999E-4     0.030435402101791586
1.367E-4                  0.030280656638565513
1.368E-4                  0.03012591117540056
1.369E-4                  0.029971165712297076
1.37E-4                   0.029816420249255415
1.371E-4                  0.029661674786275932
1.372E-4                  0.029512868673121674
1.373E-4                  0.02938204535562312
1.374E-4                  0.02925122203808435
1.3749999999999998E-4     0.029120398720505623
1.3759999999999998E-4     0.02898957540288708
1.3769999999999999E-4     0.028858752085228957
1.378E-4                  0.02872792876753147
1.379E-4                  0.028597105449794817
1.38E-4                   0.02846628213201921
1.381E-4                  0.028335458814204854
1.382E-4                  0.028204635496351976
1.383E-4                  0.028073812178460767
1.384E-4                  0.02794298886053143
1.385E-4                  0.027812165542564188
1.3859999999999998E-4     0.02768134222455927
1.3869999999999998E-4     0.027550518906516837
1.3879999999999999E-4     0.02741969558843711
1.389E-4                  0.027288872270320303
1.39E-4                   0.027158048952166627
1.391E-4                  0.02702722563397629
1.392E-4                  0.026896402315749506
1.393E-4                  0.026765578997486474
1.394E-4                  0.0266347556791874
1.395E-4                  0.026503932360852505
1.396E-4                  0.026373109042481985
1.3969999999999998E-4     0.02624228572407609
1.3979999999999998E-4     0.026111462405634958
1.3989999999999999E-4     0.025980639087158832
1.4E-4                    0.025849815768647914
1.401E-4                  0.025718992450102424
1.402E-4                  0.025588169131522558
1.403E-4                  0.02545734581290854
1.404E-4                  0.025326522494260557
1.405E-4                  0.025195699175578828
1.406E-4                  0.025064875856863567
1.407E-4                  0.024942750878281506
1.408E-4                  0.024832084996541805
1.4089999999999998E-4     0.024721419114844916
1.4099999999999998E-4     0.02461075323319094
1.411E-4                  0.02450008735158003
1.412E-4                  0.024389421470012298
1.413E-4                  0.024278755588487903
1.414E-4                  0.024168089707006953
1.415E-4                  0.024057423825569583
1.416E-4                  0.02394675794417593
1.417E-4                  0.023836092062826122
1.418E-4                  0.02372542618152029
1.419E-4                  0.02361476030025856
1.4199999999999998E-4     0.023504094419041097
1.4209999999999998E-4     0.023393428537867966
1.422E-4                  0.023282762656739342
1.423E-4                  0.023172096775655338
1.424E-4                  0.023061430894616094
1.425E-4                  0.022950765013621737
1.426E-4                  0.0228400991326724
1.427E-4                  0.022729433251768214
1.428E-4                  0.022618767370909305
1.429E-4                  0.02250810149009581
1.43E-4                   0.02239743560932785
1.4309999999999998E-4     0.022286769728605597
1.4319999999999998E-4     0.02217610384792912
1.433E-4                  0.022065437967298564
1.434E-4                  0.021954772086714078
1.435E-4                  0.02184410620617578
1.436E-4                  0.021733440325683816
1.437E-4                  0.021622774445238302
1.438E-4                  0.021512108564839375
1.439E-4                  0.021401442684487154
1.44E-4                   0.021290776804181788
1.441E-4                  0.0211801109239234
1.4419999999999998E-4     0.021079896764335252
1.4429999999999998E-4     0.02098623213150821
1.4439999999999999E-4     0.020892567498654462
1.445E-4                  0.020798902865774085
1.446E-4                  0.020705238232867153
1.447E-4                  0.020611573599933732
1.448E-4                  0.020517908966973916
1.449E-4                  0.020424244333987773
1.45E-4                   0.020330579700975362
1.451E-4                  0.020236915067936782
1.452E-4                  0.020143250434872098
1.4529999999999998E-4     0.020049585801781403
1.4539999999999998E-4     0.01995592116866474
1.4549999999999999E-4     0.019862256535522187
1.456E-4                  0.019768591902353836
1.457E-4                  0.019674927269159752
1.458E-4                  0.01958126263594001
1.459E-4                  0.019487598002694707
1.46E-4                   0.019393933369423886
1.461E-4                  0.01930026873612764
1.462E-4                  0.019206604102806047
1.463E-4                  0.019112939469459172
1.4639999999999998E-4     0.019019274836087115
1.4649999999999998E-4     0.018925610202689916
1.4659999999999999E-4     0.018831945569267653
1.467E-4                  0.018738280935820417
1.468E-4                  0.018644616302348288
1.469E-4                  0.018550951668851325
1.47E-4                   0.018457287035329614
1.471E-4                  0.018363622401783228
1.472E-4                  0.01826995776821223
1.473E-4                  0.01817629313461671
1.474E-4                  0.01808262850099674
1.4749999999999998E-4     0.01798896386735242
1.4759999999999998E-4     0.017895299233683777
1.4769999999999999E-4     0.017813285216180072
1.478E-4                  0.017734220282160994
1.479E-4                  0.017655155348163996
1.48E-4                   0.017576090414189133
1.481E-4                  0.01749702548023645
1.482E-4                  0.017417960546305993
1.483E-4                  0.017338895612397816
1.484E-4                  0.017259830678511962
1.485E-4                  0.01718076574464848
1.4859999999999998E-4     0.017101700810807443
1.4869999999999998E-4     0.017022635876988858
1.4879999999999998E-4     0.01694357094319279
1.489E-4                  0.016864506009419286
1.49E-4                   0.0167854410756684
1.491E-4                  0.016706376141940177
1.492E-4                  0.016627311208234668
1.493E-4                  0.016548246274551915
1.494E-4                  0.016469181340891974
1.495E-4                  0.016390116407254886
1.496E-4                  0.01631105147364071
1.497E-4                  0.016231986540049488
1.4979999999999998E-4     0.01615292160648129
1.4989999999999998E-4     0.016073856672936114
1.5E-4                    0.01599479173941404
