% Model:              20230225_JW_4_10.mph
% Version:            COMSOL 5.6.0.401
% Date:               Feb 25 2023, 20:24
% Dimension:          1
% Nodes:              1501
% Expressions:        1
% Description:        点图
% X                       Height
0                         26.157189744116533
1.0E-7                    26.117092496980593
2.0E-7                    26.04240291055536
3.0E-7                    25.968885212983146
4.0E-7                    25.894457481493557
5.0E-7                    25.821722288972516
6.0E-7                    25.752718149704418
7.0E-7                    25.68673904792203
8.0E-7                    25.617658000485235
9.0E-7                    25.536760403931492
1.0E-6                    25.45590743979006
1.1E-6                    25.375460643285184
1.2E-6                    25.28995221886085
1.2999999999999998E-6     25.205624291273196
1.4E-6                    25.119720641122676
1.5E-6                    25.03282481546453
1.6E-6                    24.94564360479985
1.6999999999999998E-6     24.857943551200705
1.8E-6                    24.769522949701418
1.9E-6                    24.68103866007312
2.0E-6                    24.592554413311333
2.1E-6                    24.503705182359884
2.2E-6                    24.414820850777033
2.3E-6                    24.325792231863733
2.4E-6                    24.236864176509822
2.4999999999999998E-6     24.147883930733226
2.5999999999999997E-6     24.059040960955524
2.7E-6                    23.970152185713204
2.8E-6                    23.881269418931268
2.8999999999999998E-6     23.7924145345579
3.0E-6                    23.703740549277672
3.1E-6                    23.615138455925933
3.2E-6                    23.526534835151462
3.2999999999999997E-6     23.438107316182155
3.3999999999999996E-6     23.34982694469778
3.5E-6                    23.26151276178032
3.6E-6                    23.173347470798003
3.6999999999999997E-6     23.085433116539548
3.8E-6                    22.997712985687368
3.9E-6                    22.91004463262725
4.0E-6                    22.822376279567127
4.1E-6                    22.734876319977634
4.2E-6                    22.64747985605175
4.2999999999999995E-6     22.56008339212587
4.4E-6                    22.472873227522637
4.5E-6                    22.385891527125054
4.6E-6                    22.298909826727467
4.7E-6                    22.21203325319793
4.8E-6                    22.125428359901605
4.9E-6                    22.038823466605276
4.9999999999999996E-6     21.95228920375943
5.0999999999999995E-6     21.86633338150923
5.199999999999999E-6      21.780377559259026
5.3E-6                    21.694421737008827
5.4E-6                    21.609240251423646
5.5E-6                    21.524109383696864
5.6E-6                    21.43897851597007
5.7E-6                    21.353847648243285
5.7999999999999995E-6     21.2687167805165
5.899999999999999E-6      21.18358591278971
6.0E-6                    21.099022333760875
6.1E-6                    21.014839650447897
6.2E-6                    20.93065696713492
6.3E-6                    20.846474283821944
6.4E-6                    20.76229160050896
6.5E-6                    20.67810891719598
6.5999999999999995E-6     20.594024488720237
6.699999999999999E-6      20.510222730843612
6.799999999999999E-6      20.426420972966987
6.9E-6                    20.342619215090366
7.0E-6                    20.258817457213745
7.1E-6                    20.175015699337123
7.2E-6                    20.0912139414605
7.2999999999999996E-6     20.01004050922318
7.3999999999999995E-6     19.929103146176477
7.499999999999999E-6      19.848165783129776
7.6E-6                    19.767228420083075
7.699999999999999E-6      19.686291057036374
7.8E-6                    19.60535369398967
7.899999999999999E-6      19.524280875051613
8.0E-6                    19.443108847751198
8.1E-6                    19.361936820450783
8.2E-6                    19.28076479315037
8.3E-6                    19.199592765849957
8.4E-6                    19.11842073854955
8.5E-6                    19.038293537780568
8.599999999999999E-6      18.95832119774989
8.7E-6                    18.87834885771921
8.8E-6                    18.798376517688528
8.9E-6                    18.718404177657845
9.0E-6                    18.639605141219988
9.1E-6                    18.56122863226944
9.2E-6                    18.482852123318892
9.299999999999999E-6      18.404475614368344
9.4E-6                    18.326190598984496
9.499999999999999E-6      18.24862295393538
9.6E-6                    18.17105530888626
9.7E-6                    18.09348766383714
9.8E-6                    18.015920018788027
9.9E-6                    17.938922639928016
9.999999999999999E-6      17.862516440473858
1.01E-5                   17.7861102410197
1.0199999999999999E-5     17.709704041565537
1.03E-5                   17.63329784211138
1.0399999999999999E-5     17.557900380385046
1.05E-5                   17.482655143981304
1.06E-5                   17.407409907577566
1.07E-5                   17.332164671173825
1.08E-5                   17.2572559813986
1.0899999999999999E-5     17.183374588587878
1.1E-5                    17.10949319577716
1.1099999999999999E-5     17.03561180296644
1.12E-5                   16.961730410155713
1.13E-5                   16.887869967025615
1.14E-5                   16.814022112668404
1.15E-5                   16.740174258311193
1.1599999999999999E-5     16.66632640395398
1.17E-5                   16.592488321552622
1.1799999999999999E-5     16.52250317617364
1.19E-5                   16.452518030794657
1.2E-5                    16.382532885415674
1.21E-5                   16.312547740036692
1.22E-5                   16.241046742634573
1.2299999999999999E-5     16.167076844291472
1.24E-5                   16.093106945948364
1.2499999999999999E-5     16.019137047605266
1.26E-5                   15.945167149262165
1.2699999999999999E-5     15.87897994944719
1.28E-5                   15.815273451775523
1.29E-5                   15.751566954103852
1.3E-5                    15.687860456432182
1.31E-5                   15.623165711851101
1.3199999999999999E-5     15.552202271270495
1.33E-5                   15.481238830689888
1.3399999999999999E-5     15.410275390109282
1.35E-5                   15.339311949528678
1.3599999999999999E-5     15.269042857753698
1.37E-5                   15.198790640161167
1.38E-5                   15.128538422568631
1.3899999999999999E-5     15.06042151129218
1.4E-5                    14.996107495808417
1.4099999999999999E-5     14.931793480324659
1.42E-5                   14.86623307879713
1.4299999999999999E-5     14.797895996973356
1.44E-5                   14.729558915149585
1.45E-5                   14.663943525898862
1.4599999999999999E-5     14.599675841906429
1.47E-5                   14.534994327382396
1.4799999999999999E-5     14.46935393603038
1.49E-5                   14.403988829744353
1.4999999999999999E-5     14.339959648677288
1.51E-5                   14.275975882191887
1.52E-5                   14.21212599049933
1.53E-5                   14.148106281376585
1.5399999999999998E-5     14.08393446439204
1.55E-5                   14.020634529761058
1.56E-5                   13.957581705203976
1.57E-5                   13.894911874784995
1.5799999999999998E-5     13.832348143609373
1.59E-5                   13.769981355969168
1.6E-5                    13.707710735864307
1.61E-5                   13.645497984969825
1.62E-5                   13.58415884768177
1.63E-5                   13.522931016603458
1.64E-5                   13.461763713051482
1.6499999999999998E-5     13.400731946017848
1.66E-5                   13.339867908444349
1.67E-5                   13.279619654530945
1.68E-5                   13.219609537333971
1.69E-5                   13.159576682508845
1.7E-5                    13.09970737837689
1.71E-5                   13.040281611719859
1.7199999999999998E-5     12.98112314547946
1.73E-5                   12.922188981380105
1.74E-5                   12.86340294666017
1.75E-5                   12.80470693679322
1.76E-5                   12.746573084910725
1.77E-5                   12.688550943465785
1.78E-5                   12.630722027967323
1.7899999999999998E-5     12.573302399508615
1.8E-5                    12.51611245328467
1.81E-5                   12.458922507060732
1.82E-5                   12.40189050378058
1.8299999999999998E-5     12.345536466628433
1.84E-5                   12.289182429476284
1.85E-5                   12.232828392324137
1.8599999999999998E-5     12.177023754177512
1.87E-5                   12.121414813913887
1.88E-5                   12.065805873650266
1.89E-5                   12.010438266368617
1.8999999999999998E-5     11.955673864237223
1.91E-5                   11.90090946210583
1.92E-5                   11.846145059974438
1.9299999999999998E-5     11.791973076798914
1.94E-5                   11.737918870963325
1.95E-5                   11.683864665127736
1.96E-5                   11.630149552016125
1.9699999999999998E-5     11.57698170740623
1.98E-5                   11.523813862796331
1.99E-5                   11.470646018186434
1.9999999999999998E-5     11.418052665448457
2.01E-5                   11.36550190900522
2.02E-5                   11.312951152561984
2.03E-5                   11.260845992166546
2.0399999999999998E-5     11.209224767224503
2.05E-5                   11.157603542282455
2.06E-5                   11.105999451517254
2.07E-5                   11.054994964405063
2.0799999999999997E-5     11.003990477292875
2.09E-5                   10.95298599018068
2.1E-5                    10.902410458858993
2.1099999999999998E-5     10.852150445141374
2.12E-5                   10.801890431423754
2.13E-5                   10.751760727349987
2.14E-5                   10.702546606398963
2.1499999999999997E-5     10.653332485447935
2.16E-5                   10.60411836449691
2.17E-5                   10.55480613180932
2.1799999999999998E-5     10.505446227474103
2.19E-5                   10.456086323138885
2.2E-5                    10.40728389178542
2.21E-5                   10.360441913852169
2.2199999999999998E-5     10.313599935918912
2.23E-5                   10.266757957985655
2.24E-5                   10.218148707084946
2.2499999999999998E-5     10.169010992649211
2.26E-5                   10.119873278213475
2.27E-5                   10.0723643564747
2.28E-5                   10.028345228024142
2.2899999999999998E-5     9.984326099573584
2.3E-5                    9.940306971123025
2.31E-5                   9.892556149975857
2.3199999999999998E-5     9.844230972379608
2.33E-5                   9.79590579478336
2.34E-5                   9.748862359732923
2.35E-5                   9.703625559937285
2.3599999999999998E-5     9.658388760141646
2.37E-5                   9.613785302114628
2.38E-5                   9.570600903743003
2.3899999999999998E-5     9.52741650537138
2.4E-5                    9.483157159486458
2.41E-5                   9.437878072959574
2.42E-5                   9.392598986432688
2.4299999999999998E-5     9.349627728796476
2.44E-5                   9.306662694289033
2.45E-5                   9.263064410773028
2.4599999999999998E-5     9.219235497946233
2.4699999999999997E-5     9.176226989472159
2.48E-5                   9.133578212354905
2.49E-5                   9.091015771844324
2.4999999999999998E-5     9.048498339990232
2.51E-5                   9.00602739264016
2.52E-5                   8.96358499954318
2.53E-5                   8.921519711582674
2.5399999999999997E-5     8.879725687772265
2.55E-5                   8.838235094061094
2.56E-5                   8.796999083571142
2.5699999999999998E-5     8.755769640871074
2.58E-5                   8.71454661235288
2.59E-5                   8.673524715432544
2.6E-5                    8.632731396658714
2.6099999999999997E-5     8.592158254369615
2.62E-5                   8.551876722208
2.63E-5                   8.511705049708251
2.6399999999999998E-5     8.471703515257238
2.65E-5                   8.431921390633933
2.66E-5                   8.392538771911171
2.67E-5                   8.353246071237072
2.6799999999999998E-5     8.314147415215
2.69E-5                   8.275065914987
2.7E-5                    8.236028792917553
2.7099999999999998E-5     8.197119475550245
2.7199999999999997E-5     8.158612774093669
2.73E-5                   8.120153934864497
2.74E-5                   8.081882894886773
2.7499999999999998E-5     8.043666589007081
2.76E-5                   8.00572677896997
2.77E-5                   7.967844266609604
2.7799999999999998E-5     7.930354228750914
2.7899999999999997E-5     7.892885024148621
2.8E-5                    7.855627655308011
2.81E-5                   7.818392292495946
2.8199999999999998E-5     7.781560671344121
2.83E-5                   7.744736331652636
2.84E-5                   7.708430994749069
2.8499999999999998E-5     7.672125657845502
2.8599999999999997E-5     7.635820320941934
2.87E-5                   7.5995149840383664
2.88E-5                   7.56387091153564
2.8899999999999998E-5     7.528270448977157
2.9E-5                    7.492669986418672
2.91E-5                   7.4570695238601905
2.9199999999999998E-5     7.42202117860353
2.9299999999999997E-5     7.387060906834145
2.94E-5                   7.35210063506476
2.95E-5                   7.317140363295375
2.9599999999999998E-5     7.282724960195706
2.97E-5                   7.248457269833482
2.98E-5                   7.21418957947126
2.99E-5                   7.179921889109036
2.9999999999999997E-5     7.146132475089779
3.01E-5                   7.112537450073417
3.02E-5                   7.078942425057057
3.0299999999999998E-5     7.045347400040696
3.04E-5                   7.012132381048389
3.05E-5                   6.979135496765426
3.06E-5                   6.946138612482465
3.07E-5                   6.9131417281995
3.0799999999999996E-5     6.880497110480372
3.09E-5                   6.8481297149984925
3.1E-5                    6.815762319516616
3.11E-5                   6.783394924034739
3.12E-5                   6.751312672759563
3.13E-5                   6.71953453672401
3.14E-5                   6.68775640068846
3.15E-5                   6.655978264652906
3.1599999999999996E-5     6.624575916938728
3.17E-5                   6.593718384081308
3.18E-5                   6.562860851223887
3.1899999999999996E-5     6.532003318366469
3.2E-5                    6.501145785509047
3.21E-5                   6.4702882526516285
3.22E-5                   6.439430719794208
3.23E-5                   6.408573186936788
3.24E-5                   6.378010602663951
3.25E-5                   6.34830167481094
3.26E-5                   6.3185927469579255
3.2699999999999995E-5     6.288883819104913
3.28E-5                   6.2591748912519
3.29E-5                   6.229465963398885
3.2999999999999996E-5     6.199757035545874
3.31E-5                   6.170048107692859
3.32E-5                   6.140453623658808
3.3299999999999996E-5     6.111830715797167
3.34E-5                   6.083207807935523
3.35E-5                   6.0545849000738805
3.36E-5                   6.025961992212239
3.37E-5                   5.997339084350595
3.38E-5                   5.968716176488954
3.39E-5                   5.9400932686273125
3.4E-5                    5.9114703607656685
3.4099999999999995E-5     5.883900975014977
3.42E-5                   5.856382423107782
3.43E-5                   5.828863871200585
3.4399999999999996E-5     5.80134531929339
3.45E-5                   5.773826767386194
3.46E-5                   5.746308215478999
3.4699999999999996E-5     5.718789663571805
3.48E-5                   5.691271111664609
3.49E-5                   5.664533087900694
3.5E-5                    5.637987083682888
3.51E-5                   5.61144107946508
3.52E-5                   5.584895075247272
3.53E-5                   5.5583490710294665
3.54E-5                   5.5318030668116585
3.5499999999999996E-5     5.505257062593852
3.56E-5                   5.478711058376044
3.57E-5                   5.452856193161905
3.5799999999999996E-5     5.427371600430354
3.59E-5                   5.401887007698803
3.6E-5                    5.376402414967252
3.6099999999999997E-5     5.350917822235702
3.62E-5                   5.32543322950415
3.63E-5                   5.299948636772599
3.64E-5                   5.274464044041048
3.65E-5                   5.249411884058228
3.6599999999999995E-5     5.224792604284957
3.67E-5                   5.200173324511685
3.68E-5                   5.175554044738411
3.6899999999999996E-5     5.150934764965139
3.7E-5                    5.126315485191866
3.71E-5                   5.101696205418592
3.7199999999999996E-5     5.07707692564532
3.73E-5                   5.0528126046898825
3.74E-5                   5.029212349259484
3.75E-5                   5.005612093829089
3.76E-5                   4.982011838398692
3.77E-5                   4.958411582968293
3.78E-5                   4.934811327537896
3.79E-5                   4.911211072107499
3.7999999999999995E-5     4.887610816677102
3.81E-5                   4.864171972503189
3.82E-5                   4.841391385536264
3.8299999999999996E-5     4.818610798569339
3.84E-5                   4.795830211602414
3.85E-5                   4.77304962463549
3.8599999999999996E-5     4.750269037668566
3.87E-5                   4.727488450701641
3.88E-5                   4.704707863734716
3.89E-5                   4.6819633051374066
3.9E-5                    4.659974320848525
3.9099999999999995E-5     4.637985336559646
3.92E-5                   4.6159963522707645
3.93E-5                   4.594007367981884
3.9399999999999995E-5     4.572018383693005
3.95E-5                   4.550029399404123
3.96E-5                   4.5280404151152425
3.9699999999999996E-5     4.506051430826363
3.98E-5                   4.4851625617097275
3.99E-5                   4.464403988469166
3.9999999999999996E-5     4.443645415228609
4.01E-5                   4.422886841988047
4.02E-5                   4.402128268747487
4.03E-5                   4.381369695506929
4.04E-5                   4.360611122266368
4.0499999999999995E-5     4.339852549025809
4.06E-5                   4.318841426475567
4.07E-5                   4.297742808499199
4.0799999999999996E-5     4.276644190522832
4.09E-5                   4.255545572546464
4.1E-5                    4.234446954570095
4.1099999999999996E-5     4.213348336593729
4.12E-5                   4.1922497186173615
4.13E-5                   4.171151100640993
4.14E-5                   4.151106573486097
4.15E-5                   4.131790667584566
4.1599999999999995E-5     4.112474761683037
4.17E-5                   4.093158855781508
4.18E-5                   4.073842949879979
4.1899999999999995E-5     4.0545270439784495
4.2E-5                    4.035553278794664
4.21E-5                   4.016898864431289
4.2199999999999996E-5     3.9982444500679155
4.23E-5                   3.979590035704541
4.24E-5                   3.960793208868733
4.2499999999999996E-5     3.9417359728607204
4.26E-5                   3.922678736852706
4.27E-5                   3.9036215008446917
4.28E-5                   3.8851406063686564
4.29E-5                   3.8669302398025827
4.2999999999999995E-5     3.8487198732365107
4.31E-5                   3.83044570257462
4.32E-5                   3.812143612492904
4.3299999999999995E-5     3.7938804329664673
4.34E-5                   3.775786199708329
4.35E-5                   3.7576919664501918
4.3599999999999996E-5     3.739807482278766
4.37E-5                   3.7219268957862237
4.38E-5                   3.704214227318333
4.3899999999999996E-5     3.6865260506224846
4.4E-5                    3.6689226215043753
4.41E-5                   3.651342922460153
4.42E-5                   3.633793192816867
4.43E-5                   3.616359127183516
4.4399999999999995E-5     3.598984750337358
4.45E-5                   3.5817871797555902
4.46E-5                   3.5646231665894934
4.4699999999999996E-5     3.5475432720020836
4.48E-5                   3.5305053018879597
4.49E-5                   3.513559473656103
4.4999999999999996E-5     3.4967122612515857
4.51E-5                   3.4799523544585296
4.52E-5                   3.463271058266013
4.5299999999999997E-5     3.4466162291479687
4.54E-5                   3.4301098725232477
4.5499999999999995E-5     3.413636609768687
4.56E-5                   3.397287202759531
4.57E-5                   3.3809843611584243
4.5799999999999995E-5     3.364751011991376
4.59E-5                   3.348611650911095
4.6E-5                    3.3325301579556434
4.6099999999999996E-5     3.316564271621793
4.62E-5                   3.3006276741314133
4.63E-5                   3.2848079386802325
4.6399999999999996E-5     3.269053094067511
4.65E-5                   3.2534718971143826
4.66E-5                   3.2378907001612536
4.67E-5                   3.2223095032081264
4.68E-5                   3.2069297716297114
4.6899999999999995E-5     3.191633355669099
4.7E-5                    3.1763369397084857
4.71E-5                   3.161077384974316
4.7199999999999995E-5     3.146039020820337
4.73E-5                   3.1310006566663566
4.74E-5                   3.1159622925123776
4.7499999999999996E-5     3.1010705885321697
4.76E-5                   3.0862858524880057
4.77E-5                   3.0715011164438404
4.7799999999999996E-5     3.0567197568410953
4.79E-5                   3.042182315754517
4.8E-5                    3.027644874667939
4.81E-5                   3.0131074335813626
4.82E-5                   2.9986812636492792
4.8299999999999995E-5     2.9843916104399715
4.84E-5                   2.970101957230663
4.85E-5                   2.9558123040213538
4.8599999999999995E-5     2.9417339317325886
4.87E-5                   2.927683159052777
4.88E-5                   2.9136323863729654
4.8899999999999996E-5     2.89970214247172
4.9E-5                    2.886028178464003
4.91E-5                   2.872354214456286
4.9199999999999997E-5     2.85868025044857
4.93E-5                   2.845006286440853
4.9399999999999995E-5     2.8313323224331373
4.95E-5                   2.8176583584254193
4.96E-5                   2.8040736938470774
4.9699999999999995E-5     2.7908680592694317
4.98E-5                   2.7776624246917843
4.99E-5                   2.7644567901141377
4.9999999999999996E-5     2.751251155536491
5.01E-5                   2.7380455209588437
5.02E-5                   2.724839886381197
5.0299999999999996E-5     2.7116610204893
5.04E-5                   2.698890750051383
5.05E-5                   2.686120479613466
5.06E-5                   2.6733502091755503
5.07E-5                   2.6605799387376337
5.0799999999999995E-5     2.6478096682997174
5.09E-5                   2.6350393978618007
5.1E-5                    2.622269127423884
5.1099999999999995E-5     2.610088619880772
5.12E-5                   2.5979509420517943
5.13E-5                   2.585813264222817
5.1399999999999996E-5     2.5736755863938403
5.15E-5                   2.561537908564863
5.16E-5                   2.5494002307358854
5.1699999999999996E-5     2.537262552906909
5.18E-5                   2.5251248750779314
5.1899999999999994E-5     2.512987197248955
5.2E-5                    2.500849519419978
5.21E-5                   2.488711841591
5.2199999999999995E-5     2.4765741637620238
5.23E-5                   2.464436485933046
5.24E-5                   2.4522988081040693
5.2499999999999995E-5     2.4407000999903445
5.26E-5                   2.4293621832833563
5.27E-5                   2.4180242665763676
5.2799999999999996E-5     2.4066863498693802
5.29E-5                   2.395348433162392
5.3E-5                    2.3840105164554033
5.3099999999999996E-5     2.372672599748416
5.32E-5                   2.3613346830414272
5.3299999999999995E-5     2.34999676633444
5.34E-5                   2.338658849627451
5.35E-5                   2.3273209329204634
5.3599999999999995E-5     2.3159830162134756
5.37E-5                   2.3046450995064873
5.38E-5                   2.293307182799499
5.3899999999999996E-5     2.2822775111467846
5.4E-5                    2.2716814030268906
5.41E-5                   2.2610852949069975
5.4199999999999996E-5     2.250489186787104
5.43E-5                   2.23989307866721
5.4399999999999994E-5     2.229296970547317
5.4499999999999997E-5     2.218700862427423
5.46E-5                   2.208104754307529
5.4699999999999995E-5     2.197508646187636
5.48E-5                   2.186912538067742
5.49E-5                   2.176316429947848
5.4999999999999995E-5     2.165720321827955
5.51E-5                   2.1551242137080613
5.52E-5                   2.1445281055881678
5.5299999999999996E-5     2.134043690101059
5.54E-5                   2.1241583199861407
5.55E-5                   2.1142729498712223
5.5599999999999996E-5     2.1043875797563043
5.57E-5                   2.0945022096413854
5.5799999999999994E-5     2.0846168395264675
5.59E-5                   2.074731469411549
5.6E-5                    2.0648460992966307
5.6099999999999995E-5     2.0549607291817127
5.62E-5                   2.0450753590667943
5.63E-5                   2.035189988951876
5.6399999999999995E-5     2.0253046188369574
5.65E-5                   2.015419248722039
5.66E-5                   2.0055338786071206
5.6699999999999996E-5     1.9956485084922027
5.68E-5                   1.9863307687249616
5.69E-5                   1.9770769630879212
5.6999999999999996E-5     1.9678231574508815
5.71E-5                   1.9585693518138412
5.7199999999999994E-5     1.9493155461768013
5.73E-5                   1.940061740539761
5.74E-5                   1.9308079349027207
5.7499999999999995E-5     1.9215541292656806
5.76E-5                   1.9123003236286407
5.77E-5                   1.9030465179916
5.7799999999999995E-5     1.89379271235456
5.79E-5                   1.8845389067175196
5.8E-5                    1.8752851010804792
5.8099999999999996E-5     1.8660312954434395
5.82E-5                   1.857183048252408
5.8299999999999994E-5     1.8485625446739933
5.8399999999999997E-5     1.8399420410955774
5.85E-5                   1.8313215375171616
5.8599999999999995E-5     1.8227010339387466
5.87E-5                   1.8140805303603311
5.88E-5                   1.8054600267819156
5.8899999999999995E-5     1.7968395232035004
5.9E-5                    1.7882190196250847
5.91E-5                   1.7795985160466692
5.9199999999999996E-5     1.770978012468254
5.93E-5                   1.7623575088898382
5.94E-5                   1.7537370053114225
5.9499999999999996E-5     1.7451165017330077
5.96E-5                   1.7367039376014868
5.9699999999999994E-5     1.7286277703062698
5.98E-5                   1.7205516030110521
5.99E-5                   1.7124754357158343
5.9999999999999995E-5     1.7043992684206173
6.01E-5                   1.6963231011253996
6.02E-5                   1.688246933830182
6.0299999999999995E-5     1.680170766534965
6.04E-5                   1.6720945992397471
6.05E-5                   1.664018431944529
6.0599999999999996E-5     1.655942264649312
6.07E-5                   1.6478660973540944
6.08E-5                   1.6397899300588767
6.0899999999999996E-5     1.6317137627636598
6.1E-5                    1.6237056337083224
6.11E-5                   1.6161798311447688
6.12E-5                   1.6086540285812148
6.13E-5                   1.6011282260176607
6.14E-5                   1.5936024234541066
6.149999999999999E-5      1.586076620890554
6.159999999999999E-5      1.5785508183269998
6.17E-5                   1.5710250157634464
6.18E-5                   1.563499213199892
6.19E-5                   1.5559734106363383
6.2E-5                    1.5484476080727843
6.209999999999999E-5      1.5409218055092315
6.22E-5                   1.5333960029456775
6.23E-5                   1.5258702003821234
6.24E-5                   1.5183443978185693
6.25E-5                   1.5112475128319425
6.26E-5                   1.5042174298614175
6.269999999999999E-5      1.4971873468908932
6.28E-5                   1.490157263920368
6.29E-5                   1.483127180949843
6.3E-5                    1.476097097979318
6.31E-5                   1.4690670150087932
6.319999999999999E-5      1.4620369320382691
6.33E-5                   1.4550068490677437
6.34E-5                   1.4479767660972187
6.35E-5                   1.4409466831266935
6.36E-5                   1.4339166001561685
6.37E-5                   1.4268865171856435
6.379999999999999E-5      1.4198564342151194
6.39E-5                   1.413085395744551
6.4E-5                    1.4064821726388417
6.41E-5                   1.399878949533132
6.42E-5                   1.393275726427423
6.429999999999999E-5      1.3866725033217144
6.44E-5                   1.380069280216005
6.45E-5                   1.373466057110296
6.46E-5                   1.3668628340045863
6.47E-5                   1.360259610898877
6.48E-5                   1.3536563877931678
6.489999999999999E-5      1.3470531646874593
6.5E-5                    1.34044994158175
6.51E-5                   1.3338467184760405
6.52E-5                   1.3272434953703311
6.53E-5                   1.3208283176450004
6.539999999999999E-5      1.314764711802577
6.549999999999999E-5      1.3087011059601528
6.56E-5                   1.3026375001177282
6.57E-5                   1.2965738942753038
6.58E-5                   1.2905102884328796
6.59E-5                   1.2844466825904552
6.599999999999999E-5      1.278383076748032
6.61E-5                   1.2723194709056074
6.62E-5                   1.266255865063183
6.63E-5                   1.2601922592207588
6.64E-5                   1.2541286533783345
6.65E-5                   1.24806504753591
6.659999999999999E-5      1.2420014416934866
6.67E-5                   1.2359551712775732
6.68E-5                   1.2300839726285233
6.69E-5                   1.224212773979474
6.7E-5                    1.2183415753304239
6.709999999999999E-5      1.2124703766813751
6.72E-5                   1.2065991780323255
6.73E-5                   1.2007279793832757
6.74E-5                   1.194856780734226
6.75E-5                   1.1889855820851762
6.76E-5                   1.1831143834361264
6.769999999999999E-5      1.1772431847870777
6.78E-5                   1.171371986138028
6.79E-5                   1.1655007874889782
6.8E-5                    1.1596295888399286
6.81E-5                   1.153758390190879
6.819999999999999E-5      1.1483560575766676
6.829999999999999E-5      1.1430485922470508
6.84E-5                   1.1377411269174336
6.85E-5                   1.1324336615878163
6.86E-5                   1.127126196258199
6.87E-5                   1.1218187309285819
6.879999999999999E-5      1.1165112655989655
6.89E-5                   1.1112038002693483
6.9E-5                    1.1058963349397313
6.91E-5                   1.100588869610114
6.92E-5                   1.095281404280497
6.929999999999999E-5      1.0899739389508805
6.939999999999999E-5      1.0846664736212632
6.95E-5                   1.0796256009945895
6.96E-5                   1.0745849491282635
6.97E-5                   1.0695442972619376
6.98E-5                   1.0645036453956118
6.989999999999999E-5      1.0594629935292865
7.0E-5                    1.0544223416629608
7.01E-5                   1.049381689796635
7.02E-5                   1.0443410379303093
7.03E-5                   1.0393003860639833
7.04E-5                   1.0342597341976576
7.049999999999999E-5      1.0292884424771076
7.06E-5                   1.024413330447528
7.07E-5                   1.019538218417949
7.08E-5                   1.0146631063883693
7.09E-5                   1.00978799435879
7.099999999999999E-5      1.0049128823292113
7.11E-5                   1.0000377702996317
7.12E-5                   0.9951626582700523
7.13E-5                   0.9902875462404727
7.14E-5                   0.9856205252989342
7.15E-5                   0.9809716262800674
7.159999999999999E-5      0.9763227272612013
7.17E-5                   0.9716738282423343
7.18E-5                   0.9670249292234675
7.19E-5                   0.9623760302046007
7.2E-5                    0.9577271311857338
7.209999999999999E-5      0.9531464313956799
7.219999999999999E-5      0.9485741642219979
7.23E-5                   0.944001897048316
7.24E-5                   0.9394296298746342
7.25E-5                   0.9348573627009522
7.26E-5                   0.9302850955272706
7.269999999999999E-5      0.92586931120332
7.28E-5                   0.9214784246124831
7.29E-5                   0.9170875380216462
7.3E-5                    0.9126966514308095
7.31E-5                   0.9083057648399728
7.319999999999999E-5      0.9039576213969481
7.329999999999999E-5      0.8996540056890012
7.34E-5                   0.895350389981054
7.35E-5                   0.891046774273107
7.36E-5                   0.8867431585651601
7.37E-5                   0.8825037970062011
7.379999999999999E-5      0.878298411999989
7.39E-5                   0.8740930269937768
7.4E-5                    0.8698876419875643
7.41E-5                   0.8657079539052891
7.42E-5                   0.8615876524276624
7.429999999999999E-5      0.8574673509500361
7.439999999999999E-5      0.8533470494724092
7.45E-5                   0.8492267479947827
7.46E-5                   0.8451860617764475
7.47E-5                   0.8411495724348659
7.48E-5                   0.8371130830932844
7.489999999999999E-5      0.8330765937517032
7.5E-5                    0.8290891794702683
7.51E-5                   0.8251347787251735
7.52E-5                   0.8211803779800785
7.53E-5                   0.8172259772349835
7.54E-5                   0.8132926851196448
7.549999999999999E-5      0.8094241841197645
7.56E-5                   0.8055556831198837
7.57E-5                   0.8016871821200027
7.58E-5                   0.7978186811201218
7.59E-5                   0.7940181023146291
7.599999999999999E-5      0.7902256074553387
7.609999999999999E-5      0.7864331125960479
7.62E-5                   0.7826406177367571
7.63E-5                   0.7788914737018494
7.64E-5                   0.7751790289501257
7.65E-5                   0.7714665841984019
7.659999999999999E-5      0.7677541394466787
7.67E-5                   0.764056445320533
7.68E-5                   0.7604218602743963
7.69E-5                   0.7567872752282596
7.7E-5                    0.753152690182123
7.709999999999999E-5      0.7495181051359868
7.719999999999999E-5      0.7459443375567519
7.73E-5                   0.7423823828201648
7.74E-5                   0.7388204280835778
7.75E-5                   0.7352584733469906
7.76E-5                   0.7317334617025021
7.769999999999999E-5      0.7282476371951654
7.78E-5                   0.7247618126878282
7.79E-5                   0.7212759881804909
7.8E-5                    0.7177995840238648
7.81E-5                   0.7143845003800552
7.819999999999999E-5      0.710969416736246
7.829999999999999E-5      0.7075543330924364
7.84E-5                   0.7041392494486269
7.85E-5                   0.7007794040989449
7.86E-5                   0.6974350415611621
7.87E-5                   0.6940906790233794
7.879999999999999E-5      0.6907463164855969
7.89E-5                   0.6874478262144595
7.9E-5                    0.6842103976480314
7.91E-5                   0.6809729690816033
7.92E-5                   0.6777355405151751
7.93E-5                   0.6744981119487469
7.939999999999999E-5      0.6712606833823191
7.95E-5                   0.668023254815891
7.96E-5                   0.6647858262494628
7.97E-5                   0.6615483976830348
7.98E-5                   0.6584078211040166
7.989999999999999E-5      0.6553040205696137
7.999999999999999E-5      0.6522002200352104
8.01E-5                   0.6490964195008072
8.02E-5                   0.6459926189664039
8.03E-5                   0.6428888184320005
8.04E-5                   0.6397850178975972
8.049999999999999E-5      0.6366812173631943
8.06E-5                   0.6335800249995998
8.07E-5                   0.6306028444712874
8.08E-5                   0.627625663942975
8.09E-5                   0.6246484834146627
8.099999999999999E-5      0.6216713028863509
8.109999999999999E-5      0.6186941223580383
8.12E-5                   0.615716941829726
8.13E-5                   0.6127397613014136
8.14E-5                   0.6097625807731012
8.15E-5                   0.6068419650983576
8.159999999999999E-5      0.6040435559602548
8.17E-5                   0.6012451468221517
8.18E-5                   0.5984467376840487
8.19E-5                   0.5956483285459456
8.2E-5                    0.5928499194078426
8.209999999999999E-5      0.5900515102697397
8.219999999999999E-5      0.5872531011316366
8.23E-5                   0.5844546919935335
8.24E-5                   0.5816562828554306
8.25E-5                   0.5788578737173273
8.26E-5                   0.5760594645792243
8.269999999999999E-5      0.5732610554411216
8.28E-5                   0.5704626463030185
8.29E-5                   0.5676642371649153
8.3E-5                    0.5648658280268123
8.31E-5                   0.5620674188887091
8.319999999999999E-5      0.5592690097506064
8.329999999999999E-5      0.5566744613564797
8.34E-5                   0.5541005610904838
8.35E-5                   0.551526660824488
8.36E-5                   0.5489527605584923
8.37E-5                   0.5463788602924965
8.379999999999999E-5      0.543804960026501
8.389999999999999E-5      0.5412310597605051
8.4E-5                    0.5386571594945094
8.41E-5                   0.5360832592285136
8.42E-5                   0.5335093589625178
8.43E-5                   0.530935458696522
8.439999999999999E-5      0.5283615584305265
8.45E-5                   0.5257876581645308
8.46E-5                   0.523213757898535
8.47E-5                   0.5206398576325392
8.48E-5                   0.5180659573665434
8.489999999999999E-5      0.5154920571005479
8.499999999999999E-5      0.5130210636969486
8.51E-5                   0.5106531210336779
8.52E-5                   0.5082851783704071
8.53E-5                   0.5059172357071363
8.54E-5                   0.5035492930438656
8.549999999999999E-5      0.5011813503805952
8.56E-5                   0.4988134077173244
8.57E-5                   0.4964454650540536
8.58E-5                   0.49407752239078284
8.59E-5                   0.49170957972751217
8.599999999999999E-5      0.4893416370642417
8.609999999999999E-5      0.48697369440097094
8.62E-5                   0.48460575173770026
8.63E-5                   0.4822378090744295
8.64E-5                   0.4798698664111588
8.65E-5                   0.477501923747888
8.659999999999999E-5      0.4751339810846175
8.669999999999999E-5      0.4727834065411894
8.68E-5                   0.47060575433173774
8.69E-5                   0.4684281021222861
8.7E-5                    0.4662504499128343
8.709999999999999E-5      0.46407279770338294
8.719999999999999E-5      0.4618951454939313
8.73E-5                   0.45971749328447964
8.74E-5                   0.457539841075028
8.75E-5                   0.4553621888655762
8.76E-5                   0.4531845366561245
8.769999999999999E-5      0.4510068844466732
8.779999999999999E-5      0.44882923223722154
8.79E-5                   0.44665158002776983
8.8E-5                    0.4444739278183182
8.81E-5                   0.4422962756088665
8.82E-5                   0.4401186233994148
8.829999999999999E-5      0.4379409711899634
8.84E-5                   0.43576331898051174
8.85E-5                   0.43370441222388556
8.86E-5                   0.4317006460128812
8.87E-5                   0.42969687980187676
8.879999999999999E-5      0.42769311359087264
8.889999999999999E-5      0.42568934737986824
8.9E-5                    0.42368558116886385
8.91E-5                   0.4216818149578595
8.92E-5                   0.41967804874685505
8.93E-5                   0.4176742825358506
8.939999999999999E-5      0.4156705163248465
8.95E-5                   0.4136667501138421
8.96E-5                   0.4116629839028377
8.97E-5                   0.40965921769183333
8.98E-5                   0.4076554514808289
8.989999999999999E-5      0.4056516852698248
8.999999999999999E-5      0.4036479190588203
9.01E-5                   0.4016441528478159
9.02E-5                   0.39968466819548637
9.03E-5                   0.39784221122278374
9.04E-5                   0.3959997542500811
9.049999999999999E-5      0.39415729727737875
9.059999999999999E-5      0.3923148403046761
9.07E-5                   0.39047238333197354
9.08E-5                   0.3886299263592709
9.09E-5                   0.3867874693865683
9.099999999999999E-5      0.38494501241386586
9.109999999999999E-5      0.3831025554411633
9.12E-5                   0.38126009846846065
9.13E-5                   0.3794176414957581
9.14E-5                   0.37757518452305544
9.15E-5                   0.37573272755035286
9.159999999999999E-5      0.3738902705776504
9.169999999999999E-5      0.3720478136049479
9.18E-5                   0.3702053566322452
9.19E-5                   0.3683628996595426
9.2E-5                    0.366647750837188
9.21E-5                   0.36495227815687686
9.219999999999999E-5      0.36325680547656597
9.23E-5                   0.36156133279625485
9.24E-5                   0.3598658601159437
9.25E-5                   0.35817038743563256
9.26E-5                   0.35647491475532145
9.269999999999999E-5      0.3547794420750106
9.279999999999999E-5      0.35308396939469944
9.29E-5                   0.3513884967143883
9.3E-5                    0.34969302403407715
9.31E-5                   0.34799755135376603
9.32E-5                   0.34630207867345497
9.329999999999999E-5      0.34460660599314397
9.34E-5                   0.3429111333128329
9.35E-5                   0.3412156606325218
9.36E-5                   0.3395201879522107
9.37E-5                   0.3378871911378211
9.379999999999999E-5      0.33632820156244886
9.389999999999999E-5      0.33476921198707654
9.4E-5                    0.33321022241170406
9.41E-5                   0.3316512328363317
9.42E-5                   0.33009224326095926
9.43E-5                   0.32853325368558695
9.439999999999999E-5      0.3269742641102147
9.449999999999999E-5      0.32541527453484237
9.46E-5                   0.3238562849594699
9.47E-5                   0.3222972953840975
9.48E-5                   0.3207383058087251
9.489999999999999E-5      0.31917931623335294
9.499999999999999E-5      0.3176203266579805
9.51E-5                   0.3160613370826082
9.52E-5                   0.3145023475072357
9.53E-5                   0.31294335793186334
9.54E-5                   0.311393251343398
9.549999999999999E-5      0.3100141658846935
9.559999999999999E-5      0.30863508042598875
9.57E-5                   0.30725599496728395
9.58E-5                   0.3058769095085792
9.59E-5                   0.30449782404987447
9.6E-5                    0.3031187385911697
9.609999999999999E-5      0.30173965313246515
9.62E-5                   0.30036056767376035
9.63E-5                   0.2989814822150556
9.64E-5                   0.29760239675635086
9.65E-5                   0.29622331129764606
9.659999999999999E-5      0.29484422583894154
9.669999999999999E-5      0.2934651403802368
9.68E-5                   0.29208605492153206
9.69E-5                   0.29070696946282726
9.7E-5                    0.2893278840041225
9.71E-5                   0.2879487985454178
9.719999999999999E-5      0.28656971308671314
9.73E-5                   0.28519062762800845
9.74E-5                   0.2838115421693037
9.75E-5                   0.2824324567105989
9.76E-5                   0.28105337125189417
9.769999999999999E-5      0.27967428579318965
9.779999999999999E-5      0.27829520033448485
9.79E-5                   0.2769161148757801
9.8E-5                    0.27553702941707536
9.81E-5                   0.27415794395837056
9.82E-5                   0.2727788584996658
9.829999999999999E-5      0.2713997730409613
9.839999999999999E-5      0.2700206875822565
9.85E-5                   0.2686416021235517
9.86E-5                   0.26726251666484696
9.87E-5                   0.2658834312061423
9.879999999999999E-5      0.26450434574743764
9.889999999999999E-5      0.2631747311824778
9.9E-5                    0.2620083157624604
9.91E-5                   0.26084190034244314
9.92E-5                   0.25967548492242576
9.93E-5                   0.25850906950240843
9.939999999999999E-5      0.25734265408239126
9.949999999999999E-5      0.25617623866237393
9.96E-5                   0.25500982324235655
9.97E-5                   0.2538434078223393
9.98E-5                   0.2526769924023219
9.989999999999999E-5      0.2515105769823047
9.999999999999999E-5      0.2503441615622874
1.001E-4                  0.24917774614227003
1.002E-4                  0.24801133072225273
1.003E-4                  0.24684491530223537
1.004E-4                  0.24567849988221802
1.0049999999999999E-4     0.2445120844622008
1.0059999999999999E-4     0.2433456690421835
1.007E-4                  0.24217925362216614
1.008E-4                  0.24101283820214883
1.009E-4                  0.2398464227821315
1.01E-4                   0.2386800073621142
1.0109999999999999E-4     0.23751359194209698
1.012E-4                  0.2363471765220796
1.013E-4                  0.2351807611020623
1.014E-4                  0.23401434568204496
1.015E-4                  0.23284793026202757
1.0159999999999999E-4     0.2316815148420104
1.0169999999999999E-4     0.23051509942199308
1.018E-4                  0.22934868400197572
1.019E-4                  0.2281822685819584
1.02E-4                   0.22701585316194106
1.021E-4                  0.22584943774192376
1.0219999999999999E-4     0.22468302232190657
1.0229999999999999E-4     0.22351660690188924
1.024E-4                  0.22242479814938124
1.025E-4                  0.2214377860955458
1.026E-4                  0.22045077404171026
1.0269999999999999E-4     0.21946376198787496
1.0279999999999999E-4     0.2184767499340395
1.029E-4                  0.21748973788020404
1.03E-4                   0.21650272582636856
1.031E-4                  0.2155157137725331
1.032E-4                  0.21452870171869765
1.0329999999999999E-4     0.21354168966486228
1.0339999999999999E-4     0.21255467761102684
1.035E-4                  0.21156766555719136
1.036E-4                  0.21058065350335586
1.037E-4                  0.20959364144952042
1.0379999999999999E-4     0.20860662939568514
1.0389999999999999E-4     0.2076196173418496
1.04E-4                   0.2066326052880142
1.041E-4                  0.2056455932341787
1.042E-4                  0.20465858118034322
1.043E-4                  0.2036715691265078
1.0439999999999999E-4     0.2026845570726724
1.0449999999999999E-4     0.20169754501883702
1.046E-4                  0.20071053296500152
1.047E-4                  0.19972352091116605
1.048E-4                  0.19873650885733057
1.049E-4                  0.19774949680349513
1.0499999999999999E-4     0.1967624847496598
1.051E-4                  0.19577547269582432
1.052E-4                  0.19478846064198885
1.053E-4                  0.19380144858815337
1.054E-4                  0.1928144365343179
1.0549999999999999E-4     0.19182742448048257
1.0559999999999999E-4     0.19084041242664712
1.057E-4                  0.18985340037281165
1.058E-4                  0.18886638831897623
1.059E-4                  0.187971029351202
1.06E-4                   0.18713700147119938
1.0609999999999999E-4     0.18630297359119688
1.0619999999999999E-4     0.18546894571119427
1.063E-4                  0.18463491783119163
1.064E-4                  0.18380088995118904
1.065E-4                  0.1829668620711864
1.0659999999999999E-4     0.1821328341911839
1.0669999999999999E-4     0.18129880631118128
1.068E-4                  0.18046477843117867
1.069E-4                  0.17963075055117603
1.07E-4                   0.1787967226711734
1.071E-4                  0.1779626947911708
1.0719999999999999E-4     0.1771286669111683
1.0729999999999999E-4     0.17629463903116566
1.074E-4                  0.17546061115116304
1.075E-4                  0.17462658327116043
1.076E-4                  0.17379255539115782
1.0769999999999999E-4     0.1729585275111553
1.0779999999999999E-4     0.1721244996311527
1.079E-4                  0.17129047175115006
1.08E-4                   0.17045644387114747
1.081E-4                  0.16962241599114483
1.082E-4                  0.16878838811114222
1.0829999999999999E-4     0.16795436023113972
1.0839999999999999E-4     0.1671203323511371
1.085E-4                  0.16628630447113446
1.086E-4                  0.16545227659113185
1.087E-4                  0.16461824871112923
1.0879999999999999E-4     0.1637842208311267
1.0889999999999999E-4     0.16295019295112412
1.0899999999999999E-4     0.16211616507112148
1.091E-4                  0.16128213719111886
1.092E-4                  0.16044810931111625
1.093E-4                  0.15961408143111364
1.0939999999999999E-4     0.15887971061320225
1.0949999999999999E-4     0.15817306546319165
1.096E-4                  0.15746642031318106
1.097E-4                  0.1567597751631705
1.098E-4                  0.1560531300131599
1.099E-4                  0.15534648486314928
1.0999999999999999E-4     0.15463983971313883
1.1009999999999999E-4     0.15393319456312823
1.102E-4                  0.15322654941311767
1.103E-4                  0.15251990426310705
1.104E-4                  0.15181325911309648
1.1049999999999999E-4     0.151106613963086
1.1059999999999999E-4     0.15039996881307538
1.107E-4                  0.14969332366306481
1.108E-4                  0.14898667851305425
1.109E-4                  0.14828003336304366
1.11E-4                   0.14757338821303306
1.1109999999999999E-4     0.14686674306302258
1.1119999999999999E-4     0.146160097913012
1.113E-4                  0.1454534527630014
1.114E-4                  0.14474680761299083
1.115E-4                  0.14404016246298026
1.1159999999999999E-4     0.14333351731296975
1.1169999999999999E-4     0.14262687216295916
1.118E-4                  0.14192022701294857
1.119E-4                  0.141213581862938
1.12E-4                   0.14050693671292738
1.121E-4                  0.13980029156291685
1.1219999999999999E-4     0.13909364641290634
1.1229999999999999E-4     0.13838700126289574
1.124E-4                  0.13768035611288515
1.125E-4                  0.13697371096287456
1.126E-4                  0.136267065812864
1.1269999999999999E-4     0.13556042066285348
1.1279999999999999E-4     0.13485377551284292
1.1289999999999999E-4     0.13425363414353306
1.13E-4                   0.13365728869107577
1.131E-4                  0.13306094323861847
1.132E-4                  0.13246459778616115
1.1329999999999999E-4     0.13186825233370392
1.1339999999999999E-4     0.13127190688124662
1.135E-4                  0.13067556142878933
1.136E-4                  0.130079215976332
1.137E-4                  0.1294828705238747
1.138E-4                  0.1288865250714174
1.1389999999999999E-4     0.12829017961896017
1.1399999999999999E-4     0.12769383416650287
1.141E-4                  0.12709748871404558
1.142E-4                  0.1265011432615883
1.143E-4                  0.12590479780913097
1.1439999999999999E-4     0.12530845235667373
1.1449999999999999E-4     0.12471210690421643
1.146E-4                  0.12411576145175912
1.147E-4                  0.12351941599930182
1.148E-4                  0.12292307054684454
1.149E-4                  0.12232672509438726
1.1499999999999999E-4     0.12173037964192997
1.1509999999999999E-4     0.12113403418947269
1.152E-4                  0.12053768873701541
1.153E-4                  0.11994134328455808
1.154E-4                  0.11934499783210079
1.1549999999999999E-4     0.11874865237964358
1.1559999999999999E-4     0.11815230692718626
1.157E-4                  0.11755596147472895
1.158E-4                  0.11695961602227166
1.159E-4                  0.11636327056981435
1.16E-4                   0.11576692511735705
1.1609999999999999E-4     0.11517057966489985
1.1619999999999999E-4     0.11457423421244252
1.163E-4                  0.11399136694169233
1.164E-4                  0.11348558407148757
1.165E-4                  0.1129798012012828
1.1659999999999999E-4     0.11247401833107809
1.1669999999999999E-4     0.11196823546087331
1.1679999999999999E-4     0.11146245259066853
1.169E-4                  0.11095666972046378
1.17E-4                   0.110450886850259
1.171E-4                  0.10994510398005423
1.1719999999999999E-4     0.10943932110984951
1.1729999999999999E-4     0.10893353823964474
1.174E-4                  0.10842775536943998
1.175E-4                  0.1079219724992352
1.176E-4                  0.10741618962903043
1.177E-4                  0.10691040675882567
1.1779999999999999E-4     0.10640462388862094
1.1789999999999999E-4     0.10589884101841618
1.18E-4                   0.10539305814821141
1.181E-4                  0.10488727527800665
1.182E-4                  0.10438149240780188
1.1829999999999999E-4     0.10387570953759716
1.1839999999999999E-4     0.10336992666739239
1.185E-4                  0.10286414379718761
1.186E-4                  0.10235836092698286
1.187E-4                  0.10185257805677808
1.188E-4                  0.1013467951865733
1.1889999999999999E-4     0.10084101231636859
1.1899999999999999E-4     0.10033522944616384
1.191E-4                  0.09982944657595906
1.192E-4                  0.0993236637057543
1.193E-4                  0.0988178808355495
1.1939999999999999E-4     0.09831209796534479
1.1949999999999999E-4     0.09780631509514004
1.196E-4                  0.09730053222493526
1.197E-4                  0.0967947493547305
1.198E-4                  0.09631526223307404
1.199E-4                  0.09588866694136934
1.1999999999999999E-4     0.09546207164966468
1.2009999999999999E-4     0.09503547635795995
1.202E-4                  0.09460888106625524
1.203E-4                  0.09418228577455051
1.204E-4                  0.0937556904828458
1.2049999999999999E-4     0.09332909519114115
1.2059999999999999E-4     0.0929024998994364
1.2069999999999999E-4     0.09247590460773168
1.208E-4                  0.09204930931602698
1.209E-4                  0.09162271402432226
1.21E-4                   0.09119611873261753
1.2109999999999999E-4     0.09076952344091287
1.2119999999999999E-4     0.09034292814920815
1.213E-4                  0.08991633285750342
1.214E-4                  0.08948973756579871
1.215E-4                  0.089063142274094
1.216E-4                  0.08863654698238928
1.2169999999999999E-4     0.08820995169068462
1.2179999999999999E-4     0.08778335639897988
1.219E-4                  0.08735676110727518
1.22E-4                   0.08693016581557045
1.2209999999999999E-4     0.08650357052386577
1.222E-4                  0.08607697523216107
1.223E-4                  0.08565037994045634
1.224E-4                  0.08522378464875162
1.225E-4                  0.08479718935704691
1.226E-4                  0.08437059406534218
1.227E-4                  0.08394399877363745
1.228E-4                  0.08351740348193275
1.229E-4                  0.08309080819022802
1.2299999999999998E-4     0.08266421289852342
1.2309999999999998E-4     0.0822376176068187
1.2319999999999999E-4     0.081811022315114
1.233E-4                  0.08141783683605709
1.234E-4                  0.08105607582120472
1.235E-4                  0.08069431480635235
1.236E-4                  0.08033255379149998
1.237E-4                  0.07997079277664762
1.238E-4                  0.07960903176179522
1.239E-4                  0.07924727074694285
1.24E-4                   0.07888550973209049
1.241E-4                  0.0785237487172381
1.2419999999999998E-4     0.07816198770238583
1.2429999999999999E-4     0.07780022668753346
1.244E-4                  0.07743846567268109
1.245E-4                  0.0770767046578287
1.246E-4                  0.07671494364297635
1.247E-4                  0.07635318262812396
1.248E-4                  0.07599142161327159
1.249E-4                  0.07562966059841923
1.25E-4                   0.07526789958356683
1.251E-4                  0.07490613856871448
1.252E-4                  0.0745443775538621
1.2529999999999998E-4     0.07418261653900982
1.2539999999999999E-4     0.07382085552415746
1.255E-4                  0.07345909450930507
1.256E-4                  0.0730973334944527
1.257E-4                  0.07273557247960032
1.258E-4                  0.07237381146474796
1.259E-4                  0.07201205044989559
1.26E-4                   0.07165028943504322
1.261E-4                  0.07128852842019084
1.262E-4                  0.07092676740533846
1.263E-4                  0.0705650063904861
1.2639999999999998E-4     0.07020324537563381
1.2649999999999998E-4     0.06984148436078143
1.266E-4                  0.06947972334592906
1.267E-4                  0.0691179623310767
1.268E-4                  0.06879554381522453
1.269E-4                  0.06849010280897312
1.27E-4                   0.0681846618027217
1.271E-4                  0.06787922079647028
1.272E-4                  0.06757377979021886
1.273E-4                  0.06726833878396746
1.274E-4                  0.06696289777771604
1.2749999999999998E-4     0.0666574567714647
1.2759999999999998E-4     0.06635201576521328
1.277E-4                  0.06604657475896186
1.278E-4                  0.06574113375271044
1.279E-4                  0.06543569274645904
1.28E-4                   0.06513025174020762
1.281E-4                  0.0648248107339562
1.282E-4                  0.06451936972770479
1.283E-4                  0.06421392872145337
1.284E-4                  0.06390848771520195
1.285E-4                  0.06360304670895053
1.2859999999999998E-4     0.06329760570269921
1.2869999999999998E-4     0.06299216469644779
1.288E-4                  0.06268672369019637
1.289E-4                  0.06238128268394497
1.29E-4                   0.06207584167769354
1.291E-4                  0.06177040067144211
1.292E-4                  0.06146495966519071
1.293E-4                  0.06115951865893929
1.294E-4                  0.06085407765268788
1.295E-4                  0.060548636646436456
1.296E-4                  0.06024319564018502
1.2969999999999998E-4     0.05993775463393371
1.2979999999999998E-4     0.05963231362768229
1.2989999999999999E-4     0.05932687262143088
1.3E-4                    0.05902143161517946
1.301E-4                  0.058715990608928036
1.302E-4                  0.05841054960267663
1.303E-4                  0.05814656544463146
1.304E-4                  0.057888138614836215
1.305E-4                  0.05762971178504098
1.306E-4                  0.05737128495524574
1.307E-4                  0.05711285812545049
1.3079999999999998E-4     0.05685443129565531
1.3089999999999998E-4     0.05659600446586007
1.3099999999999999E-4     0.056337577636064826
1.311E-4                  0.05607915080626957
1.312E-4                  0.05582072397647434
1.313E-4                  0.0555622971466791
1.314E-4                  0.05530387031688385
1.315E-4                  0.055045443487088605
1.316E-4                  0.05478701665729335
1.317E-4                  0.05452858982749812
1.318E-4                  0.054270162997702875
1.3189999999999998E-4     0.0540117361679077
1.3199999999999998E-4     0.05375330933811246
1.3209999999999999E-4     0.0534948825083172
1.322E-4                  0.05323645567852196
1.323E-4                  0.05297802884872672
1.324E-4                  0.05271960201893147
1.325E-4                  0.05246117518913623
1.326E-4                  0.05220274835934098
1.327E-4                  0.05194432152954575
1.328E-4                  0.051685894699750504
1.329E-4                  0.051427467869955265
1.33E-4                   0.05116904104016001
1.3309999999999998E-4     0.050910614210364837
1.3319999999999999E-4     0.0506521873805696
1.333E-4                  0.05039376055077435
1.334E-4                  0.05013533372097911
1.335E-4                  0.04987690689118387
1.336E-4                  0.04961848006138862
1.337E-4                  0.04936261484623666
1.338E-4                  0.0491435753749043
1.339E-4                  0.04892453590357195
1.34E-4                   0.04870549643223959
1.341E-4                  0.04848645696090725
1.3419999999999998E-4     0.04826741748957496
1.3429999999999998E-4     0.0480483780182426
1.344E-4                  0.04782933854691023
1.345E-4                  0.04761029907557788
1.346E-4                  0.04739125960424553
1.347E-4                  0.047172220132913174
1.348E-4                  0.04695318066158082
1.349E-4                  0.04673414119024846
1.35E-4                   0.04651510171891611
1.351E-4                  0.04629606224758376
1.352E-4                  0.046077022776251406
1.3529999999999998E-4     0.045857983304919116
1.3539999999999998E-4     0.045638943833586756
1.355E-4                  0.0454199043622544
1.356E-4                  0.045200864890922045
1.357E-4                  0.04498182541958969
1.358E-4                  0.044762785948257354
1.359E-4                  0.04454374647692499
1.36E-4                   0.044324707005592635
1.361E-4                  0.044105667534260276
1.362E-4                  0.043886628062927924
1.363E-4                  0.04366758859159558
1.3639999999999998E-4     0.04344854912026328
1.3649999999999998E-4     0.04322950964893092
1.3659999999999999E-4     0.04301047017759856
1.367E-4                  0.04279143070626622
1.368E-4                  0.04257239123493385
1.369E-4                  0.04235335176360151
1.37E-4                   0.04213431229226915
1.371E-4                  0.0419152728209368
1.372E-4                  0.041704872917356195
1.373E-4                  0.04152063136235822
1.374E-4                  0.04133638980736025
1.3749999999999998E-4     0.04115214825236232
1.3759999999999998E-4     0.04096790669736434
1.3769999999999999E-4     0.040783665142366365
1.378E-4                  0.0405994235873684
1.379E-4                  0.04041518203237042
1.38E-4                   0.04023094047737244
1.381E-4                  0.04004669892237446
1.382E-4                  0.03986245736737649
1.383E-4                  0.039678215812378514
1.384E-4                  0.039493974257380535
1.385E-4                  0.03930973270238256
1.3859999999999998E-4     0.03912549114738464
1.3869999999999998E-4     0.03894124959238666
1.3879999999999999E-4     0.038757008037388685
1.389E-4                  0.038572766482390705
1.39E-4                   0.03838852492739273
1.391E-4                  0.03820428337239476
1.392E-4                  0.03802004181739678
1.393E-4                  0.03783580026239881
1.394E-4                  0.037651558707400834
1.395E-4                  0.03746731715240286
1.396E-4                  0.037283075597404874
1.3969999999999998E-4     0.03709883404240696
1.3979999999999998E-4     0.03691459248740898
1.3989999999999999E-4     0.036730350932411
1.4E-4                    0.03654610937741302
1.401E-4                  0.03636186782241505
1.402E-4                  0.03617762626741708
1.403E-4                  0.035993384712419106
1.404E-4                  0.03580914315742112
1.405E-4                  0.03562490160242315
1.406E-4                  0.035440660047425174
1.407E-4                  0.03526798926789412
1.408E-4                  0.03511056169957739
1.4089999999999998E-4     0.0349531341312607
1.4099999999999998E-4     0.034795706562943965
1.411E-4                  0.034638278994627236
1.412E-4                  0.03448085142631051
1.413E-4                  0.03432342385799377
1.414E-4                  0.034165996289677036
1.415E-4                  0.03400856872136031
1.416E-4                  0.03385114115304358
1.417E-4                  0.03369371358472684
1.418E-4                  0.03353628601641011
1.419E-4                  0.03337885844809338
1.4199999999999998E-4     0.033221430879776685
1.4209999999999998E-4     0.03306400331145996
1.422E-4                  0.03290657574314322
1.423E-4                  0.032749148174826485
1.424E-4                  0.03259172060650976
1.425E-4                  0.03243429303819302
1.426E-4                  0.032276865469876286
1.427E-4                  0.032119437901559564
1.428E-4                  0.03196201033324283
1.429E-4                  0.03180458276492609
1.43E-4                   0.031647155196609364
1.4309999999999998E-4     0.03148972762829266
1.4319999999999998E-4     0.031332300059975934
1.433E-4                  0.031174872491659206
1.434E-4                  0.03101744492334247
1.435E-4                  0.030860017355025735
1.436E-4                  0.030702589786709013
1.437E-4                  0.03054516221839227
1.438E-4                  0.03038773465007555
1.439E-4                  0.030230307081758813
1.44E-4                   0.030072879513442077
1.441E-4                  0.029915451945125345
1.4419999999999998E-4     0.02977424309562123
1.4429999999999998E-4     0.029643197638053
1.4439999999999999E-4     0.029512152180484762
1.445E-4                  0.029381106722916533
1.446E-4                  0.0292500612653483
1.447E-4                  0.029119015807780067
1.448E-4                  0.028987970350211834
1.449E-4                  0.028856924892643604
1.45E-4                   0.02872587943507537
1.451E-4                  0.028594833977507138
1.452E-4                  0.0284637885199389
1.4529999999999998E-4     0.02833274306237071
1.4539999999999998E-4     0.02820169760480247
1.4549999999999999E-4     0.02807065214723424
1.456E-4                  0.02793960668966601
1.457E-4                  0.027808561232097774
1.458E-4                  0.027677515774529544
1.459E-4                  0.02754647031696131
1.46E-4                   0.02741542485939308
1.461E-4                  0.02728437940182484
1.462E-4                  0.027153333944256616
1.463E-4                  0.02702228848668838
1.4639999999999998E-4     0.026891243029120184
1.4649999999999998E-4     0.02676019757155195
1.4659999999999999E-4     0.026629152113983715
1.467E-4                  0.026498106656415485
1.468E-4                  0.026367061198847255
1.469E-4                  0.026236015741279015
1.47E-4                   0.02610497028371079
1.471E-4                  0.025973924826142556
1.472E-4                  0.02584287936857432
1.473E-4                  0.02571183391100609
1.474E-4                  0.025580788453437853
1.4749999999999998E-4     0.02544974299586966
1.4759999999999998E-4     0.025318697538301432
1.4769999999999999E-4     0.025201769417392682
1.478E-4                  0.025088414773068203
1.479E-4                  0.02497506012874372
1.48E-4                   0.024861705484419246
1.481E-4                  0.024748350840094763
1.482E-4                  0.024634996195770285
1.483E-4                  0.024521641551445802
1.484E-4                  0.024408286907121327
1.485E-4                  0.02429493226279685
1.4859999999999998E-4     0.024181577618472398
1.4869999999999998E-4     0.024068222974147915
1.4879999999999998E-4     0.023954868329823437
1.489E-4                  0.023841513685498954
1.49E-4                   0.02372815904117448
1.491E-4                  0.023614804396849997
1.492E-4                  0.023501449752525518
1.493E-4                  0.023388095108201036
1.494E-4                  0.023274740463876557
1.495E-4                  0.023161385819552075
1.496E-4                  0.023048031175227593
1.497E-4                  0.022934676530903118
1.4979999999999998E-4     0.022821321886578667
1.4989999999999998E-4     0.022707967242254188
1.5E-4                    0.022594612597929706
