% Model:              20230225_JW_4_10.mph
% Version:            COMSOL 5.6.0.401
% Date:               Feb 25 2023, 20:27
% Dimension:          1
% Nodes:              1501
% Expressions:        1
% Description:        点图
% X                       Height
0                         0.32593058001019537
1.0E-7                    0.32581704838341985
2.0E-7                    0.3246292735786846
3.0E-7                    0.32059320624666354
4.0E-7                    0.31925681651412197
5.0E-7                    0.33143855468947975
6.0E-7                    0.34297518748663347
7.0E-7                    0.3406564786176857
8.0E-7                    0.34906369172748175
9.0E-7                    0.35035789713118953
1.0E-6                    0.35514663069856467
1.1E-6                    0.3557773519990933
1.2E-6                    0.3586003641290284
1.2999999999999998E-6     0.3608363138839549
1.4E-6                    0.3620099029360813
1.5E-6                    0.3626910938384684
1.6E-6                    0.36370247502512243
1.6999999999999998E-6     0.36387381814483966
1.8E-6                    0.3640424865318427
1.9E-6                    0.3641760220490784
2.0E-6                    0.3638178568634821
2.1E-6                    0.3634991226721437
2.2E-6                    0.36292311909602276
2.3E-6                    0.3623547036156443
2.4E-6                    0.36143034391519474
2.4999999999999998E-6     0.3606066231086829
2.5999999999999997E-6     0.35957274619591884
2.7E-6                    0.35848912399577354
2.8E-6                    0.357375569039557
2.8999999999999998E-6     0.3562072423885582
3.0E-6                    0.35492578881585424
3.1E-6                    0.3536031890766148
3.2E-6                    0.35230706949750756
3.2999999999999997E-6     0.3509300327772028
3.3999999999999996E-6     0.3494853844583754
3.5E-6                    0.3480758926768
3.6E-6                    0.346641170215769
3.6999999999999997E-6     0.3451618592792112
3.8E-6                    0.34365996911574775
3.9E-6                    0.3421520630184259
4.0E-6                    0.34064416156088406
4.1E-6                    0.33913383360631305
4.2E-6                    0.33762201605685815
4.2999999999999995E-6     0.3361102030873324
4.4E-6                    0.33459224684763517
4.5E-6                    0.3330667558682236
4.6E-6                    0.3315412694108825
4.7E-6                    0.33001524872839055
4.8E-6                    0.3284878400534937
4.9E-6                    0.3269604355275543
4.9999999999999996E-6     0.3254333302184891
5.0999999999999995E-6     0.32390864573072164
5.199999999999999E-6      0.3223839656092269
5.3E-6                    0.32085928984897466
5.4E-6                    0.31935752652647964
5.5E-6                    0.3178572644583516
5.6E-6                    0.31635700613570455
5.7E-6                    0.3148567515537196
5.7999999999999995E-6     0.3133565007075765
5.899999999999999E-6      0.3118562535924549
6.0E-6                    0.3103855676866799
6.1E-6                    0.30893473152047074
6.2E-6                    0.30748389929868075
6.3E-6                    0.306033071016959
6.4E-6                    0.30458224667095335
6.5E-6                    0.3031314262563105
6.5999999999999995E-6     0.30168918973319936
6.699999999999999E-6      0.3002716403459157
6.799999999999999E-6      0.29885409392868495
6.9E-6                    0.29743655047755735
7.0E-6                    0.29601900998858305
7.1E-6                    0.29460147245781143
7.2E-6                    0.2931839378812919
7.2999999999999996E-6     0.2917997968158569
7.3999999999999995E-6     0.2904186579751654
7.499999999999999E-6      0.2890375223142073
7.6E-6                    0.28765638982921227
7.699999999999999E-6      0.2862752605164092
7.8E-6                    0.28489413437202593
7.899999999999999E-6      0.28352855015409295
8.0E-6                    0.2821743494054248
8.1E-6                    0.2808201513902105
8.2E-6                    0.27946595610510483
8.3E-6                    0.27811176354676165
8.4E-6                    0.2767575737118344
8.5E-6                    0.27545438400753797
8.599999999999999E-6      0.27415875535915957
8.7E-6                    0.27286312907318355
8.8E-6                    0.2715675051465701
8.9E-6                    0.27027188357627896
9.0E-6                    0.2690303180387631
9.1E-6                    0.2678082206053351
9.2E-6                    0.2665861255917558
9.299999999999999E-6      0.26536403299542033
9.4E-6                    0.26413505015574296
9.499999999999999E-6      0.2628520265696794
9.6E-6                    0.261569005138378
9.7E-6                    0.2602859858589342
9.8E-6                    0.25900296872844286
9.9E-6                    0.2577481165004417
9.999999999999999E-6      0.2565224620114476
1.01E-5                   0.2552968097090993
1.0199999999999999E-5     0.2540711595909397
1.03E-5                   0.25284551165451075
1.0399999999999999E-5     0.25167178136318163
1.05E-5                   0.25050588725356143
1.06E-5                   0.2493399949023452
1.07E-5                   0.24817410430724943
1.08E-5                   0.24699915347195742
1.0899999999999999E-5     0.24579654311920426
1.1E-5                    0.2445939347642132
1.1099999999999999E-5     0.24339132840468605
1.12E-5                   0.24218872403832434
1.13E-5                   0.24103066327537587
1.14E-5                   0.23989936946332704
1.15E-5                   0.23876807723636345
1.1599999999999999E-5     0.2376367865924913
1.17E-5                   0.2365055304673088
1.1799999999999999E-5     0.23538726272686625
1.19E-5                   0.23426899656828745
1.2E-5                    0.23315073198962455
1.21E-5                   0.23203246898892957
1.22E-5                   0.2309189406614162
1.2299999999999999E-5     0.22981312281702335
1.24E-5                   0.2287073065614691
1.2499999999999999E-5     0.2276014918929825
1.26E-5                   0.22649567880979213
1.2699999999999999E-5     0.22541868784040153
1.28E-5                   0.2243508845531656
1.29E-5                   0.22328308248040016
1.3E-5                    0.22221528162037654
1.31E-5                   0.22114981956863994
1.3199999999999999E-5     0.22009918688701952
1.33E-5                   0.2190485557647456
1.3399999999999999E-5     0.2179979262002537
1.35E-5                   0.2169472981919791
1.3599999999999999E-5     0.2157903599866034
1.37E-5                   0.2146308396251199
1.38E-5                   0.21347132071050182
1.3899999999999999E-5     0.21237726723271444
1.4E-5                    0.21139980332474503
1.4099999999999999E-5     0.21042233991066112
1.42E-5                   0.2095655482919987
1.4299999999999999E-5     0.20897758707152547
1.44E-5                   0.20838962660606802
1.45E-5                   0.20726002091469253
1.4599999999999999E-5     0.20586221001244184
1.47E-5                   0.20456623164819904
1.4799999999999999E-5     0.2035062013760514
1.49E-5                   0.20257077185309721
1.4999999999999999E-5     0.2022400140857581
1.51E-5                   0.20158797123359637
1.52E-5                   0.19998883347667584
1.53E-5                   0.19877794336343704
1.5399999999999998E-5     0.19791480986116824
1.55E-5                   0.19733504188497872
1.56E-5                   0.1967499685271673
1.57E-5                   0.19524710962590264
1.5799999999999998E-5     0.19407989804447048
1.59E-5                   0.19353571898667385
1.6E-5                    0.19272266781064004
1.61E-5                   0.19174782303579244
1.62E-5                   0.19064089392241843
1.63E-5                   0.1896093685304611
1.64E-5                   0.1890104558752088
1.6499999999999998E-5     0.18816725763709694
1.66E-5                   0.18702175087642156
1.67E-5                   0.18614803748311037
1.68E-5                   0.18537943259598028
1.69E-5                   0.18448659655025895
1.7E-5                    0.18358201718921677
1.71E-5                   0.1826471905492428
1.7199999999999998E-5     0.18179521012426625
1.73E-5                   0.18101274929189154
1.74E-5                   0.18009126550036872
1.75E-5                   0.17915478405339813
1.76E-5                   0.17837543473611361
1.77E-5                   0.17755268515869435
1.78E-5                   0.17665486547632603
1.7899999999999998E-5     0.17580199255279358
1.8E-5                    0.17497434292646283
1.81E-5                   0.17414669391601503
1.82E-5                   0.17331941237105922
1.8299999999999998E-5     0.172493706167539
1.84E-5                   0.17166800062964388
1.85E-5                   0.17084229575662335
1.8599999999999998E-5     0.17002386728977656
1.87E-5                   0.1692080310573796
1.88E-5                   0.16839219540227396
1.89E-5                   0.16758425982124958
1.8999999999999998E-5     0.166796069376289
1.91E-5                   0.1660078794808184
1.92E-5                   0.16521969013414783
1.9299999999999998E-5     0.16442343189256886
1.94E-5                   0.16362556995357241
1.95E-5                   0.16282770858433399
1.96E-5                   0.1620453264125515
1.9699999999999998E-5     0.16128792600520409
1.98E-5                   0.16053052606353063
1.99E-5                   0.1597731265869073
1.9999999999999998E-5     0.15900115192571437
2.01E-5                   0.15822809706747587
2.02E-5                   0.1574550427405547
2.03E-5                   0.15670038097904557
2.0399999999999998E-5     0.15596569416557152
2.05E-5                   0.155231007772546
2.06E-5                   0.154496049887056
2.07E-5                   0.153751576983077
2.0799999999999997E-5     0.15300710454842603
2.09E-5                   0.15226263258258035
2.1E-5                    0.1515358452844854
2.1099999999999998E-5     0.15082206597991774
2.12E-5                   0.1501082870753133
2.13E-5                   0.14939391355210987
2.14E-5                   0.14867535970667078
2.1499999999999997E-5     0.14795680626246482
2.16E-5                   0.14723825321901368
2.17E-5                   0.146538881872121
2.1799999999999998E-5     0.14584883093882456
2.19E-5                   0.14515878038953525
2.2E-5                    0.14446684297544754
2.21E-5                   0.14376826907525703
2.2199999999999998E-5     0.14306969552021223
2.23E-5                   0.14237112230987164
2.24E-5                   0.14170237723268628
2.2499999999999998E-5     0.14104255184597767
2.26E-5                   0.14038272681642305
2.27E-5                   0.13971275976198133
2.28E-5                   0.13902106233229916
2.2899999999999998E-5     0.1383293652198714
2.3E-5                    0.1376376684242729
2.31E-5                   0.13701333720393005
2.3199999999999998E-5     0.13639937467908295
2.33E-5                   0.135785412451302
2.34E-5                   0.135136278378903
2.35E-5                   0.13443756898499334
2.3599999999999998E-5     0.13373885994422996
2.37E-5                   0.13305375618100368
2.38E-5                   0.1323991357225459
2.3899999999999998E-5     0.13174451544008098
2.4E-5                    0.13122094280917154
2.41E-5                   0.13082168754956616
2.42E-5                   0.13042243249399413
2.4299999999999998E-5     0.12955726368110726
2.44E-5                   0.12869083924102212
2.45E-5                   0.12795879196507068
2.4599999999999998E-5     0.12727568459547747
2.4699999999999997E-5     0.12687676492349337
2.48E-5                   0.12660245626317093
2.49E-5                   0.1259151578990799
2.4999999999999998E-5     0.1250125616798006
2.51E-5                   0.12433792151899785
2.52E-5                   0.12380330880279614
2.53E-5                   0.12332235926492281
2.5399999999999997E-5     0.12288001174539441
2.55E-5                   0.12223256215025291
2.56E-5                   0.1214130280292548
2.5699999999999998E-5     0.1208197464616226
2.58E-5                   0.12044742600528001
2.59E-5                   0.11993489253422908
2.6E-5                    0.11926301250499662
2.6099999999999997E-5     0.11862451659318683
2.62E-5                   0.11803023565145489
2.63E-5                   0.11748718201539583
2.6399999999999998E-5     0.11702346341762089
2.65E-5                   0.11648610587309184
2.66E-5                   0.11581466469220922
2.67E-5                   0.11520843607372319
2.6799999999999998E-5     0.11474293721431651
2.69E-5                   0.11424317766505929
2.7E-5                    0.1136547930887206
2.7099999999999998E-5     0.11307918556456523
2.7199999999999997E-5     0.11254382851350707
2.73E-5                   0.1120112053261968
2.74E-5                   0.11148930858505464
2.7499999999999998E-5     0.11096194246548995
2.76E-5                   0.11040694633383391
2.77E-5                   0.10985887011625954
2.7799999999999998E-5     0.10935819287196226
2.7899999999999997E-5     0.10885341358855595
2.8E-5                    0.10830692218758027
2.81E-5                   0.10776306802041025
2.8199999999999998E-5     0.10726759686612615
2.83E-5                   0.10677183162673848
2.84E-5                   0.10625509299491631
2.8499999999999998E-5     0.10573835450674607
2.8599999999999997E-5     0.10522161616205548
2.87E-5                   0.1047048779606723
2.88E-5                   0.10420844170758954
2.8899999999999998E-5     0.10371334447396263
2.9E-5                    0.10321824736873063
2.91E-5                   0.10272315039172857
2.9199999999999998E-5     0.10223192307015286
2.9299999999999997E-5     0.10174131315079728
2.94E-5                   0.10125070336903548
2.95E-5                   0.1007600937247136
2.9599999999999998E-5     0.10027838872210586
2.97E-5                   0.09979909782389605
2.98E-5                   0.09931980703475031
2.99E-5                   0.09884051635452394
2.9999999999999997E-5     0.09836983885581184
3.01E-5                   0.09790266214592745
3.02E-5                   0.097435485558958
3.0299999999999998E-5     0.09696830909476699
3.04E-5                   0.09650379118006053
3.05E-5                   0.09604079938589591
3.06E-5                   0.09557780769247985
3.07E-5                   0.09511481609968432
3.0799999999999996E-5     0.09465995049381179
3.09E-5                   0.09421147979759742
3.1E-5                    0.09376300920555769
3.11E-5                   0.093314538717571
3.12E-5                   0.09286770042269141
3.13E-5                   0.0924226028988362
3.14E-5                   0.09197750546913394
3.15E-5                   0.09153240813347106
3.1599999999999996E-5     0.09109402055074127
3.17E-5                   0.0906653606644754
3.18E-5                   0.09023670086269607
3.1899999999999996E-5     0.08980804114529849
3.2E-5                    0.08937938151217782
3.21E-5                   0.08895072196322933
3.22E-5                   0.08852206249834824
3.23E-5                   0.08809340311742968
3.24E-5                   0.08766859417002179
3.25E-5                   0.08725492920127338
3.26E-5                   0.08684126431796096
3.2699999999999995E-5     0.08642759951999222
3.28E-5                   0.08601393480727469
3.29E-5                   0.08560027017971601
3.2999999999999996E-5     0.08518660563722376
3.31E-5                   0.08477294117970552
3.32E-5                   0.08436109932454743
3.3299999999999996E-5     0.08396472988901064
3.34E-5                   0.08356836051494539
3.35E-5                   0.08317199120226929
3.36E-5                   0.08277562195089991
3.37E-5                   0.08237925276075485
3.38E-5                   0.08198288363175164
3.39E-5                   0.08158651456380794
3.4E-5                    0.08119014555684129
3.4099999999999995E-5     0.08080673649193004
3.42E-5                   0.08042395282442046
3.43E-5                   0.08004116922285032
3.4399999999999996E-5     0.0796583856871462
3.45E-5                   0.07927560221723452
3.46E-5                   0.07889281881304182
3.4699999999999996E-5     0.07851003547449466
3.48E-5                   0.07812725220151948
3.49E-5                   0.07775732517542085
3.5E-5                    0.07739056098239978
3.51E-5                   0.07702379684201657
3.52E-5                   0.07665703275420642
3.53E-5                   0.07629026871890454
3.54E-5                   0.07592350473604605
3.5499999999999996E-5     0.07555674080556621
3.56E-5                   0.07518997692740012
3.57E-5                   0.07483227160137632
3.5799999999999996E-5     0.07447941934663778
3.59E-5                   0.07412656713971723
3.6E-5                    0.07377371498055668
3.6099999999999997E-5     0.07342086286909807
3.62E-5                   0.07306801080528336
3.63E-5                   0.0727151587890545
3.64E-5                   0.07236230682035344
3.65E-5                   0.07201572794671986
3.6599999999999995E-5     0.07167542865739471
3.67E-5                   0.07133512941309245
3.68E-5                   0.0709948302137618
3.6899999999999996E-5     0.0706545310593515
3.7E-5                    0.07031423194981021
3.71E-5                   0.06997393288508666
3.7199999999999996E-5     0.06963363386512957
3.73E-5                   0.06929861507217397
3.74E-5                   0.0689734746101993
3.75E-5                   0.06864833418369419
3.76E-5                   0.06832319379261288
3.77E-5                   0.06799805343690972
3.78E-5                   0.06767291311653909
3.79E-5                   0.06734777283145514
3.7999999999999995E-5     0.0670226325816123
3.81E-5                   0.06669944845742799
3.82E-5                   0.06638424157430121
3.8299999999999996E-5     0.06606903472818583
3.84E-5                   0.06575382791904119
3.85E-5                   0.0654386211468266
3.8599999999999996E-5     0.06512341441150137
3.87E-5                   0.06480820771302481
3.88E-5                   0.06449300105135619
3.89E-5                   0.06417842886343293
3.9E-5                    0.06387716189680025
3.9099999999999995E-5     0.06357589495763535
3.92E-5                   0.06327462804590213
3.93E-5                   0.06297336116156452
3.9399999999999995E-5     0.06267209430458644
3.95E-5                   0.062370827474931764
3.96E-5                   0.06206956067256445
3.9699999999999996E-5     0.06176829389744846
3.98E-5                   0.06147830360167223
3.99E-5                   0.06118964889970369
3.9999999999999996E-5     0.060900994226708846
4.01E-5                   0.06061233958265578
4.02E-5                   0.06032368496751261
4.03E-5                   0.0600350303812475
4.04E-5                   0.0597463758238285
4.0499999999999995E-5     0.05945772129522383
4.06E-5                   0.059171298942515826
4.07E-5                   0.058885649938589496
4.0799999999999996E-5     0.058600000957826755
4.09E-5                   0.058314352000198
4.1E-5                    0.05802870306567372
4.1099999999999996E-5     0.05774305415422442
4.12E-5                   0.0574574052658205
4.13E-5                   0.05717175640043246
4.14E-5                   0.05691088880890941
4.15E-5                   0.05666715082215511
4.1599999999999995E-5     0.056423412845087374
4.17E-5                   0.056179674877686187
4.18E-5                   0.05593593691993163
4.1899999999999995E-5     0.05569219897180373
4.2E-5                    0.055442488748258
4.21E-5                   0.05518720409282275
4.2199999999999996E-5     0.054931919488231
4.23E-5                   0.054676634934457555
4.24E-5                   0.05439834821082034
4.2499999999999996E-5     0.054078000653682234
4.26E-5                   0.05375765309248302
4.27E-5                   0.053437305527187784
4.28E-5                   0.05317369656568038
4.29E-5                   0.05293672005332708
4.2999999999999995E-5     0.0526997435614273
4.31E-5                   0.05247830575456145
4.32E-5                   0.05226366738956083
4.3299999999999995E-5     0.05203270852289646
4.34E-5                   0.05173088732395482
4.35E-5                   0.05142906610408799
4.3599999999999996E-5     0.051187152895901304
4.37E-5                   0.05094627422448877
4.38E-5                   0.05074131705435116
4.3899999999999996E-5     0.05052107223493902
4.4E-5                    0.050247928422649434
4.41E-5                   0.04998913722700357
4.42E-5                   0.049748472410451834
4.43E-5                   0.049519687608606824
4.4399999999999995E-5     0.04929703347480637
4.45E-5                   0.04904470374293888
4.46E-5                   0.048791615644502725
4.4699999999999996E-5     0.04857083314834373
4.48E-5                   0.04834603379458994
4.49E-5                   0.048112406126141115
4.4999999999999996E-5     0.047875475093202335
4.51E-5                   0.0476356196047569
4.52E-5                   0.047412333189635184
4.5299999999999997E-5     0.047194625323779625
4.54E-5                   0.046961702245617014
4.5499999999999995E-5     0.046730323882173366
4.56E-5                   0.0465082131583609
4.57E-5                   0.04628573979183431
4.5799999999999995E-5     0.046062725210385284
4.59E-5                   0.04584062558503584
4.6E-5                    0.04561908931949402
4.6099999999999996E-5     0.04540082162316006
4.62E-5                   0.045183102677046665
4.63E-5                   0.04496382598950592
4.6399999999999996E-5     0.04474636804112151
4.65E-5                   0.04453377699357514
4.66E-5                   0.044321185955427965
4.67E-5                   0.04410859492666703
4.68E-5                   0.04389683207059568
4.6899999999999995E-5     0.04368541170901474
4.7E-5                    0.04347399135653033
4.71E-5                   0.04326348281678276
4.7199999999999995E-5     0.043058445684005305
4.73E-5                   0.04285340856304122
4.74E-5                   0.04264837145387902
4.7499999999999996E-5     0.04244404119020136
4.76E-5                   0.042240226469586195
4.77E-5                   0.04203641175526287
4.7799999999999996E-5     0.041832663247040235
4.79E-5                   0.0416336971087978
4.8E-5                    0.04143473098213369
4.81E-5                   0.04123576486703753
4.82E-5                   0.04103810388393412
4.8299999999999995E-5     0.04084204413859895
4.84E-5                   0.04064598439891632
4.85E-5                   0.04044992466487632
4.8599999999999995E-5     0.040256548767029894
4.87E-5                   0.04006352346729945
4.88E-5                   0.039870498177355294
4.8899999999999996E-5     0.03967929233501799
4.9E-5                    0.039491955164049894
4.91E-5                   0.03930461799937312
4.9199999999999997E-5     0.03911728084097905
4.93E-5                   0.038929943688858965
4.9399999999999995E-5     0.03874260654300428
4.95E-5                   0.03855526940340629
4.96E-5                   0.03836908699166321
4.9699999999999995E-5     0.03818780578433228
4.98E-5                   0.03800652458452376
4.99E-5                   0.03782524339222989
4.9999999999999996E-5     0.03764396220744291
5.01E-5                   0.037462681030155015
5.02E-5                   0.03728139986035842
5.0299999999999996E-5     0.03710051528488327
5.04E-5                   0.036925684191013546
5.05E-5                   0.03675085310233244
5.06E-5                   0.03657602201883291
5.07E-5                   0.03640119094050792
5.0799999999999995E-5     0.03622635986735047
5.09E-5                   0.03605152879935349
5.1E-5                    0.035876697736509984
5.1099999999999995E-5     0.035709664004966744
5.12E-5                   0.03554319653525631
5.13E-5                   0.035376729070567804
5.1399999999999996E-5     0.0352102616108952
5.15E-5                   0.03504379415623245
5.16E-5                   0.03487732670657352
5.1699999999999996E-5     0.03471085926191241
5.18E-5                   0.03454439182224304
5.1899999999999994E-5     0.034377924387559405
5.2E-5                    0.03421145695785544
5.21E-5                   0.03404498953312514
5.2199999999999995E-5     0.03387852211336248
5.23E-5                   0.03371205469856139
5.24E-5                   0.03354558728871585
5.2499999999999995E-5     0.03338666109176979
5.26E-5                   0.03323138386570747
5.27E-5                   0.03307610664437086
5.2799999999999996E-5     0.03292082942775506
5.29E-5                   0.03276555221585513
5.3E-5                    0.03261027500866618
5.3099999999999996E-5     0.0324549978061833
5.32E-5                   0.03229972060840156
5.3299999999999995E-5     0.03214444341531606
5.34E-5                   0.03198916622692189
5.35E-5                   0.03183388904321413
5.3599999999999995E-5     0.0316786118641879
5.37E-5                   0.03152333468983823
5.38E-5                   0.031368057520160246
5.3899999999999996E-5     0.03121701385397449
5.4E-5                    0.031071924838698393
5.41E-5                   0.030926835826012158
5.4199999999999996E-5     0.030781746815911795
5.43E-5                   0.0306366578083933
5.4399999999999994E-5     0.030491568803452693
5.4499999999999997E-5     0.03034647980108596
5.46E-5                   0.030201390801289103
5.4699999999999995E-5     0.030056301804058144
5.48E-5                   0.029911212809389073
5.49E-5                   0.029766123817277886
5.4999999999999995E-5     0.029621034827720598
5.51E-5                   0.029475945840713218
5.52E-5                   0.029330856856251728
5.5299999999999996E-5     0.029187262540141142
5.54E-5                   0.029051684625410416
5.55E-5                   0.028916106714084854
5.5599999999999996E-5     0.028780528806161207
5.57E-5                   0.028644950901636174
5.5799999999999994E-5     0.028509373000506526
5.59E-5                   0.028373795102768967
5.6E-5                    0.028238217208420235
5.6099999999999995E-5     0.02810263931745708
5.62E-5                   0.027967061429876216
5.63E-5                   0.0278314835456744
5.6399999999999995E-5     0.02769590566484834
5.65E-5                   0.027560327787394777
5.66E-5                   0.02742474991331045
5.6699999999999996E-5     0.02728917204259209
5.68E-5                   0.027161858790000493
5.69E-5                   0.027035476410793898
5.6999999999999996E-5     0.026909094033310908
5.71E-5                   0.02678271165754885
5.7199999999999994E-5     0.026656329283505115
5.73E-5                   0.02652994691117704
5.74E-5                   0.026403564540561992
5.7499999999999995E-5     0.026277182171657337
5.76E-5                   0.026150799804460424
5.77E-5                   0.02602441743896863
5.7799999999999995E-5     0.025898035075179304
5.79E-5                   0.0257716527130898
5.8E-5                    0.025645270352697484
5.8099999999999996E-5     0.02551888799399973
5.82E-5                   0.02539778367264052
5.8299999999999994E-5     0.025279643263752517
5.8399999999999997E-5     0.0251615028569879
5.85E-5                   0.025043362452344495
5.8599999999999995E-5     0.02492522204982016
5.87E-5                   0.0248070816494127
5.88E-5                   0.024688941251119957
5.8899999999999995E-5     0.024570800854939776
5.9E-5                    0.024452660460869975
5.91E-5                   0.024334520068908388
5.9199999999999996E-5     0.024216379679052866
5.93E-5                   0.024098239291301206
5.94E-5                   0.02398009890565127
5.9499999999999996E-5     0.023861958522100896
5.96E-5                   0.023746752045504447
5.9699999999999994E-5     0.02363629193449961
5.98E-5                   0.02352583182481174
5.99E-5                   0.023415371716439096
5.9999999999999995E-5     0.023304911609379923
6.01E-5                   0.023194451503632457
6.02E-5                   0.02308399139919495
6.0299999999999995E-5     0.022973531296065643
6.04E-5                   0.022863071194242787
6.05E-5                   0.022752611093724624
6.0599999999999996E-5     0.0226421509945094
6.07E-5                   0.02253169089659535
6.08E-5                   0.022421230799980735
6.0899999999999996E-5     0.022310770704663797
6.1E-5                    0.022201272199032195
6.11E-5                   0.02209859044294233
6.12E-5                   0.021995908688094343
6.13E-5                   0.02189322693448681
6.14E-5                   0.0217905451821183
6.149999999999999E-5      0.021687863430987397
6.159999999999999E-5      0.021585181681092646
6.17E-5                   0.021482499932432633
6.18E-5                   0.021379818185005922
6.19E-5                   0.021277136438811087
6.2E-5                    0.021174454693846694
6.209999999999999E-5      0.021071772950111332
6.22E-5                   0.020969091207603544
6.23E-5                   0.020866409466321907
6.24E-5                   0.020763727726264995
6.25E-5                   0.02066618195952669
6.26E-5                   0.020569436098767577
6.269999999999999E-5      0.020472690239028344
6.28E-5                   0.020375944380307782
6.29E-5                   0.020279198522604753
6.3E-5                    0.020182452665918057
6.31E-5                   0.020085706810246528
6.319999999999999E-5      0.019988960955589014
6.33E-5                   0.0198922151019443
6.34E-5                   0.019795469249311238
6.35E-5                   0.01969872339768864
6.36E-5                   0.019601977547075343
6.37E-5                   0.019505231697470163
6.379999999999999E-5      0.01940848584887194
6.39E-5                   0.01931633292698355
6.4E-5                    0.019227155415502097
6.41E-5                   0.01913797790472633
6.42E-5                   0.01904880039465532
6.429999999999999E-5      0.018959622885288147
6.44E-5                   0.01887044537662384
6.45E-5                   0.01878126786866148
6.46E-5                   0.018692090361400137
6.47E-5                   0.01860291285483886
6.48E-5                   0.018513735348976722
6.489999999999999E-5      0.0184245578438128
6.5E-5                    0.01833538033934613
6.51E-5                   0.018246202835575782
6.52E-5                   0.018157025332500833
6.53E-5                   0.018069442665701423
6.539999999999999E-5      0.01798484172324275
6.549999999999999E-5      0.01790024078154973
6.56E-5                   0.017815639840621577
6.57E-5                   0.0177310389004575
6.58E-5                   0.017646437961056714
6.59E-5                   0.017561837022418425
6.599999999999999E-5      0.01747723608454185
6.61E-5                   0.017392635147426172
6.62E-5                   0.017308034211070626
6.63E-5                   0.017223433275474407
6.64E-5                   0.017138832340636727
6.65E-5                   0.017054231406556788
6.659999999999999E-5      0.016969630473233823
6.67E-5                   0.016885623430143305
6.68E-5                   0.016807614121798438
6.69E-5                   0.01672960481387836
6.7E-5                    0.016651595506382448
6.709999999999999E-5      0.016573586199310108
6.72E-5                   0.016495576892660707
6.73E-5                   0.01641756758643363
6.74E-5                   0.01633955828062827
6.75E-5                   0.016261548975244008
6.76E-5                   0.016183539670280234
6.769999999999999E-5      0.01610553036573634
6.78E-5                   0.016027521061611698
6.79E-5                   0.015949511757905696
6.8E-5                    0.01587150245461771
6.81E-5                   0.01579349315174715
6.819999999999999E-5      0.01572139666483893
6.829999999999999E-5      0.015650496538586654
6.84E-5                   0.015579596412579477
6.85E-5                   0.01550869628681692
6.86E-5                   0.015437796161298492
6.87E-5                   0.015366896036023706
6.879999999999999E-5      0.01529599591099211
6.89E-5                   0.015225095786203176
6.9E-5                    0.015154195661656442
6.91E-5                   0.015083295537351427
6.92E-5                   0.015012395413287633
6.929999999999999E-5      0.014941495289464602
6.939999999999999E-5      0.014870595165881826
6.95E-5                   0.014796559405330117
6.96E-5                   0.014722521049416246
6.97E-5                   0.014648482694701643
6.98E-5                   0.014574444341185797
6.989999999999999E-5      0.014500405988868191
7.0E-5                    0.014426367637748301
7.01E-5                   0.01435232928782561
7.02E-5                   0.014278290939099597
7.03E-5                   0.014204252591569757
7.04E-5                   0.014130214245235567
7.049999999999999E-5      0.014059349139434428
7.06E-5                   0.01399288427185308
7.07E-5                   0.013926419403486993
7.08E-5                   0.013859954534335799
7.09E-5                   0.01379348966439912
7.099999999999999E-5      0.013727024793676598
7.11E-5                   0.013660559922167836
7.12E-5                   0.013594095049872476
7.13E-5                   0.013527630176790139
7.14E-5                   0.013466815161742782
7.15E-5                   0.013406492174289538
7.159999999999999E-5      0.013346169188134005
7.17E-5                   0.013285846203275862
7.18E-5                   0.013225523219714808
7.19E-5                   0.013165200237450537
7.2E-5                    0.013104877256482734
7.209999999999999E-5      0.01303939831021137
7.219999999999999E-5      0.01297328184477327
7.23E-5                   0.012907165378837987
7.24E-5                   0.012841048912405154
7.25E-5                   0.012774932445474424
7.26E-5                   0.012708815978045431
7.269999999999999E-5      0.012649435119024057
7.28E-5                   0.012591125952252584
7.29E-5                   0.012532816785959416
7.3E-5                    0.01247450762014429
7.31E-5                   0.012416198454806937
7.319999999999999E-5      0.01235816152195896
7.329999999999999E-5      0.01230040818758105
7.34E-5                   0.012242654853555208
7.35E-5                   0.01218490151988117
7.36E-5                   0.012127148186558679
7.37E-5                   0.01206754654606909
7.379999999999999E-5      0.012006967550411623
7.39E-5                   0.011946388554554745
7.4E-5                    0.011885809558498193
7.41E-5                   0.011827412451230368
7.42E-5                   0.011774057775828623
7.429999999999999E-5      0.011720703101093778
7.439999999999999E-5      0.011667348427025603
7.45E-5                   0.01161399375362389
7.46E-5                   0.011557395862904626
7.47E-5                   0.011500627007339824
7.48E-5                   0.011443858151444065
7.489999999999999E-5      0.011387089295217116
7.5E-5                    0.011331937314834043
7.51E-5                   0.011277873031971107
7.52E-5                   0.011223808749723263
7.53E-5                   0.011169744468090314
7.54E-5                   0.011116224178963068
7.549999999999999E-5      0.01106437362607877
7.56E-5                   0.011012523073029377
7.57E-5                   0.010960672519814712
7.58E-5                   0.01090882196643458
7.59E-5                   0.010855741285571204
7.599999999999999E-5      0.010802514198057894
7.609999999999999E-5      0.010749287110897671
7.62E-5                   0.010696060024090346
7.63E-5                   0.01064481702726434
7.64E-5                   0.010595253691074405
7.65E-5                   0.010545690354962464
7.659999999999999E-5      0.010496127018928367
7.67E-5                   0.010446393142250177
7.68E-5                   0.010395929624196915
7.69E-5                   0.010345466106241596
7.7E-5                    0.010295002588384056
7.709999999999999E-5      0.01024453907062414
7.719999999999999E-5      0.010195840423044998
7.73E-5                   0.010147484574118225
7.74E-5                   0.010099128725417262
7.75E-5                   0.01005077287694196
7.76E-5                   0.010002753166751383
7.769999999999999E-5      0.009955090012804384
7.78E-5                   0.009907426858848987
7.79E-5                   0.00985976370488505
7.8E-5                    0.009812203108139846
7.81E-5                   0.009765310094077698
7.819999999999999E-5      0.009718417080251682
7.829999999999999E-5      0.00967152406666164
7.84E-5                   0.009624631053307457
7.85E-5                   0.009578896922008183
7.86E-5                   0.009533487615199569
7.87E-5                   0.009488078308393082
7.879999999999999E-5      0.009442669001588603
7.89E-5                   0.009397683340621703
7.9E-5                    0.009353261605160083
7.91E-5                   0.009308839869826568
7.92E-5                   0.009264418134621043
7.93E-5                   0.00921999639954339
7.939999999999999E-5      0.009175574664593511
7.95E-5                   0.009131152929771267
7.96E-5                   0.009086731195076563
7.97E-5                   0.009042309460509278
7.98E-5                   0.008999430532196023
7.989999999999999E-5      0.008957137428870401
7.999999999999999E-5      0.008914844325612705
8.01E-5                   0.008872551222422845
8.02E-5                   0.008830258119300721
8.03E-5                   0.008787965016246228
8.04E-5                   0.008745671913259267
8.049999999999999E-5      0.008703378810339755
8.06E-5                   0.008661116231911226
8.07E-5                   0.008620305011644824
8.08E-5                   0.008579493791458335
8.09E-5                   0.00853868257135167
8.099999999999999E-5      0.008497871351324746
8.109999999999999E-5      0.008457060131377463
8.12E-5                   0.00841624891150974
8.13E-5                   0.008375437691721489
8.14E-5                   0.008334626472012618
8.15E-5                   0.008294636794225325
8.159999999999999E-5      0.008256422031082478
8.17E-5                   0.008218207267998026
8.18E-5                   0.008179992504971902
8.19E-5                   0.008141777742004032
8.2E-5                    0.008103562979094344
8.209999999999999E-5      0.00806534821624277
8.219999999999999E-5      0.008027133453449225
8.23E-5                   0.00798891869071364
8.24E-5                   0.007950703928035948
8.25E-5                   0.007912489165416066
8.26E-5                   0.007874274402853928
8.269999999999999E-5      0.007836059640349464
8.28E-5                   0.007797844877902588
8.29E-5                   0.007759630115513235
8.3E-5                    0.007721415353181335
8.31E-5                   0.007683200590906805
8.319999999999999E-5      0.007644985828689584
8.329999999999999E-5      0.00760949474565394
8.34E-5                   0.007574279531752976
8.35E-5                   0.007539064317908265
8.36E-5                   0.007503849104119752
8.37E-5                   0.007468633890387378
8.379999999999999E-5      0.007433418676711094
8.389999999999999E-5      0.00739820346309083
8.4E-5                    0.007362988249526538
8.41E-5                   0.007327773036018158
8.42E-5                   0.007292557822565632
8.43E-5                   0.007257342609168906
8.439999999999999E-5      0.007222127395827924
8.45E-5                   0.0071869121825426235
8.46E-5                   0.0071516969693129475
8.47E-5                   0.007116481756138844
8.48E-5                   0.007081266543020251
8.489999999999999E-5      0.007046051329957123
8.499999999999999E-5      0.007012270371466753
8.51E-5                   0.006979925672813334
8.52E-5                   0.006947580974187685
8.53E-5                   0.00691523627558976
8.54E-5                   0.006882891577019516
8.549999999999999E-5      0.006850546878476914
8.56E-5                   0.0068182021799619
8.57E-5                   0.006785857481474433
8.58E-5                   0.0067535127830144715
8.59E-5                   0.006721168084581965
8.599999999999999E-5      0.006688823386176883
8.609999999999999E-5      0.006656478687799164
8.62E-5                   0.006624133989448772
8.63E-5                   0.006591789291125662
8.64E-5                   0.006559444592829791
8.65E-5                   0.006527099894561112
8.659999999999999E-5      0.006494755196319586
8.669999999999999E-5      0.0064626434195694015
8.68E-5                   0.006432850680467312
8.69E-5                   0.006403057941401941
8.7E-5                    0.00637326520237326
8.709999999999999E-5      0.006343472463381235
8.719999999999999E-5      0.006313679724425826
8.73E-5                   0.006283886985506996
8.74E-5                   0.006254094246624717
8.75E-5                   0.006224301507778954
8.76E-5                   0.006194508768969668
8.769999999999999E-5      0.006164716030196833
8.779999999999999E-5      0.006134923291460402
8.79E-5                   0.006105130552760347
8.8E-5                    0.006075337814096635
8.81E-5                   0.006045545075469225
8.82E-5                   0.006015752336878091
8.829999999999999E-5      0.005985959598323197
8.84E-5                   0.005956166859804504
8.85E-5                   0.0059280319482319785
8.86E-5                   0.005900666863887412
8.87E-5                   0.005873301779560201
8.879999999999999E-5      0.0058459366952503256
8.889999999999999E-5      0.005818571610957747
8.9E-5                    0.005791206526682443
8.91E-5                   0.005763841442424391
8.92E-5                   0.005736476358183559
8.93E-5                   0.0057091112739599235
8.939999999999999E-5      0.005681746189753461
8.95E-5                   0.005654381105564135
8.96E-5                   0.005627016021391925
8.97E-5                   0.0055996509372368015
8.98E-5                   0.005572285853098742
8.989999999999999E-5      0.005544920768977719
8.999999999999999E-5      0.005517555684873699
9.01E-5                   0.005490190600786662
9.02E-5                   0.005463418135879365
9.03E-5                   0.0054382118499513524
9.04E-5                   0.00541300556404356
9.049999999999999E-5      0.005387799278155972
9.059999999999999E-5      0.005362592992288555
9.07E-5                   0.005337386706441298
9.08E-5                   0.005312180420614177
9.09E-5                   0.005286974134807169
9.099999999999999E-5      0.00526176784902026
9.109999999999999E-5      0.005236561563253419
9.12E-5                   0.005211355277506632
9.13E-5                   0.005186148991779875
9.14E-5                   0.005160942706073129
9.15E-5                   0.0051357364203863725
9.159999999999999E-5      0.005110530134719586
9.169999999999999E-5      0.0050853238490727445
9.18E-5                   0.0050601175634458284
9.19E-5                   0.005034911277838819
9.2E-5                    0.00501147888031432
9.21E-5                   0.004988320646502899
9.219999999999999E-5      0.004965162412704471
9.23E-5                   0.004942004178919015
9.24E-5                   0.004918845945146518
9.25E-5                   0.004895687711386968
9.26E-5                   0.004872529477640343
9.269999999999999E-5      0.00484937124390663
9.279999999999999E-5      0.00482621301018581
9.29E-5                   0.004803054776477868
9.3E-5                    0.004779896542782789
9.31E-5                   0.004756738309100554
9.32E-5                   0.004733580075431149
9.329999999999999E-5      0.004710421841774561
9.34E-5                   0.0046872636081307685
9.35E-5                   0.004664105374499753
9.36E-5                   0.0046409471408815055
9.37E-5                   0.004618630479421588
9.379999999999999E-5      0.004597310721816932
9.389999999999999E-5      0.004575990964222219
9.4E-5                    0.004554671206637438
9.41E-5                   0.004533351449062577
9.42E-5                   0.004512031691497624
9.43E-5                   0.004490711933942565
9.439999999999999E-5      0.004469392176397392
9.449999999999999E-5      0.0044480724188620865
9.46E-5                   0.0044267526613366364
9.47E-5                   0.00440543290382103
9.48E-5                   0.004384113146315257
9.489999999999999E-5      0.004362793388819303
9.499999999999999E-5      0.004341473631333154
9.51E-5                   0.004320153873856799
9.52E-5                   0.004298834116390222
9.53E-5                   0.004277514358933415
9.54E-5                   0.004256316426350426
9.549999999999999E-5      0.004237463946505152
9.559999999999999E-5      0.004218611466667145
9.57E-5                   0.004199758986836396
9.58E-5                   0.004180906507012899
9.59E-5                   0.0041620540271966435
9.6E-5                    0.004143201547387621
9.609999999999999E-5      0.004124349067585825
9.62E-5                   0.004105496587791241
9.63E-5                   0.004086644108003867
9.64E-5                   0.0040677916282236895
9.65E-5                   0.004048939148450701
9.659999999999999E-5      0.004030086668684896
9.669999999999999E-5      0.00401123418892626
9.68E-5                   0.003992381709174787
9.69E-5                   0.003973529229430468
9.7E-5                    0.003954676749693295
9.71E-5                   0.00393582426996326
9.719999999999999E-5      0.003916971790240354
9.73E-5                   0.003898119310524566
9.74E-5                   0.0038792668308158876
9.75E-5                   0.00386041435111431
9.76E-5                   0.0038415618714198263
9.769999999999999E-5      0.0038227093917324296
9.779999999999999E-5      0.003803856912052106
9.79E-5                   0.003785004432378848
9.8E-5                    0.0037661519527126494
9.81E-5                   0.003747299473053498
9.82E-5                   0.003728446993401388
9.829999999999999E-5      0.003709594513756313
9.839999999999999E-5      0.003690742034118258
9.85E-5                   0.003671889554487216
9.86E-5                   0.0036530370748631795
9.87E-5                   0.0036341845952461414
9.879999999999999E-5      0.0036153321156360916
9.889999999999999E-5      0.0035971565624378717
9.9E-5                    0.003581214116475635
9.91E-5                   0.0035652716705199187
9.92E-5                   0.003549329224570718
9.93E-5                   0.0035333867786280265
9.939999999999999E-5      0.0035174443326918426
9.949999999999999E-5      0.003501501886762155
9.96E-5                   0.003485559440838962
9.97E-5                   0.0034696169949222574
9.98E-5                   0.0034536745490120367
9.989999999999999E-5      0.003437732103108295
9.999999999999999E-5      0.003421789657211025
1.001E-4                  0.0034058472113202218
1.002E-4                  0.00338990476543588
1.003E-4                  0.0033739623195579967
1.004E-4                  0.003358019873686563
1.0049999999999999E-4     0.003342077427821579
1.0059999999999999E-4     0.0033261349819630336
1.007E-4                  0.0033101925361109226
1.008E-4                  0.0032942500902652435
1.009E-4                  0.0032783076444259877
1.01E-4                   0.003262365198593152
1.0109999999999999E-4     0.003246422752766733
1.012E-4                  0.003230480306946721
1.013E-4                  0.0032145378611331127
1.014E-4                  0.003198595415325902
1.015E-4                  0.003182652969525085
1.0159999999999999E-4     0.0031667105237306583
1.0169999999999999E-4     0.003150768077942611
1.018E-4                  0.0031348256321609416
1.019E-4                  0.0031188831863856437
1.02E-4                   0.0031029407406167114
1.021E-4                  0.0030869982948541416
1.0219999999999999E-4     0.0030710558490979287
1.0229999999999999E-4     0.003055113403348066
1.024E-4                  0.003040194016767146
1.025E-4                  0.0030267116763176196
1.026E-4                  0.0030132293358679997
1.0269999999999999E-4     0.0029997469954182857
1.0279999999999999E-4     0.0029862646549684716
1.029E-4                  0.002972782314518554
1.03E-4                   0.002959299974068532
1.031E-4                  0.0029458176336184007
1.032E-4                  0.0029323352931681563
1.0329999999999999E-4     0.0029188529527178
1.0339999999999999E-4     0.0029053706122673228
1.035E-4                  0.0028918882718167237
1.036E-4                  0.002878405931366
1.037E-4                  0.002864923590915148
1.0379999999999999E-4     0.002851441250464167
1.0389999999999999E-4     0.0028379589100130495
1.04E-4                   0.0028244765695617942
1.041E-4                  0.0028109942291103984
1.042E-4                  0.0027975118886588587
1.043E-4                  0.0027840295482071714
1.0439999999999999E-4     0.0027705472077553346
1.0449999999999999E-4     0.0027570648673033438
1.046E-4                  0.0027435825268511947
1.047E-4                  0.0027301001863988864
1.048E-4                  0.0027166178459464146
1.049E-4                  0.002703135505493776
1.0499999999999999E-4     0.0026896531650409694
1.051E-4                  0.002676170824587989
1.052E-4                  0.0026626884841348315
1.053E-4                  0.002649206143681495
1.054E-4                  0.002635723803227976
1.0549999999999999E-4     0.002622241462774272
1.0559999999999999E-4     0.002608759122320379
1.057E-4                  0.0025952767818662927
1.058E-4                  0.002581794441412011
1.059E-4                  0.0025695478656850615
1.06E-4                   0.0025581282211454043
1.0609999999999999E-4     0.0025467085766099806
1.0619999999999999E-4     0.0025352889320787862
1.063E-4                  0.00252386928755182
1.064E-4                  0.00251244964302908
1.065E-4                  0.002501029998510565
1.0659999999999999E-4     0.002489610353996273
1.0669999999999999E-4     0.0024781907094862
1.068E-4                  0.0024667710649803457
1.069E-4                  0.0024553514204787084
1.07E-4                   0.0024439317759812856
1.071E-4                  0.002432512131488075
1.0719999999999999E-4     0.0024210924869990775
1.0729999999999999E-4     0.002409672842514286
1.074E-4                  0.002398253198033702
1.075E-4                  0.002386833553557323
1.076E-4                  0.002375413909085147
1.0769999999999999E-4     0.002363994264617173
1.0779999999999999E-4     0.002352574620153397
1.079E-4                  0.002341154975693818
1.08E-4                   0.002329735331238434
1.081E-4                  0.002318315686787243
1.082E-4                  0.002306896042340244
1.0829999999999999E-4     0.0022954763978974345
1.0839999999999999E-4     0.0022840567534588123
1.085E-4                  0.0022726371090243743
1.086E-4                  0.00226121746459412
1.087E-4                  0.002249797820168047
1.0879999999999999E-4     0.0022383781757461555
1.0889999999999999E-4     0.0022269585313284394
1.0899999999999999E-4     0.0022155388869148996
1.091E-4                  0.002204119242505534
1.092E-4                  0.0021926995981003386
1.093E-4                  0.002181279953699314
1.0939999999999999E-4     0.0021712596233171115
1.0949999999999999E-4     0.0021616285971627265
1.096E-4                  0.002151997571007209
1.097E-4                  0.002142366544850558
1.098E-4                  0.002132735518692772
1.099E-4                  0.0021231044925338503
1.0999999999999999E-4     0.002113473466373793
1.1009999999999999E-4     0.0021038424402125963
1.102E-4                  0.0020942114140502597
1.103E-4                  0.0020845803878867834
1.104E-4                  0.0020749493617221644
1.1049999999999999E-4     0.002065318335556404
1.1059999999999999E-4     0.0020556873093894984
1.107E-4                  0.0020460562832214473
1.108E-4                  0.0020364252570522503
1.109E-4                  0.002026794230881905
1.11E-4                   0.0020171632047104116
1.1109999999999999E-4     0.0020075321785377694
1.1119999999999999E-4     0.001997901152363974
1.113E-4                  0.001988270126189027
1.114E-4                  0.001978639100012927
1.115E-4                  0.001969008073835672
1.1159999999999999E-4     0.001959377047657262
1.1169999999999999E-4     0.0019497460214776936
1.118E-4                  0.0019401149952969685
1.119E-4                  0.0019304839691150833
1.12E-4                   0.0019208529429320372
1.121E-4                  0.0019112219167478296
1.1219999999999999E-4     0.0019015908905624611
1.1229999999999999E-4     0.0018919598643759273
1.124E-4                  0.0018823288381882278
1.125E-4                  0.0018726978119993625
1.126E-4                  0.001863066785809329
1.1269999999999999E-4     0.0018534357596181289
1.1279999999999999E-4     0.0018438047334257573
1.1289999999999999E-4     0.001835574406561868
1.13E-4                   0.0018273940022301275
1.131E-4                  0.0018192135979005584
1.132E-4                  0.0018110331935731613
1.1329999999999999E-4     0.001802852789247935
1.1339999999999999E-4     0.001794672384924877
1.135E-4                  0.001786491980603988
1.136E-4                  0.001778311576285267
1.137E-4                  0.0017701311719687134
1.138E-4                  0.0017619507676543264
1.1389999999999999E-4     0.0017537703633421064
1.1399999999999999E-4     0.0017455899590320503
1.141E-4                  0.0017374095547241588
1.142E-4                  0.0017292291504184317
1.143E-4                  0.0017210487461148671
1.1439999999999999E-4     0.001712868341813466
1.1449999999999999E-4     0.0017046879375142258
1.146E-4                  0.0016965075332171465
1.147E-4                  0.001688327128922227
1.148E-4                  0.001680146724629467
1.149E-4                  0.0016719663203388659
1.1499999999999999E-4     0.001663785916050424
1.1509999999999999E-4     0.0016556055117641385
1.152E-4                  0.0016474251074800094
1.153E-4                  0.0016392447031980365
1.154E-4                  0.0016310642989182183
1.1549999999999999E-4     0.001622883894640556
1.1559999999999999E-4     0.0016147034903650462
1.157E-4                  0.0016065230860916894
1.158E-4                  0.0015983426818204855
1.159E-4                  0.0015901622775514324
1.16E-4                   0.0015819818732845305
1.1609999999999999E-4     0.0015738014690197797
1.1619999999999999E-4     0.0015656210647571776
1.163E-4                  0.0015576331504980534
1.164E-4                  0.0015507461248226244
1.165E-4                  0.0015438590991464934
1.1659999999999999E-4     0.0015369720734696604
1.1669999999999999E-4     0.0015300850477921236
1.1679999999999999E-4     0.001523198022113883
1.169E-4                  0.0015163109964349388
1.17E-4                   0.00150942397075529
1.171E-4                  0.0015025369450749368
1.1719999999999999E-4     0.0014956499193938789
1.1729999999999999E-4     0.0014887628937121145
1.174E-4                  0.001481875868029644
1.175E-4                  0.0014749888423464669
1.176E-4                  0.0014681018166625833
1.177E-4                  0.0014612147909779923
1.1779999999999999E-4     0.001454327765292694
1.1789999999999999E-4     0.0014474407396066868
1.18E-4                   0.0014405537139199711
1.181E-4                  0.0014336666882325461
1.182E-4                  0.0014267796625444117
1.1829999999999999E-4     0.0014198926368555684
1.1839999999999999E-4     0.0014130056111660138
1.185E-4                  0.0014061185854757482
1.186E-4                  0.001399231559784772
1.187E-4                  0.001392344534093084
1.188E-4                  0.0013854575084006832
1.1889999999999999E-4     0.0013785704827075716
1.1899999999999999E-4     0.001371683457013746
1.191E-4                  0.001364796431319207
1.192E-4                  0.0013579094056239544
1.193E-4                  0.0013510223799279872
1.1939999999999999E-4     0.0013441353542313066
1.1949999999999999E-4     0.0013372483285339102
1.196E-4                  0.001330361302835798
1.197E-4                  0.00132347427713697
1.198E-4                  0.001316931552962454
1.199E-4                  0.0013110813642253634
1.1999999999999999E-4     0.001305231175489172
1.2009999999999999E-4     0.0012993809867538793
1.202E-4                  0.001293530798019485
1.203E-4                  0.0012876806092859884
1.204E-4                  0.0012818304205533904
1.2049999999999999E-4     0.0012759802318216909
1.2059999999999999E-4     0.0012701300430908878
1.2069999999999999E-4     0.001264279854360982
1.208E-4                  0.0012584296656319735
1.209E-4                  0.0012525794769038614
1.21E-4                   0.0012467292881766455
1.2109999999999999E-4     0.0012408790994503267
1.2119999999999999E-4     0.0012350289107249035
1.213E-4                  0.001229178722000375
1.214E-4                  0.0012233285332767427
1.215E-4                  0.0012174783445540053
1.216E-4                  0.0012116281558321627
1.2169999999999999E-4     0.0012057779671112157
1.2179999999999999E-4     0.001199927778391162
1.219E-4                  0.0011940775896720022
1.22E-4                   0.0011882274009537364
1.2209999999999999E-4     0.0011823772122363648
1.222E-4                  0.0011765270235198858
1.223E-4                  0.0011706768348042997
1.224E-4                  0.0011648266460896064
1.225E-4                  0.001158976457375806
1.226E-4                  0.001153126268662897
1.227E-4                  0.0011472760799508806
1.228E-4                  0.001141425891239756
1.229E-4                  0.0011355757025295222
1.2299999999999998E-4     0.0011297255138201818
1.2309999999999998E-4     0.0011238753251117304
1.2319999999999999E-4     0.0011180251364041696
1.233E-4                  0.0011126468713071427
1.234E-4                  0.001107712486178428
1.235E-4                  0.0011027781010494648
1.236E-4                  0.001097843715920253
1.237E-4                  0.001092909330790792
1.238E-4                  0.0010879749456610822
1.239E-4                  0.0010830405605311236
1.24E-4                   0.0010781061754009153
1.241E-4                  0.001073171790270458
1.2419999999999998E-4     0.001068237405139752
1.2429999999999999E-4     0.001063303020008795
1.244E-4                  0.0010583686348775883
1.245E-4                  0.0010534342497461313
1.246E-4                  0.0010484998646144242
1.247E-4                  0.0010435654794824667
1.248E-4                  0.0010386310943502584
1.249E-4                  0.0010336967092177997
1.25E-4                   0.0010287623240850905
1.251E-4                  0.0010238279389521295
1.252E-4                  0.0010188935538189175
1.2529999999999998E-4     0.001013959168685456
1.2539999999999999E-4     0.0010090247835517414
1.255E-4                  0.0010040903984177751
1.256E-4                  9.991560132835567E-4
1.257E-4                  9.942216281490872E-4
1.258E-4                  9.892872430143649E-4
1.259E-4                  9.843528578793903E-4
1.26E-4                   9.794184727441638E-4
1.261E-4                  9.744840876086843E-4
1.262E-4                  9.695497024729519E-4
1.263E-4                  9.646153173369669E-4
1.2639999999999998E-4     9.596809322007303E-4
1.2649999999999998E-4     9.547465470642388E-4
1.266E-4                  9.498121619274944E-4
1.267E-4                  9.44877776790496E-4
1.268E-4                  9.40473448867246E-4
1.269E-4                  9.362978570862316E-4
1.27E-4                   9.321222653054885E-4
1.271E-4                  9.279466735250158E-4
1.272E-4                  9.237710817448142E-4
1.273E-4                  9.195954899648831E-4
1.274E-4                  9.154198981852222E-4
1.2749999999999998E-4     9.112443064058332E-4
1.2759999999999998E-4     9.070687146267135E-4
1.277E-4                  9.028931228478639E-4
1.278E-4                  8.987175310692846E-4
1.279E-4                  8.945419392909753E-4
1.28E-4                   8.903663475129359E-4
1.281E-4                  8.861907557351665E-4
1.282E-4                  8.820151639576668E-4
1.283E-4                  8.778395721804368E-4
1.284E-4                  8.736639804034766E-4
1.285E-4                  8.694883886267856E-4
1.2859999999999998E-4     8.653127968503653E-4
1.2869999999999998E-4     8.611372050742131E-4
1.288E-4                  8.569616132983302E-4
1.289E-4                  8.527860215227164E-4
1.29E-4                   8.486104297473716E-4
1.291E-4                  8.444348379722956E-4
1.292E-4                  8.402592461974888E-4
1.293E-4                  8.360836544229503E-4
1.294E-4                  8.319080626486806E-4
1.295E-4                  8.277324708746794E-4
1.296E-4                  8.235568791009468E-4
1.2969999999999998E-4     8.193812873274836E-4
1.2979999999999998E-4     8.152056955542874E-4
1.2989999999999999E-4     8.110301037813595E-4
1.3E-4                    8.068545120086995E-4
1.301E-4                  8.026789202363078E-4
1.302E-4                  7.985033284641838E-4
1.303E-4                  7.948869377961041E-4
1.304E-4                  7.913455085451621E-4
1.305E-4                  7.878040792942082E-4
1.306E-4                  7.842626500432418E-4
1.307E-4                  7.807212207922633E-4
1.3079999999999998E-4     7.771797915412737E-4
1.3089999999999998E-4     7.736383622902708E-4
1.3099999999999999E-4     7.700969330392555E-4
1.311E-4                  7.665555037882279E-4
1.312E-4                  7.630140745371877E-4
1.313E-4                  7.594726452861351E-4
1.314E-4                  7.559312160350701E-4
1.315E-4                  7.523897867839922E-4
1.316E-4                  7.488483575329017E-4
1.317E-4                  7.453069282817985E-4
1.318E-4                  7.417654990306824E-4
1.3189999999999998E-4     7.382240697795545E-4
1.3199999999999998E-4     7.346826405284127E-4
1.3209999999999999E-4     7.311412112772579E-4
1.322E-4                  7.2759978202609E-4
1.323E-4                  7.24058352774909E-4
1.324E-4                  7.20516923523715E-4
1.325E-4                  7.169754942725076E-4
1.326E-4                  7.134340650212871E-4
1.327E-4                  7.098926357700532E-4
1.328E-4                  7.06351206518806E-4
1.329E-4                  7.028097772675452E-4
1.33E-4                   6.99268348016271E-4
1.3309999999999998E-4     6.957269187649843E-4
1.3319999999999999E-4     6.921854895136828E-4
1.333E-4                  6.886440602623679E-4
1.334E-4                  6.851026310110391E-4
1.335E-4                  6.815612017596965E-4
1.336E-4                  6.780197725083401E-4
1.337E-4                  6.745151028892682E-4
1.338E-4                  6.71538889338125E-4
1.339E-4                  6.685626757870043E-4
1.34E-4                   6.655864622359061E-4
1.341E-4                  6.626102486848306E-4
1.3419999999999998E-4     6.59634035133778E-4
1.3429999999999998E-4     6.566578215827473E-4
1.344E-4                  6.53681608031739E-4
1.345E-4                  6.507053944807532E-4
1.346E-4                  6.477291809297896E-4
1.347E-4                  6.447529673788482E-4
1.348E-4                  6.417767538279292E-4
1.349E-4                  6.388005402770323E-4
1.35E-4                   6.358243267261577E-4
1.351E-4                  6.328481131753054E-4
1.352E-4                  6.298718996244748E-4
1.3529999999999998E-4     6.268956860736675E-4
1.3539999999999998E-4     6.239194725228812E-4
1.355E-4                  6.209432589721169E-4
1.356E-4                  6.179670454213748E-4
1.357E-4                  6.149908318706545E-4
1.358E-4                  6.120146183199562E-4
1.359E-4                  6.090384047692797E-4
1.36E-4                   6.060621912186251E-4
1.361E-4                  6.030859776679924E-4
1.362E-4                  6.001097641173812E-4
1.363E-4                  5.971335505667919E-4
1.3639999999999998E-4     5.941573370162253E-4
1.3649999999999998E-4     5.911811234656794E-4
1.3659999999999999E-4     5.88204909915155E-4
1.367E-4                  5.852286963646524E-4
1.368E-4                  5.822524828141711E-4
1.369E-4                  5.792762692637118E-4
1.37E-4                   5.763000557132736E-4
1.371E-4                  5.733238421628571E-4
1.372E-4                  5.704550681436087E-4
1.373E-4                  5.679115928879628E-4
1.374E-4                  5.653681176323801E-4
1.3749999999999998E-4     5.628246423768611E-4
1.3759999999999998E-4     5.602811671214045E-4
1.3769999999999999E-4     5.577376918660112E-4
1.378E-4                  5.551942166106812E-4
1.379E-4                  5.526507413554138E-4
1.38E-4                   5.501072661002099E-4
1.381E-4                  5.475637908450687E-4
1.382E-4                  5.450203155899907E-4
1.383E-4                  5.424768403349758E-4
1.384E-4                  5.399333650800236E-4
1.385E-4                  5.373898898251346E-4
1.3859999999999998E-4     5.34846414570309E-4
1.3869999999999998E-4     5.323029393155458E-4
1.3879999999999999E-4     5.297594640608455E-4
1.389E-4                  5.27215988806208E-4
1.39E-4                   5.246725135516334E-4
1.391E-4                  5.221290382971216E-4
1.392E-4                  5.195855630426726E-4
1.393E-4                  5.170420877882863E-4
1.394E-4                  5.14498612533963E-4
1.395E-4                  5.119551372797022E-4
1.396E-4                  5.094116620255042E-4
1.3969999999999998E-4     5.068681867713698E-4
1.3979999999999998E-4     5.043247115172971E-4
1.3989999999999999E-4     5.01781236263287E-4
1.4E-4                    4.992377610093398E-4
1.401E-4                  4.966942857554551E-4
1.402E-4                  4.941508105016329E-4
1.403E-4                  4.916073352478735E-4
1.404E-4                  4.890638599941763E-4
1.405E-4                  4.8652038474054205E-4
1.406E-4                  4.8397690948697006E-4
1.407E-4                  4.816153880991349E-4
1.408E-4                  4.794935707150212E-4
1.4089999999999998E-4     4.773717533308654E-4
1.4099999999999998E-4     4.7524993594666643E-4
1.411E-4                  4.731281185624247E-4
1.412E-4                  4.710063011781405E-4
1.413E-4                  4.688844837938137E-4
1.414E-4                  4.667626664094438E-4
1.415E-4                  4.646408490250316E-4
1.416E-4                  4.6251903164057665E-4
1.417E-4                  4.6039721425607873E-4
1.418E-4                  4.582753968715383E-4
1.419E-4                  4.5615357948695505E-4
1.4199999999999998E-4     4.5403176210232946E-4
1.4209999999999998E-4     4.519099447176608E-4
1.422E-4                  4.4978812733294915E-4
1.423E-4                  4.476663099481948E-4
1.424E-4                  4.455444925633976E-4
1.425E-4                  4.434226751785576E-4
1.426E-4                  4.413008577936748E-4
1.427E-4                  4.3917904040874904E-4
1.428E-4                  4.3705722302378035E-4
1.429E-4                  4.3493540563876895E-4
1.43E-4                   4.328135882537145E-4
1.4309999999999998E-4     4.30691770868618E-4
1.4319999999999998E-4     4.2856995348347784E-4
1.433E-4                  4.2644813609829464E-4
1.434E-4                  4.243263187130686E-4
1.435E-4                  4.222045013277996E-4
1.436E-4                  4.2008268394248767E-4
1.437E-4                  4.1796086655713273E-4
1.438E-4                  4.158390491717348E-4
1.439E-4                  4.1371723178629396E-4
1.44E-4                   4.1159541440080995E-4
1.441E-4                  4.0947359701528296E-4
1.4419999999999998E-4     4.07535120429145E-4
1.4429999999999998E-4     4.057115335839684E-4
1.4439999999999999E-4     4.0388794673885167E-4
1.445E-4                  4.020643598937943E-4
1.446E-4                  4.002407730487964E-4
1.447E-4                  3.984171862038581E-4
1.448E-4                  3.965935993589793E-4
1.449E-4                  3.947700125141599E-4
1.45E-4                   3.929464256694001E-4
1.451E-4                  3.9112283882469974E-4
1.452E-4                  3.8929925198005896E-4
1.4529999999999998E-4     3.8747566513547813E-4
1.4539999999999998E-4     3.8565207829095613E-4
1.4549999999999999E-4     3.838284914464938E-4
1.456E-4                  3.820049046020908E-4
1.457E-4                  3.8018131775774714E-4
1.458E-4                  3.783577309134631E-4
1.459E-4                  3.7653414406923835E-4
1.46E-4                   3.747105572250731E-4
1.461E-4                  3.7288697038096726E-4
1.462E-4                  3.7106338353692085E-4
1.463E-4                  3.6923979669293373E-4
1.4639999999999998E-4     3.674162098490066E-4
1.4649999999999998E-4     3.6559262300513823E-4
1.4659999999999999E-4     3.637690361613294E-4
1.467E-4                  3.619454493175798E-4
1.468E-4                  3.601218624738896E-4
1.469E-4                  3.5829827563025875E-4
1.47E-4                   3.564746887866872E-4
1.471E-4                  3.5465110194317503E-4
1.472E-4                  3.5282751509972215E-4
1.473E-4                  3.5100392825632864E-4
1.474E-4                  3.4918034141299443E-4
1.4749999999999998E-4     3.473567545697199E-4
1.4759999999999998E-4     3.4553316772650437E-4
1.4769999999999999E-4     3.4395319522864405E-4
1.478E-4                  3.4243488805613007E-4
1.479E-4                  3.4091658088357955E-4
1.48E-4                   3.393982737109927E-4
1.481E-4                  3.378799665383695E-4
1.482E-4                  3.363616593657097E-4
1.483E-4                  3.348433521930136E-4
1.484E-4                  3.3332504502028116E-4
1.485E-4                  3.3180673784751223E-4
1.4859999999999998E-4     3.302884306747073E-4
1.4869999999999998E-4     3.287701235018655E-4
1.4879999999999998E-4     3.2725181632898724E-4
1.489E-4                  3.257335091560726E-4
1.49E-4                   3.242152019831215E-4
1.491E-4                  3.22696894810134E-4
1.492E-4                  3.2117858763711E-4
1.493E-4                  3.196602804640495E-4
1.494E-4                  3.181419732909526E-4
1.495E-4                  3.1662366611781925E-4
1.496E-4                  3.151053589446493E-4
1.497E-4                  3.1358705177144297E-4
1.4979999999999998E-4     3.120687445982006E-4
1.4989999999999998E-4     3.1055043742492114E-4
1.5E-4                    3.090321302516054E-4
