% Model:              20230225_JW_4_10.mph
% Version:            COMSOL 5.6.0.401
% Date:               Feb 25 2023, 20:27
% Dimension:          1
% Nodes:              1501
% Expressions:        1
% Description:        点图
% X                       Height
0                         1.3223620511917014
1.0E-7                    1.321839918871909
2.0E-7                    1.3180293307747004
3.0E-7                    1.309157047114563
4.0E-7                    1.3140087452272466
5.0E-7                    1.3505749899810597
6.0E-7                    1.3781570416355786
7.0E-7                    1.378869298010801
8.0E-7                    1.398347231997886
9.0E-7                    1.4061578926722405
1.0E-6                    1.4164274116483662
1.1E-6                    1.4220288802418946
1.2E-6                    1.4290837233360607
1.2999999999999998E-6     1.4328800493653153
1.4E-6                    1.43624321496772
1.5E-6                    1.4379233574712962
1.6E-6                    1.4396613722947464
1.6999999999999998E-6     1.439659398130687
1.8E-6                    1.4391518109595136
1.9E-6                    1.4379871478499506
2.0E-6                    1.4361003518490634
2.1E-6                    1.4336860609021798
2.2E-6                    1.430820457138168
2.3E-6                    1.4275370423681837
2.4E-6                    1.4237459935655956
2.4999999999999998E-6     1.419690501030488
2.5999999999999997E-6     1.4153732267653238
2.7E-6                    1.410697765935439
2.8E-6                    1.405899768454616
2.8999999999999998E-6     1.4009242962347355
3.0E-6                    1.3956999547567952
3.1E-6                    1.3903593524342424
3.2E-6                    1.3849044002286293
3.2999999999999997E-6     1.3793196189583294
3.3999999999999996E-6     1.3736263629635337
3.5E-6                    1.3678730293572137
3.6E-6                    1.3620727937313637
3.6999999999999997E-6     1.3561984283394133
3.8E-6                    1.3502355550137541
3.9E-6                    1.3442491329951978
4.0E-6                    1.3382627743463515
4.1E-6                    1.3322697662398382
4.2E-6                    1.3262726944870473
4.2999999999999995E-6     1.3202756848217958
4.4E-6                    1.3142729159602737
4.5E-6                    1.3082630684422147
4.6E-6                    1.3022532807724017
4.7E-6                    1.2962395088607601
4.8E-6                    1.2902153434382977
4.9E-6                    1.2841912353352911
4.9999999999999996E-6     1.278173344187682
5.0999999999999995E-6     1.2722059532220862
5.199999999999999E-6      1.2662386181212197
5.3E-6                    1.2602713391077458
5.4E-6                    1.2543733791153728
5.5E-6                    1.2484799982416352
5.6E-6                    1.2425866688796754
5.7E-6                    1.2366933912392533
5.7999999999999995E-6     1.2308001655304868
5.899999999999999E-6      1.2249069919638413
6.0E-6                    1.219130339758647
6.1E-6                    1.2134319380423126
6.2E-6                    1.2077335852301767
6.3E-6                    1.2020352815146003
6.4E-6                    1.196337027088222
6.5E-6                    1.1906388221439526
6.5999999999999995E-6     1.184976972554323
6.699999999999999E-6      1.1794196153336944
6.799999999999999E-6      1.173862298980858
6.9E-6                    1.168305023669352
7.0E-6                    1.1627477895729896
7.1E-6                    1.1571905968658553
7.2E-6                    1.1516334457222988
7.2999999999999996E-6     1.1462034059560364
7.3999999999999995E-6     1.1407848198943689
7.499999999999999E-6      1.135366274590356
7.6E-6                    1.1299477702069445
7.699999999999999E-6      1.1245293069072952
7.8E-6                    1.1191108848547793
7.899999999999999E-6      1.113756262027149
8.0E-6                    1.1084483725548868
8.1E-6                    1.103140518898885
8.2E-6                    1.0978327012114169
8.3E-6                    1.0925249196449573
8.4E-6                    1.0872171743521788
8.5E-6                    1.082123492554433
8.599999999999999E-6      1.0770615646792525
8.7E-6                    1.0719996681251969
8.8E-6                    1.0669378030232655
8.9E-6                    1.0618759695046216
9.0E-6                    1.0569663977575297
9.1E-6                    1.0521116780293418
9.2E-6                    1.0472569895977204
9.299999999999999E-6      1.04240233257754
9.4E-6                    1.0375302344914885
9.499999999999999E-6      1.0325211696180085
9.6E-6                    1.0275121334554218
9.7E-6                    1.0225031261304434
9.8E-6                    1.0174941477699404
9.9E-6                    1.0125920587097563
9.999999999999999E-6      1.007800776271065
1.01E-5                   1.003009520936953
1.0199999999999999E-5     0.9982182928193327
1.03E-5                   0.9934270920302282
1.0399999999999999E-5     0.9887888588177756
1.05E-5                   0.984173729770082
1.06E-5                   0.9795586250705915
1.07E-5                   0.9749435448160749
1.08E-5                   0.9703111747975035
1.0899999999999999E-5     0.9656259781037572
1.1E-5                    0.9609408061629788
1.1099999999999999E-5     0.9562556590801361
1.12E-5                   0.95157053696029
1.13E-5                   0.947032486360375
1.14E-5                   0.9425828182192176
1.15E-5                   0.9381331707881825
1.1599999999999999E-5     0.9336835441544752
1.17E-5                   0.9292340696911109
1.1799999999999999E-5     0.9248363802156044
1.19E-5                   0.9204387118083538
1.2E-5                    0.9160410645540564
1.21E-5                   0.9116434385374848
1.22E-5                   0.9072746845317033
1.2299999999999999E-5     0.9029529401593988
1.24E-5                   0.898631215084303
1.2499999999999999E-5     0.8943095093879412
1.26E-5                   0.8899878231519043
1.2699999999999999E-5     0.8857510038238159
1.28E-5                   0.881541246626127
1.29E-5                   0.8773315065874047
1.3E-5                    0.8731217837802597
1.31E-5                   0.8689213032732558
1.3199999999999999E-5     0.8647793574553603
1.33E-5                   0.8606374306146624
1.3399999999999999E-5     0.8564955228226807
1.35E-5                   0.8523536341509782
1.3599999999999999E-5     0.8478839292021162
1.37E-5                   0.8434062745717499
1.38E-5                   0.8389286374422347
1.3899999999999999E-5     0.8347541877607393
1.4E-5                    0.8311196825748262
1.4099999999999999E-5     0.8274851853227662
1.42E-5                   0.8240756129599097
1.4299999999999999E-5     0.8211671198861028
1.44E-5                   0.8182586420698688
1.45E-5                   0.8138616525624248
1.4599999999999999E-5     0.8087276087359426
1.47E-5                   0.8040270605089268
1.4799999999999999E-5     0.800330910762958
1.49E-5                   0.7968428690945722
1.4999999999999999E-5     0.7943647408765663
1.51E-5                   0.7911757950473912
1.52E-5                   0.7858914445362213
1.53E-5                   0.781640050394093
1.5399999999999998E-5     0.7783138845173057
1.55E-5                   0.7752606180063237
1.56E-5                   0.7721443179641574
1.57E-5                   0.7674388361472942
1.5799999999999998E-5     0.7633637878127314
1.59E-5                   0.7604589589978488
1.6E-5                    0.7570162502019906
1.61E-5                   0.7532498757600284
1.62E-5                   0.7493642548032384
1.63E-5                   0.7456072226787128
1.64E-5                   0.7425305760537632
1.6499999999999998E-5     0.7390908687906966
1.66E-5                   0.7352018609018455
1.67E-5                   0.7317017568760011
1.68E-5                   0.7283520576274564
1.69E-5                   0.7248942994458425
1.7E-5                    0.7214180457399292
1.71E-5                   0.7178930258267352
1.7199999999999998E-5     0.7144798752595122
1.73E-5                   0.7111606002455239
1.74E-5                   0.7077130922436808
1.75E-5                   0.7042547975578028
1.76E-5                   0.7009714138556123
1.77E-5                   0.6976507912473336
1.78E-5                   0.6942657482362721
1.7899999999999998E-5     0.6909474422230747
1.8E-5                    0.6876665911190857
1.81E-5                   0.6843857484154685
1.82E-5                   0.6811125539360289
1.8299999999999998E-5     0.6778721613263707
1.84E-5                   0.6746317768760834
1.85E-5                   0.6713914006186089
1.8599999999999998E-5     0.6681902597974376
1.87E-5                   0.6650030994130345
1.88E-5                   0.6618159465203107
1.89E-5                   0.6586460553128195
1.8999999999999998E-5     0.6555192977680696
1.91E-5                   0.6523925475050341
1.92E-5                   0.6492658045533628
1.9299999999999998E-5     0.6461662034083063
1.94E-5                   0.6430720036970924
1.95E-5                   0.6399778108706949
1.96E-5                   0.636912921186314
1.9699999999999998E-5     0.6338953198896549
1.98E-5                   0.6308777250984536
1.99E-5                   0.6278601368391269
1.9999999999999998E-5     0.6248636238190942
2.01E-5                   0.6218686792238367
2.02E-5                   0.6188737409094401
2.03E-5                   0.6159127508627015
2.0399999999999998E-5     0.6129886291381218
2.05E-5                   0.610064513281539
2.06E-5                   0.6071413557849487
2.07E-5                   0.604251535282057
2.0799999999999997E-5     0.6013617204089452
2.09E-5                   0.5984719111895602
2.1E-5                    0.5956131539716107
2.1099999999999998E-5     0.5927772382418578
2.12E-5                   0.5899413278844052
2.13E-5                   0.5871109067481338
2.14E-5                   0.5843190213186825
2.1499999999999997E-5     0.581527140903428
2.16E-5                   0.5787352655239807
2.17E-5                   0.5759766230561724
2.1799999999999998E-5     0.5732341306558963
2.19E-5                   0.5704916431875788
2.2E-5                    0.5677562508700337
2.21E-5                   0.5650457971790082
2.2199999999999998E-5     0.5623353479912262
2.23E-5                   0.5596249033265513
2.24E-5                   0.5569758338218515
2.2499999999999998E-5     0.5543451202629811
2.26E-5                   0.5517144111371398
2.27E-5                   0.5490697583471665
2.28E-5                   0.5463952251403601
2.2899999999999998E-5     0.5437206961911004
2.3E-5                    0.5410461715186695
2.31E-5                   0.53856053673244
2.3199999999999998E-5     0.5361039775521246
2.33E-5                   0.5336474219734842
2.34E-5                   0.5310756441676203
2.35E-5                   0.5283414582750301
2.3599999999999998E-5     0.5256072772033693
2.37E-5                   0.522971077533598
2.38E-5                   0.5205544061256154
2.3899999999999998E-5     0.518137736589173
2.4E-5                    0.5159703077217301
2.41E-5                   0.5140393209664881
2.42E-5                   0.5121083384551551
2.4299999999999998E-5     0.5089461849542765
2.44E-5                   0.5057807167426054
2.45E-5                   0.5031638709193569
2.4599999999999998E-5     0.5007468326703209
2.4699999999999997E-5     0.4988411835300804
2.48E-5                   0.49715977243330445
2.49E-5                   0.49455410342523337
2.4999999999999998E-5     0.4914666042381473
2.51E-5                   0.4889729640899333
2.52E-5                   0.48684411746309947
2.53E-5                   0.4847382026055219
2.5399999999999997E-5     0.482648785410212
2.55E-5                   0.48021748331820896
2.56E-5                   0.4774993320723865
2.5699999999999998E-5     0.4752035393584638
2.58E-5                   0.47332022886304637
2.59E-5                   0.4711674220874275
2.6E-5                    0.46870834213425167
2.6099999999999997E-5     0.46633358752956033
2.62E-5                   0.4640705156049406
2.63E-5                   0.46188970713959443
2.6399999999999998E-5     0.45983629812981236
2.65E-5                   0.45767087945429746
2.66E-5                   0.45530150804140646
2.67E-5                   0.4530364806703702
2.6799999999999998E-5     0.450996627945096
2.69E-5                   0.4489128261510947
2.7E-5                    0.44671533333372737
2.7099999999999998E-5     0.4445335894645102
2.7199999999999997E-5     0.4424014542719424
2.73E-5                   0.4402790940297827
2.74E-5                   0.43819508099779964
2.7499999999999998E-5     0.43610580043548225
2.76E-5                   0.4339899013688853
2.77E-5                   0.43188304820616985
2.7799999999999998E-5     0.42983814592707753
2.7899999999999997E-5     0.4277907179506097
2.8E-5                    0.42571758701911105
2.81E-5                   0.4236478417586834
2.8199999999999998E-5     0.42164018267755743
2.83E-5                   0.4196324982444693
2.84E-5                   0.4176228604243969
2.8499999999999998E-5     0.41561322440512405
2.8599999999999997E-5     0.41360359019455284
2.87E-5                   0.41159395780058705
2.88E-5                   0.40963383172646045
2.8899999999999998E-5     0.4076769721615194
2.9E-5                    0.4057201143211175
2.91E-5                   0.4037632582124589
2.9199999999999998E-5     0.40183516143247133
2.9299999999999997E-5     0.39991165371019066
2.94E-5                   0.39798814764929447
2.95E-5                   0.39606464325667873
2.9599999999999998E-5     0.3941736168484437
2.97E-5                   0.3922913962084807
2.98E-5                   0.3904091770643547
2.99E-5                   0.3885269594224972
2.9999999999999997E-5     0.3866738051105664
3.01E-5                   0.38483246407084676
3.02E-5                   0.3829911245169531
3.0299999999999998E-5     0.381149786454907
3.04E-5                   0.37932701407209674
3.05E-5                   0.377514899441658
3.06E-5                   0.3757027861481006
3.07E-5                   0.37389067419717914
3.0799999999999996E-5     0.3721018508589853
3.09E-5                   0.37033135514308313
3.1E-5                    0.36856086072844113
3.11E-5                   0.3667903676203997
3.12E-5                   0.36503391291245924
3.13E-5                   0.3632924304290185
3.14E-5                   0.36155094914999475
3.15E-5                   0.3598094690804966
3.1599999999999996E-5     0.35808988007439224
3.17E-5                   0.3564020279209351
3.18E-5                   0.35471417686117995
3.1899999999999996E-5     0.3530263268997556
3.2E-5                    0.35133847804129104
3.21E-5                   0.34965063029041654
3.22E-5                   0.3479627836517627
3.23E-5                   0.34627493812996046
3.24E-5                   0.34460364359981543
3.25E-5                   0.3429802496645912
3.26E-5                   0.3413568567389076
3.2699999999999995E-5     0.3397334648268948
3.28E-5                   0.33811007393268294
3.29E-5                   0.33648668406040294
3.2999999999999996E-5     0.3348632952141861
3.31E-5                   0.33323990739816406
3.32E-5                   0.33162324723565934
3.3299999999999996E-5     0.33006369394094515
3.34E-5                   0.32850414147137125
3.35E-5                   0.32694458983058494
3.36E-5                   0.3253850390222339
3.37E-5                   0.32382548904996616
3.38E-5                   0.32226593991743036
3.39E-5                   0.32070639162827547
3.4E-5                    0.31914684418615064
3.4099999999999995E-5     0.3176409827336711
3.42E-5                   0.3161377124560939
3.43E-5                   0.3146344429759338
3.4399999999999996E-5     0.3131311742964651
3.45E-5                   0.3116279064209618
3.46E-5                   0.3101246393526988
3.4699999999999996E-5     0.30862137309495113
3.48E-5                   0.30711810765099407
3.49E-5                   0.30566424832223743
3.5E-5                    0.30422254398982185
3.51E-5                   0.3027808403292718
3.52E-5                   0.30133913734347295
3.53E-5                   0.2998974350353113
3.54E-5                   0.2984557334076727
3.5499999999999996E-5     0.29701403246344427
3.56E-5                   0.295572332205512
3.57E-5                   0.2941658015567036
3.5799999999999996E-5     0.2927781130115593
3.59E-5                   0.2913904250754577
3.6E-5                    0.29000273775096463
3.6099999999999997E-5     0.2886150510406465
3.62E-5                   0.2872273649470692
3.63E-5                   0.2858396794727995
3.64E-5                   0.28445199462040416
3.65E-5                   0.2830901685299675
3.6599999999999995E-5     0.2817542278994953
3.67E-5                   0.280418287816588
3.68E-5                   0.2790823482835472
3.6899999999999996E-5     0.27774640930267436
3.7E-5                    0.27641047087627135
3.71E-5                   0.2750745330066399
3.7199999999999996E-5     0.2737385956960824
3.73E-5                   0.27242210409402506
3.74E-5                   0.27114199143979734
3.75E-5                   0.26986187925269295
3.76E-5                   0.2685817675347198
3.77E-5                   0.2673016562878859
3.78E-5                   0.2660215455142003
3.79E-5                   0.26474143521567106
3.7999999999999995E-5     0.26346132539430694
3.81E-5                   0.2621896555835396
3.82E-5                   0.26095240379444334
3.8299999999999996E-5     0.25971515244775034
3.84E-5                   0.2584779015452889
3.85E-5                   0.25724065108888716
3.8599999999999996E-5     0.2560034010803741
3.87E-5                   0.254766151521578
3.88E-5                   0.2535289024143277
3.89E-5                   0.25229405123586446
3.9E-5                    0.25110947947542506
3.9099999999999995E-5     0.24992490807785261
3.92E-5                   0.24874033704474122
3.93E-5                   0.24755576637768556
3.9399999999999995E-5     0.24637119607828029
3.95E-5                   0.24518662614811984
3.96E-5                   0.24400205658879923
3.9699999999999996E-5     0.24281748740191347
3.98E-5                   0.24167482098832782
3.99E-5                   0.24053711777862416
3.9999999999999996E-5     0.23939941491989294
4.01E-5                   0.23826171241354363
4.02E-5                   0.23712401026098556
4.03E-5                   0.23598630846362845
4.04E-5                   0.2348486070228819
4.0499999999999995E-5     0.23371090594015587
4.06E-5                   0.23259097322826874
4.07E-5                   0.23147719652917742
4.0799999999999996E-5     0.230363420128307
4.09E-5                   0.2292496440270046
4.1E-5                    0.22813586822661802
4.1099999999999996E-5     0.2270220927284949
4.12E-5                   0.22590831753398286
4.13E-5                   0.22479454264442963
4.14E-5                   0.22376610350342196
4.15E-5                   0.22279665116108327
4.1599999999999995E-5     0.22182719901033413
4.17E-5                   0.2208577470520245
4.18E-5                   0.21988829528700482
4.1899999999999995E-5     0.21891884371612566
4.2E-5                    0.2179142869108768
4.21E-5                   0.2168769634478862
4.2199999999999996E-5     0.21583964046246074
4.23E-5                   0.21480231795562188
4.24E-5                   0.2137073067632412
4.2499999999999996E-5     0.21250680791771062
4.26E-5                   0.21130630915806467
4.27E-5                   0.21010581048609103
4.28E-5                   0.20908560545349542
4.29E-5                   0.20815002832498472
4.2999999999999995E-5     0.20721445146630502
4.31E-5                   0.2063005559895488
4.32E-5                   0.2053961480032403
4.3299999999999995E-5     0.2044512762147358
4.34E-5                   0.20333071309969528
4.35E-5                   0.20221015003851517
4.3599999999999996E-5     0.20126301486405468
4.37E-5                   0.20031869183867687
4.38E-5                   0.19945039003338386
4.3899999999999996E-5     0.19854662265388376
4.4E-5                    0.19752013577589206
4.41E-5                   0.19653037490598443
4.42E-5                   0.19558699642610922
4.43E-5                   0.1946656606629759
4.4399999999999995E-5     0.1937556999689046
4.45E-5                   0.1927959472591792
4.46E-5                   0.19183614984536776
4.4699999999999996E-5     0.19094224944759916
4.48E-5                   0.19004051402065517
4.49E-5                   0.18912155849677859
4.4999999999999996E-5     0.1882010650281237
4.51E-5                   0.18727921015085902
4.52E-5                   0.18638783102255457
4.5299999999999997E-5     0.1855067126501623
4.54E-5                   0.18460793711623744
4.5499999999999995E-5     0.1837117250588463
4.56E-5                   0.18282969681625488
4.57E-5                   0.1819505784630321
4.5799999999999995E-5     0.1810758026155446
4.59E-5                   0.18020506174200737
4.6E-5                    0.17933680529309357
4.6099999999999996E-5     0.1784744887217068
4.62E-5                   0.17761372059370875
4.63E-5                   0.17675971422816852
4.6399999999999996E-5     0.17590951535932345
4.65E-5                   0.1750695050309029
4.66E-5                   0.17422949483168515
4.67E-5                   0.1733894847622372
4.68E-5                   0.17255865104659698
4.6899999999999995E-5     0.17173161226814804
4.7E-5                    0.17090457361733064
4.71E-5                   0.17008008040970285
4.7199999999999995E-5     0.16927086082282053
4.73E-5                   0.16846164136249836
4.74E-5                   0.1676524220292432
4.7499999999999996E-5     0.1668490563353769
4.76E-5                   0.16604996006676598
4.77E-5                   0.16525086390761673
4.7799999999999996E-5     0.16445198699040214
4.79E-5                   0.16366894056605277
4.8E-5                    0.16288589425900862
4.81E-5                   0.16210284806973024
4.82E-5                   0.16132528911179977
4.8299999999999995E-5     0.16055446230481632
4.84E-5                   0.15978363559588596
4.85E-5                   0.15901280898544806
4.8599999999999995E-5     0.1582534060985346
4.87E-5                   0.15749549558261924
4.88E-5                   0.15673758517127354
4.8899999999999996E-5     0.15598636808169553
4.9E-5                    0.15524938284809223
4.91E-5                   0.15451239770305294
4.9199999999999997E-5     0.15377541264696162
4.93E-5                   0.15303842768020195
4.9399999999999995E-5     0.15230144280315788
4.95E-5                   0.15156445801621318
4.96E-5                   0.1508322247313003
4.9699999999999995E-5     0.1501201588243518
4.98E-5                   0.14940809300312033
4.99E-5                   0.14869602726795278
4.9999999999999996E-5     0.1479839616191958
5.01E-5                   0.14727189605719618
5.02E-5                   0.14655983058230065
5.0299999999999996E-5     0.14584925749128705
5.04E-5                   0.14516146279322145
5.05E-5                   0.14447366816601415
5.06E-5                   0.1437858736099771
5.07E-5                   0.14309807912542213
5.0799999999999995E-5     0.14241028471266115
5.09E-5                   0.14172249037200613
5.1E-5                    0.14103469610376884
5.1099999999999995E-5     0.14037827422245608
5.12E-5                   0.13972413072238318
5.13E-5                   0.13906998728577522
5.1399999999999996E-5     0.13841584391290074
5.15E-5                   0.13776170060402843
5.16E-5                   0.13710755735942687
5.1699999999999996E-5     0.13645341417936477
5.18E-5                   0.13579927106411072
5.1899999999999994E-5     0.13514512801393347
5.2E-5                    0.1344909850291016
5.21E-5                   0.13383684210988378
5.2199999999999995E-5     0.13318269925654877
5.23E-5                   0.13252855646936515
5.24E-5                   0.13187441374860165
5.2499999999999995E-5     0.13124960698355556
5.26E-5                   0.13063899503748735
5.27E-5                   0.1300283831446052
5.2799999999999996E-5     0.1294177713051275
5.29E-5                   0.12880715951927257
5.3E-5                    0.1281965477872587
5.3099999999999996E-5     0.1275859361093044
5.32E-5                   0.12697532448562782
5.3299999999999995E-5     0.1263647129164475
5.34E-5                   0.12575410140198165
5.35E-5                   0.1251434899424487
5.3599999999999995E-5     0.12453287853806709
5.37E-5                   0.12392226718905507
5.38E-5                   0.12331165589563102
5.3899999999999996E-5     0.1227178500384021
5.4E-5                    0.12214768191075082
5.41E-5                   0.12157751382040466
5.4199999999999996E-5     0.1210073457675414
5.43E-5                   0.12043717775233881
5.4399999999999994E-5     0.11986700977497469
5.4499999999999997E-5     0.11929684183562679
5.46E-5                   0.11872667393447306
5.4699999999999995E-5     0.11815650607169124
5.48E-5                   0.11758633824745904
5.49E-5                   0.11701617046195438
5.4999999999999995E-5     0.1164460027153551
5.51E-5                   0.11587583500783893
5.52E-5                   0.11530566733958375
5.5299999999999996E-5     0.11474132037550701
5.54E-5                   0.11420819164348962
5.55E-5                   0.11367506294860348
5.5599999999999996E-5     0.113141934290994
5.57E-5                   0.11260880567080635
5.5799999999999994E-5     0.11207567708818593
5.59E-5                   0.11154254854327797
5.6E-5                    0.11100942003622785
5.6099999999999995E-5     0.1104762915671809
5.62E-5                   0.10994316313628234
5.63E-5                   0.1094100347436776
5.6399999999999995E-5     0.10887690638951195
5.65E-5                   0.10834377807393064
5.66E-5                   0.1078106497970791
5.6699999999999996E-5     0.10727752155910263
5.68E-5                   0.10677721771444544
5.69E-5                   0.10628061101332278
5.6999999999999996E-5     0.10578400433681884
5.71E-5                   0.10528739768505109
5.7199999999999994E-5     0.10479079105813699
5.73E-5                   0.10429418445619415
5.74E-5                   0.10379757787934
5.7499999999999995E-5     0.10330097132769211
5.76E-5                   0.10280436480136797
5.77E-5                   0.1023077583004851
5.7799999999999995E-5     0.10181115182516103
5.79E-5                   0.10131454537551327
5.8E-5                    0.1008179389516593
5.8099999999999996E-5     0.10032133255371674
5.82E-5                   0.09984510228679762
5.8299999999999994E-5     0.09938031435989546
5.8399999999999997E-5     0.09891552645704257
5.85E-5                   0.09845073857833514
5.8599999999999995E-5     0.09798595072386934
5.87E-5                   0.0975211628937413
5.88E-5                   0.09705637508804717
5.8899999999999995E-5     0.09659158730688312
5.9E-5                    0.09612679955034527
5.91E-5                   0.09566201181852982
5.9199999999999996E-5     0.09519722411153295
5.93E-5                   0.09473243642945074
5.94E-5                   0.09426764877237943
5.9499999999999996E-5     0.09380286114041514
5.96E-5                   0.0933499281594659
5.9699999999999994E-5     0.09291617317858367
5.98E-5                   0.09248241821505893
5.99E-5                   0.09204866326897021
5.9999999999999995E-5     0.09161490834039589
6.01E-5                   0.0911811534294144
6.02E-5                   0.09074739853610414
6.0299999999999995E-5     0.09031364366054359
6.04E-5                   0.08987988880281113
6.05E-5                   0.08944613396298517
6.0599999999999996E-5     0.08901237914114424
6.07E-5                   0.08857862433736663
6.08E-5                   0.08814486955173086
6.0899999999999996E-5     0.08771111478431536
6.1E-5                    0.08728100543731913
6.11E-5                   0.08687673854491054
6.12E-5                   0.08647247166723157
6.13E-5                   0.08606820480434538
6.14E-5                   0.08566393795631518
6.149999999999999E-5      0.0852596711232041
6.159999999999999E-5      0.08485540430507522
6.17E-5                   0.08445113750199174
6.18E-5                   0.08404687071401681
6.19E-5                   0.08364260394121358
6.2E-5                    0.08323833718364516
6.209999999999999E-5      0.08283407044137481
6.22E-5                   0.08242980371446555
6.23E-5                   0.08202553700298061
6.24E-5                   0.0816212703069831
6.25E-5                   0.08123821810442687
6.26E-5                   0.08085846997595067
6.269999999999999E-5      0.08047872186028594
6.28E-5                   0.08009897375748526
6.29E-5                   0.07971922566760137
6.3E-5                    0.0793394775906869
6.31E-5                   0.07895972952679459
6.319999999999999E-5      0.07857998147597717
6.33E-5                   0.07820023343828723
6.34E-5                   0.07782048541377747
6.35E-5                   0.07744073740250067
6.36E-5                   0.07706098940450942
6.37E-5                   0.07668124141985648
6.379999999999999E-5      0.07630149344859456
6.39E-5                   0.07593920588376478
6.4E-5                    0.07558822959825041
6.41E-5                   0.0752372533213647
6.42E-5                   0.07488627705314904
6.429999999999999E-5      0.07453530079364477
6.44E-5                   0.07418432454289313
6.45E-5                   0.07383334830093552
6.46E-5                   0.07348237206781323
6.47E-5                   0.07313139584356765
6.48E-5                   0.07278041962824004
6.489999999999999E-5      0.07242944342187183
6.5E-5                    0.07207846722450424
6.51E-5                   0.07172749103617863
6.52E-5                   0.07137651485693638
6.53E-5                   0.07103190418740371
6.539999999999999E-5      0.07069919454295023
6.549999999999999E-5      0.07036648490799875
6.56E-5                   0.07003377528258468
6.57E-5                   0.06970106566674332
6.58E-5                   0.06936835606050995
6.59E-5                   0.06903564646391991
6.599999999999999E-5      0.06870293687700856
6.61E-5                   0.06837022729981115
6.62E-5                   0.06803751773236302
6.63E-5                   0.06770480817469948
6.64E-5                   0.06737209862685585
6.65E-5                   0.06703938908886745
6.659999999999999E-5      0.06670667956076962
6.67E-5                   0.0663764098248648
6.68E-5                   0.06607077963958964
6.69E-5                   0.06576514945946285
6.7E-5                    0.06545951928451195
6.709999999999999E-5      0.06515388911476448
6.72E-5                   0.0648482589502479
6.73E-5                   0.06454262879098975
6.74E-5                   0.06423699863701758
6.75E-5                   0.0639313684883589
6.76E-5                   0.06362573834504122
6.769999999999999E-5      0.06332010820709215
6.78E-5                   0.06301447807453908
6.79E-5                   0.06270884794740961
6.8E-5                    0.06240321782573123
6.81E-5                   0.06209758770953151
6.819999999999999E-5      0.06181222026487344
6.829999999999999E-5      0.061530952641263084
6.84E-5                   0.061249685023529704
6.85E-5                   0.060968417411694155
6.86E-5                   0.060687149805777496
6.87E-5                   0.0604058822058007
6.879999999999999E-5      0.06012461461178468
6.89E-5                   0.05984334702375044
6.9E-5                    0.05956207944171892
6.91E-5                   0.05928081186571111
6.92E-5                   0.05899954429574797
6.929999999999999E-5      0.05871827673185051
6.939999999999999E-5      0.05843700917403965
6.95E-5                   0.058148028192871626
6.96E-5                   0.057859040832757724
6.97E-5                   0.05757005348106661
6.98E-5                   0.05728106613782178
6.989999999999999E-5      0.05699207880304675
7.0E-5                    0.05670309147676489
7.01E-5                   0.05641410415899975
7.02E-5                   0.05612511684977479
7.03E-5                   0.055836129549113454
7.04E-5                   0.05554714225703925
7.049999999999999E-5      0.05527041754508265
7.06E-5                   0.0550106969844818
7.07E-5                   0.05475097642196468
7.08E-5                   0.05449125585754822
7.09E-5                   0.054231535291249376
7.099999999999999E-5      0.05397181472308511
7.11E-5                   0.05371209415307227
7.12E-5                   0.05345237358122785
7.13E-5                   0.05319265300756878
7.14E-5                   0.05295025213232209
7.15E-5                   0.05270935957794508
7.159999999999999E-5      0.0524684670329819
7.17E-5                   0.052227574497445466
7.18E-5                   0.05198668197134892
7.19E-5                   0.051745789454705246
7.2E-5                    0.05150489694752753
7.209999999999999E-5      0.05125007055958128
7.219999999999999E-5      0.050993521290086025
7.23E-5                   0.050736972019403775
7.24E-5                   0.05048042274755115
7.25E-5                   0.05022387347454466
7.26E-5                   0.049967324200400905
7.269999999999999E-5      0.04973361263902423
7.28E-5                   0.04950353475378126
7.29E-5                   0.049273456873373304
7.3E-5                    0.0490433789978119
7.31E-5                   0.048813301127108646
7.319999999999999E-5      0.048583584267296996
7.329999999999999E-5      0.048354243489406756
7.34E-5                   0.04812490271439956
7.35E-5                   0.047895561942286814
7.36E-5                   0.0476662211730799
7.37E-5                   0.04743389818136187
7.379999999999999E-5      0.04719999823870071
7.39E-5                   0.04696609829729725
7.4E-5                    0.04673219835716409
7.41E-5                   0.0465045001303174
7.42E-5                   0.04629113430777115
7.429999999999999E-5      0.04607776848957658
7.439999999999999E-5      0.04586440267574265
7.45E-5                   0.04565103686627842
7.46E-5                   0.04542984111286113
7.47E-5                   0.04520823260812666
7.48E-5                   0.04498662410361206
7.489999999999999E-5      0.044765015599327905
7.5E-5                    0.04454916673285169
7.51E-5                   0.044337192465145434
7.52E-5                   0.044125218201556925
7.53E-5                   0.0439132439420953
7.54E-5                   0.043702803109534324
7.549999999999999E-5      0.043497068987570865
7.56E-5                   0.043291334866147134
7.57E-5                   0.043085600745271395
7.58E-5                   0.042879866624951885
7.59E-5                   0.042673021419580806
7.599999999999999E-5      0.042466043978084754
7.609999999999999E-5      0.04225906653949717
7.62E-5                   0.04205208910382668
7.63E-5                   0.04185064552551717
7.64E-5                   0.04165388671550062
7.65E-5                   0.04145712790690908
7.659999999999999E-5      0.04126036909974978
7.67E-5                   0.04106353496065851
7.68E-5                   0.040866378516804885
7.69E-5                   0.04066922207458194
7.7E-5                    0.04047206563399711
7.709999999999999E-5      0.04027490919505783
7.719999999999999E-5      0.04008324182068327
7.73E-5                   0.03989264061295149
7.74E-5                   0.03970203940719227
7.75E-5                   0.03951143820341214
7.76E-5                   0.03932236819874989
7.769999999999999E-5      0.03913492240242316
7.78E-5                   0.03894747660709281
7.79E-5                   0.03876003081276516
7.8E-5                    0.038573058317618376
7.81E-5                   0.03838916669513376
7.819999999999999E-5      0.038205275074569466
7.829999999999999E-5      0.03802138345593142
7.84E-5                   0.03783749183922562
7.85E-5                   0.03765729666681511
7.86E-5                   0.03747813757595468
7.87E-5                   0.037298978485993034
7.879999999999999E-5      0.037119819396935656
7.89E-5                   0.036942744148344725
7.9E-5                    0.03676844275115732
7.91E-5                   0.0365941413553041
7.92E-5                   0.036419839960790124
7.93E-5                   0.03624553856762047
7.939999999999999E-5      0.03607123717580027
7.95E-5                   0.035896935785334566
7.96E-5                   0.03572263439622845
7.97E-5                   0.03554833300848704
7.98E-5                   0.03537965710930161
7.989999999999999E-5      0.03521311728675684
7.999999999999999E-5      0.03504657746519638
8.01E-5                   0.03488003764462468
8.02E-5                   0.03471349782504616
8.03E-5                   0.034546958006465206
8.04E-5                   0.034380418188886284
8.049999999999999E-5      0.0342138783723138
8.06E-5                   0.03404746878922821
8.07E-5                   0.033887251427474785
8.08E-5                   0.033727034066666696
8.09E-5                   0.033566816706807896
8.099999999999999E-5      0.03340659934790233
8.109999999999999E-5      0.03324638198995393
8.12E-5                   0.03308616463296666
8.13E-5                   0.03292594727694447
8.14E-5                   0.03276572992189131
8.15E-5                   0.032608647731597655
8.159999999999999E-5      0.032458338962092624
8.17E-5                   0.032308030193343724
8.18E-5                   0.03215772142535419
8.19E-5                   0.03200741265812731
8.2E-5                    0.03185710389166632
8.209999999999999E-5      0.0317067951259745
8.219999999999999E-5      0.03155648636105505
8.23E-5                   0.03140617759691125
8.24E-5                   0.03125586883354636
8.25E-5                   0.03110556007096364
8.26E-5                   0.030955251309166317
8.269999999999999E-5      0.03080494254815768
8.28E-5                   0.030654633787940956
8.29E-5                   0.03050432502851938
8.3E-5                    0.030354016269896235
8.31E-5                   0.030203707512074768
8.319999999999999E-5      0.03005339875505825
8.329999999999999E-5      0.029913917533459948
8.34E-5                   0.0297755329842475
8.35E-5                   0.029637148435648946
8.36E-5                   0.02949876388766684
8.37E-5                   0.029360379340303718
8.379999999999999E-5      0.029221994793562127
8.389999999999999E-5      0.0290836102474446
8.4E-5                    0.028945225701953674
8.41E-5                   0.02880684115709191
8.42E-5                   0.02866845661286183
8.43E-5                   0.02853007206926599
8.439999999999999E-5      0.02839168752630694
8.45E-5                   0.028253302983987195
8.46E-5                   0.028114918442309306
8.47E-5                   0.02797653390127582
8.48E-5                   0.02783814936088928
8.489999999999999E-5      0.027699764821152245
8.499999999999999E-5      0.027566974223571187
8.51E-5                   0.027439785389059057
8.52E-5                   0.02731259655495231
8.53E-5                   0.027185407721252903
8.54E-5                   0.02705821888796282
8.549999999999999E-5      0.026931030055084047
8.56E-5                   0.02680384122261851
8.57E-5                   0.02667665239056822
8.58E-5                   0.026549463558935126
8.59E-5                   0.026422274727721212
8.599999999999999E-5      0.02629508589692846
8.609999999999999E-5      0.02616789706655881
8.62E-5                   0.026040708236614255
8.63E-5                   0.025913519407096762
8.64E-5                   0.025786330578008308
8.65E-5                   0.025659141749350856
8.659999999999999E-5      0.025531952921126394
8.669999999999999E-5      0.025405685174867514
8.68E-5                   0.02528858799955466
8.69E-5                   0.02517149082463454
8.7E-5                    0.025054393650108676
8.709999999999999E-5      0.02493729647597864
8.719999999999999E-5      0.024820199302245927
8.73E-5                   0.024703102128912097
8.74E-5                   0.024586004955978697
8.75E-5                   0.02446890778344726
8.76E-5                   0.02435181061131932
8.769999999999999E-5      0.024234713439596448
8.779999999999999E-5      0.024117616268280146
8.79E-5                   0.024000519097371956
8.8E-5                    0.023883421926873434
8.81E-5                   0.023766324756786108
8.82E-5                   0.023649227587111528
8.829999999999999E-5      0.023532130417851245
8.84E-5                   0.02341503324900677
8.85E-5                   0.023304427009438838
8.86E-5                   0.023196834892793106
8.87E-5                   0.023089242776393733
8.879999999999999E-5      0.022981650660241923
8.889999999999999E-5      0.02287405854433885
8.9E-5                    0.02276646642868572
8.91E-5                   0.02265887431328372
8.92E-5                   0.022551282198134053
8.93E-5                   0.022443690083237905
8.939999999999999E-5      0.022336097968596483
8.95E-5                   0.02222850585421097
8.96E-5                   0.02212091374008254
8.97E-5                   0.022013321626212414
8.98E-5                   0.021905729512601772
8.989999999999999E-5      0.021798137399251835
8.999999999999999E-5      0.02169054528616375
9.01E-5                   0.021582953173338745
9.02E-5                   0.02147769622746639
9.03E-5                   0.021378610680206144
9.04E-5                   0.02127952513317363
9.049999999999999E-5      0.021180439586369806
9.059999999999999E-5      0.021081354039795584
9.07E-5                   0.0209822684934519
9.08E-5                   0.020883182947339693
9.09E-5                   0.020784097401459884
9.099999999999999E-5      0.020685011855813434
9.109999999999999E-5      0.02058592631040124
9.12E-5                   0.02048684076522426
9.13E-5                   0.020387755220283403
9.14E-5                   0.020288669675579626
9.15E-5                   0.020189584131113852
9.159999999999999E-5      0.020090498586887016
9.169999999999999E-5      0.01999141304290004
9.18E-5                   0.019892327499153865
9.19E-5                   0.019793241955649427
9.2E-5                    0.01970112741485036
9.21E-5                   0.019610090279196406
9.219999999999999E-5      0.01951905314370723
9.23E-5                   0.019428016008383512
9.24E-5                   0.019336978873225993
9.25E-5                   0.0192459417382354
9.26E-5                   0.019154904603412442
9.269999999999999E-5      0.01906386746875787
9.279999999999999E-5      0.018972830334272377
9.29E-5                   0.01888179319995671
9.3E-5                    0.018790756065811567
9.31E-5                   0.01869971893183769
9.32E-5                   0.0186086817980358
9.329999999999999E-5      0.018517644664406627
9.34E-5                   0.018426607530950868
9.35E-5                   0.01833557039766928
9.36E-5                   0.01824453326456255
9.37E-5                   0.018156798644420626
9.379999999999999E-5      0.018072976092696223
9.389999999999999E-5      0.017989153541095256
9.4E-5                    0.017905330989618305
9.41E-5                   0.01782150843826592
9.42E-5                   0.017737685887038692
9.43E-5                   0.017653863335937162
9.439999999999999E-5      0.017570040784961913
9.449999999999999E-5      0.01748621823411349
9.46E-5                   0.01740239568339247
9.47E-5                   0.017318573132799407
9.48E-5                   0.01723475058233488
9.489999999999999E-5      0.017150928031999448
9.499999999999999E-5      0.01706710548179367
9.51E-5                   0.016983282931718108
9.52E-5                   0.016899460381773344
9.53E-5                   0.01681563783195992
9.54E-5                   0.016732295126391815
9.549999999999999E-5      0.016658190696672008
9.559999999999999E-5      0.016584086267051597
9.57E-5                   0.01650998183753099
9.58E-5                   0.01643587740811056
9.59E-5                   0.016361772978790715
9.6E-5                    0.016287668549571838
9.609999999999999E-5      0.016213564120454327
9.62E-5                   0.016139459691438558
9.63E-5                   0.01606535526252493
9.64E-5                   0.015991250833713822
9.65E-5                   0.015917146405005637
9.659999999999999E-5      0.01584304197640077
9.669999999999999E-5      0.015768937547899597
9.68E-5                   0.01569483311950251
9.69E-5                   0.015620728691209906
9.7E-5                    0.015546624263022165
9.71E-5                   0.015472519834939687
9.719999999999999E-5      0.015398415406962868
9.73E-5                   0.015324310979092079
9.74E-5                   0.015250206551327727
9.75E-5                   0.01517610212367019
9.76E-5                   0.015101997696119864
9.769999999999999E-5      0.015027893268677147
9.779999999999999E-5      0.014953788841342413
9.79E-5                   0.014879684414116062
9.8E-5                    0.014805579986998484
9.81E-5                   0.014731475559990062
9.82E-5                   0.014657371133091191
9.829999999999999E-5      0.014583266706302273
9.839999999999999E-5      0.014509162279623677
9.85E-5                   0.014435057853055806
9.86E-5                   0.014360953426599042
9.87E-5                   0.014286849000253782
9.879999999999999E-5      0.014212744574020428
9.889999999999999E-5      0.014141297575212063
9.9E-5                    0.014078617142681946
9.91E-5                   0.014015936710202532
9.92E-5                   0.013953256277774063
9.93E-5                   0.013890575845396767
9.939999999999999E-5      0.013827895413070885
9.949999999999999E-5      0.013765214980796645
9.96E-5                   0.013702534548574289
9.97E-5                   0.013639854116404051
9.98E-5                   0.013577173684286167
9.989999999999999E-5      0.013514493252220885
9.999999999999999E-5      0.01345181282020842
1.001E-4                  0.013389132388249018
1.002E-4                  0.013326451956342914
1.003E-4                  0.01326377152449035
1.004E-4                  0.013201091092691554
1.0049999999999999E-4     0.013138410660946773
1.0059999999999999E-4     0.01307573022925623
1.007E-4                  0.013013049797620165
1.008E-4                  0.012950369366038814
1.009E-4                  0.012887688934512415
1.01E-4                   0.0128250085030412
1.0109999999999999E-4     0.012762328071625419
1.012E-4                  0.01269964764026529
1.013E-4                  0.012636967208961054
1.014E-4                  0.012574286777712954
1.015E-4                  0.012511606346521216
1.0159999999999999E-4     0.012448925915386096
1.0169999999999999E-4     0.012386245484307803
1.018E-4                  0.012323565053286587
1.019E-4                  0.01226088462232268
1.02E-4                   0.012198204191416323
1.021E-4                  0.012135523760567746
1.0219999999999999E-4     0.012072843329777205
1.0229999999999999E-4     0.012010162899044902
1.024E-4                  0.011951508890823215
1.025E-4                  0.011898510620847319
1.026E-4                  0.01184551235089243
1.0269999999999999E-4     0.011792514080958697
1.0279999999999999E-4     0.011739515811046252
1.029E-4                  0.011686517541155236
1.03E-4                   0.011633519271285801
1.031E-4                  0.011580521001438084
1.032E-4                  0.011527522731612233
1.0329999999999999E-4     0.011474524461808392
1.0339999999999999E-4     0.011421526192026693
1.035E-4                  0.011368527922267287
1.036E-4                  0.01131552965253031
1.037E-4                  0.011262531382815912
1.0379999999999999E-4     0.011209533113124242
1.0389999999999999E-4     0.011156534843455423
1.04E-4                   0.01110353657380961
1.041E-4                  0.011050538304186945
1.042E-4                  0.010997540034587569
1.043E-4                  0.010944541765011626
1.0439999999999999E-4     0.010891543495459262
1.0449999999999999E-4     0.01083854522593061
1.046E-4                  0.010785546956425824
1.047E-4                  0.010732548686945035
1.048E-4                  0.010679550417488394
1.049E-4                  0.010626552148056042
1.0499999999999999E-4     0.01057355387864813
1.051E-4                  0.010520555609264784
1.052E-4                  0.010467557339906156
1.053E-4                  0.010414559070572383
1.054E-4                  0.010361560801263619
1.0549999999999999E-4     0.010308562531980002
1.0559999999999999E-4     0.010255564262721666
1.057E-4                  0.010202565993488762
1.058E-4                  0.010149567724281432
1.059E-4                  0.01010142551814318
1.06E-4                   0.010056532822132504
1.0609999999999999E-4     0.010011640126151515
1.0619999999999999E-4     0.009966747430200283
1.063E-4                  0.0099218547342789
1.064E-4                  0.00987696203838746
1.065E-4                  0.009832069342526041
1.0659999999999999E-4     0.009787176646694743
1.0669999999999999E-4     0.009742283950893636
1.068E-4                  0.009697391255122815
1.069E-4                  0.009652498559382362
1.07E-4                   0.009607605863672373
1.071E-4                  0.009562713167992927
1.0719999999999999E-4     0.009517820472344118
1.0729999999999999E-4     0.009472927776726023
1.074E-4                  0.009428035081138732
1.075E-4                  0.009383142385582336
1.076E-4                  0.009338249690056918
1.0769999999999999E-4     0.009293356994562567
1.0779999999999999E-4     0.009248464299099368
1.079E-4                  0.009203571603667405
1.08E-4                   0.009158678908266773
1.081E-4                  0.00911378621289755
1.082E-4                  0.009068893517559825
1.0829999999999999E-4     0.009024000822253696
1.0839999999999999E-4     0.008979108126979229
1.085E-4                  0.008934215431736524
1.086E-4                  0.008889322736525665
1.087E-4                  0.008844430041346739
1.0879999999999999E-4     0.00879953734619984
1.0889999999999999E-4     0.00875464465108504
1.0899999999999999E-4     0.008709751956002433
1.091E-4                  0.00866485926095211
1.092E-4                  0.008619966565934152
1.093E-4                  0.008575073870948646
1.0939999999999999E-4     0.008535680165356671
1.0949999999999999E-4     0.008497816337829627
1.096E-4                  0.008459952510304236
1.097E-4                  0.008422088682780545
1.098E-4                  0.008384224855258613
1.099E-4                  0.008346361027738487
1.0999999999999999E-4     0.008308497200220226
1.1009999999999999E-4     0.00827063337270387
1.102E-4                  0.008232769545189481
1.103E-4                  0.008194905717677104
1.104E-4                  0.008157041890166802
1.1049999999999999E-4     0.008119178062658616
1.1059999999999999E-4     0.008081314235152603
1.107E-4                  0.008043450407648808
1.108E-4                  0.008005586580147293
1.109E-4                  0.007967722752648102
1.11E-4                   0.007929858925151296
1.1109999999999999E-4     0.007891995097656923
1.1119999999999999E-4     0.007854131270165033
1.113E-4                  0.007816267442675674
1.114E-4                  0.007778403615188907
1.115E-4                  0.0077405397877047775
1.1159999999999999E-4     0.007702675960223345
1.1169999999999999E-4     0.007664812132744655
1.118E-4                  0.007626948305268758
1.119E-4                  0.007589084477795708
1.12E-4                   0.007551220650325559
1.121E-4                  0.007513356822858365
1.1219999999999999E-4     0.007475492995394178
1.1229999999999999E-4     0.007437629167933041
1.124E-4                  0.007399765340475015
1.125E-4                  0.007361901513020149
1.126E-4                  0.007324037685568493
1.1269999999999999E-4     0.007286173858120106
1.1279999999999999E-4     0.007248310030675031
1.1289999999999999E-4     0.007215956386666891
1.13E-4                   0.007183799131928201
1.131E-4                  0.0071516418772041
1.132E-4                  0.007119484622494616
1.1329999999999999E-4     0.007087327367799789
1.1339999999999999E-4     0.007055170113119638
1.135E-4                  0.007023012858454204
1.136E-4                  0.006990855603803516
1.137E-4                  0.006958698349167605
1.138E-4                  0.006926541094546503
1.1389999999999999E-4     0.0068943838399402515
1.1399999999999999E-4     0.0068622265853488665
1.141E-4                  0.006830069330772388
1.142E-4                  0.006797912076210847
1.143E-4                  0.0067657548216642745
1.1439999999999999E-4     0.00673359756713271
1.1449999999999999E-4     0.006701440312616173
1.146E-4                  0.006669283058114703
1.147E-4                  0.006637125803628328
1.148E-4                  0.006604968549157083
1.149E-4                  0.006572811294700998
1.1499999999999999E-4     0.006540654040260111
1.1509999999999999E-4     0.006508496785834443
1.152E-4                  0.006476339531424034
1.153E-4                  0.006444182277028912
1.154E-4                  0.006412025022649109
1.1549999999999999E-4     0.006379867768284664
1.1559999999999999E-4     0.0063477105139355975
1.157E-4                  0.006315553259601948
1.158E-4                  0.006283396005283747
1.159E-4                  0.006251238750981022
1.16E-4                   0.006219081496693813
1.1609999999999999E-4     0.006186924242422149
1.1619999999999999E-4     0.0061547669881660575
1.163E-4                  0.006123366341871868
1.164E-4                  0.006096292886836799
1.165E-4                  0.006069219431800972
1.1659999999999999E-4     0.00604214597676441
1.1669999999999999E-4     0.0060150725217271266
1.1679999999999999E-4     0.005987999066689143
1.169E-4                  0.005960925611650479
1.17E-4                   0.00593385215661115
1.171E-4                  0.005906778701571182
1.1719999999999999E-4     0.0058797052465305935
1.1729999999999999E-4     0.005852631791489395
1.174E-4                  0.005825558336447611
1.175E-4                  0.005798484881405261
1.176E-4                  0.0057714114263623635
1.177E-4                  0.005744337971318936
1.1779999999999999E-4     0.005717264516275003
1.1789999999999999E-4     0.005690191061230575
1.18E-4                   0.0056631176061856785
1.181E-4                  0.005636044151140326
1.182E-4                  0.005608970696094541
1.1829999999999999E-4     0.005581897241048345
1.1839999999999999E-4     0.0055548237860017485
1.185E-4                  0.005527750330954776
1.186E-4                  0.0055006768759074485
1.187E-4                  0.0054736034208597815
1.188E-4                  0.005446529965811793
1.1889999999999999E-4     0.005419456510763509
1.1899999999999999E-4     0.00539238305571494
1.191E-4                  0.005365309600666108
1.192E-4                  0.005338236145617034
1.193E-4                  0.005311162690567734
1.1939999999999999E-4     0.005284089235518234
1.1949999999999999E-4     0.005257015780468544
1.196E-4                  0.005229942325418685
1.197E-4                  0.005202868870368678
1.198E-4                  0.0051771472211721205
1.199E-4                  0.0051541446231295265
1.1999999999999999E-4     0.005131142025092682
1.2009999999999999E-4     0.005108139427061591
1.202E-4                  0.005085136829036269
1.203E-4                  0.005062134231016727
1.204E-4                  0.005039131633002979
1.2049999999999999E-4     0.005016129034995037
1.2059999999999999E-4     0.004993126436992907
1.2069999999999999E-4     0.004970123838996606
1.208E-4                  0.0049471212410061435
1.209E-4                  0.00492411864302153
1.21E-4                   0.00490111604504278
1.2109999999999999E-4     0.004878113447069907
1.2119999999999999E-4     0.004855110849102915
1.213E-4                  0.004832108251141823
1.214E-4                  0.0048091056531866395
1.215E-4                  0.004786103055237375
1.216E-4                  0.004763100457294045
1.2169999999999999E-4     0.00474009785935666
1.2179999999999999E-4     0.004717095261425229
1.219E-4                  0.004694092663499763
1.22E-4                   0.0046710900655802775
1.2209999999999999E-4     0.004648087467666787
1.222E-4                  0.004625084869759293
1.223E-4                  0.004602082271857814
1.224E-4                  0.00457907967396236
1.225E-4                  0.004556077076072945
1.226E-4                  0.004533074478189578
1.227E-4                  0.004510071880312271
1.228E-4                  0.004487069282441037
1.229E-4                  0.0044640666845758865
1.2299999999999998E-4     0.00444106408671684
1.2309999999999998E-4     0.00441806148886389
1.2319999999999999E-4     0.0043950588910170625
1.233E-4                  0.004373917767973303
1.234E-4                  0.004354527503241614
1.235E-4                  0.0043351372385101545
1.236E-4                  0.004315746973778929
1.237E-4                  0.004296356709047944
1.238E-4                  0.004276966444317211
1.239E-4                  0.0042575761795867325
1.24E-4                   0.0042381859148565145
1.241E-4                  0.004218795650126567
1.2419999999999998E-4     0.0041994053853969026
1.2429999999999999E-4     0.004180015120667516
1.244E-4                  0.004160624855938419
1.245E-4                  0.004141234591209621
1.246E-4                  0.004121844326481127
1.247E-4                  0.004102454061752945
1.248E-4                  0.004083063797025079
1.249E-4                  0.004063673532297542
1.25E-4                   0.004044283267570335
1.251E-4                  0.00402489300284347
1.252E-4                  0.00400550273811695
1.2529999999999998E-4     0.003986112473390789
1.2539999999999999E-4     0.003966722208664984
1.255E-4                  0.003947331943939545
1.256E-4                  0.003927941679214481
1.257E-4                  0.0039085514144898
1.258E-4                  0.003889161149765506
1.259E-4                  0.003869770885041607
1.26E-4                   0.003850380620318111
1.261E-4                  0.0038309903555950246
1.262E-4                  0.003811600090872356
1.263E-4                  0.00379220982615011
1.2639999999999998E-4     0.003772819561428299
1.2649999999999998E-4     0.0037534292967069203
1.266E-4                  0.003734039031985986
1.267E-4                  0.0037146487672655047
1.268E-4                  0.0036973294655157935
1.269E-4                  0.0036809038485764983
1.27E-4                   0.0036644782316385947
1.271E-4                  0.003648052614702083
1.272E-4                  0.0036316269977669713
1.273E-4                  0.0036152013808332605
1.274E-4                  0.0035987757639009575
1.2749999999999998E-4     0.0035823501469700696
1.2759999999999998E-4     0.0035659245300405924
1.277E-4                  0.0035494989131125343
1.278E-4                  0.003533073296185901
1.279E-4                  0.003516647679260695
1.28E-4                   0.0035002220623369207
1.281E-4                  0.003483796445414584
1.282E-4                  0.0034673708284936873
1.283E-4                  0.0034509452115742347
1.284E-4                  0.0034345195946562323
1.285E-4                  0.0034180939777396836
1.2859999999999998E-4     0.003401668360824596
1.2869999999999998E-4     0.003385242743910967
1.288E-4                  0.0033688171269988026
1.289E-4                  0.00335239151008811
1.29E-4                   0.0033359658931788904
1.291E-4                  0.003319540276271151
1.292E-4                  0.0033031146593648936
1.293E-4                  0.003286689042460125
1.294E-4                  0.003270263425556847
1.295E-4                  0.0032538378086550655
1.296E-4                  0.0032374121917547833
1.2969999999999998E-4     0.003220986574856011
1.2979999999999998E-4     0.003204560957958742
1.2989999999999999E-4     0.003188135341062985
1.3E-4                    0.0031717097241687462
1.301E-4                  0.0031552841072760287
1.302E-4                  0.0031388584903848356
1.303E-4                  0.003124651185856658
1.304E-4                  0.003110741248121427
1.305E-4                  0.003096831310387204
1.306E-4                  0.0030829213726539955
1.307E-4                  0.003069011434921802
1.3079999999999998E-4     0.0030551014971906313
1.3089999999999998E-4     0.0030411915594604775
1.3099999999999999E-4     0.0030272816217313467
1.311E-4                  0.0030133716840032416
1.312E-4                  0.0029994617462761647
1.313E-4                  0.0029855518085501204
1.314E-4                  0.002971641870825109
1.315E-4                  0.002957731933101133
1.316E-4                  0.0029438219953781975
1.317E-4                  0.0029299120576563027
1.318E-4                  0.002916002119935452
1.3189999999999998E-4     0.002902092182215652
1.3199999999999998E-4     0.0028881822444968967
1.3209999999999999E-4     0.0028742723067791934
1.322E-4                  0.0028603623690625453
1.323E-4                  0.002846452431346954
1.324E-4                  0.002832542493632422
1.325E-4                  0.0028186325559189517
1.326E-4                  0.0028047226182065467
1.327E-4                  0.002790812680495209
1.328E-4                  0.002776902742784941
1.329E-4                  0.002762992805075745
1.33E-4                   0.0027490828673676247
1.3309999999999998E-4     0.0027351729296605856
1.3319999999999999E-4     0.0027212629919546234
1.333E-4                  0.0027073530542497436
1.334E-4                  0.002693443116545949
1.335E-4                  0.0026795331788432427
1.336E-4                  0.0026656232411416273
1.337E-4                  0.0026518562367360324
1.338E-4                  0.0026401440398000253
1.339E-4                  0.002628431842863719
1.34E-4                   0.002616719645927114
1.341E-4                  0.0026050074489902117
1.3419999999999998E-4     0.0025932952520530176
1.3429999999999998E-4     0.002581583055115526
1.344E-4                  0.0025698708581777426
1.345E-4                  0.002558158661239669
1.346E-4                  0.0025464464643013057
1.347E-4                  0.0025347342673626544
1.348E-4                  0.0025230220704237174
1.349E-4                  0.0025113098734844963
1.35E-4                   0.002499597676544992
1.351E-4                  0.0024878854796052054
1.352E-4                  0.002476173282665139
1.3529999999999998E-4     0.0024644610857247977
1.3539999999999998E-4     0.0024527488887841767
1.355E-4                  0.0024410366918432803
1.356E-4                  0.0024293244949021102
1.357E-4                  0.002417612297960668
1.358E-4                  0.0024059001010189544
1.359E-4                  0.002394187904076971
1.36E-4                   0.0023824757071347212
1.361E-4                  0.002370763510192205
1.362E-4                  0.002359051313249424
1.363E-4                  0.0023473391163063807
1.3639999999999998E-4     0.0023356269193630782
1.3649999999999998E-4     0.0023239147224195125
1.3659999999999999E-4     0.002312202525475689
1.367E-4                  0.0023004903285316083
1.368E-4                  0.002288778131587272
1.369E-4                  0.0022770659346426823
1.37E-4                   0.0022653537376978406
1.371E-4                  0.002253641540752748
1.372E-4                  0.0022423573466562007
1.373E-4                  0.00223236903309905
1.374E-4                  0.002222380719543004
1.3749999999999998E-4     0.0022123924059880675
1.3759999999999998E-4     0.002202404092434236
1.3769999999999999E-4     0.0021924157788815123
1.378E-4                  0.0021824274653298977
1.379E-4                  0.0021724391517793933
1.38E-4                   0.002162450838230001
1.381E-4                  0.00215246252468172
1.382E-4                  0.0021424742111345522
1.383E-4                  0.0021324858975884987
1.384E-4                  0.00212249758404356
1.385E-4                  0.0021125092704997366
1.3859999999999998E-4     0.002102520956957034
1.3869999999999998E-4     0.0020925326434154457
1.3879999999999999E-4     0.0020825443298749776
1.389E-4                  0.002072556016335628
1.39E-4                   0.0020625677027973992
1.391E-4                  0.002052579389260293
1.392E-4                  0.0020425910757243078
1.393E-4                  0.002032602762189448
1.394E-4                  0.002022614448655712
1.395E-4                  0.0020126261351231006
1.396E-4                  0.002002637821591617
1.3969999999999998E-4     0.001992649508061263
1.3979999999999998E-4     0.0019826611945320347
1.3989999999999999E-4     0.0019726728810039364
1.4E-4                    0.0019626845674769675
1.401E-4                  0.0019526962539511308
1.402E-4                  0.0019427079404264254
1.403E-4                  0.0019327196269028535
1.404E-4                  0.0019227313133804158
1.405E-4                  0.0019127429998591133
1.406E-4                  0.0019027546863389468
1.407E-4                  0.001893473914719584
1.408E-4                  0.0018851252509480393
1.4089999999999998E-4     0.0018767765871758662
1.4099999999999998E-4     0.0018684279234030584
1.411E-4                  0.001860079259629621
1.412E-4                  0.0018517305958555528
1.413E-4                  0.001843381932080855
1.414E-4                  0.0018350332683055282
1.415E-4                  0.0018266846045295725
1.416E-4                  0.001818335940752989
1.417E-4                  0.001809987276975778
1.418E-4                  0.0018016386131979398
1.419E-4                  0.0017932899494194758
1.4199999999999998E-4     0.0017849412856403874
1.4209999999999998E-4     0.001776592621860672
1.422E-4                  0.0017682439580803322
1.423E-4                  0.0017598952942993681
1.424E-4                  0.00175154663051778
1.425E-4                  0.0017431979667355694
1.426E-4                  0.0017348493029527357
1.427E-4                  0.001726500639169281
1.428E-4                  0.0017181519753852047
1.429E-4                  0.0017098033116005073
1.43E-4                   0.0017014546478151895
1.4309999999999998E-4     0.0016931059840292547
1.4319999999999998E-4     0.0016847573202426985
1.433E-4                  0.0016764086564555235
1.434E-4                  0.0016680599926677305
1.435E-4                  0.00165971132887932
1.436E-4                  0.0016513626650902931
1.437E-4                  0.0016430140013006492
1.438E-4                  0.00163466533751039
1.439E-4                  0.0016263166737195156
1.44E-4                   0.0016179680099280259
1.441E-4                  0.0016096193461359227
1.4419999999999998E-4     0.0016019977973752762
1.4429999999999998E-4     0.0015948318921921013
1.4439999999999999E-4     0.0015876659870097149
1.445E-4                  0.0015805000818281177
1.446E-4                  0.001573334176647309
1.447E-4                  0.0015661682714672893
1.448E-4                  0.00155900236628806
1.449E-4                  0.0015518364611096206
1.45E-4                   0.001544670555931971
1.451E-4                  0.0015375046507551135
1.452E-4                  0.0015303387455790456
1.4529999999999998E-4     0.0015231728404037717
1.4539999999999998E-4     0.0015160069352292884
1.4549999999999999E-4     0.0015088410300555964
1.456E-4                  0.0015016751248826976
1.457E-4                  0.001494509219710591
1.458E-4                  0.001487343314539278
1.459E-4                  0.0014801774093687586
1.46E-4                   0.0014730115041990328
1.461E-4                  0.001465845599030102
1.462E-4                  0.0014586796938619653
1.463E-4                  0.0014515137886946241
1.4639999999999998E-4     0.00144434788352808
1.4649999999999998E-4     0.001437181978362329
1.4659999999999999E-4     0.0014300160731973751
1.467E-4                  0.0014228501680332171
1.468E-4                  0.001415684262869856
1.469E-4                  0.0014085183577072918
1.47E-4                   0.0014013524525455252
1.471E-4                  0.0013941865473845565
1.472E-4                  0.001387020642224386
1.473E-4                  0.0013798547370650143
1.474E-4                  0.001372688831906441
1.4749999999999998E-4     0.0013655229267486692
1.4759999999999998E-4     0.0013583570215916952
1.4769999999999999E-4     0.0013521484201042477
1.478E-4                  0.0013461821378532408
1.479E-4                  0.0013402158556018032
1.48E-4                   0.0013342495733499357
1.481E-4                  0.001328283291097638
1.482E-4                  0.0013223170088449106
1.483E-4                  0.0013163507265917538
1.484E-4                  0.0013103844443381675
1.485E-4                  0.001304418162084152
1.4859999999999998E-4     0.0012984518798297093
1.4869999999999998E-4     0.0012924855975748359
1.4879999999999998E-4     0.001286519315319534
1.489E-4                  0.0012805530330638037
1.49E-4                   0.0012745867508076453
1.491E-4                  0.001268620468551059
1.492E-4                  0.0012626541862940453
1.493E-4                  0.0012566879040366034
1.494E-4                  0.0012507216217787346
1.495E-4                  0.0012447553395204386
1.496E-4                  0.0012387890572617155
1.497E-4                  0.0012328227750025658
1.4979999999999998E-4     0.0012268564927429913
1.4989999999999998E-4     0.0012208902104829883
1.5E-4                    0.0012149239282225595
